44.0
-24.141132674885537
-24.14420945190976
-24.147379852208072
-24.15060688597843
-24.153850722908235
-24.15707061677148
-24.160226931407543
-24.16328305844434
-24.16620703185343
-24.168972699325074
-24.171560378007538
-24.173956996665
-24.176155787683758
-24.178155635889247
-24.17996020419091
-24.181576955888854
-24.18301617218663
-24.184290039780677
-24.185411853098177
-24.18639535619698
-24.18725422599294
-24.188001689448388
-24.188650257735723
-24.189211558354035
-24.189696244080636
-24.190113961478993
-24.190473361813922
-24.19078214186924
-24.19104710333572
-24.191274223127014
-24.191468728629395
-24.191635173356218
-24.191777510550207
-24.19189916233079
-24.192003084232745
-24.192091823246283
-24.19216757052237
-24.192232208495287
-24.192287352133302
-24.192334385669632
-24.19237449429507
-24.19240869209025
-24.192437846074814
-24.192462697231736
-24.192483878634913
-24.19250193054263
-24.192517314222197
-24.192530423300298
-24.192541593488528
-24.192551111163947
-24.192559220419824
-24.192566129472812
-24.192572015784652
-24.19257703072278
-24.192581303029655
-24.19258494277956
-24.192588043496194
-24.192590684937976
-24.19259293521559
-24.192594852119687
-24.192596485146947
-24.192597876279205
-24.19259906125448
-24.192600070749027
-24.192600930724765
-24.19260166321244
-24.19260228721672
-24.192602818797532
-24.19260327163459
-24.19260365736885
-24.19260398590899
-24.192604265834614
-24.19260450423682
-24.192604707385073
-24.192604880411775
-24.1926050277561
-24.192605153325477
-24.192605260257984
-24.192605351314484
-24.192605428962754
-24.192605495045452
-24.1926055513336
-24.19260559932961
-24.192605640214495
-24.192605675026734
-24.192605704645725
-24.192605729912255
-24.192605751415996
-24.192605769766338
-24.192605785326606
-24.192605798639626
-24.19260580997246
-24.19260581964477
-24.192605827815427
-24.192605834823
-24.192605840794418
-24.192605845886668
-24.192605850233956
-24.192605853894282
-24.192605857055824
