-23.232240613264764
-23.18893516079339
-23.185774380116108
-23.18554447915017
-23.1798782887837
-23.17957360644249
-23.183826874930634
-23.185889079807204
-23.187196726632568
-23.190295760552818
-23.181353744276077
-23.188217835323382
-23.184937664461273
-23.1773858870203
-23.17935106451516
-23.17930440813623
-23.190829983470053
-23.19378019694313
-23.18177653039388
-23.17811044528838
-23.184962497637198
-23.17573752129172
-23.183176779013348
-23.177090096453355
-23.177324998710525
-23.181353819834705
-23.189050131022842
-23.185392089793027
-23.191731383213455
-23.179977578552336
-23.17169874015263
-23.179976752703258
-23.18416847489073
-23.166855779294806
-23.18452002892516
-23.17459240741747
-23.18406933487937
-23.18413699474613
-23.17843731527211
-23.177733829708075
-23.182791295594736
-23.182945536618067
-23.187394203307374
-23.183288102545685
-23.19241995002851
-23.177550056503506
-23.183054749123365
-23.184544869930093
-23.19480719214901
-23.188663045633895
-23.176584057425597
-23.18607909129371
-23.180710774649956
-23.18792429536073
-23.1825829409536
-23.181002395921745
-23.181174736634755
-23.185163318300194
-23.18213186372618
-23.18002235918957
-23.184058536313962
-23.186274346802943
-23.182853261015037
-23.186119003799377
-23.177352286830782
-23.190933499018612
-23.181250301551096
-23.180298962103187
-23.168623697573942
-23.18206362777479
-23.185788446792547
-23.187275056472043
-23.180539954400416
-23.185358027352073
-23.19035608915955
-23.17626052929829
-23.17841480009146
-23.188548020940743
-23.186225699529153
-23.18642205122394
-23.17685339730464
-23.18360389236433
-23.181654127319284
-23.18731010665456
-23.185795709070693
-23.178573916736852
-23.177257613438364
-23.18531576299193
-23.183377884446006
-23.17927579529346
-23.173011932906228
-23.182771352274614
-23.183278344708793
-23.179254281006155
-23.18068655227436
-23.176401056179564
-23.176893457497673
-23.18152379586146
-23.184721391845173
-23.189679295257697
-23.1756792828887
