-23.139287569902365
-23.09932969154467
-23.08988437867856
-23.09254634981842
-23.096229811245696
-23.091805490043303
-23.085733633491024
-23.091838013058528
-23.09600597487918
-23.096373634491588
-23.09145802673672
-23.101552291183005
-23.090203594698
-23.095969227547116
-23.09090252925365
-23.088386826086857
-23.08803147234776
-23.097571305506268
-23.109286915650003
-23.09369300923361
-23.0935003482571
-23.094491317173638
-23.097060516713217
-23.092093165868306
-23.093097673756144
-23.09313737663933
-23.087474248650633
-23.08980971772424
-23.092513736722307
-23.101105667553156
-23.07964986964331
-23.090307505137527
-23.082090396489832
-23.094161331627305
-23.095022844629042
-23.09253504016991
-23.095723197484798
-23.103849543388232
-23.089748204560244
-23.093067430108146
-23.096071365429168
-23.09924409104345
-23.088691528021634
-23.092307692374497
-23.09462962516305
-23.101484045430205
-23.10268300450757
-23.09252123816533
-23.109382303431275
-23.08871347541982
-23.09771020076206
-23.0971902884254
-23.094351445497356
-23.095961596635217
-23.103014046983915
-23.091534927267652
-23.096825870980833
-23.100084337144498
-23.08377073636256
-23.090139411525925
-23.09984748336609
-23.09564820347682
-23.104494731639544
-23.0932324820524
-23.089610545296722
-23.093931629458805
-23.092175172451828
-23.10107761467603
-23.094499728405342
-23.094691437722215
-23.094696872045017
-23.10199769186223
-23.092874497127145
-23.099961586815237
-23.091472982175876
-23.101718379278704
-23.10692212903403
-23.09500695137528
-23.086730639743372
-23.099879498939
-23.097137210849713
-23.093907835004472
-23.100877235770007
-23.093692632189587
-23.09854305202143
-23.09423182280489
-23.09531731283581
-23.0939819847483
-23.10152407855457
-23.091642476041777
-23.103428782046425
-23.095333884315206
-23.10578461772595
-23.08082838942736
-23.08868401030066
-23.095292199048416
-23.1012944875481
-23.09496198489014
-23.095882759314883
-23.090869721311435
-23.088047064812166
