-23.02245960756994
-22.958807100785833
-22.964325240635173
-22.955844497114825
-22.962507527618403
-22.960544522100975
-22.95348458268174
-22.95023285578122
-22.957781576755902
-22.948378055778118
-22.964021140896985
-22.964595010231697
-22.95527353558161
-22.955939471610467
-22.953610962289297
-22.954270158317087
-22.960263220519494
-22.960507856087727
-22.956689531689772
-22.95832443569038
-22.96484399268907
-22.94745553141369
-22.963270221909106
-22.951508521932446
-22.95333666329927
-22.962412608251213
-22.962999973594233
-22.94929280606415
-22.949764737951824
-22.96556011401101
-22.961881715336446
-22.965352843347887
-22.955767250226184
-22.960471254599213
-22.97151020473391
-22.959026370195097
-22.961064933341643
-22.951402759957475
-22.96978809444932
-22.955904271607277
-22.959533220767668
-22.96685512881841
-22.964504227424616
-22.96701575321282
-22.950562955372227
-22.95641624166342
-22.957547241056528
-22.951167087146782
-22.95721331065355
-22.949452947785268
-22.95648904000873
-22.944300683136646
-22.955486151970174
-22.957803721545535
-22.957215557904163
-22.964456147815692
-22.957088165401665
-22.963853811339295
-22.95258942915205
-22.947523274652912
-22.95490618989844
-22.950020015730104
-22.953968418189426
-22.971155959809675
-22.94733196675309
-22.951066885462563
-22.957768973000157
-22.973271031609677
-22.95539356372238
-22.965687281756953
-22.95045527223588
-22.96007947291933
-22.958835128201162
-22.961248702074165
-22.955962976057005
-22.962910629870137
-22.957448479939757
-22.961712326456315
-22.95753584683401
-22.94991022148849
-22.95584580130102
-22.95302573274612
-22.963777922670776
-22.96126029012799
-22.955144449675366
-22.96263399082292
-22.947474973805097
-22.945802084126026
-22.965817682413043
-22.955818994545357
-22.948257490814644
-22.951008695035696
-22.967668844200116
-22.963567600791247
-22.961939330123993
-22.949539845803738
-22.966979825435544
-22.956535422970862
-22.952050234961245
-22.954091542366946
-22.97156082821597
