-24.10677279770523
-24.062997952563933
-24.063103175074087
-24.062502029479294
-24.063927980079363
-24.062760287272265
-24.063375721058772
-24.063867492909512
-24.06383209398762
-24.063235989771258
-24.064076225569448
-24.063722324754707
-24.06239921097111
-24.064556176398078
-24.061973259319043
-24.06331863096187
-24.06300103405729
-24.063193316136815
-24.06315974593231
-24.063837041381316
-24.06353420464889
-24.062449701343315
-24.06274924161339
-24.063933267295162
-24.064010067099648
-24.063146521172634
-24.062296488169554
-24.06329432594614
-24.063751891887367
-24.062437971754626
-24.062877812273108
-24.0630322336574
-24.062495238705992
-24.063334083694883
-24.06364840795006
-24.063257924703738
-24.063260933021894
-24.06306499862351
-24.062204775807253
-24.06292261857176
-24.0633324152495
-24.06305088962437
-24.062078501634463
-24.064811801720936
-24.063033412381408
-24.06353678915621
-24.06359017148979
-24.06329851843699
-24.063627594845094
-24.06206892964713
-24.06312438124533
-24.06315091887896
-24.062861766332396
-24.063107923702976
-24.063847527066635
-24.064058835428035
-24.062103930892725
-24.063164645634554
-24.063330153455286
-24.063327822083288
-24.063967381020806
-24.062999163528684
-24.06337901283487
-24.06285094523758
-24.06418620995574
-24.06282080045451
-24.061683397860374
-24.063988400018694
-24.06407464445941
-24.063520573040467
-24.063892414383563
-24.06363264505048
-24.063319437378706
-24.063950649208188
-24.0628226946887
-24.062010770780834
-24.063141600690635
-24.063334276898956
-24.06404023631872
-24.063546618060926
-24.063953847488165
-24.061709098403316
-24.06317327370919
-24.06407034068823
-24.063575864787108
-24.061881847337002
-24.062624560285446
-24.062856685227537
-24.063648253891767
-24.062844668243372
-24.06305652662091
-24.062353877818396
-24.06400790530081
-24.06257808704542
-24.06427129787575
-24.062389476491308
-24.06289081708527
-24.06279375433622
-24.063298264283887
-24.06346423689983
-24.06232038073084
