-22.908307229794683
-22.87090772376073
-22.874265410644334
-22.867803143853045
-22.86572647829217
-22.869500820827202
-22.86941810778628
-22.857614729055925
-22.864496889700835
-22.860195323373773
-22.852803468819964
-22.872513843759055
-22.855810516854735
-22.868240016797124
-22.861370661787536
-22.88576658642335
-22.86236182604484
-22.86287496331278
-22.870962419235713
-22.8581641703594
-22.86991112124434
-22.862370300890014
-22.86049975619641
-22.87644735044151
-22.87170971395498
-22.85711092864608
-22.87367592769328
-22.870528036449635
-22.865020717075197
-22.88376411628701
-22.87182638474756
-22.865931124904712
-22.87009097683626
-22.867627707285436
-22.875778441455996
-22.860085854051164
-22.884497787462095
-22.86503000070369
-22.869173816544784
-22.86753839377
-22.859860991714392
-22.868854807472832
-22.86389370757225
-22.86710945515474
-22.862186961913174
-22.872543430012445
-22.8715606582956
-22.87763757903652
-22.877194453669116
-22.86607672129628
-22.855904485803297
-22.863744362274314
-22.869561510184816
-22.8658359803309
-22.86565827751186
-22.86746453556414
-22.86912163214356
-22.87121187506366
-22.871700843854956
-22.866834580349565
-22.861295435384402
-22.86708088584268
-22.859947585145825
-22.879292587401626
-22.870985288711527
-22.869853290691733
-22.873427223545093
-22.865542299569245
-22.873352505255703
-22.86020852029227
-22.865489421930338
-22.863098610530713
-22.86490350659633
-22.875481677190464
-22.859980982596404
-22.869793812950157
-22.870866911639105
-22.878731578606246
-22.864620092332924
-22.874245124638726
-22.86436530378107
-22.86116770414724
-22.856498555968617
-22.862778798726126
-22.868975150122125
-22.863233709968327
-22.870520787778833
-22.878291900560566
-22.87318960348519
-22.864232286003475
-22.882646413453287
-22.861101858045476
-22.879229940190474
-22.867186767612534
-22.869519863408893
-22.862084393575955
-22.8769541192568
-22.862971393301468
-22.870359969636574
-22.873634081541237
-22.868193121883632
