-22.868193121883632
-22.817329599131064
-22.82464038637214
-22.815177721054084
-22.819745806753883
-22.825807607792605
-22.824235283786106
-22.83123635984999
-22.8155802341019
-22.816474695703615
-22.830131705191526
-22.830542968765425
-22.821109525156924
-22.82706969037334
-22.80960421336003
-22.81526935998362
-22.806693653886718
-22.821241962907536
-22.820100155069838
-22.819297562312006
-22.824379783629116
-22.83277643476418
-22.817630525653964
-22.82045628771497
-22.820045756587586
-22.82812465349366
-22.809186675686806
-22.826752035847818
-22.81607372705225
-22.826189428025145
-22.824760061645144
-22.80634704826173
-22.830305257748066
-22.82364898333822
-22.82363362549809
-22.82021091050768
-22.817519353005903
-22.82456344038905
-22.82243959134401
-22.82947916825259
-22.826243085009942
-22.82656446321903
-22.824162879303376
-22.83218535282344
-22.82495267769842
-22.8321610440627
-22.821007640805302
-22.805451332001322
-22.81373652619272
-22.828138885423154
-22.801099306523813
-22.82031711544368
-22.83075620307848
-22.82880862972969
-22.82071100285136
-22.8262813131958
-22.82814868689752
-22.82419719316307
-22.807640339458537
-22.807832286193932
-22.821752056285433
-22.82016225299872
-22.81591498083024
-22.817798775963524
-22.805495976886693
-22.82448122886285
-22.81856880657449
-22.82337330704062
-22.806709035521255
-22.82844746996579
-22.812344064328574
-22.831841584119992
-22.824208112298184
-22.81941348613618
-22.836729271017752
-22.814886289683812
-22.82751356743553
-22.822366029542078
-22.812190824362776
-22.82498567544824
-22.826552125033107
-22.821641352460666
-22.818375645455877
-22.809145265413523
-22.81868626125873
-22.83603960386224
-22.831195833751373
-22.817507441564857
-22.829750564286854
-22.822434626141604
-22.81855580687685
-22.818494891328626
-22.816246317207757
-22.82433856537093
-22.81542411756482
-22.82630073164057
-22.823951725841912
-22.8338824944539
-22.808631179627167
-22.816172495322352
-22.823390338326057
