-22.77727983919544
-22.721525755209058
-22.7375071282484
-22.73517957994576
-22.72461253559782
-22.72308564634905
-22.71490698458446
-22.72230344889121
-22.740466898425257
-22.718030669299303
-22.729286162914743
-22.73901502365121
-22.732620529534707
-22.736280322618555
-22.747301229480883
-22.739808357175338
-22.74076563844492
-22.740938763934896
-22.718911783925567
-22.728509922025214
-22.729635002758233
-22.7270179797045
-22.74020722772559
-22.721535378474677
-22.740539150759584
-22.732693763462102
-22.732137143709707
-22.7180935701894
-22.729894239137433
-22.725538481079585
-22.72709258285258
-22.727877609959208
-22.718862320886867
-22.734205879582795
-22.731114087103123
-22.72731425446527
-22.734546029016716
-22.742815825377935
-22.73378496212551
-22.742060702596824
-22.727414060402406
-22.727755641028985
-22.74513141694834
-22.73808706051495
-22.723189201581743
-22.746029872593624
-22.725724301919012
-22.726721101347653
-22.738129141968848
-22.726504149774865
-22.72650338081811
-22.725329129168333
-22.741936045092523
-22.73869085175401
-22.730762157883568
-22.72571943033877
-22.725589525245038
-22.72381130762348
-22.7225523554382
-22.725444720458814
-22.73294300205314
-22.713308142278773
-22.724513118168442
-22.718882027968455
-22.72772655038238
-22.728496829362967
-22.714673126992928
-22.73552258451328
-22.727011517740426
-22.72873097506027
-22.72412366708128
-22.738302330330146
-22.738485572584448
-22.722567758770197
-22.734373369110344
-22.733077191255852
-22.71951479736787
-22.727740589283904
-22.72733439758723
-22.722177850467475
-22.73516848152439
-22.72540586690424
-22.742597090531522
-22.723290062022734
-22.747744892865985
-22.72668981977963
-22.73964676127821
-22.731711811315083
-22.734962260251837
-22.725257591157703
-22.740072483729296
-22.74076930735353
-22.728484046758343
-22.737519089237658
-22.728088909490197
-22.725471584671016
-22.729539962304443
-22.718164386965903
-22.732399555840686
-22.730378998256676
-22.736358218514095
