-22.58298574141942
-22.553324902995207
-22.54890977565271
-22.531969385721677
-22.54071189503287
-22.552423396396275
-22.558079706196466
-22.549552576587217
-22.560864903058494
-22.548539034047906
-22.55187583272014
-22.548942674084337
-22.55248158429801
-22.54996469715022
-22.556788840256292
-22.55023384970911
-22.552019179739975
-22.550629720489784
-22.54446303605422
-22.54745631755386
-22.5519301166081
-22.538388192480653
-22.564685689167803
-22.554715385189777
-22.556330513856377
-22.551834340734935
-22.541931006120794
-22.551716065109005
-22.55606024646313
-22.541421170902414
-22.551369177470956
-22.551132998816477
-22.546513683251337
-22.542836935462603
-22.55753799673197
-22.55905206772148
-22.549680486145313
-22.536779065540834
-22.55060766829999
-22.54753205746842
-22.540085514342586
-22.546373349319463
-22.546860766206073
-22.539945235681763
-22.553039738131357
-22.5541950297374
-22.54367915904225
-22.55335060040686
-22.55789193687577
-22.548758103456287
-22.5538764268552
-22.54074061388155
-22.539183786588055
-22.554700500051037
-22.54546208174948
-22.54192316599834
-22.54944998566182
-22.535343828015986
-22.553869772039945
-22.544960262183615
-22.538300726108886
-22.57666820760985
-22.543080677574853
-22.55724316943448
-22.557700616870402
-22.550127127557666
-22.54531618654534
-22.52924889855892
-22.561818328978482
-22.552177052580966
-22.54832789427864
-22.555200454745407
-22.550040379664157
-22.550547528767776
-22.52799269206533
-22.532612437322218
-22.53613503387458
-22.539326894868733
-22.531046724285208
-22.561024753648137
-22.549868637752105
-22.532618967801433
-22.547115104609464
-22.540199651161934
-22.542882141866006
-22.556433317659426
-22.54551718736046
-22.548488419337414
-22.558919432585153
-22.559519326456527
-22.540812381205665
-22.540492180169608
-22.55985354968931
-22.54602269496905
-22.549043185665685
-22.539348086052634
-22.54708632148755
-22.540456736315967
-22.552161322281354
-22.53744970998914
-22.540331512907894
