-22.540331512907894
-22.503927073873257
-22.50191317004658
-22.506205041715024
-22.501310110657617
-22.50421389290027
-22.498065783757593
-22.496835928366824
-22.493130165565876
-22.48284088754862
-22.498442262990835
-22.501604146532898
-22.50588431086768
-22.494805691660332
-22.4919513741588
-22.500576235451806
-22.495121634020933
-22.49213591095497
-22.507029722992456
-22.515466327751216
-22.506347669021746
-22.510151384451877
-22.491643032547618
-22.491387908804736
-22.504192814233665
-22.509614574868724
-22.501398404569585
-22.480916886854203
-22.49260207546797
-22.48816712945769
-22.502463970624987
-22.491552594410244
-22.501289944978755
-22.5032721002387
-22.507852044671484
-22.49868985946171
-22.499183572816914
-22.493805290255242
-22.509621818068588
-22.49838688209018
-22.504979717430416
-22.503278932090396
-22.49671958489943
-22.495885899555205
-22.478291922193108
-22.49241992148304
-22.478625811393165
-22.503684765663387
-22.504958065819224
-22.512626709582225
-22.48727762940673
-22.509622342577668
-22.503670449844066
-22.495093730757812
-22.498686553282337
-22.507627937210188
-22.490922026894133
-22.495241102178262
-22.50660843312385
-22.501212832909737
-22.51413669077111
-22.509138989823406
-22.50575390118433
-22.50797694128566
-22.50275003827492
-22.48766222834782
-22.487664743070233
-22.493037652937133
-22.49247377927809
-22.505452036772628
-22.500121052529597
-22.49126844456579
-22.499233142065
-22.50428422216106
-22.493239620479297
-22.51481887562794
-22.507879509386964
-22.497587214977063
-22.490948763190655
-22.5032808815035
-22.511066867178425
-22.50291527332396
-22.503191188106005
-22.48152385641458
-22.491944402834996
-22.489240636721377
-22.488824459698392
-22.485612504626552
-22.49778220084092
-22.50559105019401
-22.5102749810863
-22.507999506106906
-22.497058992809897
-22.493222531783946
-22.486517640101724
-22.488663778340523
-22.504577730921987
-22.491645552675145
-22.493860644400982
-22.503033487771564
-22.502061312901702
