-22.12229261230117
-22.135255481928805
-22.128245905312
-22.145062897703166
-22.122032675880153
-22.131381569323736
-22.128316593127657
-22.119501188824024
-22.12303238931021
-22.12103691419311
-22.12504831607267
-22.126180094428374
-22.137821689470908
-22.115525997476613
-22.114467356106623
-22.136140462217362
-22.1189279655863
-22.107825649789508
-22.11515207918642
-22.114346355641953
-22.137449666347347
-22.1321777936653
-22.129013540975407
-22.12820620752762
-22.121895949146044
-22.120423994325837
-22.122062655329604
-22.127766727071702
-22.136987084749414
-22.118927103931647
-22.101090706667627
-22.10652157261925
-22.108217650940293
-22.113899312404584
-22.12507554364653
-22.13366848902255
-22.099950701998974
-22.120822848014228
-22.140249641181075
-22.11408562622811
-22.0986080681078
-22.13132431162149
-22.135244398187968
-22.128498385272763
-22.123610707586334
-22.12497310618854
-22.121392017268196
-22.116500807933157
-22.129444525618656
-22.116998531390454
-22.12076962717336
-22.133788984342427
-22.135336229142872
-22.12731503719815
-22.138272308281802
-22.119963143840316
-22.11789019783332
-22.124426387926167
-22.11897537056838
-22.115811983215014
-22.109298169199285
-22.127154012744338
-22.128606470404264
-22.122799668725204
-22.114009269876284
-22.11429431385465
-22.126479295995235
-22.11591248934676
-22.13600671867918
-22.127095268364084
-22.11425681271006
-22.131634112487067
-22.131207622829308
-22.12494709005984
-22.144373102214704
-22.10583186198583
-22.12280276695059
-22.10737741844318
-22.128310012625107
-22.112018812168536
-22.110950777910972
-22.128045408479277
-22.125451637828387
-22.121428880258037
-22.120739372715125
-22.117522567633014
-22.123539807099608
-22.11684728178023
-22.100716651704833
-22.10529827742754
-22.120747826649055
-22.129985510021243
-22.108543282398852
-22.118320253150443
-22.12544822229324
-22.132016087074625
-22.123754897559913
-22.122375415616716
-22.154419875477856
-22.127199729869368
-22.13279919450436
