-22.13279919450436
-22.080498543831293
-22.066548885501405
-22.089294139499067
-22.06787941715827
-22.079220286465738
-22.095002037472316
-22.06084458897509
-22.077560430269163
-22.079001065919726
-22.069364281689353
-22.067453901042057
-22.0845008603985
-22.08392908472656
-22.074098011485233
-22.076499379614205
-22.102132869649125
-22.071867793776523
-22.07225982790053
-22.079315057536004
-22.077943173487014
-22.076821478524703
-22.077218130304338
-22.0635424292033
-22.075402236410866
-22.07586700365523
-22.077455329679772
-22.08217093237643
-22.08337227873989
-22.075994250582653
-22.09499058740635
-22.074007754148745
-22.0618326715523
-22.077794954734248
-22.05063588859757
-22.08476279751052
-22.090589228288884
-22.10904058886474
-22.097780355295228
-22.072604380401707
-22.067655058399946
-22.098045965710376
-22.07741660530273
-22.066818388635895
-22.069784611244078
-22.073994992972775
-22.080823058387587
-22.069575570625616
-22.074443420853473
-22.070847200271263
-22.07484934250203
-22.062352884076418
-22.052773055486423
-22.077323519005578
-22.06737157115457
-22.064808296393146
-22.061171309108303
-22.086692930878275
-22.079778069920234
-22.077420840502196
-22.08303881673591
-22.08351553542449
-22.07792488353621
-22.084861090237357
-22.068551228565983
-22.063689390242857
-22.069248247613825
-22.08739673149531
-22.088038587504613
-22.069824523565437
-22.08526136791332
-22.080695081983063
-22.074815516169632
-22.072376614707974
-22.097304355752698
-22.098939508049718
-22.08229851990371
-22.095446756654123
-22.07668742052748
-22.078224213076265
-22.082180815621076
-22.06073054985295
-22.066511765042243
-22.06464390164857
-22.082006188396864
-22.068427320234484
-22.06094230230582
-22.08921014296781
-22.08483426060863
-22.065099205612086
-22.06411331212815
-22.0803066999769
-22.083402789285266
-22.094635278362585
-22.05342830923396
-22.0586264109058
-22.090393504739023
-22.052873012431146
-22.071071392078807
-22.067664923588495
-22.07972031927053
