-22.07972031927053
-22.018844333909563
-22.020645767572375
-22.03312345105785
-22.015430149789616
-22.049492300796995
-22.017389180544566
-22.055246889637043
-21.99798297204371
-22.02472711726816
-22.018936197987607
-22.052728704108503
-22.044904700619867
-22.027193598866294
-22.021836738303442
-22.027931258962294
-22.003086838483103
-22.045472385253568
-22.009880211640255
-22.024495092744505
-22.015647385543247
-22.01454032530579
-22.04474136009196
-22.0284837943167
-22.01686281936493
-22.011044679704913
-22.01295172006245
-22.029939851236744
-22.028569119242743
-22.035332995661317
-22.027971941329696
-22.046358023371102
-22.01449280912826
-22.02060973984777
-22.0273101231098
-22.034406148446145
-22.008771037278713
-22.00899656164653
-22.029278304361256
-22.034415711562986
-22.032527703639825
-22.03416605149765
-22.03894797932765
-22.03991003163238
-22.018266945552075
-22.01158022060232
-22.02245161185325
-22.03869886662404
-22.05106177163059
-22.038588444680684
-22.02217228230538
-22.02088626398942
-22.040595909044185
-22.036765926113514
-22.019586547804597
-22.025342156498947
-22.024365008729053
-22.006516664338854
-22.01971089944937
-22.01837055961858
-22.034946188570274
-22.0226503706553
-22.012288395269294
-22.03971470204282
-22.022350085960085
-22.00120571363565
-22.020004414838514
-22.014105649538934
-22.038758404620346
-22.007328524867088
-22.02918026349145
-22.03873655009093
-22.037239406261033
-22.01109677922269
-22.01297529305454
-22.044165786478406
-22.030760498741547
-22.03604395044124
-22.018284796116045
-22.03868645214658
-22.029618770131936
-22.030294500959446
-22.032019394498136
-22.031741392304774
-22.02250549322941
-22.026203085435714
-22.034514310841818
-22.036568894206088
-22.020577807259492
-22.0419766432764
-22.038846692296186
-22.03437949478982
-22.01736876272006
-22.03961883707633
-22.037503323442476
-22.02746144162966
-22.000288811570407
-22.031967435139332
-22.02284269894765
-22.032980963506915
-22.026821049259738
