-21.845228091163335
-21.79925887799338
-21.78471505055728
-21.777777630683804
-21.76404099046415
-21.8021933153149
-21.776802225754754
-21.782345626392843
-21.798785167482816
-21.791922032120322
-21.79003300590533
-21.781629662799872
-21.7899129840757
-21.81006574518913
-21.799319000981498
-21.786020428299288
-21.808624548610364
-21.77068931716224
-21.777912172005053
-21.79684085233127
-21.78793123577635
-21.788369582200158
-21.762713393666186
-21.779325887224353
-21.781560505308114
-21.768182388943753
-21.767392485917945
-21.810368768523762
-21.797043151201375
-21.801048595556157
-21.769728676506645
-21.787683557093214
-21.765187041903264
-21.771307515681574
-21.79617946067109
-21.780984236708157
-21.784425838674743
-21.778363335348594
-21.773525783615412
-21.795346436018864
-21.777177892122065
-21.786194232716454
-21.79844340405603
-21.781664075057474
-21.77721438147539
-21.782038322150253
-21.785312289958952
-21.77869533870936
-21.801174367555028
-21.80128200070075
-21.78990191939991
-21.786018359103625
-21.80949669783848
-21.780549446928447
-21.79163659401184
-21.797146299638825
-21.80412728460168
-21.767675063326156
-21.780540591434647
-21.781794386379463
-21.767576136741393
-21.78871622559288
-21.80049009922435
-21.780219287205814
-21.787434134893918
-21.79042485466111
-21.80049429688292
-21.773974336656238
-21.778061486944583
-21.794204003790036
-21.779979558928794
-21.792367827252747
-21.75820544600632
-21.82189190742565
-21.779707421514058
-21.77552924482391
-21.782314229417594
-21.78987730031571
-21.785439886575343
-21.77656085001824
-21.792253490997805
-21.77824537782954
-21.775997730448026
-21.783312060623146
-21.780800024165966
-21.788617737584243
-21.771963696127166
-21.803013589330725
-21.810841477251294
-21.777951721960058
-21.804254418713164
-21.794560964920844
-21.788064121660263
-21.790500549715723
-21.786322668367035
-21.806092867185136
-21.780628457817752
-21.796020178100342
-21.80882615451499
-21.78941556542762
-21.791086812317364
