-21.589492286644425
-21.531105452681395
-21.547700435547775
-21.549392251322622
-21.537064197166302
-21.53858925766101
-21.531424633627935
-21.54107076354346
-21.532166543083456
-21.535171848939477
-21.541640783601075
-21.536180480952474
-21.51859173512333
-21.546005770112508
-21.550643048129444
-21.52273337589255
-21.522434351707368
-21.53722983783407
-21.53146501590334
-21.52042998181969
-21.5459412248389
-21.540532087410416
-21.576825550516425
-21.531864453088847
-21.548980695360044
-21.545139686301386
-21.54702080028814
-21.549586902078595
-21.533295064539352
-21.55159574754721
-21.533575456331874
-21.53490816704425
-21.547273940272042
-21.54427590151781
-21.544653051956853
-21.543744522447952
-21.55291227736969
-21.525486028141266
-21.53868529011461
-21.543605830742994
-21.55297799941831
-21.550978290333163
-21.516646023082963
-21.526112064055113
-21.525645229352254
-21.55858825082527
-21.53743193363514
-21.531336759610642
-21.540407058568334
-21.54807711607352
-21.522246658664493
-21.55215768384763
-21.546852992540938
-21.523858785692237
-21.513267807810678
-21.551332321408225
-21.558976247503555
-21.54361927175346
-21.540521217089037
-21.536074279015338
-21.53931464148849
-21.543120972756977
-21.522472245771834
-21.542621579075732
-21.547887400341196
-21.535509129958946
-21.539442675476764
-21.538724348121107
-21.54341257355114
-21.522550008451617
-21.53371080401652
-21.559393667444148
-21.52095890808986
-21.524275333767477
-21.532406917605453
-21.555821861335243
-21.539532398626584
-21.55372721615776
-21.5420872496833
-21.52756222287797
-21.531233430692932
-21.53239901376985
-21.530202224555143
-21.54167925215695
-21.54705088410067
-21.537467707957923
-21.547452870101463
-21.568673238072744
-21.55380385334792
-21.541407611524136
-21.53027832232923
-21.52945291925274
-21.538343599834075
-21.530575555679604
-21.549149016433073
-21.53851255623061
-21.551196552077055
-21.553007661972664
-21.544485069881585
-21.527098295632143
-21.54629001206278
