-21.247275772652483
-21.20189997639805
-21.20631623230907
-21.194722733641722
-21.197833769180075
-21.194256049852143
-21.183482770873102
-21.16873451197648
-21.192654891583043
-21.1923653417967
-21.17795694367593
-21.16261241325864
-21.15245420307248
-21.190559207936307
-21.20944865160707
-21.185707354363412
-21.182037865745794
-21.19859503615007
-21.181792134936632
-21.175812370686728
-21.207434013948177
-21.183885928606255
-21.178176394388306
-21.184110358943045
-21.197716268648456
-21.166971157983713
-21.167645581707966
-21.18124630867202
-21.1742328507744
-21.18657114335005
-21.212916658935544
-21.19014240581548
-21.158616251925842
-21.190030771524842
-21.22165208773847
-21.231983832758562
-21.21093803479303
-21.173432295517802
-21.190413444213778
-21.220370317612296
-21.18610641108087
-21.175055654805472
-21.17779041451652
-21.213747710364935
-21.20278723432622
-21.18793736916213
-21.16264912434399
-21.187992016855567
-21.194988274556813
-21.161437775451923
-21.177213822422267
-21.170903311780076
-21.191750366017693
-21.159259912468592
-21.17569876862827
-21.16037377036951
-21.180102393360457
-21.190165124020123
-21.176064451657332
-21.184750681917272
-21.18033625391011
-21.178539713181436
-21.19976845970272
-21.203955012807814
-21.213512244318334
-21.188743807670765
-21.177339239595703
-21.18505583535402
-21.184462766545078
-21.212143752043943
-21.15088618242271
-21.186890113044274
-21.20028880347968
-21.188088865360122
-21.168603371586727
-21.195859976860902
-21.186578459404018
-21.185320254191105
-21.166031579530276
-21.17390441121078
-21.18786805406185
-21.15466834820293
-21.189444913810608
-21.195806837489762
-21.19717012963478
-21.175821967664298
-21.17600818966404
-21.191854681311764
-21.167231993418596
-21.18380141836912
-21.207337068161987
-21.20640025812794
-21.19592153172189
-21.19378661166898
-21.17074965360373
-21.186365577637748
-21.188252460210933
-21.168415679449957
-21.17418775613222
-21.19574139506713
-21.172348505512026
