-21.172348505512026
-21.127720619422256
-21.121261437902042
-21.15465784113636
-21.13506713209057
-21.110955501757665
-21.136174861291668
-21.137578680431943
-21.1426227381009
-21.145630884413887
-21.125249847433633
-21.137716355620654
-21.10961282128554
-21.138210933710436
-21.112231226506974
-21.116145823707978
-21.129415416862923
-21.141001719520666
-21.1328474229349
-21.11040962092979
-21.139396989607786
-21.162718170060035
-21.10938546475616
-21.10858318711676
-21.12471778037995
-21.128234471794833
-21.135547232084292
-21.115022813567442
-21.114471760356935
-21.122589218439735
-21.116787160779964
-21.125911405939988
-21.135277389558507
-21.14086577772095
-21.137684959902312
-21.130421850782117
-21.102200920195436
-21.1561562820506
-21.151684237352615
-21.131955622936307
-21.10396857239288
-21.148679674709133
-21.119308911814247
-21.121670158771867
-21.12652378567434
-21.13693555441854
-21.1359946211869
-21.12894689546195
-21.13113130828596
-21.113198376116554
-21.135180604929552
-21.12536850943652
-21.159370116165068
-21.155406802084748
-21.120974495913195
-21.145808636921274
-21.13359959561834
-21.123509701651624
-21.129498188439946
-21.150001272835798
-21.160791121347476
-21.114559715366234
-21.123485903206337
-21.13765354845785
-21.12818201924901
-21.144646370048303
-21.14756546573291
-21.116926103370236
-21.141471414454205
-21.13930007825093
-21.127510350280023
-21.130051599013157
-21.159676395932884
-21.13348158150611
-21.13842475111819
-21.12606766503645
-21.124556641461012
-21.1646785177582
-21.12386186172826
-21.175093003373842
-21.15970495812522
-21.116727418361457
-21.141609350617166
-21.15263044496814
-21.163174351590264
-21.113792269043405
-21.146313417271553
-21.149566516754856
-21.138269637953552
-21.12610753657711
-21.13989201808143
-21.119019841419462
-21.118860828779873
-21.136639240084538
-21.10437412927563
-21.159335081019673
-21.117332021083115
-21.155697520809635
-21.134211188764255
-21.129926609858476
-21.11042831538879
