-21.027219136532572
-20.985829786793897
-21.014236144532
-20.996533782587278
-20.985069401625427
-20.97518128715474
-20.930048815384104
-20.978404994251363
-20.99259663324088
-20.992415581144744
-20.99117090671797
-20.967705278303235
-20.98274218642565
-20.979280180693628
-20.982374175243365
-20.981997632851805
-20.98289925049299
-20.99377009249933
-20.99318510489747
-20.95368624233515
-20.96672256582562
-20.968028638802657
-20.993852009325472
-20.993575928323285
-20.990797868984476
-20.983652409984877
-20.958380840314835
-20.93685104997337
-20.938474347639062
-20.993317112451084
-20.98355857281697
-21.00091860672623
-20.98736468409433
-20.969133336681793
-20.988484232826437
-20.99709689253564
-20.964810099585705
-20.983378311548424
-20.96322035933416
-20.965803111856797
-20.98213645222381
-20.97656130275641
-20.962491338728544
-20.96784463390554
-20.98220958677432
-20.993662886703795
-20.961553969443326
-20.977314988209322
-20.949520768092043
-20.980295005215037
-20.960030257046277
-20.986934734741595
-20.990739938637667
-20.962362219682035
-20.987752648660848
-20.97519947573141
-20.989785965644945
-20.998086747483484
-20.992679174260132
-20.976677309955605
-20.967160268399155
-20.98611460399245
-20.972867341084562
-20.97877078279235
-20.976309125554828
-20.97309860476038
-20.980130051963297
-20.982626610126122
-21.00269819105938
-20.947894028690285
-20.982681119031916
-20.9387054963556
-20.98566706515617
-20.94593296054804
-20.999515268674386
-20.97768402765097
-20.98044021048766
-20.981679452012834
-20.971983565489708
-20.960434865070727
-20.956023310353615
-20.975189009716406
-20.958535688206435
-20.9700725222893
-20.957532236826967
-20.96531632189215
-20.96374002203227
-20.945894781646476
-20.947066784302137
-20.97004710892301
-20.986458186963052
-20.97756301714095
-20.963160997713747
-20.970125750216333
-20.977476848287736
-20.972117614494675
-20.974676114839838
-20.984599463634012
-21.001832176008495
-20.98519795494459
-20.989623096995953
