-23.93245233482597
-23.892562229831334
-23.89186441976614
-23.890162382761048
-23.889955357971058
-23.889172887561767
-23.888287816260675
-23.891399008995872
-23.88802242570468
-23.891417231135705
-23.888162179542483
-23.889296455459018
-23.88882210151867
-23.886654605602164
-23.887343740827582
-23.88921410677079
-23.887501534906175
-23.889679576176945
-23.8901732319522
-23.891230570937648
-23.888806579723994
-23.88939499324244
-23.890520336347368
-23.889034836753943
-23.888991725376567
-23.88954954861985
-23.891836175069244
-23.890726925900335
-23.890647499581956
-23.889534332831712
-23.892393046059237
-23.888156588444442
-23.88729582596098
-23.89017620592449
-23.88857734153033
-23.890239111535518
-23.888394255250198
-23.88919836715471
-23.890763321469393
-23.887672570904137
-23.889213789565698
-23.89076346749231
-23.889626355558725
-23.893893920820485
-23.88628174946853
-23.88783008811087
-23.888198277298603
-23.889073108565533
-23.890102903334107
-23.889553994584066
-23.887375351606124
-23.89086839844677
-23.892064398745205
-23.889774967270643
-23.891468216306656
-23.889949743350673
-23.89089136756111
-23.888609249562954
-23.890579230455067
-23.888358167795086
-23.8898896967627
-23.889275214594868
-23.888887820164236
-23.888550950085083
-23.88875776807933
-23.89080344706125
-23.88721851220413
-23.891279162495344
-23.89044268883488
-23.8873140817201
-23.888945863052278
-23.88773780260551
-23.889566248676154
-23.89122998001027
-23.888555867717486
-23.89067241621481
-23.890281419726787
-23.890298482721807
-23.892509784688425
-23.89198639870727
-23.890987861468428
-23.889322886512783
-23.888966246373425
-23.888111852228214
-23.8921190204323
-23.88985217243977
-23.890462332075074
-23.888430915850854
-23.88820327737847
-23.88939847715439
-23.887526683357077
-23.8902206938784
-23.888493603986458
-23.88910651451555
-23.889793249783626
-23.889460649015415
-23.889641626838344
-23.888600550664727
-23.888276042087302
-23.891029105861953
-23.890801176434234
