-20.918516050522594
-20.888551586172774
-20.880367924233788
-20.8516858174458
-20.875007733835297
-20.84715781752594
-20.82939184361779
-20.85171686623225
-20.856598611309465
-20.856555471006025
-20.89315979350305
-20.89237037896206
-20.8468954874313
-20.84307174465098
-20.877684748466663
-20.881646609934094
-20.841506366653412
-20.827228314008863
-20.861365934392133
-20.871880792023607
-20.850827327863378
-20.89955854933814
-20.852505679912646
-20.89262667853997
-20.868840853581936
-20.86506138865336
-20.865994443001764
-20.86829377034655
-20.888902472230935
-20.866470255000422
-20.8602102073116
-20.875499372473413
-20.84310292391323
-20.84878760002033
-20.867514853956667
-20.842046711184725
-20.859703429776175
-20.870367120155418
-20.876463732508963
-20.855312033985534
-20.87057780667373
-20.852435688123464
-20.885526906667625
-20.85830296253476
-20.882875712345673
-20.858781950508792
-20.86648486257724
-20.859295607140115
-20.840935381219392
-20.854039358548487
-20.879578338324137
-20.894958059266887
-20.920032125464402
-20.870431640858335
-20.85690532247611
-20.84610240093388
-20.840170793856014
-20.838155123970424
-20.908676316614063
-20.881457782220743
-20.870234279551386
-20.856210622638756
-20.85532008950444
-20.87589969331667
-20.862640986074638
-20.89920651504788
-20.859172756580094
-20.87715773299077
-20.85400667274874
-20.86525259735543
-20.879690968172326
-20.906032618352636
-20.892125783873063
-20.883225982228996
-20.87527209607644
-20.851121050098946
-20.834306202346223
-20.841096535692905
-20.869098405052906
-20.90844338077819
-20.87742642238676
-20.864386623475756
-20.885885751482043
-20.887429436010258
-20.84243641924953
-20.865152584607298
-20.818256519322127
-20.85323726979031
-20.856275188696465
-20.862597674846125
-20.825996235729566
-20.862285637460946
-20.864068084594095
-20.860985302528572
-20.857839465537147
-20.88858416723449
-20.852705222950963
-20.83276778007922
-20.89496295078633
-20.863311288612042
-20.87129356144586
