-20.613830408443103
-20.560138600162034
-20.548744416720584
-20.51699978458544
-20.55173455110504
-20.519359378978564
-20.533971886369045
-20.52495598753616
-20.540848738073798
-20.51042236760785
-20.50162103348965
-20.49816612496613
-20.54022077605447
-20.56138330133443
-20.506633497227252
-20.525627553989445
-20.514100724631252
-20.528425584675475
-20.537373702148923
-20.526514208077412
-20.507633882346802
-20.522856467871854
-20.522730209753146
-20.533561011001485
-20.54120091530393
-20.510796019424962
-20.496239623443028
-20.54165431167947
-20.5357640661219
-20.504699315890687
-20.497151655760273
-20.54990269636903
-20.51545400939063
-20.54632260132146
-20.548904239865784
-20.545096654784878
-20.536127743093267
-20.532145473270894
-20.546720815827605
-20.573892113755605
-20.5461070147944
-20.58812415163952
-20.551070037543145
-20.534383786264907
-20.542936041579104
-20.53853468376496
-20.53295300613203
-20.523444564902057
-20.563050327984016
-20.544084183655034
-20.540982099342443
-20.562833505823743
-20.52815144483613
-20.54350692280813
-20.51038848774416
-20.51211473505872
-20.544221436719063
-20.523105541011972
-20.538680094059377
-20.561934274210813
-20.527457668226358
-20.51898861846877
-20.495541891626917
-20.534314349047825
-20.528926955659017
-20.528539164871923
-20.519317294470454
-20.536797449881558
-20.523948882406334
-20.532818124652692
-20.513414572857695
-20.54814586023906
-20.54995785275888
-20.514185936463615
-20.53426667150365
-20.535020527517716
-20.48161265549814
-20.537245390630023
-20.55469423582131
-20.567317864651464
-20.53396725097154
-20.55542430280032
-20.543443594525332
-20.56195308225218
-20.550958581664563
-20.524321866232544
-20.550222628860215
-20.549177076859632
-20.53597760931067
-20.53512853946337
-20.53304854383863
-20.54481401590826
-20.50834941832941
-20.572944901557364
-20.567586935884588
-20.546581684364163
-20.525257144734
-20.540070674492522
-20.525603747774625
-20.51547180249482
-20.556105297989024
