-20.556105297989024
-20.479977456540745
-20.46219945556956
-20.483721935263368
-20.451644102287506
-20.47846502213043
-20.462939805541534
-20.468728716333743
-20.45210289318681
-20.453400578932
-20.4564236772432
-20.44205312182579
-20.474038546653478
-20.45483298618568
-20.470167295449357
-20.44761762337599
-20.46594830774242
-20.49697116753434
-20.50483064653505
-20.501175164778612
-20.471944368827927
-20.524211010990257
-20.487944119120694
-20.45009642012678
-20.460819076294303
-20.46450471214315
-20.461146707234835
-20.443561508442343
-20.448702022311856
-20.444573277017106
-20.506417127372988
-20.512820516041227
-20.49836191886449
-20.413971772727745
-20.45009102517914
-20.470935459951352
-20.4746698032329
-20.48322458159331
-20.481464427772192
-20.517476767355348
-20.460094929483624
-20.49813450887075
-20.493821473833886
-20.49564263211678
-20.49364063357654
-20.46325666189125
-20.464614733460273
-20.502558780400747
-20.476914510091305
-20.459863899959768
-20.459316658808692
-20.495435529514484
-20.489842009442967
-20.50884333267765
-20.51776135615889
-20.45899903701787
-20.48064433159135
-20.459593545712362
-20.48067221673449
-20.511603858374393
-20.507240690280103
-20.48995563785221
-20.460004995647125
-20.499008653299594
-20.496011295534878
-20.50225579197025
-20.435025126517104
-20.434296953540006
-20.41971288797364
-20.463994985629768
-20.460359379649983
-20.480009112135356
-20.448357698462242
-20.464508981048137
-20.486895230778057
-20.442556540814852
-20.455214256524467
-20.47870880065299
-20.46612157273505
-20.4946889290162
-20.49004468172017
-20.471102201548145
-20.434217874070622
-20.466821636802642
-20.44085863569848
-20.498436784563257
-20.456942205536347
-20.456383448202015
-20.457918981866822
-20.441001635512638
-20.421076952930854
-20.44849668863497
-20.483524677806237
-20.517780506331505
-20.46339487567349
-20.477281998146626
-20.47363899471627
-20.409956720860265
-20.460083881311046
-20.493980209232888
-20.50029851653923
