-20.372673284461932
-20.383231322849156
-20.39667346745386
-20.397558634625074
-20.444948854882135
-20.388333512152084
-20.41478253409212
-20.430757441414528
-20.418219103744274
-20.400537573469382
-20.43468669403373
-20.408620136516607
-20.439521441603087
-20.466542481128386
-20.39921654087972
-20.402211078340752
-20.4197355852921
-20.429657535831364
-20.426535300224863
-20.41205251353495
-20.43711472283914
-20.4318156324623
-20.42336988773691
-20.433018718001424
-20.413000452129754
-20.412934220580624
-20.363362180367613
-20.400789741065903
-20.393531391950273
-20.42564674075891
-20.42726651665941
-20.411811643307896
-20.412924743944764
-20.420733364350408
-20.41802738772306
-20.410177236633626
-20.410093017503485
-20.42267727009279
-20.436141199794495
-20.395966185463287
-20.435937644747515
-20.406166449794306
-20.38426658232689
-20.392544053278513
-20.406665739028877
-20.430738812921636
-20.421663654636507
-20.416402724530737
-20.448096601276077
-20.3987749731281
-20.40347989429469
-20.377226715118432
-20.436543183969444
-20.44811082921256
-20.384285487588002
-20.434321144202087
-20.383680241990533
-20.423224531015464
-20.393469318936138
-20.404785866943918
-20.43061692004496
-20.388483309538536
-20.403140042980034
-20.396704959436388
-20.411081545902583
-20.411649981268226
-20.389331335965444
-20.402010965258437
-20.381719188288816
-20.402650072351186
-20.431837943892177
-20.406287191089906
-20.385505502464397
-20.40382262022055
-20.406360736334214
-20.43160928451713
-20.414284723115273
-20.430712657665044
-20.408915334278824
-20.44586697649451
-20.408048339237318
-20.42870662559309
-20.430201648282456
-20.41293233280596
-20.429764790474984
-20.42501361739602
-20.450407455263626
-20.415376658091134
-20.473002696992843
-20.480590300575653
-20.397663262637632
-20.405113675980385
-20.410535948208345
-20.409276570672095
-20.383590892034896
-20.38285334193197
-20.39365158721154
-20.42193776429926
-20.42863825395532
-20.40770434279642
-20.407877835709368
