-20.340939012834447
-20.33900375407417
-20.320430270891293
-20.33406855643598
-20.37173616297948
-20.344324472913435
-20.36526473723281
-20.340759785906187
-20.353188936446127
-20.364106402573384
-20.40729113891636
-20.327198952923087
-20.366773559655858
-20.34815597155047
-20.348965186611235
-20.35334006044799
-20.348861180630873
-20.387258974591546
-20.38142756231844
-20.341519911169627
-20.360658973356035
-20.377465892228216
-20.371573845936854
-20.33790612416716
-20.338348348904567
-20.33857440186929
-20.361899958699816
-20.387370082541505
-20.375608861865494
-20.35373604840992
-20.35204958925152
-20.365912740413872
-20.333161527351564
-20.356566680369124
-20.350691851492265
-20.35992005633517
-20.37398519792069
-20.33790251026252
-20.346552664449554
-20.344242963332718
-20.350477330716682
-20.369090748330105
-20.393506113209806
-20.393899083254265
-20.356652620189777
-20.382666378489436
-20.367066519030317
-20.33975529638985
-20.364747523087978
-20.353067054325727
-20.371090809109326
-20.37931844738961
-20.337066127672095
-20.365861600614803
-20.293810181684908
-20.31626565914625
-20.3603672685354
-20.38440449254406
-20.35849568286027
-20.352275626248883
-20.318801430896684
-20.31824764707658
-20.372578524874307
-20.366126542498606
-20.37443205202654
-20.35550927587027
-20.36734078364473
-20.35603318805388
-20.37251621248656
-20.36058013440414
-20.39794821491019
-20.397150661383655
-20.370462972197103
-20.369483698401076
-20.364572365241166
-20.334580014559503
-20.36966447340244
-20.368406548711313
-20.332119205388608
-20.373779707027637
-20.366842977646673
-20.368791676145353
-20.3381621556412
-20.38538184785098
-20.332104826026377
-20.335715858204235
-20.392046660317614
-20.34300308001634
-20.37658194391997
-20.330081083302943
-20.381342879845835
-20.3540994074811
-20.382272456951593
-20.379093162132207
-20.37531343669724
-20.367089193551074
-20.36038890981699
-20.35931424388266
-20.370937389778593
-20.358276506879868
-20.356152651458675
