-20.23861507366667
-20.182534205658488
-20.162416362046383
-20.20745278238488
-20.1707547293376
-20.181552305167564
-20.19887381704108
-20.20370269213744
-20.133245215519782
-20.179840725951134
-20.217440399113137
-20.162407611567172
-20.188563103046736
-20.182195224778383
-20.168244826205246
-20.19171781423678
-20.17248701346793
-20.148685911915454
-20.173810429594262
-20.162118202698192
-20.16799732249668
-20.20469450380891
-20.196415313282955
-20.162378314948036
-20.214375030454722
-20.16935816489948
-20.178438748681117
-20.18671508289957
-20.190854119209888
-20.117279020133196
-20.163215087340692
-20.182550056769337
-20.181834798054698
-20.15571575091125
-20.19641690828205
-20.186332018965842
-20.165050381464845
-20.165465648982433
-20.229814932738332
-20.179074394869378
-20.19395924753638
-20.167424460954727
-20.201400234304035
-20.207549081459852
-20.19854613066715
-20.175292699608022
-20.205829480245853
-20.169764558476572
-20.16645725242308
-20.201266527038356
-20.194436628517813
-20.183350499081325
-20.196471529838956
-20.18211485518809
-20.122347034950707
-20.174673643808415
-20.20926186882022
-20.20719627157841
-20.191234058449545
-20.19116110699601
-20.181162655706146
-20.1881051365866
-20.239122300956485
-20.173948691746517
-20.18705719682891
-20.181451709500113
-20.230003098617843
-20.214397143848235
-20.19630009037971
-20.1941943102292
-20.15258524641252
-20.15590697300322
-20.172674865239188
-20.15494760557603
-20.16942031756491
-20.165502345043944
-20.16528123307151
-20.156103681578404
-20.181915848629167
-20.192735514445793
-20.178769657944414
-20.185408832726687
-20.160900346545404
-20.15830177964195
-20.179078446701368
-20.156427635827345
-20.162331539318785
-20.180786206341217
-20.194380350618623
-20.196213199372913
-20.161931256799438
-20.209009939439397
-20.194725630380027
-20.169981256319627
-20.158291926071065
-20.190594366614203
-20.193616321772826
-20.187252434341644
-20.20259459614387
-20.173190036472235
-20.13656065670284
