-20.085747161157386
-20.033831071081902
-20.067701085700058
-20.06856368172037
-20.056113402153752
-20.09017379359123
-20.082243185734193
-20.07054594246538
-20.05436173251233
-20.084754618332113
-20.080563978317514
-20.101894937428884
-20.110825725239618
-20.08796836233755
-20.048424704269586
-20.03594405631091
-20.052328167013474
-20.058102721450435
-20.048547616221683
-20.03933808471211
-20.064241338509245
-20.04105415814863
-20.046744557241098
-20.046192025288956
-20.02015420334884
-20.046792301596547
-20.059783468552506
-20.031173464341503
-20.040978420527686
-20.023842001307013
-20.0316850607462
-20.004774036753165
-20.065375659106387
-20.034839681556054
-20.074725989237717
-20.140665864500427
-20.101793582273896
-20.09946798964397
-20.0320763818313
-20.066798820117903
-20.0532298253311
-20.00450547061778
-20.00565987665738
-20.050636180122947
-20.019997519176172
-20.0556781077315
-20.03044317617971
-20.028613310714153
-20.058817771458543
-20.081427453195516
-20.045900925233315
-20.07280761477577
-20.0084363945096
-20.07684130982636
-20.02299868618993
-20.0449123307545
-20.06096693149922
-20.065435207821096
-20.071109095206797
-20.083837454333278
-20.055191140900654
-20.039087651349547
-20.064787696395715
-20.037189012683093
-20.102487756483185
-20.07796366661945
-20.12067786018386
-20.056065168858556
-20.081112739427077
-20.02792202225703
-20.020917109989345
-19.99579129601501
-20.00504398645957
-20.020547891724206
-20.02915921706725
-20.044879523638986
-20.049509865314334
-20.072908512974447
-20.016902474596694
-20.088667735401927
-20.1127404868982
-20.079791470538122
-20.04306988477563
-20.045587156632603
-20.003655679390068
-20.020380491722122
-20.068691971873587
-20.067899123035783
-20.08656626122953
-20.05676987648459
-20.00929867535516
-20.020051127156723
-20.009106270334186
-20.06392652748533
-20.02642336723072
-20.03607988903453
-20.031959032977085
-20.023795028163146
-20.011037057843446
-20.046740708634236
-20.0107003026871
