-19.864819299330165
-19.776081789763108
-19.808034718453786
-19.75815680263829
-19.77555571606636
-19.820780780012058
-19.808646243485452
-19.740803823929724
-19.792157975092753
-19.82112316666034
-19.79989804368699
-19.77253166034178
-19.80780427628468
-19.787006099712382
-19.81095075606202
-19.808374836245175
-19.845593751835164
-19.840834510192643
-19.803760180324716
-19.806372782090097
-19.83277986391521
-19.822772502767865
-19.837518511953427
-19.82438693689387
-19.805638518030175
-19.81106820638807
-19.78793231605184
-19.796501535310817
-19.80382135291393
-19.822928748410753
-19.80193673177876
-19.813453013146095
-19.799119722273453
-19.79236345134013
-19.75975716126784
-19.75348336075625
-19.756626049923646
-19.775580804152614
-19.779120375194008
-19.80154605875573
-19.770671341840952
-19.804733503155735
-19.792270459652627
-19.76198038908612
-19.78345858915779
-19.77420848551288
-19.80291603755201
-19.805794559031707
-19.82420789166596
-19.808372125104306
-19.81171193531282
-19.84252454999582
-19.810250757783837
-19.788105269808497
-19.782175185534204
-19.807598861382225
-19.84325933916227
-19.84664745365769
-19.802145809115054
-19.808254238245226
-19.81091835943216
-19.79383395596357
-19.79500527253678
-19.771246385024313
-19.787618144992265
-19.819018953303818
-19.8031073896158
-19.811390728388353
-19.734454047668475
-19.815995570610323
-19.775255413016367
-19.80225015974911
-19.776532063884876
-19.775627935754756
-19.788992972675985
-19.80542406054948
-19.819602439626678
-19.7888534658195
-19.79763200341729
-19.79356706934094
-19.832232508802047
-19.838091979555188
-19.837162245177797
-19.853476754343266
-19.83914546774577
-19.822693013721857
-19.822102984703832
-19.83643392880095
-19.790868396468863
-19.84060671478009
-19.83726504978901
-19.814769726058852
-19.813601159961514
-19.79974153445196
-19.806769719252532
-19.789116762455013
-19.853005083194233
-19.807592615585563
-19.799849103477474
-19.7759325862114
-19.782489029553815
