-23.844321191283893
-23.804723107598107
-23.79962343614627
-23.802953746420986
-23.802322399968187
-23.801169727216056
-23.80216181843207
-23.804168456591267
-23.801832565162535
-23.805527462822656
-23.80238955638161
-23.80474969598997
-23.802038268819995
-23.80685057399403
-23.8002864642519
-23.799266572472288
-23.802466801608336
-23.803484820369047
-23.803021396385027
-23.80219715916099
-23.802951075856654
-23.803334579911535
-23.805105545612424
-23.804323687850285
-23.805668850799194
-23.799447652604776
-23.79934519339654
-23.80073615661899
-23.797994536477976
-23.80106543915077
-23.805494004447922
-23.80116297691375
-23.80398598018716
-23.8013646814713
-23.801586018339794
-23.803482476485282
-23.800518341092012
-23.801401393665962
-23.80060159959474
-23.802292674785743
-23.803823644420955
-23.804797987955006
-23.804920742813046
-23.801062216369672
-23.802067675744997
-23.803904992378754
-23.80308485889935
-23.800203442204502
-23.80238866161622
-23.805690970965497
-23.803256805254918
-23.803056412956956
-23.800972456518885
-23.80238406758262
-23.800455217714706
-23.80339465709505
-23.804731946518864
-23.802726861239652
-23.80405558892392
-23.800425353605785
-23.803591078300524
-23.798808066317534
-23.80264530766442
-23.80438096597296
-23.802843062996477
-23.80402634924752
-23.80046845929274
-23.79857254630835
-23.80037029501247
-23.803469628306203
-23.805944449887956
-23.805274258991986
-23.801862488613413
-23.800753734115663
-23.80190529850287
-23.802805054852563
-23.80433304309801
-23.80263982646235
-23.80115837999651
-23.803681495553548
-23.800172465558088
-23.80098019491391
-23.802203789204093
-23.801535598351848
-23.80098612925201
-23.801751896646643
-23.799991827732857
-23.803945453533853
-23.802550816454907
-23.802607285007984
-23.805463312502667
-23.80384266521394
-23.805658937254343
-23.802424531497426
-23.803212688854916
-23.803679326449814
-23.799342767196016
-23.80184797423049
-23.801493351771335
-23.80112076863221
-23.802442842424433
