-19.731912296545563
-19.65369408331612
-19.65689427971906
-19.63099669837375
-19.630176041407825
-19.674597853244915
-19.671273892965278
-19.66799846363002
-19.64664132008909
-19.67254552331382
-19.658686326432626
-19.6337571797379
-19.61584540911515
-19.668125902364018
-19.66838817791942
-19.6692355078491
-19.644764333776187
-19.657172976345585
-19.66824686963272
-19.657999216011653
-19.663464797547615
-19.63733468355504
-19.645434813155465
-19.68679901346707
-19.696822991742128
-19.629427256216967
-19.628480719311597
-19.618618590005163
-19.64528060390454
-19.604789825883536
-19.633529674352207
-19.63513409594734
-19.655231809573277
-19.670686730854843
-19.615420864883056
-19.62774278923901
-19.61831019951369
-19.68753758056434
-19.652711014449785
-19.691796331653727
-19.656815791153768
-19.65946093609516
-19.64828657521522
-19.681087275188073
-19.666729065160375
-19.64259035532684
-19.65988890314028
-19.64172305579727
-19.61019162563175
-19.614775199796387
-19.61727768953525
-19.66357250888314
-19.65596397578144
-19.639382016881676
-19.673830745075225
-19.699429501306362
-19.665118549834823
-19.626936202392375
-19.652104491055265
-19.689713804306802
-19.671739815250856
-19.62984549794812
-19.684529199566164
-19.680257786625575
-19.714809710199784
-19.684511734068277
-19.659437018225983
-19.626353814060185
-19.672547515218604
-19.66014755820791
-19.68379466701465
-19.64605407912672
-19.656886222193553
-19.64110968236908
-19.618908978604672
-19.635335025933763
-19.652108579475577
-19.63607926017545
-19.642117311130605
-19.68284019481119
-19.689758645283487
-19.659660072352786
-19.590422857430223
-19.653475071378594
-19.660728668616336
-19.681207505106926
-19.676687280174725
-19.66721856446436
-19.680985543178096
-19.647244530808027
-19.65960240247159
-19.626958282079777
-19.646869349250995
-19.672376758097567
-19.673056362989946
-19.66441177919635
-19.673368483650886
-19.64543219902998
-19.63649243406177
-19.640719329026364
-19.610145413091598
