-19.394501483596567
-19.42928306681195
-19.38136941592711
-19.412347353281934
-19.4161423725597
-19.419795778550096
-19.389557549737123
-19.453183107204882
-19.427692927878397
-19.408147483968772
-19.481442619628805
-19.441358780701023
-19.41643148027839
-19.386463332935666
-19.453283475442895
-19.43890707814011
-19.42286443493906
-19.451299559781088
-19.452447081606056
-19.472792232856122
-19.509309661560028
-19.503757484583257
-19.466783596762077
-19.444214149458386
-19.453174058442915
-19.462809210467903
-19.44302553199672
-19.467892665353947
-19.47152319268657
-19.45299319539314
-19.43832958006416
-19.45420510670112
-19.516909907061066
-19.49147750165819
-19.43487028940991
-19.463034056239355
-19.47874493986859
-19.458374625887615
-19.48723458933329
-19.47409257814457
-19.44546128746098
-19.472441672883605
-19.50172444920027
-19.43923551677094
-19.456114383290235
-19.526129447651424
-19.465366212387668
-19.46051446939458
-19.388727229818592
-19.46461978636441
-19.446835035763943
-19.40046233119954
-19.441122402461392
-19.423702568019667
-19.469795011127683
-19.483095611714713
-19.454853723207137
-19.464229407868732
-19.47860155695318
-19.47292543110288
-19.411714065772145
-19.408740186281495
-19.458197937321287
-19.45264597817596
-19.48532655290412
-19.422021529831834
-19.420275063378895
-19.39553144143126
-19.402132852495892
-19.476124546882552
-19.482379147881282
-19.45819989664902
-19.47070934091264
-19.473035345889873
-19.447942652527615
-19.44209184574398
-19.444045528383207
-19.44212497407069
-19.397600900699295
-19.417209171208597
-19.41965952787626
-19.41014092024847
-19.461588791981228
-19.456330704976626
-19.458272261383463
-19.457102078755376
-19.457675904073263
-19.40417352521645
-19.412219236212376
-19.405936721685492
-19.463425309938874
-19.447774208616917
-19.478195736449138
-19.425357928794522
-19.46534106671089
-19.472650746318052
-19.45233521579293
-19.425747510041756
-19.426628288135277
-19.416349205554862
-19.450108370661855
