-19.181265922325654
-19.12374828175717
-19.125964728237335
-19.135890611730062
-19.144434105530785
-19.148180612451675
-19.17413837755955
-19.111098154024443
-19.103160815121072
-19.112042993352638
-19.18245658881569
-19.083736377975704
-19.088487314001313
-19.099926967034133
-19.121296638740834
-19.138517533839877
-19.14038113239995
-19.135803558321804
-19.114475272136904
-19.1237976806847
-19.13849611791293
-19.111460214673933
-19.150641469426894
-19.167058525251637
-19.14852875184129
-19.081591552243857
-19.13315863734854
-19.14805062828338
-19.13490472652769
-19.1311374990201
-19.21097011127476
-19.13437432356752
-19.1507666908808
-19.184890455323696
-19.18553505376752
-19.158474166746096
-19.15531873789264
-19.171795790831723
-19.19453817896582
-19.187801825096805
-19.1455503042578
-19.131395741584953
-19.135636021442906
-19.10589517964609
-19.084143294257306
-19.127824371212597
-19.099612535008884
-19.07993855914989
-19.141951289504153
-19.102338106870896
-19.102459471202096
-19.131678912187315
-19.14827069189253
-19.150001753149773
-19.12561741227337
-19.13662759351538
-19.16386231989127
-19.156458969410146
-19.158550667417252
-19.136930101787478
-19.137370567088063
-19.10015679396586
-19.121928557390508
-19.06278939483652
-19.100899278759623
-19.096562499691466
-19.09251220524863
-19.11965354132255
-19.112712902430268
-19.13201383787055
-19.12091437629658
-19.092433782528374
-19.10547524460598
-19.041068413988665
-19.110384333941916
-19.153625129198588
-19.128428026461922
-19.123204296095892
-19.140679616395442
-19.164500347910014
-19.154958689971522
-19.16213381345423
-19.10919237357022
-19.13987424659098
-19.140639997283355
-19.13121346191063
-19.104001288935294
-19.189647376188297
-19.198826387500656
-19.159063066529445
-19.1834721366721
-19.14814660464773
-19.125901378692447
-19.087232590223852
-19.14088914041524
-19.144225269725332
-19.125114739805824
-19.12289406261996
-19.167574770775357
-19.162584843120094
-19.165277711232847
