-18.918770802399752
-18.829155344562253
-18.834530467155687
-18.89238209371073
-18.847184939498426
-18.897251058704615
-18.771554332393343
-18.83454482841875
-18.895558886020595
-18.874089462423086
-18.890876477358503
-18.8688352016813
-18.94671829603367
-18.87400897575572
-18.890116387211016
-18.916954757341234
-18.899452199653034
-18.851354724042537
-18.84885399258925
-18.89855475725973
-18.859231331568793
-18.817705358513216
-18.922492644078645
-18.91553067961611
-18.926394059034703
-18.915257512782812
-18.923777038851636
-18.88250719545296
-18.86613919738009
-18.869334787836777
-18.864880524750053
-18.873010669657248
-18.89684949771102
-18.978083331417544
-18.946820166910335
-18.89847705031567
-18.897390454743977
-18.913771637618822
-18.943609178203072
-18.893914555117224
-18.918271639641862
-18.860173946210587
-18.880899316165646
-18.887754537537045
-18.917630494737196
-18.900613186209196
-18.924538489479158
-18.88283395050002
-18.95027802387608
-18.917690337547757
-18.90686772444277
-18.887553926077064
-18.884448825559115
-18.88095840753162
-18.907816744679437
-18.90484337724958
-18.851470819075285
-18.956345968663594
-18.896256619696207
-18.917186763333973
-18.985817414395754
-18.887546657103922
-18.923849221175058
-18.902558401377714
-18.895854744966176
-18.928203632053417
-18.93556203774212
-18.914430702886975
-18.92742386758356
-18.911855119881853
-18.919797875956803
-18.897457220175855
-18.87384029675522
-18.879206164046217
-18.932277888119792
-18.926953086602207
-18.901409977160252
-18.93121223596808
-18.937090403469355
-18.89722870251346
-18.89656784976505
-18.91967949455622
-18.899865677406826
-18.904628647985675
-18.88355944797302
-18.904715947659962
-18.949601538216275
-18.853609321247575
-18.909820428707977
-18.909102021414178
-18.90348586583351
-18.92859734687065
-18.859409114552236
-18.91004504653142
-18.868609794393784
-18.87993200845671
-18.89301465211874
-18.880712521972367
-18.88375517223984
-18.86228687378325
-18.884343345239266
