-18.694256486618613
-18.623928523025505
-18.595648671677537
-18.648864879912452
-18.56608695751948
-18.61193415199665
-18.581082573550365
-18.574612364214907
-18.571929921805655
-18.569475940569923
-18.603386775078214
-18.588799632988533
-18.615671323921873
-18.628004075543945
-18.608478561312086
-18.58167095987526
-18.607939682349862
-18.668509187812536
-18.65107563018166
-18.63148824228366
-18.65830799926763
-18.61147754040009
-18.604974023667616
-18.599738484831356
-18.58467932505738
-18.571010946941193
-18.558159693386855
-18.586077829823004
-18.608310703108685
-18.585255175012264
-18.62161570126395
-18.597555177497377
-18.618318647060256
-18.592946826086283
-18.623593698863896
-18.572149285146576
-18.588172893175056
-18.611633705792855
-18.622106473532956
-18.588309628200467
-18.58803353870894
-18.607365222067095
-18.67095722102766
-18.616771045009205
-18.635621416058264
-18.59042218968822
-18.61096361403194
-18.620110447168138
-18.556200751942356
-18.572353992401784
-18.639061380618315
-18.626972078179993
-18.592332015267562
-18.58095636811759
-18.59097327738428
-18.597614724904123
-18.632937151760785
-18.609105773369635
-18.590640653490443
-18.660682442422978
-18.610894922627278
-18.65113749991607
-18.64213039199599
-18.66115947493164
-18.614975586375227
-18.607871340965918
-18.616592264971608
-18.686767049748845
-18.574275187834335
-18.572355379319365
-18.58865932974214
-18.563474751121657
-18.614967901558817
-18.603333388343597
-18.598857542933178
-18.66541586372357
-18.65166175959894
-18.62287167696143
-18.63824536436308
-18.628018217541317
-18.610176545749525
-18.5918717680589
-18.554009414133123
-18.595801048717604
-18.597136072058813
-18.51371362326211
-18.551017287825747
-18.60733177848907
-18.569829813084684
-18.647480217183308
-18.620252946088122
-18.589698161900106
-18.560395862590436
-18.539912073909928
-18.583631509390848
-18.54808677710408
-18.616573639440627
-18.617561729904338
-18.578880154610204
-18.57841211431476
-18.56693922643398
