-18.212333351270413
-18.161776702205433
-18.192839815723914
-18.189702947489586
-18.101539601386246
-18.112501081791425
-18.169869575055937
-18.133890984231048
-18.10021904080773
-18.099478247695675
-18.114594152375947
-18.03540128258868
-18.004983134271654
-18.039841105656198
-18.027255079331425
-18.029026893644218
-18.063936135289495
-18.006526171242363
-18.0492909410102
-18.055109518898558
-18.058268577777344
-18.118894423134336
-18.099213172176107
-18.082819107186058
-18.108643421465086
-18.11734406558402
-18.096528446818336
-18.16737598959196
-18.15575719262562
-18.148394584602674
-18.1425824672487
-18.134342612292443
-18.168693887553722
-18.147953313693332
-18.16244901384259
-18.12160677619187
-18.128934246031008
-18.096705364643928
-18.117758908893585
-18.13824040699831
-18.131383491991844
-18.127317163190696
-18.121608145954795
-18.15379213639173
-18.100212586667993
-18.097692735611364
-18.150125081005683
-18.12283897928908
-18.150557511753902
-18.08989740893227
-18.13664556543892
-18.081001066531066
-18.112012579740927
-18.14663737113065
-18.166279012297156
-18.149628909325383
-18.12760072711321
-18.11273792056404
-18.092567488630095
-18.120321191212113
-18.122722363037976
-18.13292732264063
-18.137873478432184
-18.120653321083388
-18.124540743355226
-18.161333260670947
-18.18741035243688
-18.134731223955164
-18.128441168951614
-18.10377060089912
-18.090265110362868
-18.074914629677274
-18.106702805361902
-18.101302325054824
-18.056988051215143
-18.052607807880634
-18.06193407197988
-18.076696459502806
-18.066418666311748
-18.137656902589406
-18.043740493309276
-18.086125548005512
-18.047694256141355
-18.08262368224264
-18.08162500678742
-18.114640584338968
-18.10461714717779
-18.086543103799688
-18.120076265979034
-18.10029331591726
-18.089866719376346
-18.08534168839001
-18.04763052189534
-18.105224443670977
-18.081324235786354
-18.061369020854354
-18.083320593830678
-18.102116321969998
-18.137627703841
-18.112424935347477
-18.09450489620598
