-23.755186723160907
-23.714936092176714
-23.714697642454013
-23.717929097814682
-23.71409972179088
-23.711134445906357
-23.714931143247874
-23.71720094661756
-23.71796504981653
-23.712976453188688
-23.718521714734653
-23.721689730159333
-23.711376685286037
-23.713622359716847
-23.71453759384919
-23.711914669190524
-23.71463568934374
-23.71454534756622
-23.71613208085138
-23.718132875606738
-23.716102307166434
-23.716606661653756
-23.717005678580403
-23.713051698754082
-23.71297498425308
-23.71972695994441
-23.706553886594694
-23.712036141055194
-23.71591880157006
-23.717993535675138
-23.71595102332304
-23.7160341494778
-23.717338056643133
-23.722008858621457
-23.712109251976194
-23.715721040515543
-23.71215539826233
-23.718005471006382
-23.713804022878247
-23.715974613046967
-23.713473022808653
-23.714191684906872
-23.714860361850526
-23.71602112683661
-23.71398492346322
-23.713627120697435
-23.7159862146131
-23.714231453821007
-23.712870561403182
-23.718253480589404
-23.712589581546535
-23.711372265640836
-23.716310353432842
-23.70955370528193
-23.716704874793404
-23.710483449792676
-23.70936295317723
-23.712756514471206
-23.713104910640535
-23.716235879678308
-23.71308888037617
-23.715083011907684
-23.71504442177149
-23.715406336312704
-23.715775863510295
-23.712704418012688
-23.716930693573637
-23.709644661735933
-23.708131825192602
-23.71503239403208
-23.717541822562048
-23.71510486032678
-23.71530951994542
-23.714100531382105
-23.71403037316638
-23.71748622544308
-23.71561986550102
-23.712134349816125
-23.72129918288232
-23.718518989316912
-23.715241827339707
-23.71340917314988
-23.71311952152064
-23.717556031371263
-23.71570077824867
-23.717805645597487
-23.717105822689337
-23.7167595629232
-23.71358842210305
-23.714755202110563
-23.717924611055555
-23.718824642315017
-23.71853247764983
-23.709050249543523
-23.720112290915537
-23.71627825066298
-23.714170104182262
-23.714039377240216
-23.71034162192382
-23.71510445671057
-23.716402936567015
