-17.781604972211234
-17.677213032111485
-17.660063380110838
-17.69306084480137
-17.631506168094415
-17.653185366005083
-17.615392605312092
-17.577959142823083
-17.627327551176112
-17.653682192909507
-17.631962052568515
-17.728504869116225
-17.735303821308598
-17.694819108514633
-17.678934742040425
-17.650410880490586
-17.64438227739108
-17.683848860522684
-17.63440253186971
-17.557205444883444
-17.615233635033128
-17.640394984222368
-17.618944670598648
-17.596149808943416
-17.61118029068807
-17.61339894765445
-17.629518545050978
-17.673179058005452
-17.6622980484605
-17.646279559158334
-17.624981290470327
-17.62271746171374
-17.648963492785825
-17.619035623570426
-17.620963212142854
-17.604037428370702
-17.647279541554305
-17.611699026449163
-17.619833745830533
-17.62847175377286
-17.619989932555463
-17.6271981772564
-17.60772567750211
-17.62874755902983
-17.57518724936657
-17.650316529733747
-17.651989079043243
-17.68340461373155
-17.663816586048195
-17.599457704437896
-17.57189465495923
-17.57979319222021
-17.64484310739345
-17.57491277070483
-17.578026698097386
-17.613929898097012
-17.555291250361567
-17.583611312693364
-17.58560244821722
-17.574522149483574
-17.572988725032758
-17.63884488852313
-17.575277436063594
-17.59118233847681
-17.58283828315553
-17.57883261745755
-17.57671213001168
-17.61158056763651
-17.542909757416133
-17.539221838722636
-17.522398388283936
-17.551125195606
-17.555431718233528
-17.588200726472362
-17.560677353902236
-17.66527607536328
-17.606319529108955
-17.580089019418352
-17.667395931368482
-17.65162554057553
-17.648957002705913
-17.62125409239343
-17.57565105838973
-17.553863595891062
-17.561685227712523
-17.605703030466792
-17.61469484644643
-17.529553376611126
-17.587261934301885
-17.561973310496096
-17.590933121417244
-17.538190996594956
-17.540946426000154
-17.577686595786933
-17.595003985539062
-17.530464117262632
-17.549937910381136
-17.577888133319313
-17.564191680692893
-17.572717841564263
-17.53861400198782
