-23.580353141867523
-23.54404705698999
-23.538765528589682
-23.53420219381262
-23.54581849745339
-23.535774339461057
-23.533549441776174
-23.538946947944712
-23.541416026891504
-23.543836569796778
-23.536821381818946
-23.537326420685485
-23.541363343553197
-23.53769417767289
-23.549930721236322
-23.541668267765523
-23.536150176332352
-23.540866704872432
-23.541221523825453
-23.536218638570247
-23.5386231848704
-23.539847927532513
-23.533019445198452
-23.544267521617076
-23.531557781508553
-23.534411274206573
-23.545597820099612
-23.53606560403353
-23.53810929801279
-23.53763315724091
-23.539356072137796
-23.53339851007651
-23.54325607469766
-23.538716846519808
-23.54436241630061
-23.540449305696807
-23.538764522204215
-23.532992772271673
-23.53418213830928
-23.538030244216113
-23.543554696013715
-23.538792023129943
-23.537174330780186
-23.539705490801307
-23.536936179630782
-23.53687879940189
-23.537006790467455
-23.53948868161819
-23.542149152933007
-23.541440118657793
-23.536867456761073
-23.536240773930356
-23.541580818478455
-23.539840003368173
-23.543864824347168
-23.52942118264868
-23.53570428196155
-23.540144830882642
-23.53838639594551
-23.538144551733325
-23.53849481890662
-23.53249654291794
-23.536340718887573
-23.531320126067463
-23.539171935490632
-23.541690925951247
-23.535976044204382
-23.535252854108236
-23.543473633228857
-23.538966622750678
-23.538815992281727
-23.542094950671725
-23.543671685875253
-23.53685154902117
-23.53904031942546
-23.535080990654222
-23.53864850285814
-23.53715831181555
-23.53976349778739
-23.544240465006283
-23.540207908832215
-23.538032489022797
-23.53997586866216
-23.535041660444854
-23.539149652360972
-23.536959402695235
-23.537745367170103
-23.538348090462954
-23.535955911797217
-23.53974295031064
-23.534787811229805
-23.53656708103394
-23.536227987372367
-23.532942036378657
-23.54183738975951
-23.535472237423875
-23.538019224741912
-23.53737900613264
-23.538947467472873
-23.538746477735238
-23.538941185950396
