-23.49817535491235
-23.457361953101792
-23.447150711895436
-23.449085765599865
-23.45459076488198
-23.456358486948623
-23.45577607514203
-23.449884299387794
-23.44906493693563
-23.44412088168521
-23.45216248115336
-23.45645884676796
-23.44416887796131
-23.45658207578408
-23.44654811441284
-23.453361612747518
-23.444949397046447
-23.4509749129184
-23.44787192373745
-23.455351840252604
-23.450421592253278
-23.44825909915802
-23.45164978616019
-23.44889581908655
-23.456228023631457
-23.449820281105374
-23.457263636419878
-23.456531155766342
-23.453790458542088
-23.446046343503014
-23.45294260765377
-23.458790103958712
-23.4480553546343
-23.454712348693246
-23.447610905864124
-23.455836258400275
-23.449019050092872
-23.45324955909482
-23.4551799793868
-23.457680302922792
-23.450611561873153
-23.450811465551457
-23.447847263873797
-23.450435167119473
-23.450615925951627
-23.454231867418702
-23.450707556463907
-23.457326320123265
-23.446596782689497
-23.455929991743282
-23.44944059629248
-23.4577712647958
-23.456629456664192
-23.44493176791925
-23.451512817226742
-23.453245935450198
-23.44943662761422
-23.447423351299385
-23.44851673105961
-23.451905024585997
-23.452640126165665
-23.44917235618806
-23.450669008932007
-23.44856965745329
-23.45719920459195
-23.4493088804381
-23.44936107958801
-23.445749629784384
-23.44958621276787
-23.45358510181863
-23.453336048648374
-23.443724306911495
-23.460726803903082
-23.44887333708087
-23.44342446686896
-23.44970922092387
-23.448267853012933
-23.44732564713728
-23.454640585598863
-23.45067449128305
-23.450215459771435
-23.445501994990316
-23.448954191371506
-23.45108072933699
-23.458764091758173
-23.449238482174373
-23.448646174540908
-23.456075543200818
-23.439642181973724
-23.449984349761692
-23.453192509219456
-23.44709417003662
-23.45530035654951
-23.44907113893931
-23.447526956085067
-23.45395333498974
-23.45521686534215
-23.451181475664765
-23.449582079540786
-23.449902695643203
-23.4532250747548
