-23.4532250747548
-23.418282891138798
-23.40359645493982
-23.40008123959393
-23.40993187452674
-23.398228360031336
-23.408811911884584
-23.405116446214052
-23.401146446292632
-23.404360000829936
-23.402667854666593
-23.40787738304858
-23.401268362069448
-23.403466625552852
-23.40076728510032
-23.409751651362036
-23.412021691466215
-23.4059614120177
-23.406011281352693
-23.41164712369817
-23.405035556406837
-23.403519689011773
-23.406882902193225
-23.40018207756463
-23.402382154047768
-23.407696909782807
-23.408490520101726
-23.420865790385786
-23.40409113054424
-23.403235930684545
-23.406956945184223
-23.400867224157015
-23.414129521761716
-23.407557490654987
-23.406768606866684
-23.409375581298384
-23.40828516256061
-23.41726472853579
-23.407474043193442
-23.408740133495517
-23.40498967330116
-23.414826169378298
-23.40649605160829
-23.40314031907111
-23.40214642162996
-23.403955003589846
-23.401412989711428
-23.405417144305382
-23.40975512331127
-23.401389808648677
-23.411865876748053
-23.407226222717156
-23.41310300552228
-23.405169714143238
-23.398963332198495
-23.402044044274376
-23.399904206791195
-23.40707855245353
-23.407240378226412
-23.409079000200084
-23.409555558090034
-23.40673607923625
-23.404142192839565
-23.418777238267552
-23.412176861512467
-23.41049503560981
-23.405078661118317
-23.41197946359221
-23.400968762021485
-23.401916953854535
-23.407752194510582
-23.40226485531311
-23.41107480352007
-23.408420178809166
-23.405662835976486
-23.407738827201303
-23.40432382794918
-23.41157168414276
-23.40409444840625
-23.397746099003257
-23.411702969290285
-23.404921792518895
-23.405488261293176
-23.402009044562003
-23.40751943351458
-23.412747299521545
-23.405658503652393
-23.40280350716597
-23.414881950741098
-23.402626131704103
-23.40626778370045
-23.406116154708588
-23.410715330340192
-23.411736229403665
-23.401083643229835
-23.413895928220303
-23.40655731082489
-23.40241094561686
-23.40163481720682
-23.412022339420595
-23.406346614280466
