0.0
0.16778523489932887
0.33557046979865773
0.5033557046979866
0.6711409395973155
0.8389261744966442
1.0067114093959733
1.174496644295302
1.342281879194631
1.5100671140939597
1.6778523489932884
1.8456375838926171
2.0134228187919465
2.1812080536912752
2.348993288590604
2.5167785234899327
2.684563758389262
2.8523489932885906
3.0201342281879193
3.187919463087249
3.355704697986577
3.5234899328859064
3.6912751677852342
3.859060402684564
4.026845637583893
4.194630872483222
4.3624161073825505
4.530201342281879
4.697986577181208
4.865771812080537
5.033557046979865
5.201342281879195
5.369127516778524
5.5369127516778525
5.704697986577181
5.87248322147651
6.040268456375839
6.208053691275167
6.375838926174498
6.543624161073826
6.711409395973154
6.879194630872483
7.046979865771813
7.214765100671141
7.3825503355704685
7.550335570469799
7.718120805369128
7.885906040268456
8.053691275167786
8.221476510067115
8.389261744966444
8.557046979865772
8.724832214765101
8.89261744966443
9.060402684563758
9.228187919463087
9.395973154362416
9.563758389261745
9.731543624161073
9.899328859060402
10.06711409395973
10.234899328859061
10.40268456375839
10.570469798657719
10.738255033557047
10.906040268456374
11.073825503355705
11.241610738255034
11.409395973154362
11.577181208053693
11.74496644295302
11.912751677852349
12.080536912751677
12.248322147651004
12.416107382550335
12.583892617449665
12.751677852348996
12.919463087248323
13.087248322147651
13.25503355704698
13.422818791946307
13.590604026845638
13.758389261744966
13.926174496644295
14.093959731543626
14.261744966442953
14.429530201342281
14.59731543624161
14.765100671140937
14.93288590604027
15.100671140939598
15.268456375838928
15.436241610738255
15.604026845637584
15.771812080536913
15.93959731543624
16.107382550335572
16.2751677852349
16.44295302013423
16.610738255033556
16.778523489932887
16.946308724832214
17.114093959731544
17.28187919463087
17.449664429530202
17.61744966442953
17.78523489932886
17.953020134228186
18.120805369127517
18.288590604026847
18.456375838926174
18.624161073825505
18.79194630872483
18.959731543624162
19.12751677852349
19.29530201342282
19.463087248322147
19.630872483221477
19.798657718120804
19.966442953020135
20.13422818791946
20.302013422818792
20.469798657718123
20.63758389261745
20.80536912751678
20.973154362416107
21.140939597315437
21.308724832214764
21.476510067114095
21.644295302013422
21.81208053691275
21.979865771812076
22.14765100671141
22.315436241610737
22.483221476510067
22.651006711409394
22.818791946308725
22.98657718120806
23.154362416107386
23.322147651006713
23.48993288590604
23.65771812080537
23.825503355704697
23.993288590604028
24.161073825503355
24.32885906040268
24.49664429530201
24.664429530201343
24.83221476510067
25.0
