44.0
43.81261413228495
43.58807051074808
43.30829320210947
42.94900991299566
42.50877486901622
41.96483237694945
41.31837342858127
40.514603883688714
39.56962236296679
38.41106353498462
37.04181139453101
35.47814964862127
33.62212921595489
31.525602688293482
29.2553349142127
26.753071904098597
24.0556554652183
21.137205965752237
18.206344815056323
15.167399574146158
12.166242351470824
9.256438775038498
6.458955669928258
3.8563468234190132
1.3725299706288372
-0.8588663349838129
-2.913384921517514
-4.755217139405926
-6.42347058361506
-7.89163135833756
-9.200936762205117
-10.366510277201273
-11.359451077695235
-12.20804854820837
-12.977219908419816
-13.628927915274119
-14.20042663711735
-14.70291121071931
-15.1491708988282
-15.5423248999789
-15.89364624369501
-16.211983282256778
-16.483134677468495
-16.72824466079957
-16.951622098515028
-17.153857637412003
-17.340609778152594
-17.49702427040766
-17.644562419835033
-17.800294658051335
-17.93517293439738
-18.052162066505254
-18.176937768692568
-18.281311143398245
-18.380243577750832
-18.484662921739567
-18.568139681630058
-18.65740751628014
-18.732068050937112
-18.80152257783501
-18.871374636925903
-18.938848096117518
-18.99452866514471
-19.064383762258686
-19.12563178967168
-19.176123664581233
-19.228088134696204
-19.285288732180778
-19.331964207846752
-19.378032788002525
-19.431348498152925
-19.48443161408508
-19.532391583044536
-19.571677306931235
-19.604347088392124
-19.641596215004984
-19.68902311060231
-19.737673758279684
-19.77306755396641
-19.82033791337131
-19.86238728803687
-19.899807794138837
-19.935078310815204
-19.967513460452707
-20.003971775406075
-20.03510044748236
-20.06520105844391
-20.098067313892283
-20.138341898528136
-20.157383168178754
-20.189546133090733
-20.221452955995087
-20.249649424470984
-20.280755159866693
-20.304407958369563
-20.333858371251825
-20.352685802858804
-20.37838947693525
-20.40580539826889
-20.435162543199763
-20.45911275603409
-20.487998095306676
-20.517954347606295
-20.541336263122073
-20.563000994677335
-20.5833261202732
-20.617329448509274
-20.639614376202065
-20.664386515596778
-20.68903041811975
-20.71312931028386
-20.739576400518022
-20.760210258244417
-20.782653047005244
-20.803297637124427
-20.820543142888905
-20.841184025787744
-20.860896119756358
-20.881793657436234
-20.905206884457176
-20.928065906352327
-20.946170956100733
-20.968085274434355
-20.99014807534948
-21.021076779907723
-21.03978657507775
-21.060318507725338
-21.080087555778864
-21.109453973242044
-21.1308864807571
-21.152716606551998
-21.173554050565993
-21.19462439167637
-21.22140963973745
-21.245954791200145
-21.263266511727867
-21.289839495048046
-21.31490468800879
-21.33658214133019
-21.361452178424646
-21.376722465121144
-21.392517175479526
-21.417167200111088
-21.42939077870729
-21.454946276234665
-21.46974481869054
-21.489830803897515
-21.505486948329168
-21.534397524956816
-21.554375253697888
-21.57052607203884
-21.597150459555333
-21.61971651901474
-21.639001552576982
-21.650464437944834
-21.66629302944965
-21.680964855410455
-21.693906869295294
-21.710517771347046
-21.727288972947434
-21.75153641739742
-21.762639261801713
-21.77749635798754
-21.798871897380195
-21.81462747027847
-21.8292378533269
-21.841836966882422
-21.86046446981099
-21.877297197350956
-21.886630479840957
-21.90870813395924
-21.927533800427067
-21.93851600470734
-21.958969199033945
-21.97570831923044
-21.988996205399346
-22.005295018458742
-22.02659761591141
-22.041209376957237
-22.05650720513733
-22.071695387766262
-22.09050745227012
-22.109169379828455
-22.122256467293468
-22.13628884015821
-22.1419940902576
-22.160014590377475
-22.170513287916226
-22.181771847839155
-22.182913928668363
-22.20057244510169
-22.210045754238504
-22.224986739562244
-22.237550671049714
-22.255056805197487
-22.272500403775542
-22.287024420822686
-22.300045369668442
-22.31443858169041
-22.330007195358842
-22.336765286898576
-22.350070345786282
-22.36317345443832
-22.382667536842238
-22.39141350662997
-22.401213741131073
-22.41540057991823
-22.42132176345917
-22.43843662735688
-22.447016428998033
-22.4669712624398
-22.486760475175885
-22.491139871633994
-22.51044619359701
-22.52244192673516
-22.534219150751962
-22.54537936505376
-22.55223392734095
-22.56090497339846
-22.573255630402663
-22.583693455292348
-22.597509336233568
-22.610752866205882
-22.615036178023324
-22.62678807973266
-22.63701927487881
-22.641403918679284
-22.650098577395482
-22.65716912480066
-22.665592605830184
-22.677334808437514
-22.689060139695307
-22.70148662701427
-22.71060694833005
-22.72793384256624
-22.73091014459624
-22.74148303422998
-22.748068432634128
-22.747585621407577
-22.748796018176293
-22.755423512888672
-22.758842244797417
-22.77622043170054
-22.79410792785036
-22.80077385066483
-22.807068465874675
-22.813287551829024
-22.818815261800438
-22.821837407662624
-22.826207994907858
-22.83625482949812
-22.84747722455702
-22.859003395230275
-22.86645037839233
-22.87961355994285
-22.879071490446325
-22.89488932955743
-22.904010795269087
-22.9139926680596
-22.917788507881802
-22.921105531797366
-22.921724004950704
-22.933101211964573
-22.943203245285037
-22.94634972910076
-22.945991459699098
-22.952456681317443
-22.95528792223336
-22.958165777568762
-22.96705088508203
-22.972893422119558
-22.98309807779151
-22.989094446025454
-22.998674768368744
-23.00247551602159
-23.008166099512714
-23.011495823422223
-23.014646627636647
-23.02506218290021
-23.036547757220507
-23.045040711137244
-23.053114871144274
-23.055124908698843
-23.060270124524557
-23.067419249389474
-23.072104821666947
-23.078942233264215
-23.084628449198483
-23.087323721831854
-23.08271759343745
-23.09408820945286
-23.095655639750298
-23.103094254789053
-23.10586410733936
-23.111099655306745
-23.120134642627317
-23.128125701577027
-23.130148279680267
-23.135066700291137
-23.135299120333915
-23.139406197955488
-23.14849725053213
-23.153939269706864
-23.15627784274831
-23.164514232892703
-23.16585981810183
-23.169282232845298
-23.17165777134539
-23.173642915585972
-23.18344792419211
-23.179668730706474
-23.18010040293849
-23.187045026841158
-23.19562081506711
-23.19602239980017
-23.201571682066074
-23.20093930914286
-23.20928089636288
-23.211243106175257
-23.21517540409036
-23.21803534249599
-23.222388303737223
-23.220499728299576
-23.217875153498255
-23.221656504517366
-23.229430691064913
-23.226404042310232
-23.231980381226798
-23.229794004121064
-23.230254131125147
-23.237903388289894
-23.236367439275934
-23.238950705601365
-23.23665836925387
-23.230904203399085
-23.232416111388222
-23.235837973504406
-23.24196995436888
-23.251953976738665
-23.246757432097425
-23.252251669977706
-23.256017488221474
-23.25124346929779
-23.253610171308964
-23.255175584991257
-23.255661151192587
-23.253953484084008
-23.25203589622568
-23.257812414368157
-23.2568214127656
-23.25602380379738
-23.261796479665605
-23.254994341858207
-23.256923837630183
-23.261292206067665
-23.262645477385046
-23.266450320900255
-23.26897935181418
-23.2717861876234
-23.279055415112428
-23.27995853996197
-23.273817414954404
-23.280189238690895
-23.2823668830013
-23.284352971846012
-23.287808677502014
-23.28347801644276
-23.281253810424865
-23.28153901472857
-23.284038289279632
-23.283518031725404
-23.28230089721764
-23.284323314576284
-23.280805195593473
-23.279797918567297
-23.28463583602289
-23.28564689689617
-23.285960592896785
-23.286239600072435
-23.291277527270374
-23.289132289771885
-23.295864902325956
-23.301371442843084
-23.304599043841485
-23.306879670538557
-23.304922688666345
-23.300032362923652
-23.29805847821228
-23.294286220582528
-23.300003197883875
-23.298096804465384
-23.28975650450523
-23.290781180609372
-23.287516134003923
-23.28933221460291
-23.28795342873916
-23.287102836804088
-23.294786020447585
-23.29898618583465
-23.300777396307442
-23.299900530324752
-23.29286575898511
-23.293267032432386
-23.290532574319247
-23.291302841315932
-23.287258253497015
-23.28360436693487
-23.281475878586328
-23.284056197040776
-23.286777341400946
-23.294659282756875
-23.30048145250767
-23.304397201394664
-23.30257507425399
-23.296029209938776
-23.30187843944723
-23.29365315815779
-23.29048121676464
-23.281962029250497
-23.280937034200672
-23.285822447681163
-23.284815818267248
-23.280714684347224
-23.289079602182532
-23.287539067481436
-23.294524499860827
-23.29224894476549
-23.290037817459915
-23.287218598539326
-23.287856929152202
-23.287769283419628
-23.292637797095647
-23.29232444237075
-23.288262955942898
-23.28734880038783
-23.28405992183711
-23.286008953480327
-23.281814973492224
-23.285693686805878
-23.29534232780005
-23.298853277461582
-23.292360554627226
-23.291031404773957
-23.296676860941496
-23.298807931709263
-23.29666796414785
-23.297210675480592
-23.290785580340692
-23.295040556560878
-23.29243130979438
-23.289801427078892
-23.293726373003853
-23.293539905165762
-23.294187148245197
-23.297083822526258
-23.294364834251063
-23.300090415173152
-23.30301956975288
-23.304460594351838
-23.303366794571723
-23.303332836365076
-23.29964513289084
-23.30165617211341
-23.307619016853824
-23.303592511686468
-23.30178942103193
-23.30002714006517
-23.299135624143975
-23.30662639911654
-23.30386817321732
-23.314127565863505
-23.312956152849658
-23.312204939035105
-23.308992506217802
-23.306777389706774
-23.306194095702885
-23.31272831156243
-23.31164716111277
-23.308437576349707
-23.30193576520694
-23.304017202047167
-23.31159345624488
-23.309190163264425
-23.307302520844335
-23.308871114868452
-23.303236888182116
-23.3058374990311
-23.30640464733525
-23.311765170796196
-23.31781468926176
-23.31774408394288
-23.318036573328225
-23.31817841854477
-23.322665900566733
-23.32510903873484
-23.32130658490916
-23.322010836540503
-23.321582381149163
-23.324042226385714
-23.324513177001183
-23.319209968580225
-23.319496999139123
-23.314130390859688
-23.313736749939793
-23.316512162956464
-23.312424586967936
-23.31452044453094
-23.312190602230018
-23.311400945479644
-23.310292779646844
-23.30565137009848
-23.30508758553983
-23.30094889079245
-23.29741349909511
-23.29587118799655
-23.292288366900536
-23.29812485161139
-23.295047252434276
-23.29437007258588
-23.289647898719885
-23.28886223990295
-23.28543800748638
-23.29166547300464
-23.29098976864534
-23.291134811482312
-23.287888760208386
-23.2886095137739
-23.284551445140952
-23.28252105589919
-23.286052861408933
-23.288166813906923
-23.292292166869537
-23.29131508690512
-23.289420310643333
-23.294019513449907
-23.294412561070136
-23.298772507953913
-23.29896717967172
-23.3004169241075
-23.29639936460255
-23.302938330298677
-23.301537443605678
-23.299961699639635
-23.302089372623147
-23.293950410168677
-23.296121190214965
-23.29775024743001
-23.299765108302246
-23.295803436693816
-23.299497820492423
-23.301997370241388
-23.30084715594746
-23.29866530454127
-23.296456633983556
-23.30190205743616
-23.30355168753523
-23.296850288560822
-23.294640844518653
-23.295953281144293
-23.294546971974334
-23.289855895415975
-23.285742198781435
-23.29130798352168
-23.293191150327313
-23.288170176484186
-23.29380515495728
-23.300609005520766
-23.293685640655
-23.29361528477076
-23.300935464932714
-23.296626054430792
-23.29674152467406
-23.297887828244704
-23.291907420382735
-23.294164164546903
-23.28961269720778
-23.283647472073763
-23.284092894518167
-23.283033205150144
-23.284202545844995
-23.28400547609839
-23.288428244374305
-23.288309454804775
-23.285988444351265
-23.285813626894825
-23.282654389730382
-23.287306424723578
-23.284838424823437
-23.285121131795652
-23.289476147525754
-23.295046026263275
-23.296154366224957
-23.299846494300688
-23.304941745434054
-23.304813862099607
-23.304697638370296
-23.309219190047408
-23.30958543233353
-23.31405710000396
-23.307540748794025
-23.296809153614593
-23.304335182767264
-23.310971520610124
-23.314076214436355
-23.310444094378507
-23.30657909410452
-23.302515070619467
-23.30281477201116
-23.300437032657115
-23.300379241090795
-23.298225042275284
-23.297578597972752
-23.29540880748084
-23.288432081950557
-23.292469216020645
-23.298260450475734
-23.293320794034738
-23.301932270771854
-23.295943947239593
-23.299737205984748
-23.300650816597805
-23.303405536608096
-23.30722403064158
-23.3055811134404
-23.302415323134042
-23.29772843710368
-23.300844504578976
-23.30020499974751
-23.302061688202183
-23.299464279001004
-23.3043095061535
-23.310174632571787
-23.309990704719056
-23.312950733207472
-23.312940413945046
-23.310167580811743
-23.310931113829756
-23.311920614280286
-23.309262338979703
-23.31434016991942
-23.309297077884437
-23.311505325487
-23.31298227106496
-23.314489263508175
-23.314316440672396
-23.315851520848398
-23.308242156924532
-23.31084437130612
-23.309216710026078
-23.31097227491383
-23.308835990612813
-23.309452838598343
-23.310638891176986
-23.31132245893942
-23.31243686899717
-23.305125511277424
-23.296871562790734
-23.294656493044645
-23.289872509576565
-23.2897821503489
-23.289442685644257
-23.28875126793162
-23.29344122943487
-23.292470228019777
-23.284473698273878
-23.289303160128416
-23.291460497361225
-23.293869640056897
-23.29377408450165
-23.295203985294652
-23.2942539947864
-23.29044992202
-23.29972394986987
-23.30320675300053
-23.302303104164977
-23.300649411480965
-23.301497445558905
-23.29825056844931
-23.30305055999808
-23.304537515976538
-23.301691139794663
-23.301303706377688
-23.297556443941136
-23.303801346151886
-23.302851194869895
-23.300069207886725
-23.29360819481628
-23.296870529776843
-23.299214718845523
-23.296293140070684
-23.301207524610565
-23.300549964628754
-23.308589108825526
-23.306866130174846
-23.30822146062966
-23.304570431161697
-23.308925618845112
-23.30551362004073
-23.303680279459
-23.30454917174239
-23.307479182098575
-23.308198767464507
-23.308925549108675
-23.308576719056507
-23.31176614190908
-23.307057178431858
-23.308091871116453
-23.31276645173617
-23.316167007495864
-23.311998007270905
-23.313367699571245
-23.313368569870306
-23.313837198191926
-23.31217709840534
-23.307931478700823
-23.30228815869154
-23.304233028378025
-23.30469306398461
-23.304021301604973
-23.300710106649536
-23.297991937783078
-23.299407350757576
-23.300562709301893
-23.304654306775873
-23.309536540943295
-23.30861795015397
-23.305061334246176
-23.312293128053977
-23.31330373724534
-23.308535848752975
-23.3061089002055
-23.30197192089064
-23.309077380623712
-23.30940756966909
-23.308683803399703
-23.308857537382366
-23.30875283021327
-23.309385090695198
-23.317804543049018
-23.318264326809462
-23.31680843062894
-23.320417156400424
-23.30970290951224
-23.308418876750743
-23.304256912232447
-23.301588213516386
-23.30672471354769
-23.303707355778396
-23.304966052418244
-23.30607915631387
-23.308685947287483
-23.303577713405794
-23.299904739372355
-23.293761516048914
-23.3011402889902
-23.305300781956277
-23.309259818593123
-23.313819300711597
-23.31653240423686
-23.318819057161686
-23.32082954640751
-23.31807009261254
-23.309916005628086
-23.304834694567592
-23.30012408725016
-23.299288495424648
-23.299602051274015
-23.296465116885933
-23.296708213879114
-23.289261504080255
-23.290398817015433
-23.294530092959945
-23.299415250913114
-23.30531354253069
-23.3132640255851
-23.308892041257543
-23.310539943642098
-23.3057771492394
-23.30596656163172
-23.299623069140882
-23.300413445416453
-23.2981235285874
-23.303235943657167
-23.30898493682016
-23.309658796197166
-23.310440296425767
-23.314992704844908
-23.308580797958708
-23.308177579329293
-23.307738941085912
-23.307538785800304
-23.306782974115155
-23.304435832488387
-23.305839224022815
-23.307834721849805
-23.304567788748127
-23.298889402171344
-23.302320199539434
-23.309707026044997
-23.314376929587848
-23.314193206807975
-23.31391967813884
-23.312874320098945
-23.312799390709305
-23.308495398524915
-23.29912149777532
-23.293714921242007
-23.29106991903675
-23.29422601379018
-23.293796228164425
-23.293557532081206
-23.303932868075552
-23.301018004783266
-23.29888304119502
-23.303639270041483
-23.30604370227501
-23.30664403845476
-23.303472661477937
-23.303773908790383
-23.301536767811758
-23.303526371487504
-23.296494749949535
-23.29591124386517
-23.298440414240066
-23.301012256435047
-23.30279579650806
-23.296526601113253
-23.294349307395517
-23.293082376255796
-23.295540266907096
-23.299504281371338
-23.303607922535637
-23.304336225071207
-23.30571142101339
-23.30319794298617
-23.3064553134679
-23.30250104883288
-23.307512425005424
-23.307502149043998
-23.30449819468119
-23.30418207177158
-23.304832167758622
-23.306299919270216
-23.308148327908533
-23.30966880038471
-23.308314140385274
-23.309496813769687
-23.307472852653106
-23.308570739651735
-23.303669065608695
-23.305190710777328
-23.30889729192053
-23.303482628858593
-23.29348550541478
-23.29406987720574
-23.301498046803545
-23.298739508200917
-23.298741514116024
-23.29732720324778
-23.296487047372747
-23.296894044295076
-23.30148393627901
-23.29688493676337
-23.293907178553987
-23.292550680972322
-23.298219108847352
-23.292066249078292
-23.289101071716196
-23.29100657267522
-23.292580546086384
-23.287491406250144
-23.286689197499694
-23.292405212922954
-23.30043899775319
-23.301380213847676
-23.30036020621411
-23.3042060050158
-23.306167878322906
-23.310634196218516
-23.30169146072017
-23.30013302965672
-23.302516998923394
-23.299887502541203
-23.29955318779534
-23.293504336718154
-23.294470587388734
-23.296356733211084
-23.29994016576075
-23.29921920948325
-23.292494127129856
-23.295693297909015
-23.29747515112844
-23.297432738244037
-23.29785145369221
-23.29599126000672
-23.295675216958948
-23.29700575087761
-23.294008213567786
-23.298396077774882
-23.296227126085387
-23.29837287446234
-23.29845788255433
-23.291466677577734
-23.28838941575659
-23.287593826868026
-23.2880804956328
-23.296050814273
-23.29863644512465
-23.299110000739265
-23.299037117625687
-23.308398356016482
-23.305637630313754
-23.308623159597065
-23.30615893539435
-23.309274102679066
-23.312758508782867
-23.31409904535909
-23.308798019958466
-23.31008176731884
-23.313277220053266
-23.310769378225274
-23.31575588862515
-23.317547355375684
-23.31840285765537
-23.320123766807033
-23.318325868566777
-23.311607454198658
-23.311881583213946
-23.313199154333386
-23.310037508317844
-23.307627133220844
-23.31222166489637
-23.309201143570323
-23.30524689420236
-23.29690546288929
-23.297124617417243
-23.293937591830908
-23.292714415241534
-23.295026925762745
-23.300684833278446
-23.299648857782834
-23.30027088977398
-23.300188686267095
-23.299271322998372
-23.297626695252042
-23.2954121685589
-23.29738368982735
-23.296426581444763
-23.29555020284549
-23.304551200122287
-23.30951154968339
-23.3034548742796
-23.304779874374066
-23.308991241449814
-23.309862624398274
-23.308728141847816
-23.30762367634825
-23.30456455392275
-23.30664648874739
-23.304108269017835
-23.29980869951645
-23.30629995275453
-23.303475748970733
-23.306218126277503
-23.30818639401144
-23.3089721357007
-23.30947957283543
-23.308552270878504
-23.31204353228284
-23.30855639825925
-23.306369439603763
-23.296249420913846
-23.294854277482955
-23.299679367203396
-23.300108627808445
-23.2989365415829
-23.299864610338084
-23.296805193690496
-23.296366765058696
-23.3020615183235
-23.298456723852055
-23.29820652288078
-23.300473078160113
-23.300127961876964
-23.300391410877022
-23.302992033411293
-23.305408809226922
-23.311312108267117
-23.308470647286146
-23.312106299611767
-23.31021890629235
-23.31399198444328
-23.316574333319355
-23.31272912950822
-23.308977216149664
-23.30962605597239
-23.309457594050414
-23.312092148015193
-23.307405361421385
-23.306775342853218
