44.0
43.65303844861003
43.22512905360848
42.71068366625726
42.090379840012865
41.324946510738116
40.378647116282934
39.29227123820305
38.00262054949682
36.47700971440253
34.69722453652033
32.71498339233003
30.43344495197302
27.987355971290654
25.35524759072609
22.594037055397415
19.681952457474875
16.733093117203165
13.807797350356687
10.935014841599289
8.19147727588753
5.569060598367642
3.131250535946351
0.8591312948259892
-1.2360709913154386
-3.13859919192724
-4.800590804081311
-6.257955491775242
-7.596479108947883
-8.75811723431021
-9.774946902882535
-10.716940704141495
-11.543432738853703
-12.235627333316001
-12.83133893143002
-13.410634115728106
-13.888351076994548
-14.311300633976586
-14.663450326998461
-14.983706540100602
-15.27975976405927
-15.540139340221526
-15.761890749673226
-15.976528724395036
-16.146361963265786
-16.325143146735197
-16.50039860092772
-16.645551952319888
-16.761188676276117
-16.895997585292015
-17.004243937497616
-17.109589205621322
-17.20110185451203
-17.295052895009174
-17.383938089586728
-17.461356871442558
-17.546173305909182
-17.619861125559897
-17.70853849679595
-17.776901176351515
-17.844248461263767
-17.89490793677744
-17.956788800042666
-18.008642259371022
-18.068776992358448
-18.13568253137841
-18.18739304405608
-18.230992481946167
-18.265073133377665
-18.30087764293116
-18.339960880410086
-18.385530489218073
-18.433793236046085
-18.467948678058022
-18.50544936999283
-18.538299685319522
-18.570840454351426
-18.594076166662813
-18.62880269814747
-18.65704998567566
-18.68699315314011
-18.730679899401267
-18.756895018716754
-18.778112041735014
-18.800004845753485
-18.821272878450166
-18.86074140377985
-18.88425280060454
-18.897221166775914
-18.929583201973113
-18.95846388915079
-18.97866893985623
-18.996622080947727
-19.02939892285732
-19.062437239120953
-19.076858048220217
-19.10117458986924
-19.10955172619362
-19.12370005002929
-19.133171655589166
-19.16012707204099
-19.171720104477032
-19.179782806091882
-19.2012247540013
-19.237725143716318
-19.246133500763232
-19.260279185112434
-19.27650238188301
-19.293180691901703
-19.310694798995225
-19.33540030323886
-19.350313751757216
-19.3763083306998
-19.387173615610028
-19.408772387098463
-19.426700012264366
-19.43881711228006
-19.45706806319548
-19.482330061266584
-19.50041437555118
-19.510143366060333
-19.528767950371684
-19.554521379645706
-19.560703755963093
-19.57864164437178
-19.589719725517817
-19.61165607070982
-19.651948809026802
-19.66417299340914
-19.685640544961313
-19.701830105538562
-19.712043974096776
-19.73377262558082
-19.746075880134605
-19.753181644732074
-19.765396974238463
-19.767362241584955
-19.791414640965517
-19.791297084607237
-19.79089061282028
-19.804600450937077
-19.816143444040893
-19.827345819542465
-19.83841205959349
-19.85583133272342
-19.87602254185551
-19.891886618643806
-19.910308361727402
-19.926224232059035
-19.938118373764723
-19.940521542882024
-19.95511890543628
-19.960238920334472
-19.98148515862506
-19.987934486742592
-20.002543465908364
-20.007936004630928
-20.017395280008436
-20.018234542087875
-20.02689395954572
-20.03312375127453
-20.048030201120547
-20.069868413974948
-20.091242646007714
-20.102791072970355
-20.123680771706994
-20.14496911156296
-20.162622935086993
-20.162146050540283
-20.179563022020577
-20.193265658594147
-20.192316702601374
-20.195505880344356
-20.208445495276955
-20.224971340406583
-20.223950497288655
-20.24158864280862
-20.25719896232636
-20.27940308288723
-20.291455724513998
-20.305053922819727
-20.320179799663915
-20.314861713926156
-20.327447541341275
-20.35162889190661
-20.370895725847525
-20.385546779973367
-20.40300737809392
-20.414378846676403
-20.427940850918304
-20.442296444384112
-20.44308661681016
-20.437206046642114
-20.458844148024088
-20.479328646776416
-20.48811107572724
-20.500905940730675
-20.494636147697197
-20.50429411869153
-20.512118162989488
-20.521297377043126
-20.539747064899526
-20.563964300276094
-20.569054968658943
-20.578396959017738
-20.588374596979193
-20.587276628187276
-20.616431832947878
-20.623079575442716
-20.62651156492924
-20.638547707574542
-20.65256141953715
-20.671568083693668
-20.67871023708763
-20.68484283925794
-20.689229674518725
-20.700450791009946
-20.70497325769787
-20.727191364065177
-20.737473329138805
-20.7621596013755
-20.769528499040156
-20.79497175770581
-20.812830842633893
-20.81828197333814
-20.827691926808004
-20.837405562920043
-20.845184438900613
-20.84961104755367
-20.855612658898284
-20.875457310070573
-20.883742075789616
-20.90044942475586
-20.90345773234575
-20.90488272684205
-20.907990564824196
-20.90603206472424
-20.910749416685746
-20.918094636123676
-20.929853304364862
-20.931613685364233
-20.935051311327367
-20.948510189483503
-20.965874375009317
-20.969126307435854
-20.981587195420992
-20.99780873811172
-21.004700199375502
-21.01876587765036
-21.029702389414656
-21.04662159453636
-21.062208306995114
-21.062553897584287
-21.056048729677688
-21.060179229002976
-21.068492911457906
-21.069557602691717
-21.064221844923306
-21.072031420266306
-21.07565721035988
-21.084200750779388
-21.10867287012784
-21.12884445449255
-21.149695004647896
-21.155893079678574
-21.163574165156003
-21.164133233956452
-21.18383970132844
-21.192034447072125
-21.200004353016805
-21.209536017080012
-21.19872805976964
-21.194925553466188
-21.19423405760131
-21.19810103554481
-21.210968763896833
-21.221198043417786
-21.21526243338702
-21.22960540815259
-21.240440571855512
-21.247809788671024
-21.26999080091131
-21.285694399748504
-21.292322733669796
-21.29499213827762
-21.318579244045893
-21.336907946933742
-21.347928100914963
-21.352573669971434
-21.37249882795995
-21.3850792234698
-21.387376655462287
-21.407157795611685
-21.407961718801914
-21.410739841820238
-21.413874759815645
-21.417034013071802
-21.426935122040835
-21.422362269426948
-21.425881412684248
-21.434895993194907
-21.45826001338816
-21.45396946683223
-21.46846294988143
-21.469447519650092
-21.47659093433394
-21.485048288944867
-21.4821651029086
-21.490328236757673
-21.506041229283753
-21.50795160103311
-21.50435929682061
-21.50689841889059
-21.520884851379016
-21.554312373046212
-21.571612968797297
-21.578919263732395
-21.594370989891388
-21.597628539889957
-21.60189056870233
-21.60592091507635
-21.595750772595586
-21.58908331464667
-21.59346185079982
-21.598405020112022
-21.599596356004454
-21.60375808613847
-21.616447977377216
-21.624477263292764
-21.64096428762823
-21.638849580617165
-21.631170142600496
-21.631524524758426
-21.639142693463008
-21.645332015212464
-21.651302263862238
-21.65694444705132
-21.671030691145074
-21.68363593812312
-21.683484629415158
-21.695602611707177
-21.705063383704683
-21.708133670346985
-21.710324493243373
-21.714372452680266
-21.719864242370488
-21.734998775765995
-21.74914552544083
-21.749420937160703
-21.74533720419488
-21.75975808584673
-21.766887559161678
-21.78200698319529
-21.783551081674855
-21.805167967145014
-21.812799662972747
-21.80168889341871
-21.808297383541134
-21.81452791089755
-21.828336303988525
-21.835511398837017
-21.854518303294128
-21.858434990459408
-21.856146272880437
-21.86459796446415
-21.848786071571155
-21.85659501771544
-21.864954164895128
-21.883755184602073
-21.89410472928198
-21.884725941115107
-21.901404685496008
-21.896393171952123
-21.895779697933985
-21.911965983995255
-21.924016085117632
-21.928090799185195
-21.931062228048297
-21.938408039987642
-21.92575080682725
-21.936112817847576
-21.948726241455933
-21.965636104714427
-21.977017125474905
-21.981540697912223
-21.98070074269686
-21.98983190273998
-21.979556766496483
-21.99378066880874
-21.989319503986454
-22.002084411482667
-22.00028746418582
-22.003023316571614
-22.000009591165178
-21.999765232805302
-22.011484028658458
-21.998822890536537
-21.99908607882585
-21.999548174834406
-21.994880763112157
-22.003289626810425
-22.006703904463418
-22.00025896462535
-21.997817744523772
-22.007639213264014
-22.01452476773222
-22.022982680204862
-22.024539320949906
-22.02866324346203
-22.035479972292496
-22.051272427508234
-22.045910848208205
-22.045228378980493
-22.0504500839717
-22.056406185406793
-22.056327293178413
-22.060905379682527
-22.062802532411503
-22.069795927781005
-22.084722075582615
-22.084485835762575
-22.076627798302585
-22.088268267021046
-22.094808399766052
-22.096971262316607
-22.095541028704396
-22.10605214012992
-22.116696370927222
-22.11766837686141
-22.128884876008236
-22.13057936279001
-22.13185624210934
-22.13121229687893
-22.131596132851808
-22.125105776402652
-22.130282657020064
-22.13944137039932
-22.145360038811305
-22.141459002432693
-22.1447707635845
-22.14776220091749
-22.150554648695167
-22.14168963203982
-22.135290789307703
-22.146159032362146
-22.14747660501335
-22.1416824555335
-22.131055504501752
-22.12416192024983
-22.1241056910682
-22.12513308408277
-22.136587727954726
-22.14006145823498
-22.156081850630642
-22.154366032095588
-22.168507724500408
-22.156578597523225
-22.163117215346745
-22.165285567313287
-22.172200457374654
-22.18308682133171
-22.183432781579878
-22.18621917016514
-22.184781386754324
-22.1910812107772
-22.195855104112738
-22.203543875364165
-22.195394240384122
-22.177769236912212
-22.1787442857157
-22.18027176358938
-22.199108855635618
-22.192896287635296
-22.188589628091666
-22.180476739281414
-22.17932571996174
-22.195022719744653
-22.2114016732887
-22.20684713003944
-22.21622912143823
-22.221888520844985
-22.213631559271008
-22.213319510707805
-22.210862799321696
-22.225329590931658
-22.222011250474168
-22.21762147886609
-22.233739240013108
-22.24234570734594
-22.238664111759448
-22.251654062887475
-22.25744389249261
-22.252895605919452
-22.25001150856524
-22.256142630112187
-22.266671305917143
-22.257098986651407
-22.257726617781504
-22.26616237064516
-22.274216263862197
-22.26323862953442
-22.252601828154205
-22.235768337597822
-22.237504561494834
-22.24387214331084
-22.250375596724993
-22.262001551827844
-22.277215946901276
-22.27388769663544
-22.2614306064044
-22.26608064811719
-22.267019218503577
-22.273928002648944
-22.272797819532034
-22.277659484886055
-22.260319335062004
-22.260292886815176
-22.26259381416159
-22.256120006571127
-22.261824482510185
-22.280012624174976
-22.287945628373773
-22.297611011102518
-22.29675502450119
-22.287436817858566
-22.28827446686994
-22.29162929731844
-22.295595425070648
-22.295898150186833
-22.29118176265935
-22.298745907954626
-22.298111041350932
-22.3034777183194
-22.304067013014233
-22.302446795252507
-22.305860677774152
-22.31093423709819
-22.29207860170509
-22.304539267043225
-22.297363222846574
-22.307612948619838
-22.292860387188107
-22.293899311005777
-22.287019283442326
-22.283535226974738
-22.29163621875776
-22.29305901720998
-22.300196371693808
-22.29939951065994
-22.289632617830154
-22.287357601498904
-22.30351745768224
-22.302021762290327
-22.304571820963822
-22.303938344239704
-22.302700437460565
-22.300919609215182
-22.308778792759714
-22.311214021816838
-22.314805518053454
-22.320048028382104
-22.308903181256596
-22.313412844027045
-22.312686863221057
-22.32139782318459
-22.317272209702676
-22.312468337546637
-22.318226547366034
-22.318499171229345
-22.32670216328216
-22.338912908186515
-22.339574229956614
-22.332587380177813
-22.32230851093507
-22.32434340130272
-22.324519627761035
-22.33423081070916
-22.343848756265707
-22.349892187827457
-22.34937202383366
-22.34716376681516
-22.349690239633002
-22.35274293122672
-22.35438129177389
-22.363219172406342
-22.376952004890402
-22.372244554611097
-22.362278774561556
-22.359808280303486
-22.351655108469927
-22.35899984214493
-22.359686415141795
-22.351357651939658
-22.368126893759424
-22.360923165069796
-22.361320322421577
-22.357044069267634
-22.366880717457356
-22.371820359555713
-22.379543803500216
-22.368666444034574
-22.37113860400374
-22.378174341367817
-22.383067749868196
-22.38542308879312
-22.38792353097084
-22.380491306603133
-22.37063915494098
-22.36475365637282
-22.370448602993257
-22.368957836492697
-22.375337081214575
-22.383318410110267
-22.37327340175624
-22.372714334706703
-22.39032791809607
-22.383167028970245
-22.391964617668936
-22.394659259882687
-22.387786065711058
-22.38692242639283
-22.395827723451276
-22.40465015181931
-22.39376771676243
-22.39388108126493
-22.387870515857067
-22.38503009045267
-22.37860375061854
-22.377298801485754
-22.38177799219769
-22.388978434383972
-22.39231794257943
-22.371715960533155
-22.36454785970158
-22.37030995665357
-22.352697567571333
-22.33613421004306
-22.327027092949674
-22.32564611414239
-22.334158869604696
-22.33385239306877
-22.327560070640846
-22.335530579321055
-22.335698967333666
-22.34746088509164
-22.349974215030038
-22.350895843644935
-22.351016381657452
-22.357699102339733
-22.356813612152767
-22.35343921845966
-22.349489055984673
-22.3522446408741
-22.344327780228557
-22.359000631706206
-22.35534757085145
-22.35875207556314
-22.367805661517128
-22.37192828811365
-22.36561378175039
-22.35693030838009
-22.352098895363252
-22.357330488993117
-22.359610129660012
-22.356044239347654
-22.360114026718723
-22.36335480077126
-22.35779834028613
-22.359876862520004
-22.359147867893707
-22.370156766628703
-22.368061785862768
-22.371262993213985
-22.36849372072493
-22.360764294100054
-22.366133540569283
-22.36164748890195
-22.367803788407144
-22.36647627942905
-22.38478333224331
-22.386962052371576
-22.382747571793516
-22.378233120754913
-22.391177268321993
-22.386146752942743
-22.396507983926718
-22.383243497665593
-22.38354555666192
-22.380605460171708
-22.3818282084714
-22.38697354516571
-22.394713779532992
-22.395443380717655
-22.39685746598355
-22.389375930562036
-22.39027746443045
-22.385319905934335
-22.379765709691426
-22.37736029104572
-22.37689117841339
-22.388880899163595
-22.390704824056304
-22.38288640415748
-22.38162802321728
-22.40234343511365
-22.401717199337863
-22.395984407360782
-22.389109961926707
-22.397984817010176
-22.408345878736657
-22.401880755371256
-22.39854407385276
-22.397634193247793
-22.39466027492041
-22.40100013399788
-22.395374533646795
-22.404535179083116
-22.402228803538893
-22.41290597901311
-22.405109245212902
-22.411532755950446
-22.40591741764259
-22.415121146586884
-22.40858811576817
-22.41076161296419
-22.409077225577242
-22.408690287435228
-22.395580065665218
-22.398092015839598
-22.407423666016594
-22.412799999355666
-22.41083281557869
-22.41161400922532
-22.424699298192373
-22.420605924543256
-22.426841793545908
-22.421239832952004
-22.416440775969726
-22.41239615163571
-22.41076052993314
-22.41485813700961
-22.41619572161992
-22.41503847340104
-22.410522545190524
-22.417500457303493
-22.407885190806162
-22.409597046938334
-22.4090873764842
-22.418203955070783
-22.417180597298476
-22.420008851481803
-22.418798243589325
-22.424483909715978
-22.418915814433422
-22.413677297006046
-22.421862749427877
-22.433366333810465
-22.444060600382052
-22.438415577296094
-22.4434373168758
-22.437813733665195
-22.44377387150897
-22.438383214384423
-22.418293194812506
-22.409279711936225
-22.41023488873082
-22.413270531431504
-22.402245123934875
-22.406695734424705
-22.405193829620952
-22.40452017520797
-22.398274019973215
-22.389933124552552
-22.39296864735122
-22.39463858591071
-22.397715677016325
-22.401337100079488
-22.38882207081437
-22.397591032309386
-22.38942395822156
-22.38086807778692
-22.3807396295059
-22.371650549401167
-22.365274252870663
-22.363701217349625
-22.363107853514986
-22.364920008497073
-22.372903139651008
-22.367647194363542
-22.380544878539652
-22.378131740224415
-22.380524593157407
-22.384905526535288
-22.394018515614885
-22.389530010178966
-22.40847758979435
-22.39553451668176
-22.379709235154984
-22.385967935658392
-22.37678648699482
-22.38489821565174
-22.387568603126144
-22.382442691856564
-22.38009718933151
-22.392077438658283
-22.383641814839315
-22.389542369087113
-22.37417779407156
-22.383093876601897
-22.39630931506326
-22.391502338011783
-22.3763377367617
-22.384635924312025
-22.38841443947638
-22.39401953267712
-22.398115421042398
-22.399897904953498
-22.40363881658352
-22.40553987106212
-22.404241452857786
-22.40654335058016
-22.40435257869962
-22.40989158181656
-22.41003464370812
-22.415149743988135
-22.405330936697833
-22.409393481991547
-22.40839215814463
-22.41888363196406
-22.42287657260553
-22.41473922787049
-22.420912818281185
-22.416747860105048
-22.407457209009223
-22.387289870217856
-22.390833062026502
-22.393664399965488
-22.39146932203187
-22.392019232820346
-22.403905763138845
-22.39476564798395
-22.401713594559155
-22.40285247017639
-22.395005990159586
-22.3926064190451
-22.391928502734203
-22.383845634218215
-22.38409430366683
-22.375444047152712
-22.37745315447303
-22.374906998912813
-22.37061682871825
-22.372100319949492
-22.37819304318901
-22.37730774564312
-22.360547556339345
-22.358415203626087
-22.370505513678438
-22.37383676631717
-22.367521768189196
-22.372628778802788
-22.366781675080432
-22.366739166562763
-22.378227285773644
-22.373112300333904
-22.370610697035588
-22.377575006443536
-22.373549928730338
-22.378318907647067
-22.36575566148341
-22.36742662128171
-22.3717311878216
-22.37057071978196
-22.383150315872875
-22.38211101264678
-22.37933470967516
-22.382199895789892
-22.384933222755915
-22.382525428581374
-22.3874635275205
-22.386702512406167
-22.379674248514526
-22.384023516740424
-22.36135243649924
-22.37670786155089
-22.377938996011615
-22.383310422426526
-22.392126484607132
-22.38763425739228
-22.37906747879591
-22.3838145544171
-22.378269316840598
-22.37561482254464
-22.36189463553362
-22.353535450079374
-22.36672745043962
-22.37548339666391
-22.37544630049472
-22.377813568121933
-22.380019390043415
-22.386034966008026
-22.379439591237336
-22.387002200276573
-22.38742605929563
-22.3925269537978
-22.39069156297698
-22.38452375394179
-22.386362906899
-22.387142912301748
-22.385087582315947
-22.38069221756356
-22.38360242329621
-22.39272019835816
-22.401132588324852
-22.41026445002958
-22.407434086068232
-22.407866564268822
-22.41045943431453
-22.416321969694874
-22.411760637174467
-22.410158198725533
-22.406227957023777
-22.40298749690771
-22.40528613306163
-22.40353883252074
-22.40853954172274
-22.401100764119974
-22.39859106975827
-22.396232375853227
-22.40747766104432
-22.411535134784405
-22.403294931462586
-22.3989109018217
-22.402720161282296
-22.398258936683483
-22.3914433309506
-22.39239864227306
-22.40242094119656
-22.399400766614455
-22.39867174881047
-22.390690286044567
-22.394097818568063
-22.40211087284929
-22.401335628907106
-22.40070082560897
-22.40199560880879
-22.41014087278808
-22.406840012779174
-22.39205451768115
-22.387015600134372
-22.39608679868594
-22.39996861520075
-22.407464851363823
-22.41292193676415
-22.41837118878008
-22.424461831043924
-22.432902936362346
-22.421295380425935
-22.411302325193112
-22.407678004261705
-22.41135743192099
-22.41237624515807
-22.40690420144876
-22.417039750728534
-22.400029396353837
-22.398137657534182
-22.40612287988455
-22.40773978688374
-22.410319153585505
-22.40748289454484
-22.39041682783444
-22.381177467703242
-22.392158736658416
-22.393742890069213
-22.404846625658916
-22.41663408588253
-22.409590312589145
-22.41083062270565
-22.406874633603298
-22.40835897835305
-22.415918834971958
-22.42986439090427
-22.432451240038983
-22.442141356323123
-22.44758398102713
-22.447305805228638
-22.449957004144483
-22.450667320809938
-22.441648597576776
-22.441528504626667
-22.437057941784758
-22.43321390948989
-22.45059344353901
-22.455593891645538
-22.45418982870437
-22.446994981379927
-22.432451681814502
-22.42684791737403
-22.426351053090343
-22.424234654906975
-22.424063076027625
