44.0
43.225192149944945
42.28783426674117
41.15435940925054
39.802303122331736
38.285351974849995
36.45646053636857
34.41001851617389
32.09340923803567
29.553146239493664
26.804004496085053
23.859195832909073
20.914666624664665
17.968319783857638
15.059995316468926
12.134945284920159
9.37036766786313
6.787691877760647
4.379488040426643
2.1124560166406936
0.11535906288889505
-1.754916718166536
-3.420996939706306
-4.969008480404852
-6.214873304292762
-7.345312334938666
-8.32825356999115
-9.20421420663566
-10.006620092535137
-10.703545406513022
-11.296146479853292
-11.802242434545445
-12.299451916975919
-12.718732460334701
-13.102421884105212
-13.419909231145441
-13.688202030799413
-14.015770867562361
-14.225094873751821
-14.466333818063886
-14.615113083914352
-14.786852064312924
-14.917702163926137
-15.060639714835105
-15.173067622655804
-15.309350795015806
-15.396944553673196
-15.497618934841265
-15.60250723077783
-15.711345727975088
-15.825129626240098
-15.892135283309987
-15.95901127492544
-16.072013737197654
-16.099167556154924
-16.166890465241142
-16.217812908689144
-16.265153611747767
-16.274317575930745
-16.32674731028847
-16.392946625238594
-16.413164839584958
-16.461248213206257
-16.498485018427907
-16.576642579760936
-16.621524185075945
-16.620785956835494
-16.66358950392464
-16.687667554714864
-16.71533008424146
-16.72514380758549
-16.718135012605092
-16.763699403190646
-16.774862722218536
-16.77742063363354
-16.773013463626768
-16.774933794526255
-16.784258901923796
-16.82114497220166
-16.829367442821145
-16.848042737401276
-16.88842035402862
-16.92038119912892
-16.96891723353557
-16.983225816191503
-17.00289501469341
-16.989372477986095
-17.00777209301855
-17.00825507529723
-17.046106053520248
-17.037206453683282
-17.033554581692606
-17.03871437462248
-17.055808718366368
-17.063908688948295
-17.087912495265307
-17.12303632741343
-17.1404008037645
-17.129788513409828
-17.13510445224744
-17.143482918625004
-17.17007387496258
-17.15665744004583
-17.179185426173845
-17.209496393474595
-17.20674530761764
-17.226939761243177
-17.243850735804568
-17.249271418072958
-17.244541377897292
-17.25918558099097
-17.27233279701059
-17.262040396330846
-17.27802268155526
-17.33437443537839
-17.356842896456143
-17.35145912500753
-17.364020206491062
-17.38359365300738
-17.392954970892728
-17.40051813076844
-17.393712365812814
-17.38799826433558
-17.363138021049476
-17.38287321240996
-17.392549790635194
-17.391259430831397
-17.38310295977257
-17.3852428759295
-17.397756885751846
-17.405247562754166
-17.41569409511787
-17.429644456905674
-17.44744502728374
-17.432760712194323
-17.453416141067056
-17.47845352108665
-17.470655599803212
-17.466196584637313
-17.45577196963969
-17.463615681272056
-17.469707947602434
-17.458765909853863
-17.48286886135528
-17.496099390320893
-17.485194415376455
-17.5235670262768
-17.517246504480568
-17.521012620593535
-17.53957813268364
-17.51660688091948
-17.498544793442026
-17.49609565494549
-17.516037118336307
-17.514728708132168
-17.514178739636524
-17.52038319304117
-17.50662939599298
-17.513280593120616
-17.517746464130816
-17.52455364016412
-17.50741108841276
-17.50822491767724
-17.527118971493472
-17.535275751191204
-17.511457928519512
-17.514813744361273
-17.550859010790347
-17.584319999528734
-17.58314304773759
-17.570063314799004
-17.573327635732884
-17.58653502755891
-17.599332273689658
-17.61664217739742
-17.598695861094654
-17.57451538410066
-17.576391017606422
-17.562515277245254
-17.570631813014582
-17.5737137577486
-17.57059852334615
-17.591277503001987
-17.591787803669877
-17.59535196751223
-17.617457504268724
-17.616925364427686
-17.63327099045035
-17.61664144056479
-17.62731425236878
-17.621644213773898
-17.644618548806157
-17.662895870534797
-17.690665707398264
-17.693874735807363
-17.71305144031757
-17.692385593725593
-17.694411334622224
-17.699380695404134
-17.718757694763312
-17.755397262410117
-17.78890476000566
-17.743726939237593
-17.727523880868418
-17.725669848012796
-17.73836260310075
-17.736964225690322
-17.737197056134608
-17.748269623294423
-17.75074053690416
-17.7728813360292
-17.758672393516957
-17.749677890084662
-17.74366306163283
-17.758962691022205
-17.779669793797652
-17.776105837798664
-17.775934157654778
-17.802866470807285
-17.805193201739502
-17.797369120942324
-17.79093928918401
-17.79146625920337
-17.798811854970033
-17.804178496804838
-17.825860147527816
-17.828894073463506
-17.806672338634975
-17.8111038554247
-17.833877079902038
-17.803817376023485
-17.82631837855302
-17.849245452791305
-17.854443288031106
-17.86741496365168
-17.83909259015642
-17.850001660629832
-17.880494414461864
-17.888734096692016
-17.894214681084662
-17.905147469079644
-17.90469270095554
-17.904854549120575
-17.89999559172664
-17.89716763896921
-17.89884847228015
-17.89830032482004
-17.902959124197793
-17.921795410686883
-17.902632363284578
-17.864845979687015
-17.874554468498836
-17.865770720790273
-17.877871429100242
-17.89283129924452
-17.91632477213683
-17.942385902357806
-17.916215739894923
-17.894590470495405
-17.896403031489793
-17.895481490067404
-17.929202180232537
-17.931397071248433
-17.946977491225695
-17.963269653825954
-17.9531683120942
-17.960918928502796
-17.97563086182511
-18.011927541826772
-18.020602957549876
-18.029217962463974
-18.028030623992905
-18.021155079753914
-17.98832588994124
-17.9942093849315
-17.973271679213873
-17.97480171174575
-17.977375520879967
-17.999779184605995
-18.010517838795582
-18.042915626190883
-18.00983748715245
-17.998479444462376
-17.99130562895778
-17.97986496482121
-17.98632103206114
-18.015672114720477
-18.021033545397405
-18.050249152332636
-18.054751371076712
-18.05335409108703
-18.072394310845592
-18.065064051889472
-18.072918004104956
-18.050602433722403
-18.031012098204048
-18.022630234510114
-18.057154068145323
-18.066902899881587
-18.060533117858697
-18.075705179508155
-18.06481806186381
-18.04496072147815
-18.080962797005835
-18.07597288415491
-18.086963905210396
-18.117373606185488
-18.118751169852054
-18.108713273056598
-18.090175245202104
-18.12293739217826
-18.117294351941496
-18.123473005970457
-18.131756653962498
-18.114125805475766
-18.12992017862043
-18.099383018461555
-18.11207445298095
-18.114411331748812
-18.1228864337021
-18.095742758294552
-18.090886820530386
-18.072584125646667
-18.097335528661233
-18.081008063671067
-18.09788782963257
-18.131361806481817
-18.119803951689814
-18.143981020212774
-18.139727948890584
-18.168799617500618
-18.163231024004215
-18.1693540145006
-18.160042921441164
-18.188373308136885
-18.164639610372202
-18.168138033738288
-18.17134637187238
-18.187768630855466
-18.170505194521258
-18.174590785684916
-18.179337304862116
-18.200078543071257
-18.19630671150937
-18.207252333677285
-18.23271006420593
-18.22159060839939
-18.22280758793049
-18.236688421207035
-18.23189426101492
-18.238508789230913
-18.234716974047195
-18.243841037841094
-18.262288842291575
-18.27055190129544
-18.271988585822744
-18.242809424805788
-18.266160464342548
-18.289808930618506
-18.271203664886716
-18.25656549103273
-18.281430259702123
-18.268489970291473
-18.230388054965886
-18.216615470230956
-18.241854210212086
-18.245380066406533
-18.2534879060278
-18.241137313030976
-18.24296530230319
-18.239460716740737
-18.226603327289883
-18.2032182012949
-18.206904801040327
-18.20802804298481
-18.211396853238853
-18.22598314822204
-18.238923250549938
-18.242959251169474
-18.24211239391913
-18.234359213971043
-18.243352093560745
-18.253247643057975
-18.259027291778143
-18.279857752290717
-18.2471183111937
-18.244991699565944
-18.244868963461453
-18.216900290777332
-18.236811673253495
-18.213498767552625
-18.202014046602336
-18.171608295205864
-18.217910027182807
-18.240166645075863
-18.230849432728668
-18.236433223096974
-18.222590977122604
-18.238604929956427
-18.268522842475726
-18.25147066088848
-18.27710161238905
-18.26592356526463
-18.29112884674171
-18.294500895820022
-18.312936214657274
-18.338005332797778
-18.343707633831333
-18.342677471143933
-18.364735894628375
-18.347201545703417
-18.329242271081146
-18.35219250271595
-18.35656258848837
-18.36077780230069
-18.366245140259917
-18.350306317023964
-18.335939417661713
-18.371870563142423
-18.37059903378764
-18.38248340523967
-18.36648511061326
-18.39620042713007
-18.39495441746229
-18.389070007313943
-18.381001001259254
-18.374823564325606
-18.37498034247298
-18.37106758869247
-18.371004318394178
-18.36701429923754
-18.385787991932006
-18.409861350506546
-18.393277003568745
-18.403530608518153
-18.38651727538294
-18.4154504186099
-18.414775256558148
-18.426032785468685
-18.40324133093605
-18.414830145938318
-18.4357062344241
-18.444078683805536
-18.457567918333556
-18.45303824945543
-18.43763828272312
-18.41788589125179
-18.414023503675402
-18.41837303887272
-18.421794467071976
-18.451468174557547
-18.474387883595703
-18.441400903223453
-18.46071889516036
-18.476043764523414
-18.49301575011838
-18.523812003334843
-18.513085348884957
-18.507653953496042
-18.47079802436919
-18.498923786149142
-18.4969054059642
-18.49291635944673
-18.474883966449777
-18.510087179672663
-18.527235334035005
-18.522355918797306
-18.546088983327135
-18.532371546885727
-18.52379124736013
-18.552816383663394
-18.555009407032983
-18.55402409952968
-18.562749983868578
-18.54766321155787
-18.57264931541124
-18.563873926895113
-18.558692618835224
-18.547562837330883
-18.557916717506878
-18.544561565517686
-18.56881904970894
-18.57820167081873
-18.58859174223429
-18.580531344847675
-18.584937660826935
-18.595912310279825
-18.60481562310638
-18.618347174370587
-18.64075493062824
-18.617715422179835
-18.6224434228952
-18.62417434231226
-18.629848321072892
-18.627575097864884
-18.65391778923499
-18.640853044147892
-18.625809880956417
-18.596886039055352
-18.609413381380122
-18.597799532311576
-18.5672013926347
-18.550599790747885
-18.55062170786331
-18.54980639018706
-18.550309562748243
-18.55628333765668
-18.557005537269546
-18.537077491713294
-18.544886063052644
-18.52016062359295
-18.489099188158132
-18.484231122783083
-18.504237776063476
-18.516179182869582
-18.524022537405266
-18.510266158480327
-18.505559286840693
-18.501020516805188
-18.543835534690245
-18.541816243407627
-18.530596301008636
-18.544745455620944
-18.533472068513074
-18.551529388220533
-18.558828035456727
-18.56627908579411
-18.55964517898113
-18.566572294190742
-18.57425906460162
-18.574137739724975
-18.578487956235787
-18.601676347865915
-18.6066223392217
-18.61660801430482
-18.613590672153176
-18.65095429228998
-18.655753663085004
-18.63784721964994
-18.656110314760483
-18.65838726934093
-18.641820002872606
-18.65377929810946
-18.638112352636973
-18.665739039665183
-18.675391878116702
-18.684297745942157
-18.679004290565565
-18.704607293451325
-18.706213902761334
-18.665916140102787
-18.68618737478599
-18.687452905771618
-18.695583240549386
-18.679505948510343
-18.65648655876404
-18.61789643260738
-18.633709189674626
-18.605132343402303
-18.60475960370872
-18.605087978062347
-18.611443855773295
-18.62428930966952
-18.611497705967167
-18.61227841763676
-18.621710253509555
-18.64019112995774
-18.664615408850953
-18.67791368344071
-18.69699350899706
-18.690798041894745
-18.660807026040303
-18.6852535699098
-18.69528854312117
-18.68972587444339
-18.697103242835613
-18.721767337223262
-18.725700390052744
-18.738638417190458
-18.72000268255455
-18.74446476961033
-18.76103268066296
-18.73391136024264
-18.746344520149457
-18.74169909487718
-18.75447026042172
-18.725744693401907
-18.726926521209066
-18.738497486675737
-18.76581497010311
-18.783420024319124
-18.77822266294572
-18.78094941156417
-18.799521801933306
-18.800180702377066
-18.775543321497874
-18.775411318518916
-18.77518126631619
-18.770344694253613
-18.752464817260798
-18.742895358887463
-18.78261791566189
-18.767734750576977
-18.799729351225036
-18.761262542001198
-18.759753999291767
-18.75349942739344
-18.731833913883424
-18.74459165730941
-18.740202465927464
-18.749989921923497
-18.765733987937693
-18.75379628235986
-18.750872018062672
-18.772265088441056
-18.754709191356497
-18.76132083851869
-18.75221373054345
-18.748950635895923
-18.752499313604677
-18.747039534620686
-18.772828027068734
-18.782253011492855
-18.746386289092367
-18.769008525581654
-18.76639596960514
-18.736819813069904
-18.77891987291624
-18.79254820832802
-18.78565699105257
-18.798821269729572
-18.796491911220194
-18.778891123220173
-18.779775185859695
-18.784026058000425
-18.80374432302417
-18.828419912460802
-18.809737375547783
-18.81720643089349
-18.8106365920312
-18.82051068926272
-18.8159660113036
-18.8209156374374
-18.83913328167037
-18.790331208056376
-18.7983332279179
-18.799662298879493
-18.82316344000159
-18.840213953412594
-18.835416570147764
-18.825941957540973
-18.851118832567472
-18.844062063597214
-18.82288455601621
-18.803795603913045
-18.81311219831447
-18.82819099427004
-18.841491571321434
-18.83306990119841
-18.831013190825686
-18.852099840405668
-18.881569350606675
-18.867120984155374
-18.851373731847286
-18.843685884581518
-18.826703131130433
-18.82488560943863
-18.804254530278353
-18.797654306616142
-18.806712197630752
-18.820256798665778
-18.82971437379839
-18.83204509005778
-18.823440642401852
-18.82164540444958
-18.82342528925066
-18.84577633110591
-18.858539668168426
-18.87139618543119
-18.883858522310174
-18.920708207698603
-18.934993387202088
-18.9233285365247
-18.919319101817567
-18.94568330261017
-18.95485968671421
-18.927301391131802
-18.91957263533318
-18.917933430599817
-18.935146414882784
-18.929202682351686
-18.921742439957523
-18.902793895840095
-18.899003980364263
-18.909455048277106
-18.899423809310175
-18.90827516889273
-18.914441891535528
-18.903241988830146
-18.871701542173476
-18.869862609432825
-18.861970863139057
-18.896046156715016
-18.921418517335834
-18.9079244794283
-18.891036501372383
-18.88298342811498
-18.882246104630337
-18.9234878106374
-18.940032001427348
-18.918455662742417
-18.942248473602497
-18.92798683012346
-18.920058795798177
-18.86777929689091
-18.859302080220132
-18.828888844762055
-18.852434062835396
-18.88541760376146
-18.88164393349252
-18.867286319473838
-18.89349375429122
-18.875924913105344
-18.86915600734895
-18.88449233101133
-18.875484086856314
-18.879256788305817
-18.88417335743318
-18.86745616779135
-18.888155585427274
-18.899872940794737
-18.896911633196492
-18.89127484464898
-18.872015751679747
-18.90761987929789
-18.945492411666347
-18.940712681530545
-18.94375446934822
-18.958495053601013
-18.9649530533403
-18.993143507413574
-18.97498978682119
-18.951711970535438
-18.95974657111037
-18.96715201007701
-18.948862739648934
-18.9690324875475
-18.94625477300843
-18.93068830188548
-18.957075135544553
-18.95608911642282
-18.945884124661948
-18.958579275429297
-18.97086231941272
-18.950809586248656
-18.969428370919907
-18.92635269508325
-18.91374805599353
-18.90838795517874
-18.930991931902998
-18.89892635172946
-18.909828859969057
-18.924549674791294
-18.947860656669103
-18.957522439522954
-18.956582490837082
-18.9418935436999
-18.917339236838572
-18.919120050951893
-18.92839679819889
-18.906129532085078
-18.906173569995982
-18.917438240634276
-18.918955626291886
-18.940702783011343
-18.939798975583525
-18.95460859920696
-18.921198202472205
-18.93521617648338
-18.943635147936266
-18.9496621215899
-18.953292740402237
-18.95463563809321
-18.96965596401617
-19.00584373732952
-18.999635445112038
-18.995196203985287
-18.991154449620232
-18.999387346017663
-19.0143456689966
-19.014306986416976
-19.030231288429466
-18.990482831142163
-18.985655434208002
-18.9755011267071
-18.957064350897024
-18.964453595830854
-18.95358155217178
-18.9403154309338
-18.924638282600668
-18.92431309634229
-18.945089755861293
-18.93856331903869
-18.903633952249205
-18.907763779669757
-18.910781924738707
-18.903442000632165
-18.896644993466996
-18.904643545206774
-18.913394086887
-18.924836102784944
-18.935518987433742
-18.960440445453845
-18.956709723919477
-18.968141171599832
-18.963646559008982
-18.979878458573722
-18.95763127887348
-18.976618685065954
-18.97113319867658
-18.98287472735826
-19.015584535863084
-18.999475719108798
-19.004858180768267
-19.000404999966598
-19.00310864081128
-19.006624019506624
-19.004219975984988
-19.01853980425387
-19.023680580028802
-19.02252508680879
-19.012693733539535
-19.01790778347034
-19.028780153406643
-19.026552986301088
-19.016346633425435
-19.019482811010025
-19.044333538815987
-19.03099283934409
-19.03251889471175
-19.03599145987606
-19.017112429641323
-19.023358742789604
-19.039713038543088
-19.049055327375818
-19.04349197881587
-19.06806935551338
-19.08922256386368
-19.098574312293835
-19.102923192747678
-19.12200571930078
-19.1216800154771
-19.12007557520449
-19.094734888433074
-19.08360210534534
-19.0957571983934
-19.101058308437995
-19.11058249872159
-19.089534789799163
-19.082714171711064
-19.079076888665522
-19.09266407877781
-19.096426966668137
-19.10755169246953
-19.117763207749576
-19.081522165157867
-19.088966496461154
-19.064470767296182
-19.061876791521044
-19.075823090220613
-19.0919885237631
-19.08826727258054
-19.08811704953234
-19.096076056764094
-19.092412877660756
-19.066454198714332
-19.067157480938597
-19.076160770045394
-19.092598494435546
-19.0925336124785
-19.094413162813893
-19.10104362094889
-19.13365026492176
-19.14130309607581
-19.13853991769973
-19.1395963427664
-19.150589899069168
-19.151753803084425
-19.158074456238733
-19.157367554265043
-19.1481018204895
-19.134600625974198
-19.11517138515251
-19.096014046514853
-19.090701010193484
-19.104731099470666
-19.107854632013538
-19.093799912218543
-19.11359487877604
-19.090448389088362
-19.100486046413632
-19.081057591221064
-19.060479924815752
-19.058788516113115
-19.060119743967785
-19.068780236307155
-19.090314667241028
-19.074418804357755
-19.078933194094862
-19.073012585438143
-19.06243418492294
-19.05777443369607
-19.083493702213936
-19.087997061866584
-19.070645432688085
-19.07879860046015
-19.082459595224677
-19.0927913351562
-19.089518573904932
-19.10227783157291
-19.101534995533257
-19.0772699784523
-19.05504137303092
-19.07018332322563
-19.11101159593646
-19.11501102056222
-19.119027733929933
-19.11500275045783
-19.095227987326783
-19.102533176137694
-19.112118380776295
-19.118796473350802
-19.16253058318526
-19.145174018863838
-19.127732140099685
-19.130819659987814
-19.116376097945484
-19.136267144107755
-19.1233112261579
-19.088140338903088
-19.119157021312972
-19.118630229243774
-19.098367416584775
-19.124517508030536
-19.12336007856787
-19.14207247213191
-19.140319293304227
-19.101359364230635
-19.116307837006374
-19.102467980060535
-19.089974318235015
-19.09051477377486
-19.08161917921629
-19.092052644985042
-19.08522393387125
-19.110262278479155
-19.10435539794302
-19.093365116185996
-19.103323315346685
-19.117012746945274
-19.131196129917473
-19.13363526499787
-19.117694620103652
-19.13937866836948
-19.14824567269224
-19.15353254899905
-19.146268167767516
-19.163119160383427
-19.16887622873893
-19.18592268628177
-19.200482395989606
-19.2094156160929
-19.180741679181505
-19.13529535714861
-19.133553872217103
-19.131242148732092
-19.130642354037864
-19.13954523712434
-19.13387548431628
-19.150669000454116
-19.138272668052288
-19.16234557521887
-19.171117494983665
-19.124870134593664
-19.13671321522625
-19.11906559012637
-19.10404619134971
-19.096376276030913
-19.110789210393975
-19.085677708846536
-19.083528151393654
-19.101404684421706
-19.12168057228395
-19.121442500250474
-19.12182608237286
-19.11802702545668
-19.131519028153
-19.111926218006616
-19.0885360035764
-19.085191485410117
-19.054716647117804
