44.0
43.198624003993054
42.234076816822665
41.119217969331906
39.712713339253064
38.15585947070585
36.30658534580913
34.27878602360485
32.01311644233723
29.53927887888332
26.83151861603506
23.93934043479531
21.003107889269486
18.05280117175557
15.195354659470778
12.33938720020657
9.586575973822383
6.990672266304744
4.533758490038874
2.312034581286662
0.24036670528219675
-1.545622625752559
-3.2243023344863424
-4.61401694047182
-5.888049198441982
-7.010747001871092
-8.017029834432348
-8.884713407455052
-9.705382626233979
-10.352092557518002
-10.943504707566028
-11.473448671050923
-11.991056491252513
-12.43049326903624
-12.814645229393884
-13.160567129977366
-13.441747782807543
-13.69418980513889
-13.942767747804698
-14.185373072268575
-14.345651178215201
-14.535126501745738
-14.66960998588364
-14.837042029066048
-14.958470878967324
-15.098219749599677
-15.191428024919182
-15.272563874455951
-15.391864815313847
-15.501527097768706
-15.56849316908914
-15.63588588251632
-15.722790919820058
-15.781477030957138
-15.839601759552517
-15.8640402666984
-15.920006562737811
-15.936311202491794
-15.948078775325797
-15.9717339894145
-16.01777242756578
-16.067617908393256
-16.12505550873427
-16.14967896924626
-16.181158522447316
-16.213372840246276
-16.260426765529687
-16.312755438423277
-16.365066448375046
-16.390965502969287
-16.412030841155772
-16.433195383668085
-16.441416384275016
-16.443504840997047
-16.452450424125406
-16.46932574479657
-16.5055696493817
-16.51705808275795
-16.54998849884058
-16.580073155909933
-16.605288025681663
-16.64127361715127
-16.665825401778232
-16.70423157385469
-16.704954599410474
-16.678725128037044
-16.70616146786405
-16.7408158921367
-16.737419881862497
-16.76005098220684
-16.80578896965899
-16.834048795010688
-16.851860458305058
-16.87618568855076
-16.910119866429433
-16.91161337817702
-16.932977855126932
-16.951417771774082
-16.966011398095894
-16.96640139532194
-16.965244921192845
-17.010864122737612
-17.044993774041764
-17.08592765126505
-17.104518418653928
-17.086946017614718
-17.105826379161023
-17.123512501517318
-17.138787877781834
-17.15216890824384
-17.12834820742561
-17.147338608824217
-17.129958447240686
-17.140996065781398
-17.16314813560423
-17.14332391488915
-17.115639619056182
-17.100817410108245
-17.109739975564807
-17.117991538936437
-17.127476620217507
-17.14565660987681
-17.13840038727609
-17.158628950895878
-17.158498512840275
-17.14770283661045
-17.14667114887259
-17.160385998182235
-17.166100214720558
-17.151042190542615
-17.153670388328596
-17.150707134317518
-17.155973660316352
-17.191308928051452
-17.1652271615753
-17.18177948139696
-17.204788442163863
-17.208318272321243
-17.20850513633562
-17.224065347146954
-17.237532475578853
-17.256620800976382
-17.254494733987833
-17.26845751934431
-17.27379973329062
-17.30390086078034
-17.29514731128623
-17.281533891002123
-17.31551984286678
-17.323686795955577
-17.3478840331789
-17.338311736156196
-17.346296571045546
-17.370120043701064
-17.36506567325396
-17.34860757965662
-17.356404286114135
-17.329380092136148
-17.332384894428777
-17.324192416115583
-17.354409750411143
-17.34003974524163
-17.3501184339951
-17.366608095315176
-17.39081503552732
-17.39648327691783
-17.40784650577624
-17.413418492027123
-17.38221877428693
-17.37014748474525
-17.366954275083636
-17.34131027868625
-17.33696128461596
-17.344528359105283
-17.360010612066507
-17.35416051323878
-17.338682415663254
-17.354099744164095
-17.38777817673009
-17.39276247244505
-17.367526567219883
-17.365834061516363
-17.34527500034122
-17.360401201440816
-17.3526938619226
-17.386834743523487
-17.38859459829181
-17.416113888061375
-17.422808214882593
-17.420495698281744
-17.413826204631878
-17.43276470623335
-17.41688965425221
-17.416591549341245
-17.458913574826507
-17.476310341410223
-17.46435003022053
-17.46304442035969
-17.477617870653972
-17.487137614910587
-17.46851049067743
-17.448008520989486
-17.47773180620939
-17.502053928796766
-17.477068030545496
-17.50047381309705
-17.470511481002877
-17.474557152178292
-17.48725188924806
-17.49127043303097
-17.485386259074723
-17.47789175592916
-17.501762413582146
-17.510641157633
-17.514919558422267
-17.52236979851672
-17.53045948642077
-17.523459549640627
-17.520234622630138
-17.525424321375677
-17.513199983852797
-17.540015558018037
-17.526751155298673
-17.51232300736369
-17.510009557606864
-17.51449228598062
-17.508187851266023
-17.52606035801664
-17.559804254733148
-17.566520857524758
-17.58049620048189
-17.581272466313543
-17.583321015430563
-17.574785190366814
-17.60129712271056
-17.575352288247846
-17.586750903728188
-17.583426190870743
-17.615706234347126
-17.621500750573848
-17.631769686065535
-17.615207612428545
-17.615011685059383
-17.60527904155807
-17.59994518106256
-17.61702761986699
-17.58696986233565
-17.61209070142872
-17.625125053919678
-17.616581267916015
-17.612437395650986
-17.61724119605486
-17.61094871396004
-17.589614512241372
-17.563465720363457
-17.554725891133693
-17.54168310859513
-17.5606451659685
-17.59066922597767
-17.587385792567176
-17.635412474371275
-17.648604991477182
-17.639355189592663
-17.637210770216715
-17.62777787128752
-17.615407440943965
-17.618114273005112
-17.61891051853943
-17.624644248798464
-17.606226084317964
-17.6046443723058
-17.604941194017748
-17.60087280635078
-17.625918162982458
-17.62206981463769
-17.58495348161387
-17.606362904065968
-17.63717748821072
-17.614296952093767
-17.643882416056677
-17.647785215216405
-17.66989365579465
-17.68430853031478
-17.692651668851358
-17.685521707880426
-17.70091216506403
-17.670970256634416
-17.713818194289388
-17.716152611361476
-17.723207493181743
-17.710196581987457
-17.70843374949288
-17.69765711466641
-17.666571046457307
-17.682972010245514
-17.715375615459283
-17.71300350908045
-17.7136530450026
-17.7044762249104
-17.695899133137413
-17.691915001098433
-17.71095365698699
-17.68502457210458
-17.665662196728462
-17.675411867459776
-17.676861447082672
-17.704745640597228
-17.71026675039145
-17.719184682146917
-17.73195683236825
-17.745487322924397
-17.749492337732104
-17.747633663166912
-17.784375775041106
-17.79423308237593
-17.772835375359087
-17.751450827018786
-17.783526499786618
-17.80853968331495
-17.788534539849245
-17.768362953919386
-17.759369287685864
-17.770059444474818
-17.766788955054153
-17.74320976784075
-17.72743382768836
-17.722663409129876
-17.73866883859202
-17.73516615035564
-17.756028334024496
-17.743346449776695
-17.74194007561897
-17.732187530354196
-17.727661582693273
-17.747548434508886
-17.74380073478834
-17.79399640292384
-17.816653655403268
-17.82112356749703
-17.81768956290227
-17.822802860240262
-17.806137729251486
-17.77065057210717
-17.80360263800075
-17.816679931957378
-17.824187694501582
-17.835619522749365
-17.834926412617953
-17.855039354399764
-17.864488070605614
-17.88774501981608
-17.891556477322503
-17.87401492968525
-17.84982007707719
-17.8593266892429
-17.844688080663918
-17.835452548046696
-17.864144793819914
-17.878612016637625
-17.87544132014651
-17.828531386294628
-17.812719791795008
-17.78641938726991
-17.785497369518506
-17.805450534141585
-17.8042414175187
-17.816234234504865
-17.834620856112913
-17.824951223505334
-17.85380484458631
-17.87237807210786
-17.87127423518861
-17.887037055192263
-17.88927256635076
-17.890307488454866
-17.87002555593309
-17.864144866139405
-17.879950964179017
-17.88462516199498
-17.842129430590962
-17.862982915461277
-17.88438469549416
-17.889159444064227
-17.916730744027213
-17.942557289959048
-17.92890234205994
-17.96319494891991
-18.00412722301733
-17.9805101331087
-17.985702562636707
-17.958669427013454
-17.95100369155282
-17.944042040470055
-17.927272743932928
-17.95485404042321
-17.967767202868153
-17.960233427767943
-17.956321432630244
-17.977333402197267
-17.977604490607774
-17.967898189476315
-17.958609129273793
-17.95351639960883
-17.963328817622923
-17.942425507965726
-17.931051703469972
-17.938590229219116
-17.937836633799403
-17.920577427568535
-17.9117447978328
-17.897952122353974
-17.904644347267848
-17.916584343027566
-17.93973831943791
-17.935458653785798
-17.932330218780184
-17.962474600012325
-17.963488686569672
-17.952941835737285
-17.96151643657
-17.93981676420625
-17.941820505247986
-17.94463911798358
-17.95224691206992
-17.953759097249193
-17.98037401166978
-17.989236919573184
-17.971584310671613
-17.96989513192784
-17.963138500309267
-17.985444871069696
-17.99828925884832
-18.001081448557045
-17.994415058765146
-17.957136868346574
-17.96523393401628
-17.991002772100373
-18.010740948339684
-18.021659429688814
-18.017575632802526
-17.996467470910563
-17.98401826222247
-17.984994076077562
-18.01025307226248
-18.023053055500426
-18.01917419206315
-18.007605646358837
-18.022840740983145
-18.02059653853927
-18.0521426043876
-18.05998142924547
-18.057439860591966
-18.058529533251775
-18.0468478699444
-18.04423890022052
-18.035607389053173
-18.03763808072772
-18.03269224893875
-18.038620474561494
-18.057127761391122
-18.088141918299236
-18.09049428828085
-18.09811974959332
-18.106633623765322
-18.076296104434327
-18.06874491195283
-18.038236038022596
-18.044121678649
-18.05179595974309
-18.068392468886664
-18.046615883724865
-18.0818487640369
-18.093972592272014
-18.103611462377238
-18.11123296104602
-18.11474849336824
-18.109587040390412
-18.098170275027908
-18.097578733999903
-18.0775198507237
-18.080397438693716
-18.11088342163687
-18.11404733659836
-18.11830958677729
-18.098121120188704
-18.114423535436913
-18.1001496256853
-18.118022509587608
-18.11872540594803
-18.149689286394626
-18.122224879747424
-18.117506811790996
-18.11130761372264
-18.11359308326091
-18.105797676085867
-18.10866948884313
-18.12488921295214
-18.10754746518003
-18.0983544047869
-18.123541446507954
-18.15484340671239
-18.151448872204714
-18.163337477381717
-18.13203210116139
-18.11964656035773
-18.138588610748258
-18.113049727862926
-18.115037033863434
-18.1241660381704
-18.10401602073536
-18.093102770671134
-18.10188530303555
-18.12991683904428
-18.131891031014707
-18.141432549050823
-18.12212254131011
-18.14455952886552
-18.128133649758414
-18.129228077549122
-18.161382229544476
-18.14548846007321
-18.137820190491123
-18.152635273295708
-18.150478293485087
-18.125335261065832
-18.138402302514436
-18.15829247682143
-18.120129784604753
-18.115248035317908
-18.118493058523086
-18.141504854462763
-18.15060350024534
-18.13427210799118
-18.11781524157623
-18.11199138831483
-18.13504025156364
-18.12401395023188
-18.1300867347682
-18.1150890594544
-18.137510996594543
-18.12789136468021
-18.105232634135533
-18.14075313174301
-18.171260688049657
-18.176456206036015
-18.179727362447437
-18.199147590730806
-18.21909922543765
-18.23700180120349
-18.247728466501567
-18.24310565633712
-18.244461827911806
-18.229397447508497
-18.222482170174853
-18.191609292875686
-18.183163487796662
-18.21877681693187
-18.20401291969742
-18.195138109606074
-18.185573547227246
-18.156863937757347
-18.151109965888363
-18.126764799518522
-18.17086448943601
-18.17979303493158
-18.192305636246886
-18.202431988506632
-18.235002401691347
-18.230376711388203
-18.195947017026928
-18.19191907683383
-18.198213213517626
-18.227305308820934
-18.21694085924122
-18.241482374997837
-18.23685673390185
-18.22571470119782
-18.234924180936773
-18.25098447745513
-18.272693142956314
-18.26225822026985
-18.28310088967647
-18.267943610159076
-18.277826866268917
-18.276149103899172
-18.274147715196552
-18.273642648771897
-18.252052262625995
-18.226031214000038
-18.260071210561552
-18.251783772358042
-18.21790872932273
-18.210934015689926
-18.22128060057928
-18.218409626024435
-18.212872202024723
-18.21330950008315
-18.230764555319265
-18.236008192546034
-18.271546570423368
-18.277184354735997
-18.251949383539348
-18.250379674951546
-18.258913840997536
-18.299576478564344
-18.32883845279888
-18.320148301134875
-18.33512837423567
-18.317178285144124
-18.300376081707185
-18.2969486523439
-18.275573490326966
-18.28091441906606
-18.273844543590307
-18.28041043993152
-18.280645663993965
-18.251193038321183
-18.266909922742244
-18.260649928621607
-18.254655209185696
-18.25651761550997
-18.24427679253458
-18.232153050398516
-18.229234887247536
-18.21556074495283
-18.196246734680738
-18.217289999339105
-18.23554944093575
-18.213734289785577
-18.239118564521526
-18.2213313596064
-18.258101894101724
-18.25825915007675
-18.243114017326484
-18.271594137048517
-18.26948959883327
-18.258983385015938
-18.214752426998228
-18.21300213596559
-18.232806383284665
-18.23616065628737
-18.22180745263887
-18.19704315778204
-18.216568581124022
-18.22055820370229
-18.23068703217755
-18.215875073643733
-18.22399174812877
-18.210927127274314
-18.210346075850925
-18.213412178941905
-18.22155871442522
-18.218401168897284
-18.223126501679403
-18.20722454185542
-18.214706965976905
-18.24366808755126
-18.26521396383866
-18.26440542548606
-18.27696611141133
-18.306510904382733
-18.27997715828107
-18.273927625485882
-18.28385061748401
-18.307697405525236
-18.311925895886326
-18.31193913143152
-18.290441551242896
-18.287175902093413
-18.263311036958235
-18.280257196162037
-18.292275769042806
-18.303966643667305
-18.29005054832451
-18.302468572657325
-18.32115921168421
-18.328271291401336
-18.34575602240717
-18.33846734126212
-18.334065632447746
-18.3664580719773
-18.34831136208037
-18.335003050317322
-18.321395096246757
-18.304413662408603
-18.287964408914174
-18.281891052680294
-18.302540086809838
-18.299370105199905
-18.309198147648644
-18.281583512359724
-18.286099391106713
-18.325902018731632
-18.315338101090553
-18.316486754488494
-18.336253230591538
-18.350361475475037
-18.352717817483565
-18.32324513176049
-18.33028263633795
-18.323284631340034
-18.31081857444518
-18.312195090424684
-18.2970581945828
-18.295729337957344
-18.275061609761277
-18.303191990388722
-18.297653337120213
-18.282023259780033
-18.30632056178327
-18.312330328941155
-18.31788588385117
-18.34710098395823
-18.371681111166815
-18.397866448163768
-18.39082553700776
-18.35548910192196
-18.347512090287612
-18.330009507553772
-18.324943345242982
-18.309388984249367
-18.308168432875288
-18.332602753068155
-18.351244765301526
-18.341974348466962
-18.337207343699532
-18.329177713431452
-18.327045891165078
-18.32876186787417
-18.29955691386988
-18.29301251083736
-18.308314603524757
-18.300634202011874
-18.32356256210728
-18.319570123262583
-18.3089759297988
-18.331987191616573
-18.355690419850976
-18.37383204149251
-18.35461148780515
-18.365751047805958
-18.394785719286997
-18.42819917259902
-18.41646418730768
-18.426382254051166
-18.4471600625293
-18.44292610496325
-18.440935193681277
-18.433193112125334
-18.433711140136662
-18.38747905242088
-18.360941070973062
-18.383427080288104
-18.365378296066943
-18.36991187972428
-18.384737637664774
-18.392370712265215
-18.41747422981826
-18.444337683372826
-18.437127546526778
-18.44791760567879
-18.443294003325033
-18.45449856108261
-18.478395640370813
-18.476305837087082
-18.507501597589147
-18.50776981562131
-18.48291064702915
-18.499187982491424
-18.500302696160002
-18.461203930610743
-18.448084359202845
-18.43899520875721
-18.449951439031427
-18.457120723040134
-18.458020470380504
-18.419318162816857
-18.446663430124804
-18.415132566864752
-18.417892849777434
-18.396381473299282
-18.40714326199647
-18.42214896000418
-18.42193193458003
-18.42806712135049
-18.40329021498851
-18.3996484874998
-18.390855268468265
-18.371702985568945
-18.380449918655778
-18.40310787538791
-18.41404496749355
-18.417541257304652
-18.441746202593293
-18.454579867990816
-18.449335701145706
-18.427417809152825
-18.404948685979463
-18.38969061774161
-18.407883521476325
-18.468123147245727
-18.461864735528
-18.49270740685208
-18.47951552742312
-18.469469693700376
-18.466560988444296
-18.46671180373615
-18.476875628158623
-18.47679028611982
-18.468118834031362
-18.48566652145642
-18.46788096548666
-18.4872533018602
-18.483528054090872
-18.50551656302111
-18.513454666515056
-18.497751475395997
-18.4956229501266
-18.472775250319458
-18.463801514419107
-18.49826211433941
-18.507385996173632
-18.503919560072752
-18.521938907223184
-18.527747889992924
-18.52350280785088
-18.53633461496621
-18.550545779707473
-18.52404220777783
-18.52428913836777
-18.529065457127388
-18.515565606666062
-18.505624821549965
-18.52642075134688
-18.52841209869813
-18.562298961378282
-18.5841945411366
-18.588628618139065
-18.582524550460967
-18.587478973637207
-18.584221782105868
-18.554415670867026
-18.52918718092621
-18.51343077182795
-18.496195225225236
-18.515417113606045
-18.514207868149047
-18.484727897541024
-18.483482910285385
-18.4525034797879
-18.466141328757733
-18.477855165946096
-18.475655139128936
-18.491690014259543
-18.49158476137879
-18.480111973825714
-18.497912814810032
-18.514907714297344
-18.500587848264843
-18.486844957010796
-18.479285025182406
-18.474481620237373
-18.49982624390473
-18.513051558341594
-18.53220740777455
-18.54050977957851
-18.531716885446965
-18.535801685403435
-18.527289843237952
-18.540090827176652
-18.534299181834733
-18.52224202347631
-18.50271089134019
-18.49088759660039
-18.482625022537118
-18.507514310433898
-18.546802219232784
-18.539574413906156
-18.54558579047355
-18.56627153867402
-18.567114948811003
-18.550820168724115
-18.560000446786546
-18.55696419147806
-18.551294674075113
-18.54759733417151
-18.567472982100778
-18.558575793974896
-18.568863042554987
-18.57732115622577
-18.560307645932433
-18.57560303460236
-18.574546205595183
-18.56462558261892
-18.59084271361108
-18.601364263470067
-18.619067318801463
-18.603647791768626
-18.61121093746424
-18.60098647040962
-18.620518909657804
-18.60132967804276
-18.593736839642016
-18.55269495353108
-18.578027118459083
-18.553021453345924
-18.56200321973343
-18.563204371410045
-18.544808162883033
-18.525703655448865
-18.52930347571353
-18.533249491236234
-18.56368225179745
-18.57978131866465
-18.57280768845695
-18.61277378325362
-18.605952500277446
-18.60035957906442
-18.596480050398597
-18.605430246014617
-18.62046825770287
-18.61479836896084
-18.627046306232277
-18.59155357380045
-18.588227997569525
-18.6032606149283
-18.59973801998263
-18.62861807776369
-18.616374680926945
-18.61566182676626
-18.60078214396156
-18.592132687819035
-18.610966943165522
-18.61484572203431
-18.626959586180195
-18.63673085006583
-18.6243726783612
-18.62277044305775
-18.63649517837398
-18.62994019887654
-18.640550858125366
-18.607550419303195
-18.58389968463117
-18.601622667726996
-18.60123981125112
-18.595800044510383
-18.58650352263407
-18.5976706216804
-18.59510349189674
-18.59751008652919
-18.599302804174528
-18.609606264566985
-18.623336723928166
-18.611319103967553
-18.572859031041354
-18.57527410064059
-18.579399197200342
-18.616871506487975
-18.592259431647413
-18.619147424315663
-18.60561875177892
-18.59546670176977
-18.607277452938103
-18.648230470242414
-18.647455549123574
-18.645462639710274
-18.6160179624005
-18.607711072813117
-18.633577257920457
-18.62733788257171
-18.610007441283326
-18.601503035695924
-18.57992907592627
-18.6018861135475
-18.61936879054047
-18.623812738127103
-18.625452969360538
-18.588260179977702
-18.584223859643316
-18.57233730827333
-18.58047814083048
-18.573809248478206
-18.57427605093906
-18.543552819910072
-18.52702494335211
-18.505715438297074
-18.515142334880142
-18.55941155161339
-18.556950533225894
-18.595537897758252
-18.58237045685439
-18.59824570459903
-18.556810950316734
-18.559267342707695
-18.575470045248892
-18.616818238731597
-18.64289867014524
-18.669649285508587
-18.64477777304029
-18.639033969753246
-18.65203987093306
