44.0
43.25943025711972
42.38731852293478
41.29366747765643
40.02194435080698
38.56812787602329
36.835818188793496
34.81927689830883
32.59785694166513
30.102569359794423
27.578019702843015
24.893622972785504
22.058198316894202
19.09301774672315
16.303941144895038
13.353560064007642
10.597691956501771
7.791795138011392
5.242690668918476
2.901487545027806
0.7338517651218882
-1.1606513059379209
-2.8610839850184
-4.439336140061463
-5.750803032420039
-6.95665954820422
-8.049739771180198
-8.962478255012138
-9.814350082340988
-10.564020353060762
-11.172121009980849
-11.745339419884717
-12.220816724577087
-12.65299454998581
-12.974434324685292
-13.353618205696073
-13.643977771910693
-13.910375577951443
-14.126854274932718
-14.379479802891693
-14.575390995020888
-14.72161440814541
-14.851623759416228
-15.028516875021669
-15.135279271574639
-15.266597274491543
-15.369456181235055
-15.444917811447645
-15.558707725822408
-15.645232030939981
-15.719993421152187
-15.801094915922324
-15.883159363871526
-15.97033589231729
-16.041356776351783
-16.087538492519048
-16.114064949603797
-16.14328546518862
-16.20548666169853
-16.248085493095736
-16.28735854551685
-16.33054996803616
-16.34323770530776
-16.3727188529422
-16.427993352896195
-16.44469406996734
-16.484390489524493
-16.511442915135444
-16.5707804989711
-16.604735941217143
-16.60060633026112
-16.612409717864892
-16.652481027212435
-16.71442268106056
-16.749187126927055
-16.80058663729399
-16.81583608260547
-16.854259005797303
-16.858863934710243
-16.890094003574507
-16.893679588194583
-16.934382527811863
-16.93859021281944
-16.944804138177734
-16.958672921890464
-16.9707422579349
-17.001149548747648
-17.05468337974285
-17.083707438279145
-17.093113461977875
-17.105333465921333
-17.119382507191276
-17.15148443645114
-17.194068844696464
-17.19328450302748
-17.20335547798788
-17.21023406281522
-17.216540924270564
-17.21028549168578
-17.240854967479212
-17.231829115394962
-17.257805710470635
-17.284773668345352
-17.2922397058485
-17.320384756607314
-17.331859035576997
-17.330356042902523
-17.34668925617753
-17.355443602655104
-17.346307163279324
-17.353448101171708
-17.362078945368975
-17.388655541467106
-17.395433874215005
-17.385838327634147
-17.391417357911436
-17.42298784718872
-17.410607661223153
-17.449362707421685
-17.44537473911589
-17.451734718673467
-17.442459399230977
-17.40644949311295
-17.42458392453496
-17.454480042290232
-17.451985696671663
-17.42859837371697
-17.454254523635058
-17.45719432832998
-17.488419095488872
-17.506557914442364
-17.504428035232323
-17.50971144737894
-17.531801831072627
-17.508073130806277
-17.463034552068812
-17.50391742731767
-17.518981801004582
-17.534008073875963
-17.556290384536634
-17.580810132741714
-17.579685490256924
-17.59233028179609
-17.62086343704223
-17.618154545530395
-17.612216393835
-17.612963499635207
-17.605468480007147
-17.59061350341635
-17.587458283261622
-17.59654759902036
-17.597926536677413
-17.596062757793156
-17.608466709549894
-17.621454955643145
-17.61443491297724
-17.561463057054723
-17.56780119167706
-17.56215139997009
-17.557216627936036
-17.586118062020404
-17.59701795841352
-17.61644364096461
-17.619945223824235
-17.64081016853412
-17.66611445071768
-17.68389324582821
-17.675949434903078
-17.66948344042933
-17.69023439263446
-17.693806191612158
-17.679148855502863
-17.68317582233191
-17.670288182954828
-17.691538727884453
-17.690595597385443
-17.666955987061225
-17.66564084282526
-17.656831246817305
-17.66241939504351
-17.674470034279395
-17.70024681180116
-17.72118710469498
-17.732654458142388
-17.71544044922896
-17.721941516328847
-17.736841728581826
-17.74307345945077
-17.729795604215713
-17.717727704668846
-17.719063262228214
-17.723962404015822
-17.747623818732375
-17.748555294199633
-17.761570357371877
-17.727731523271906
-17.75372361579109
-17.749536637656526
-17.745458443152064
-17.747628137426712
-17.77697512057792
-17.775400602191993
-17.750495529928862
-17.751962553631294
-17.76090685283353
-17.76457753514687
-17.794721660452765
-17.774378589474985
-17.7756516344017
-17.784322242397987
-17.81097120018339
-17.80222707438279
-17.802868037511917
-17.792663312630225
-17.769945085365798
-17.785488929786204
-17.776666961212793
-17.779639905548304
-17.793915545439557
-17.813050395488606
-17.81081368046708
-17.810420653107688
-17.80847403885502
-17.82547818013412
-17.839000550261005
-17.847871982941232
-17.86151479834785
-17.839113066164014
-17.855032887317236
-17.841172699086346
-17.84206569606371
-17.843184152124728
-17.873768671242065
-17.864464256746256
-17.85941753001163
-17.864283908191283
-17.867290976464663
-17.890938148600565
-17.866301285309575
-17.852265505351557
-17.87115239554008
-17.891197917983884
-17.874590815149183
-17.909788884076995
-17.923252643001916
-17.898029256766087
-17.888583461359868
-17.89640358979762
-17.911624521677588
-17.90249586005134
-17.91715527344448
-17.92710315090461
-17.9397574496302
-17.928939015997134
-17.906190232711577
-17.93343510663768
-17.945160601181946
-17.956158559249417
-17.966672445716107
-17.983198897053263
-17.964266017012488
-17.982519715220505
-17.971399585486626
-17.986831290703492
-17.973818696215645
-17.97236623126567
-17.981638728274074
-17.981772080581155
-17.96730253392314
-17.963884668615172
-17.942561494459078
-17.965531964205844
-17.977108192156745
-17.982061120033915
-18.001135699277338
-17.999987548183004
-18.003250252520054
-18.019766265350285
-18.06009838361857
-18.079840698075166
-18.07060548747161
-18.077973218691017
-18.065417724741742
-18.05131371559583
-18.04908021195047
-18.05439742622132
-18.04744474480312
-18.033873826070696
-18.046365479119366
-18.069623058143286
-18.06848891024071
-18.046714513688777
-18.025455157384986
-18.04259810948773
-18.043165849574553
-18.057310059139947
-18.08546707905734
-18.081192052024992
-18.080274956566427
-18.072618607314585
-18.094617515413372
-18.082711826701146
-18.111319665018126
-18.109514664860416
-18.10837138964312
-18.09113452415441
-18.11362850313947
-18.114036736353476
-18.125650655389656
-18.124674849685686
-18.122137035964546
-18.108364445645062
-18.139262584256514
-18.12575037108044
-18.114283471036654
-18.086221139701088
-18.084368647715056
-18.10491145382776
-18.115031486795285
-18.1024927261044
-18.103547343986286
-18.086163188304077
-18.107838580710652
-18.102826232158645
-18.12641414920137
-18.131774651495753
-18.15401429994163
-18.1598446640163
-18.15404873415741
-18.138077604913114
-18.136591983498917
-18.15849196260805
-18.16655784429153
-18.16568704486812
-18.149124105433298
-18.166968434003707
-18.17617472628612
-18.180215167849536
-18.20622815141876
-18.23414030758322
-18.214150485922357
-18.220000699810267
-18.248340569644974
-18.23293955477241
-18.227969191881346
-18.22343250388245
-18.243733631758747
-18.274899261091964
-18.264042074485452
-18.236465618472312
-18.244721140137635
-18.256584407328003
-18.28784880963002
-18.29994201784367
-18.28935723964468
-18.288035524732624
-18.290520346998086
-18.321190122925866
-18.32331109083743
-18.322766959227412
-18.322398099300308
-18.306351776372576
-18.32989106104436
-18.349906070157598
-18.329053993419684
-18.327246698450182
-18.338687130036416
-18.32973688503301
-18.335166499422844
-18.349338839133537
-18.336198443846644
-18.338861138732273
-18.37093890858677
-18.408494765632977
-18.396170119914643
-18.368186515544522
-18.393852013890182
-18.379235768673936
-18.37854699415972
-18.3596191976393
-18.353737334665286
-18.35865812532537
-18.357784141105274
-18.371976289255805
-18.384832505433593
-18.369347215674004
-18.385109445743478
-18.406571975050614
-18.40020428957245
-18.40787018485134
-18.393747346963305
-18.403568682900595
-18.427739732292846
-18.434726306810386
-18.43652759264898
-18.414192717871153
-18.388649254225395
-18.38617655506806
-18.41646201086769
-18.413455770195
-18.435709630852635
-18.41778702442898
-18.43434737281101
-18.465614249259175
-18.474343686607398
-18.494012536003588
-18.489856549116798
-18.48565668787532
-18.51200600557974
-18.514294887474573
-18.53492554930456
-18.53408641243101
-18.549658081595634
-18.573640590740606
-18.550153309901624
-18.53171439828889
-18.55365438943913
-18.54077269833811
-18.532972638392227
-18.52748661936917
-18.527723691608664
-18.536268125079822
-18.498180744038358
-18.478712937447124
-18.48931075210376
-18.494461966512453
-18.483869107876576
-18.475450496072444
-18.454191365991996
-18.45199232653006
-18.455230182172787
-18.46361766398769
-18.452952552894644
-18.46811325482891
-18.50567569464074
-18.532645628671787
-18.546914726271172
-18.55003387301743
-18.547390796926805
-18.58398873265055
-18.558957301638255
-18.564685646176752
-18.56898025941371
-18.54117339736381
-18.534056661834803
-18.543251305519888
-18.523353511468994
-18.53638049451171
-18.543760866823458
-18.558148169632776
-18.55585198401288
-18.576051035600642
-18.560745648527202
-18.55428064132536
-18.55907123693588
-18.565895451271153
-18.53686337065899
-18.56258269361505
-18.567811432357043
-18.579884097689018
-18.590923188139346
-18.563962573604016
-18.550134066640435
-18.550199816381674
-18.534782748658152
-18.5429183766267
-18.53913313486845
-18.54084468696511
-18.533101531141963
-18.522775572514323
-18.5114842080214
-18.533960076372487
-18.534020142106588
-18.53259637069653
-18.53230771588815
-18.551345481365612
-18.567017337040635
-18.565510304819437
-18.576132183967328
-18.584148036327402
-18.61012488746104
-18.621685950967752
-18.620841637871923
-18.63960305892434
-18.644028755108785
-18.64974082259102
-18.633466607495585
-18.626122746456304
-18.632740101089176
-18.62308439446113
-18.61850579535255
-18.571394429151532
-18.577427890714937
-18.587507475081836
-18.570268787428322
-18.591636345540856
-18.621524480441312
-18.629155597200203
-18.619141457135914
-18.63572389156584
-18.636264102953106
-18.630510428434587
-18.622413733123786
-18.618977178313926
-18.617323193895917
-18.636246664750963
-18.65145826493796
-18.66681753628179
-18.672827761106667
-18.667555634402508
-18.666726068962507
-18.690196198321345
-18.689713960766305
-18.694669648347304
-18.698075187511165
-18.685133592927265
-18.70163919578734
-18.6758146584059
-18.69584069251781
-18.686111097110047
-18.686473452145535
-18.677105336391083
-18.661819428575406
-18.662667578680985
-18.671072618246907
-18.672706203230288
-18.65094402386974
-18.655984016880495
-18.6636384972821
-18.646868305247146
-18.645256456361842
-18.632246242891195
-18.63040441771636
-18.629606886044655
-18.62238530430579
-18.65034072730415
-18.677451445392872
-18.672322101518702
-18.64432050872083
-18.651110323986575
-18.67602457362245
-18.6578947838406
-18.64538444289724
-18.630861957837677
-18.63998467479934
-18.65246728370914
-18.627382394873464
-18.624153261702507
-18.664066205940898
-18.671166359384056
-18.65575825541612
-18.65259893427795
-18.631661894219555
-18.676232939300714
-18.674772075345796
-18.681232889439656
-18.69435104672099
-18.68819596029492
-18.679585041581497
-18.683024991967226
-18.69000310282662
-18.66646433092249
-18.665571151107095
-18.69210701986014
-18.71454822890184
-18.74216234922694
-18.72754687542856
-18.7385277520709
-18.731275754455076
-18.735371356722677
-18.73245691585074
-18.736198163158928
-18.733643913748697
-18.732833184656215
-18.737094613615433
-18.752413313122585
-18.743159533872053
-18.7623966296109
-18.772572719756464
-18.79374548620436
-18.81431746026581
-18.801704579680173
-18.810879966906366
-18.819157091620962
-18.82635160647718
-18.825603741910093
-18.81363825739231
-18.810400502761702
-18.7945449990186
-18.807037184455808
-18.8044092653256
-18.790739507084826
-18.80759533260628
-18.800841296379513
-18.789994590718575
-18.783712409539604
-18.77246797838359
-18.78257193391767
-18.802792362484755
-18.834155096466063
-18.823932403365273
-18.831780838011404
-18.816717270131804
-18.81870272633482
-18.813774730069962
-18.823905694453064
-18.853811983777483
-18.85790869005058
-18.85989302701169
-18.860418475437108
-18.840150563913088
-18.847357981784207
-18.84961100472659
-18.864613731642734
-18.864127074141322
-18.868019561911673
-18.867114639638334
-18.867324370688802
-18.85356957213716
-18.864966823995882
-18.850291693597654
-18.831743273192842
-18.818466183563096
-18.809074436043556
-18.812605660569314
-18.806295955978715
-18.810458169078014
-18.802181500062126
-18.795554200313138
-18.809194530719022
-18.807514714134715
-18.815994040135465
-18.802970972774105
-18.802677340676496
-18.807661363126737
-18.833532277426137
-18.84490614000848
-18.821510000459238
-18.803354585285668
-18.80556854491477
-18.827470706534214
-18.812271612848765
-18.828973309306242
-18.83418697992699
-18.819348459531323
-18.782425443804243
-18.807221362244082
-18.786468710858873
-18.81466945444491
-18.813714665200898
-18.817332563496613
-18.84987241925617
-18.864295373457256
-18.85433430416345
-18.879852826275037
-18.874314709521325
-18.8445884485396
-18.80690547184363
-18.822804014666318
-18.84157875773951
-18.84055100811971
-18.8620540713677
-18.84272126146908
-18.886786591796028
-18.89044425562317
-18.89126300208328
-18.888970052750583
-18.896506069790306
-18.897032722264647
-18.882369482467695
-18.861714887465883
-18.870287411570324
-18.88725957702177
-18.876396972148903
-18.90016691169745
-18.91769037901931
-18.936668017421887
-18.953757192009217
-18.967378432292367
-18.96147803994801
-18.959144779057155
-18.942760858422844
-18.972348689293916
-18.974083408562077
-18.986022426442286
-18.995979723400076
-18.98409215477778
-18.968055532692752
-19.007526811685803
-18.98261748679946
-19.00788698406974
-18.99783692559211
-18.987414289143874
-18.994153205839368
-19.009051524173536
-19.02329082945192
-19.011526229342
-19.008592223856922
-19.038151853210238
-19.029518098629282
-19.00523535271473
-19.008400383006308
-18.98163652592503
-19.001536622121062
-18.98749023041069
-18.999192210001585
-18.98493035012071
-18.981737474537415
-18.964395621333626
-18.96200510221569
-18.98501635206543
-18.95818415678555
-18.976812129085502
-18.945591630022175
-18.949476332270596
-18.937390320842244
-18.953451609664267
-18.95385390105341
-18.95671202843924
-18.96559894062277
-18.975244658671187
-18.952341591085425
-18.97629119345633
-18.991085821165466
-18.985180267738645
-19.010700487273937
-19.01376402600006
-19.01905368357526
-19.034812814505063
-19.006047504058746
-19.025338514232345
-19.021410300982875
-19.014195067589245
-19.012696377056113
-19.006624944446102
-18.974477569786067
-18.984775356975582
-18.97645097755818
-18.991131990347576
-19.00128891249252
-19.011232969880798
-19.01613269766
-19.028082913380338
-19.031418322318338
-19.021193002803106
-19.003550120031438
-19.0302212963081
-19.02957463617908
-19.04263922511078
-19.07323565913882
-19.07341561991875
-19.066221464926613
-19.0580020279482
-19.04509803906094
-19.058598161729684
-19.071009260320682
-19.07853964882522
-19.081741153384733
-19.079796191917573
-19.07170822740709
-19.059497851716237
-19.06590825910593
-19.064402437744377
-19.079530825462882
-19.04321226554861
-19.020019908215694
-19.056068109427873
-19.027008182156354
-19.018493004425622
-19.017322150567576
-19.03817277535708
-19.02706268229219
-19.037962375375923
-19.05972608095304
-19.065421526388576
-19.081423058532426
-19.09744804021786
-19.05938397836518
-19.05180551918747
-19.04661155598715
-19.061145734284462
-19.068454420186605
-19.068087556242016
-19.06307794247366
-19.076092567529845
-19.074373424205003
-19.04957602239002
-19.035020877117535
-19.042035516467315
-19.077568671014205
-19.06636567742062
-19.066952193865003
-19.069829081009726
-19.085613942557245
-19.09550946278239
-19.073495695707628
-19.061620856190952
-19.05885084132207
-19.075778704901172
-19.07730188802187
-19.086295007048292
-19.1314036561278
-19.134467745572287
-19.115124841253408
-19.116617643240957
-19.123976668854638
-19.12732649142751
-19.14550167688818
-19.146821253825536
-19.175493104822248
-19.171178862932514
-19.169900269263
-19.208958768537745
-19.22424341203737
-19.21655425514157
-19.249460132454633
-19.25398614742989
-19.238414369198324
-19.227469481585093
-19.193798394392946
-19.20037570963257
-19.20046956226209
-19.18982779966597
-19.220160186110324
-19.24926524974331
-19.254747122078918
-19.241489263834392
-19.254666851975657
-19.251311235458036
-19.251339005654533
-19.244450949180106
-19.235649412643387
-19.231266341426608
-19.22384249501422
-19.221130934575385
-19.21336191273686
-19.20899140365632
-19.219528739956274
-19.20370458632658
-19.193441700629897
-19.216865589038306
-19.21841045985634
-19.17262967305114
-19.19301492556137
-19.20409629566147
-19.208067167569105
-19.192574182799607
-19.174649158573764
-19.194879579873252
-19.21197828392464
-19.166137791090645
-19.177278166634874
-19.221412240299582
-19.204529710657624
-19.182877725642733
-19.190985322146147
-19.227117784466266
-19.241452346974025
-19.233864728712966
-19.24370473513751
-19.229989007906024
-19.247737810629438
-19.238883550618052
-19.219697215237804
-19.206987971184063
-19.227717599492
-19.208689443301616
-19.20346594759585
-19.225048284955164
-19.23368663815352
-19.22199147602792
-19.23258092841144
-19.24659353841223
-19.26902461806567
-19.26252914801014
-19.25684292841274
-19.242430456249142
-19.20519602815138
-19.19983403738419
-19.224492714742528
-19.217934035124216
-19.22549881177919
-19.220859637810857
-19.225600603077933
-19.242042585249
-19.252044323741785
-19.253957505372657
-19.23617220629867
-19.24584295706578
-19.229591807793017
-19.21186852154367
-19.226563647423653
-19.228427667933744
-19.240643521854352
-19.23953913531123
-19.24441601007496
-19.245274699601865
-19.248637177443076
-19.24051855607652
-19.271507052689625
-19.258159785710323
-19.278233950325365
-19.29434111279089
-19.34322774212643
-19.340826717573854
-19.313813677596503
-19.316027012424385
-19.299711031264376
-19.3131763092533
-19.338701388169902
-19.357846581995098
-19.346032718875346
-19.34587234682328
-19.326853534637447
-19.331583704809166
-19.33816098429546
-19.36115097952669
-19.361981686177383
-19.341159350877422
-19.326600257291158
-19.325319490007335
-19.319567211762177
-19.309242310465923
-19.303451031572575
-19.297708580210937
-19.343418706753784
-19.342976716070538
-19.362029824725617
-19.387297446278794
-19.379884483955
-19.370442219104675
-19.356162202643628
-19.36079893394487
-19.355894521308056
-19.345949768883333
-19.33712916911729
-19.33736445524692
-19.35195734765034
-19.363917989979328
-19.347241944310657
-19.358580841286113
-19.386031065406318
-19.376667220070885
-19.363383873885752
-19.365319970329594
-19.37059476650526
-19.36168322483749
-19.36620692525337
-19.348753651071245
-19.357380001554674
-19.363020096450658
-19.352470502890498
-19.369205387957745
-19.363126480713284
-19.35110912903511
-19.325724916779212
-19.34975341367986
-19.38339043432446
-19.386953542367806
-19.36675698950418
-19.345245244335928
-19.349255768611002
-19.347684182573435
-19.346977054009916
-19.383882511312667
-19.38847155754969
-19.364074867869775
-19.364824189810626
-19.366305748565775
-19.3679116169821
-19.36939932171098
-19.37004410907706
-19.3613721072086
-19.3610612508242
-19.362310615680983
-19.35932753970106
-19.347276783957067
-19.338588162862568
-19.347634355120373
-19.373113513134015
-19.37495280360823
-19.330981714721982
-19.358134888487236
-19.332728093099057
-19.308920951418752
-19.323896701932203
-19.32878840779569
-19.316367326735367
-19.310797516252634
-19.353574780664157
-19.33845060314465
-19.350092372739454
-19.3489608775574
-19.369261721198956
-19.375765872255176
-19.37500264698225
-19.384507511063887
-19.37625429269216
-19.36567124877002
-19.38933603899725
-19.39381768443093
