44.0
43.43148498835756
42.73622713559308
41.89507988892198
40.89979100149126
39.67945862945244
38.30700987678593
36.65902276451436
34.780637211718116
32.63721900240615
30.312429114023338
27.804669482320964
25.096613253500045
22.2633908544396
19.245903191985505
16.235565510692066
13.328451275018502
10.483269641121957
7.744673471315015
5.293413375499596
2.9290648691645944
0.7876201126398604
-1.1665794278849888
-2.9774670327510386
-4.562337316438626
-5.923816526827454
-7.205395815801765
-8.328848499009794
-9.265710132168763
-10.159041449584707
-10.878656180334437
-11.541320461229127
-12.142087869384946
-12.644409281628333
-13.09839492585825
-13.465448096542053
-13.822943458687485
-14.135530327275236
-14.427274119779424
-14.685546324243672
-14.893778304754964
-15.098821896131193
-15.32373958728568
-15.483852052084098
-15.642774864501988
-15.775659292894543
-15.885177429863983
-15.995705060937809
-16.12283961339604
-16.21523962955862
-16.30124276342346
-16.38088363830546
-16.461674887748046
-16.546215038123684
-16.609295743569533
-16.6627583992699
-16.729190280899935
-16.79028259397983
-16.845417553100937
-16.905448312352508
-16.957888332080348
-16.993525057015678
-17.057999362954106
-17.121910949821658
-17.17155231060295
-17.21300424956573
-17.25001442340357
-17.298594360036567
-17.358031806951626
-17.38638105427887
-17.40204354141255
-17.42610463396464
-17.44999954483788
-17.474411283093392
-17.520406495513537
-17.55111008213677
-17.577222876522846
-17.60747168072778
-17.639190086988602
-17.66177410169576
-17.660901786429697
-17.693381502551993
-17.730828730419343
-17.73739246313528
-17.764592023485022
-17.791727203081347
-17.805941897135735
-17.808141142938226
-17.84190644141801
-17.870714377561224
-17.894894823809032
-17.920191958271218
-17.927197208133233
-17.942240363029835
-17.950264583062992
-17.953505444690524
-17.971287666034804
-17.97344293905115
-17.9804181291773
-18.005504562724486
-18.027202593120528
-18.00625471618701
-18.022122990917662
-18.031109126408953
-18.05257470655727
-18.087971983500957
-18.079133798942998
-18.085593896339027
-18.112016499049325
-18.13234196503209
-18.163869405514383
-18.15799775960019
-18.15427308349751
-18.17224417622674
-18.19533249830044
-18.20073658829429
-18.208330282680468
-18.213840732216582
-18.208513056738134
-18.211938799737386
-18.227401995504
-18.22339132038842
-18.24038999819641
-18.25210873493103
-18.252523192547883
-18.25277629767782
-18.267419022764027
-18.285010193905723
-18.28264111533696
-18.28363599387803
-18.30594747865825
-18.321318954456164
-18.338983995953203
-18.3364030307537
-18.34434507864116
-18.354113748208846
-18.3697965356097
-18.376690318191937
-18.379570126433073
-18.407573427247165
-18.423252338783893
-18.404072139269807
-18.403560488813525
-18.3950367376528
-18.408060160719675
-18.42089627760117
-18.43453999461202
-18.437276597855398
-18.42807401038856
-18.439410561256995
-18.456471903161468
-18.464456607055393
-18.46688463421083
-18.48870455634915
-18.488616832849765
-18.506067984381804
-18.50544303295786
-18.51084639935461
-18.54475617884558
-18.549155091413695
-18.578142212035498
-18.594012271816396
-18.591841093451183
-18.615102181723035
-18.62985646814624
-18.632981024372846
-18.646379332114858
-18.656905086844358
-18.649615655844322
-18.65752444167294
-18.685489013247405
-18.67899546761356
-18.682295321078186
-18.686609625920266
-18.693615155203684
-18.68962825772406
-18.69170214270773
-18.710195493277617
-18.71025053557595
-18.736305563429635
-18.740002272236268
-18.738739138616133
-18.740327930131848
-18.75108688575923
-18.780586866178236
-18.794310380348175
-18.800902409429032
-18.816065297229784
-18.812465478763034
-18.826455143321972
-18.867614001915182
-18.876612897241813
-18.886554594959485
-18.885447949347242
-18.87699193776378
-18.863513483039803
-18.856165236176526
-18.84166139164026
-18.84791771020204
-18.838538851072855
-18.830191302297642
-18.85028434596221
-18.845967570897784
-18.854280871509893
-18.87135925409448
-18.891407850914035
-18.93850636308327
-18.953754103256045
-18.961739467794118
-18.973825117862713
-18.97290994411552
-18.978572951696496
-18.975837543072522
-18.99288636682921
-18.995656956264636
-19.016666136994225
-19.00187556276766
-19.00416506830131
-19.008755436863737
-19.008617458931976
-18.9989117452103
-19.012095497337853
-19.000594097276256
-18.993236308504077
-19.023625139640604
-19.04484056479796
-19.036916878441975
-19.03155181097107
-19.021669476817923
-19.024476434950746
-19.02831582028215
-19.041038237197778
-19.046786959710314
-19.076231586859873
-19.075365813611377
-19.09511918506276
-19.121020280609603
-19.14438401839154
-19.156881384302615
-19.14217975767121
-19.135640277299686
-19.16111741953662
-19.156586154867682
-19.17729185329613
-19.182349738975493
-19.189538383775094
-19.196524785073834
-19.209528117815353
-19.19350035704858
-19.22250142078723
-19.219391271962138
-19.214410906929874
-19.22631216335461
-19.236990687679963
-19.23595521186786
-19.221111228439778
-19.213058882487058
-19.19313847484507
-19.21904280521066
-19.23091020765461
-19.244132412343095
-19.24619541509136
-19.254937807782966
-19.249475020843654
-19.248197558110483
-19.27271629293983
-19.294810654764632
-19.300360084832583
-19.30133850447791
-19.308411533672974
-19.322830700288907
-19.326362245173527
-19.32551490740292
-19.341673898061526
-19.352832869511538
-19.372429935086647
-19.37723510316133
-19.351268977733433
-19.34938798224537
-19.360988169598166
-19.36966716258228
-19.3823775065953
-19.380156109304885
-19.375430532518333
-19.38350265491928
-19.392230519822093
-19.389365011268026
-19.427932104415387
-19.42868558138479
-19.419001419003834
-19.41272676690382
-19.434197507317414
-19.451064623171682
-19.456639264023757
-19.489579891083746
-19.50950670155106
-19.515631956139686
-19.488036324474123
-19.50652641517271
-19.509246485743464
-19.50046581944449
-19.510919321998912
-19.519367190521734
-19.509012040574
-19.490749683460034
-19.5358904765771
-19.546392145413996
-19.559772599857375
-19.546377905289088
-19.56532673352133
-19.56557088044238
-19.57589320020972
-19.589113416236664
-19.58566244025875
-19.591812660992066
-19.610363250913146
-19.616671385943974
-19.5984194127963
-19.588722969544154
-19.598802710837283
-19.611581035710575
-19.640400927856245
-19.639258593399152
-19.65870573875559
-19.672895321130728
-19.677269330724204
-19.68506190350839
-19.707581221224505
-19.717741143936266
-19.688181393193396
-19.69856477005005
-19.697252472905607
-19.702680614782018
-19.71723994822881
-19.717648725928363
-19.72523960713623
-19.74403576121795
-19.741792535618643
-19.727158831331153
-19.726323377950603
-19.733342717895944
-19.722524195175115
-19.714312433342926
-19.72927039247573
-19.74055101534103
-19.756927518363742
-19.798172038989225
-19.795965346406362
-19.819938358353223
-19.832976344757085
-19.825033093622157
-19.797294863500944
-19.805020639867518
-19.794164610016214
-19.80475629075088
-19.812672396156543
-19.822716579931953
-19.82563503863182
-19.852899486718815
-19.866122836375453
-19.884932255375695
-19.869286831277844
-19.856152444274734
-19.881410807994964
-19.86837122324713
-19.877448315746136
-19.86993843243517
-19.86542040085646
-19.881385533343604
-19.886709690632653
-19.87448584923504
-19.877625449362334
-19.87794664311929
-19.886143329068393
-19.90181902896658
-19.910044043693432
-19.92400114013337
-19.922232284691344
-19.902912485049633
-19.90874882210684
-19.908134825135956
-19.899394891603766
-19.90892340074772
-19.905859482631048
-19.921700431029546
-19.93617716644036
-19.95155850624639
-19.938722126053975
-19.94738428742997
-19.946846453249368
-19.940028215830786
-19.944088880090344
-19.955912819980014
-19.96840774298235
-19.983480116255695
-19.986913304295964
-19.998542541337194
-20.003183424441723
-19.992606575271317
-20.007786891024427
-20.027158359083
-20.02856467072732
-20.031104523784876
-20.03898607355031
-20.039273180129896
-20.045512351788762
-20.04696098105137
-20.055706755815223
-20.05380742074839
-20.091193545884003
-20.08388692181967
-20.09785397500098
-20.100925914189254
-20.081587452492073
-20.076234001308816
-20.086790121939597
-20.08890533346488
-20.100068330333283
-20.13135810952643
-20.089074400657136
-20.096745844832576
-20.10483969282427
-20.10516252473594
-20.094879138419476
-20.118263384830048
-20.11973806364572
-20.10184495265852
-20.118005179713805
-20.115461229863666
-20.135282308931558
-20.136309582948922
-20.133418761089747
-20.1272926824801
-20.135632130971217
-20.151265944631223
-20.143115204196164
-20.145901842765856
-20.14148050133124
-20.140515401921213
-20.13474173943671
-20.13791383473763
-20.12761927874517
-20.170602034300646
-20.195482998796308
-20.19226905774243
-20.198192208770983
-20.186635248772383
-20.17491624103765
-20.172686680163824
-20.18165179398733
-20.163944511680754
-20.166907020819565
-20.155558143978862
-20.188507041073624
-20.168157530543912
-20.17006619819569
-20.190677790164074
-20.203951596227927
-20.214054979618954
-20.203453485847085
-20.202673520242538
-20.202815123106735
-20.194094460536068
-20.207392025328474
-20.220746855940117
-20.2412413710725
-20.24334391854349
-20.24904504219693
-20.272012249929837
-20.27378814537845
-20.26515733338863
-20.248645839302785
-20.259753255070848
-20.24468042383606
-20.261152642900964
-20.28490826120366
-20.278110698209538
-20.28360088373565
-20.281536467134853
-20.294462919788526
-20.298460058991072
-20.319515017275037
-20.33677475649136
-20.33942991261447
-20.325670906573645
-20.344753358316954
-20.35172380901001
-20.33507223780294
-20.35718473540296
-20.340559535047323
-20.32810919276653
-20.32445560264826
-20.31967052483866
-20.312223560169812
-20.310748561749563
-20.327632350419282
-20.33151240442704
-20.333504048593515
-20.338273742800844
-20.34250506855316
-20.353780324925985
-20.36280954613047
-20.36610943058994
-20.35707147628335
-20.34251159211413
-20.34999223380061
-20.37446015257719
-20.386544246005588
-20.3960163231284
-20.41226205572647
-20.428328348594224
-20.428820238152003
-20.43207710193075
-20.42647562842436
-20.431028355840013
-20.416677848565865
-20.416871657467635
-20.42092504661782
-20.427684319106824
-20.416663814778154
-20.407197002101856
-20.412312765614
-20.39263578212993
-20.39923683988559
-20.378599190197324
-20.389844812563037
-20.392150505067914
-20.384338278655157
-20.404949962854136
-20.401175238509094
-20.371356000776064
-20.39451914927493
-20.396582128802653
-20.378205699485903
-20.379915013359618
-20.356035762669563
-20.377046801619475
-20.396934634072682
-20.41289486376522
-20.40986186378801
-20.395077060935268
-20.39696474453155
-20.41731398774027
-20.42070643289367
-20.42509949057104
-20.430801021675766
-20.41992527860472
-20.441780614496086
-20.452584774718936
-20.462343165459657
-20.45480020686564
-20.457328226975427
-20.47551519032628
-20.475171252328103
-20.47888558646627
-20.494342035386502
-20.482987940541847
-20.492228397022707
-20.496538023822445
-20.51241123165758
-20.521556744325533
-20.509570452975574
-20.51784748659873
-20.499642447709167
-20.487077174708126
-20.527375497691626
-20.546729493282516
-20.53905217670622
-20.54082096987187
-20.550650045211523
-20.552504069157457
-20.548492707798026
-20.56292231705624
-20.56457690317472
-20.58445468934777
-20.60083412644144
-20.60329869537443
-20.605434323489252
-20.60435097210871
-20.57890524812636
-20.592347119007687
-20.612051350586437
-20.59941411349496
-20.63238330499907
-20.600930350333044
-20.59700331129056
-20.625481268325437
-20.61242778924852
-20.61018874923195
-20.6140187550279
-20.60989501776778
-20.60193802823366
-20.593404937160933
-20.574490487362485
-20.585510967267542
-20.611623560612742
-20.602007870849082
-20.584004021173268
-20.60140633530958
-20.58417621438526
-20.595871569685926
-20.601386247717222
-20.60476188570617
-20.608596420870168
-20.59764652610455
-20.587182021270376
-20.60017463064429
-20.58378061524845
-20.577065274616114
-20.581325687994
-20.5905107473635
-20.612333949705164
-20.60705913650254
-20.612178922072594
-20.609891536565183
-20.61456436355751
-20.61410900580936
-20.617629832710154
-20.600729374044022
-20.613123351877014
-20.624428003891666
-20.64145198452904
-20.630614841821977
-20.638940167639625
-20.619645603269415
-20.610199887028287
-20.618047979102165
-20.61820803108503
-20.6183821600548
-20.608586542084627
-20.61031965602164
-20.609463234616403
-20.625448297608973
-20.61938840921573
-20.624253959408982
-20.62608005126443
-20.626825519173448
-20.619216495190134
-20.62095233214876
-20.612151914079703
-20.611718291855894
-20.611778919171513
-20.60668262519571
-20.630903911335402
-20.629485444608566
-20.634701746268036
-20.633084091717013
-20.606720217877363
-20.6301289202219
-20.63427943262305
-20.671229977636195
-20.669798531537655
-20.673350242790423
-20.68315228188889
-20.676533039629977
-20.683983027434472
-20.7000115722941
-20.715560162407744
-20.714244399946832
-20.699307212630956
-20.695016149797585
-20.66792183261319
-20.647169107876252
-20.652307222128137
-20.673588546563153
-20.696965303030243
-20.687550700425568
-20.732233320256277
-20.731401184494676
-20.730808068149837
-20.73402930981244
-20.725401215061975
-20.72239537966351
-20.733535753233955
-20.72797666183993
-20.742372927651
-20.75042911201952
-20.743187044116706
-20.75330085125796
-20.74597913218891
-20.749484388472023
-20.77446833753393
-20.77987746191164
-20.765785967490544
-20.764708654798945
-20.762562756856315
-20.744134557433778
-20.743933383439824
-20.756998309940652
-20.74359484714864
-20.74984031387615
-20.766445035103146
-20.78809134601602
-20.78503423422445
-20.786316243034214
-20.779443751171158
-20.769098865184993
-20.780195184788976
-20.78878072054803
-20.7637601508127
-20.76650899211513
-20.77523603161333
-20.802256121028112
-20.805253472395574
-20.822824325239765
-20.80155291100943
-20.791951116835335
-20.800811425389337
-20.78875581840432
-20.794147894115564
-20.797469524296343
-20.792786415523942
-20.78649029093902
-20.776536536832356
-20.787025723865266
-20.785904452627523
-20.793414775399846
-20.804568579088155
-20.781563254363714
-20.803455585371744
-20.80918731089767
-20.799803143959675
-20.794506691234833
-20.805712567503907
-20.811630350555706
-20.78489598925777
-20.778077647798526
-20.771126953678735
-20.776959525423475
-20.767616438129185
-20.788284414835434
-20.76571244772842
-20.759478514904153
-20.76628200484122
-20.789353039883004
-20.784398030527786
-20.75240025553293
-20.75233594512482
-20.739300220124765
-20.75320455339752
-20.755874173932334
-20.756597479574378
-20.776752693318898
-20.78273166878186
-20.77628144908459
-20.764448087424448
-20.76819263724181
-20.77618411363793
-20.768677760549444
-20.765980086429728
-20.789588999424286
-20.78266118463314
-20.764571776715126
-20.778461756798524
-20.78995278795993
-20.79726980584019
-20.792795545571156
-20.794325004309925
-20.808680199390558
-20.830192948508007
-20.828023300873706
-20.830870229560336
-20.837540258160633
-20.829820387778874
-20.84873226066416
-20.849577294991374
-20.864593502343926
-20.853261157889463
-20.838481473388292
-20.83320226266163
-20.831599311065098
-20.83692746373524
-20.856680813624514
-20.8353671675487
-20.82523924705109
-20.80187032387376
-20.807335716519123
-20.811297122205808
-20.811184520696383
-20.813887614576227
-20.820108201920686
-20.813498915109122
-20.823751884537252
-20.816586228785084
-20.81749365815328
-20.820137315339878
-20.812839595305288
-20.78786881215043
-20.7765115668463
-20.76266817216701
-20.770931943331604
-20.77256199348926
-20.79674995399325
-20.793401234653373
-20.787197560143948
-20.788071274600586
-20.776570774737884
-20.779134014161645
-20.791258753923657
-20.78958673499274
-20.796874753148288
-20.80411006590424
-20.80817203783793
-20.80403679201074
-20.794679944951906
-20.781524006783446
-20.777661081037156
-20.778581094181003
-20.79120446633486
-20.768362613057683
-20.774675321448548
-20.775294085502722
-20.772023908673077
-20.783242449785877
-20.76862351818876
-20.752717526679323
-20.78127346168095
-20.774760921987816
-20.784407453098556
-20.790179278569088
-20.810087733369084
-20.80668699513069
-20.81457680135529
-20.79476138872112
-20.80124483362646
-20.803499933298415
-20.807495002521296
-20.803525873928663
-20.798767878318348
-20.787031257342232
-20.79798370237728
-20.792429071115052
-20.81631558217079
-20.8441469471909
-20.811468543241546
-20.80049668461541
-20.819398179101455
-20.792789224845396
-20.778347208952262
-20.77291428113541
-20.794839967193308
-20.792077188947864
-20.79064658882685
-20.80722565233381
-20.821219067958527
-20.837970631573402
-20.822228714610272
-20.83134681875204
-20.82215106929496
-20.840211549745817
-20.841011686969566
-20.846788501134643
-20.848669195758717
-20.84614827929194
-20.832774606537992
-20.829388728792694
-20.826781233596336
-20.84114437639097
-20.82656535009608
-20.816000266098264
-20.816790745824246
-20.82921123403047
-20.838386700440672
-20.871474004464048
-20.869929179638437
-20.87053153907065
-20.858124031168618
-20.87212608401753
-20.87565517380877
-20.866431392083832
-20.88285819592836
-20.873775796392156
-20.849822111204507
-20.843030855288486
-20.809858747766288
-20.78695525891804
-20.790889602226862
-20.8002522075888
-20.803079025809357
-20.81101503090282
-20.800365141675275
-20.795399916527945
-20.79649130656583
-20.773899465839513
-20.77526294863489
-20.77071234657103
-20.79497874226308
-20.809795269293264
-20.793488547180438
-20.790171184196826
-20.79098389462817
-20.809557295540277
-20.799502338600412
-20.834385312334767
-20.839869799991163
-20.83544008623932
-20.858728078858363
-20.86169759392992
-20.857568373933706
-20.880266698942695
-20.896590546127587
-20.890365510024708
-20.87565765230298
-20.877597217931257
-20.88497102657863
-20.89275257477789
-20.906202262543207
-20.898471238638685
-20.89529477014994
-20.881145082097113
-20.877574802290834
-20.869394004856893
-20.850904512877875
-20.842890073064495
-20.841607752880098
-20.83631248025522
-20.847629647265496
-20.831616065769932
-20.832821577650527
-20.838078361284417
-20.8471460432628
-20.819157311390118
-20.82489194887967
-20.824102954138525
-20.83849335200037
-20.85546228994927
-20.847657672306784
-20.842977510865108
-20.859157785831584
-20.879527899090814
-20.87984502281221
-20.883536679813176
-20.881260668080525
-20.878325221331156
-20.869668125994256
-20.877341737048553
-20.868917037328345
-20.840038834629077
-20.838202676328216
-20.837661527936703
-20.82291427611616
-20.815546078889938
-20.83486370263322
-20.827084031004254
-20.841036860711252
-20.845399735778795
-20.85877843777715
-20.87445951207046
-20.880850863898377
-20.89006803644783
-20.883876921850888
-20.87916634138609
-20.86567288642503
-20.874173389334818
-20.86830022339136
-20.847421810907605
-20.853629490242607
-20.848052661562182
-20.84789045046846
-20.862434418806462
-20.857177223300226
-20.871687631846314
-20.895785972289968
-20.882088190471368
-20.885487833065884
-20.87674882102335
-20.86252463091417
-20.84718972755118
-20.84464638056093
-20.840343578854494
-20.814756307207908
-20.804102705320425
-20.79378864761957
-20.815439079656365
-20.841981399342945
-20.853342552015
-20.844664322690107
-20.848876576444102
-20.84603769438798
-20.844761445825593
-20.856357399140524
-20.830902562661027
-20.824769619317934
-20.8394980652797
-20.838233313730928
-20.85282462794597
-20.84595164867257
-20.843199431432538
-20.839977712679964
-20.83424511102077
-20.848312674072353
-20.85810016119529
-20.86172717453501
-20.870989577502566
-20.882444435524903
-20.89082466468423
-20.89305241586882
-20.8789895234178
-20.866623887836948
-20.85146693001849
-20.811138750762506
