44.0
43.303231171939956
42.4696482776592
41.45055649140334
40.24721296777904
38.86356102982958
37.22868294083486
35.39393106670875
33.2602994120155
30.854275635956608
28.301326506510026
25.521113296377823
22.727550852852108
19.889543852404636
17.003835481746854
14.112283835032075
11.362502128513569
8.600468633402684
6.0991488131900065
3.7071625677831723
1.4599718096694372
-0.5157613715751171
-2.2530583994476836
-3.844734649956004
-5.267712034466654
-6.570338600748597
-7.699309897953499
-8.726079175816661
-9.607358874500727
-10.401225234712076
-11.099194134259616
-11.706964976516014
-12.220078649010384
-12.686146988063696
-13.063705405217814
-13.422638849628024
-13.72695517191604
-14.01433718989055
-14.258354510063885
-14.498109789597514
-14.734210789545104
-14.916057149468607
-15.09883317471819
-15.29097074603578
-15.439979406389975
-15.587509578007758
-15.677149156470662
-15.774828575192648
-15.85037829309875
-15.925542775506074
-15.993617238268397
-16.07535010851342
-16.147938656474135
-16.196694040548753
-16.249192384284413
-16.32304230851693
-16.36768233675713
-16.394714672085726
-16.45186697953285
-16.502369862371086
-16.542209464410146
-16.59122726354086
-16.638654599119093
-16.706058305676745
-16.74797626953589
-16.795016650720008
-16.832906071046533
-16.864624209644504
-16.88844085287329
-16.937825829403597
-16.963472071150807
-16.978502624898745
-17.02181211211681
-17.041250911573282
-17.054849404327715
-17.093671780638896
-17.134354906135673
-17.1579781587149
-17.150128219961235
-17.162075417124168
-17.16501616102209
-17.18878538113211
-17.213363518565096
-17.24216211217188
-17.245229180307824
-17.26119264304897
-17.275629599339467
-17.30785423481892
-17.297082676972355
-17.288230506384345
-17.293039885444358
-17.30474296113806
-17.328151861835238
-17.358263902244527
-17.371165686999767
-17.380206933811493
-17.390793702075957
-17.425985990886502
-17.437777025565286
-17.46122513538568
-17.48732666555216
-17.478927435459227
-17.5083755509437
-17.51942651774606
-17.503985131606953
-17.533327977815663
-17.552231911298588
-17.55993261537114
-17.564718147983694
-17.557213535330646
-17.57734841053087
-17.57452441694882
-17.598877161877525
-17.59393266321919
-17.5796937127998
-17.5730420349859
-17.580399354291682
-17.597101762497175
-17.600561156045185
-17.619696237908112
-17.609356202623886
-17.634014662124102
-17.629701917630957
-17.6451190135243
-17.64601365959419
-17.665354418795587
-17.667476506813507
-17.682695450140262
-17.69041973458082
-17.690606323296386
-17.683907988493523
-17.698544040157184
-17.70278966611088
-17.704231201128742
-17.719100942910142
-17.73789920722651
-17.75560664782488
-17.777154449045494
-17.794506839507815
-17.790741879473266
-17.762568247870977
-17.81094937031221
-17.844047818904258
-17.841387040298272
-17.835889233847247
-17.8342223632161
-17.83297858254259
-17.82685054685942
-17.829778928996934
-17.845978512389678
-17.84939311595818
-17.84882201797458
-17.876861088555536
-17.898203779802724
-17.882468354805727
-17.896420072816763
-17.90339747038811
-17.91562351149751
-17.911969256487804
-17.888163281053462
-17.897244619428573
-17.905184752092044
-17.91135709930404
-17.91467840500919
-17.928757861612198
-17.91790553144193
-17.908264909840046
-17.92797263171622
-17.922900455181612
-17.942580312312916
-17.96368150237677
-17.96887848193764
-17.976158588408797
-17.980148320914704
-17.990058263539193
-17.983771039560864
-18.006650810864517
-18.01243328030331
-17.993380831915662
-18.020777014692207
-18.016044082634846
-18.00382226925934
-18.023828086036104
-18.025159528196454
-18.022770951526194
-18.02080770908678
-18.033650818405604
-18.036825170565574
-18.03415007690037
-18.048284456990867
-18.071456699346548
-18.05431809817948
-18.046811758309723
-18.057252539177785
-18.077492816865963
-18.089818509568918
-18.082351080280123
-18.078986294228404
-18.076666312753833
-18.07997640366059
-18.067079442359812
-18.068983692246245
-18.070791105076193
-18.040793019638866
-18.056119593286997
-18.058707189871296
-18.070056571997522
-18.054539749704052
-18.048641012236782
-18.077716750008317
-18.087600952390588
-18.10747693914199
-18.094893876398178
-18.103374222696743
-18.113886766433815
-18.133905283167202
-18.107693752535557
-18.09937014318346
-18.118422815647257
-18.116075542634036
-18.11116457911619
-18.11018938750337
-18.12214820636226
-18.125047576897266
-18.103413870232657
-18.14393011794612
-18.163592561146977
-18.17921338208936
-18.179552365206423
-18.16993224822504
-18.17271942381525
-18.14108543770717
-18.131546253333298
-18.13702443063718
-18.14043774539665
-18.17426103290488
-18.153863713854797
-18.170663316125033
-18.198774400445917
-18.18755665995872
-18.189219902561238
-18.186465407066418
-18.15743816361144
-18.17037534170202
-18.183194944550234
-18.179384143447532
-18.16174749667402
-18.18097856849929
-18.17299398657442
-18.193603049480977
-18.191534895808612
-18.202673829733044
-18.21741236149337
-18.223786531927114
-18.223414913281797
-18.259824140280962
-18.273845742413346
-18.284342287002257
-18.269466827710172
-18.27879470192262
-18.275700236825895
-18.276933166965822
-18.269202701642445
-18.286931552614025
-18.270886195047844
-18.267346793118225
-18.312308159797322
-18.317017586306466
-18.33197121788539
-18.318962267827814
-18.353710038582847
-18.367170045801068
-18.389610865657993
-18.395690126390026
-18.385061436278935
-18.4036194860056
-18.426009234843733
-18.43211375297469
-18.41972014983109
-18.410942201796267
-18.428597700719052
-18.421910324834407
-18.436876260810696
-18.43074856277758
-18.433098564716875
-18.420143060982078
-18.41960171659759
-18.45498929570491
-18.455376371154873
-18.4601020079293
-18.452805873055805
-18.462773216737194
-18.470672340347484
-18.48290515515696
-18.47689790435105
-18.501661117330933
-18.5064351381978
-18.51047832280196
-18.51301273388545
-18.526255434094736
-18.544946156356577
-18.504536213786402
-18.516276735760005
-18.533699901489648
-18.529976857619857
-18.525833627766506
-18.523835663395356
-18.52520518184163
-18.53461227311144
-18.554240431424088
-18.556349031717765
-18.558750467075846
-18.573038839469444
-18.602429120095696
-18.60895566601194
-18.598231587786554
-18.599811406754657
-18.59285675958064
-18.592984151527652
-18.59903360161948
-18.617795997739783
-18.620886593275273
-18.63347107881421
-18.633606647587982
-18.64571861811351
-18.64621971227663
-18.665556066786458
-18.683570260346794
-18.664505098365677
-18.674030061937223
-18.64274280207373
-18.614973977021663
-18.639209057516897
-18.617637633214674
-18.597543350545404
-18.61696388902907
-18.61016256260622
-18.625764816624034
-18.66234748176743
-18.654726807538115
-18.66083855428303
-18.67053174590954
-18.69034408578205
-18.662725998362976
-18.65921764660898
-18.661909632631982
-18.64999882975673
-18.649046587485362
-18.671301233657164
-18.676820775917655
-18.706263274957465
-18.680732599931186
-18.70561916200749
-18.70572087785746
-18.713059492255404
-18.697633013487177
-18.697862100160076
-18.69223896039428
-18.706338127107706
-18.723277836077546
-18.72263025327538
-18.72116737247798
-18.71010261082253
-18.720522175114002
-18.69797391590416
-18.708226697056432
-18.684262083848306
-18.687873878568187
-18.709987572765424
-18.728223425858765
-18.73186144730102
-18.732845769868963
-18.75061783974876
-18.780748353434785
-18.780744017550585
-18.77827081598942
-18.745650208079958
-18.76995429306043
-18.775433745165486
-18.783266597677986
-18.761341922385753
-18.782456985035363
-18.809496552778782
-18.82777597599004
-18.83136075552783
-18.845687167410517
-18.866034430229345
-18.878808014409607
-18.873032642691843
-18.914012949744926
-18.912297352887357
-18.8798997691669
-18.883822537210406
-18.873747842444963
-18.889926429832094
-18.886617843951786
-18.89540899116128
-18.914694378302887
-18.915639457231688
-18.920206001550987
-18.925637423545375
-18.94183094033681
-18.95091270562669
-18.93005094087052
-18.951235501325247
-18.937923496899135
-18.915193215212945
-18.925154770639587
-18.933960710160488
-18.927952461250182
-18.951161093618392
-18.93181260351663
-18.937466923731225
-18.91637015870358
-18.922869874178083
-18.93118405694752
-18.907953736892964
-18.89893807806134
-18.889389004387485
-18.916986139763484
-18.89793870883732
-18.895131216737308
-18.908428949386014
-18.936256573569068
-18.952078800775777
-18.937690473893866
-18.918748896588617
-18.926295126920454
-18.936921394069937
-18.92940311549978
-18.91190087995419
-18.892400435681576
-18.91453858550972
-18.895127660139988
-18.890566393881574
-18.908598510838804
-18.907808901009886
-18.913826434538123
-18.89327229973506
-18.879278417328642
-18.883257747474065
-18.903410906799948
-18.905124872090212
-18.90669606975407
-18.904297807140956
-18.913393475574036
-18.916191699952535
-18.92049053502407
-18.95026448071668
-18.967238899509614
-18.949384041126148
-18.934754663701398
-18.95286034205252
-18.95984665001429
-18.974486187755076
-19.01012637013688
-18.990489871966712
-18.990845778368
-19.003880081363654
-19.013106947792387
-18.99367813624133
-18.99845157088335
-19.007694463794152
-18.991713203948958
-18.98937461358053
-18.97201048180013
-19.009338196025187
-19.01030748366064
-19.009842935319995
-18.98449365511114
-19.005816419691065
-19.01729722582443
-18.999282720267647
-19.0034159952112
-19.032727260145645
-19.02131363650411
-18.989671553290997
-19.000119006445665
-18.9970181163878
-19.012071651523158
-19.02775470007843
-19.026882820305794
-19.018288477687495
-19.035988888768458
-19.066014291547305
-19.058100328221357
-19.054217220372607
-19.04214270259146
-19.041948971170967
-19.053337821952265
-19.072064184210596
-19.101810839210337
-19.11889800573579
-19.120486337638994
-19.11724057165084
-19.123192316025143
-19.127556995753167
-19.12972806083193
-19.12747911870657
-19.127450988105704
-19.12401101447162
-19.12170692575641
-19.126682424902473
-19.111353361303205
-19.126938089751867
-19.119625974043615
-19.119332386691482
-19.12205821555703
-19.125425165227078
-19.113533337779064
-19.12633703931575
-19.09609465935931
-19.104219708059954
-19.110685400773207
-19.12579119331778
-19.146174000779077
-19.141625260004393
-19.135482263918767
-19.15503792567968
-19.16738215379456
-19.18671562093367
-19.18010333984894
-19.170832977005745
-19.15930841406494
-19.156425676886794
-19.134098948332632
-19.13330488735337
-19.14423936334161
-19.15072989605716
-19.148637787526972
-19.152825018936188
-19.14780809568164
-19.186092854862206
-19.16852802000513
-19.17837833845187
-19.202158935714664
-19.219431773738968
-19.232821336396576
-19.242561317501632
-19.23963808669866
-19.266813997949626
-19.273734212526453
-19.28403343021553
-19.28786656688766
-19.267893449578008
-19.264192574300072
-19.251745808056167
-19.261855620582242
-19.270934049280193
-19.264950862833057
-19.267216204997457
-19.255024884342667
-19.24301944894507
-19.244392064471047
-19.246345903033255
-19.246913012768218
-19.26194470237529
-19.264697374221296
-19.26003123872866
-19.308737087646765
-19.327374147203766
-19.31825697749523
-19.33484059738282
-19.34753312687511
-19.34743351555402
-19.347576859035286
-19.35694654358992
-19.362693498761406
-19.359921497506367
-19.354463005383998
-19.332610753178425
-19.299903264322538
-19.30952977514496
-19.34250578935139
-19.371500536604366
-19.359304922477936
-19.31927601504344
-19.300902205462425
-19.315213270036807
-19.313875875747907
-19.310222958797976
-19.308411020949528
-19.3050433460104
-19.304835176758868
-19.26523359797416
-19.27762019208314
-19.290880874060832
-19.3007264933412
-19.32499611709549
-19.326837236674884
-19.33553310441924
-19.31992570778475
-19.3158745060937
-19.33314132387817
-19.351630673958123
-19.357921451955335
-19.37786062646506
-19.38890869690721
-19.388872133478678
-19.39158272377955
-19.39010177172223
-19.416881473091607
-19.404869732976046
-19.3978530356608
-19.41376975490387
-19.41518648382786
-19.393954740358573
-19.4104086522212
-19.402196013345122
-19.429966581268282
-19.417925927067678
-19.404826527148494
-19.40271917807376
-19.42628611352464
-19.44665413835873
-19.4235760092722
-19.42546111344807
-19.42268701050539
-19.43021124767014
-19.424371499330846
-19.435645750590094
-19.466903429506328
-19.490975565018452
-19.49871004242538
-19.51837750013502
-19.51464041696749
-19.500673693100968
-19.529227710063243
-19.50678249431014
-19.49885882246322
-19.51177483164063
-19.52493046758466
-19.504582576136986
-19.511115769222258
-19.522618120051806
-19.525990604152863
-19.525667701254914
-19.528434336354653
-19.52198465486917
-19.514904525787085
-19.508193759208474
-19.533344961281056
-19.513972393865068
-19.520761498162937
-19.513086830976903
-19.509273355815164
-19.495725329919846
-19.50014921691988
-19.514136537801416
-19.50813260770468
-19.50921418065689
-19.513368206460463
-19.508443333027866
-19.511557890090213
-19.524823879108055
-19.53676452451883
-19.56589286013444
-19.578548695696846
-19.567963483523915
-19.5586060964444
-19.550220346585604
-19.511499598239784
-19.487163805824654
-19.46571272937132
-19.481299362988942
-19.45024218249936
-19.476285560646776
-19.486571790864947
-19.465151973863613
-19.47062859666172
-19.466734594337304
-19.45724809516602
-19.50197599056104
-19.50178995626915
-19.51003539714616
-19.507776752409406
-19.54295729008328
-19.554562396707016
-19.54171633504263
-19.568234418704535
-19.5568224533324
-19.574812244479592
-19.605919450902167
-19.611735480913584
-19.61499642881435
-19.626567837082703
-19.63764459825893
-19.622234936854557
-19.616897936241582
-19.624917738900095
-19.600768460763817
-19.602019969550465
-19.59586330191868
-19.616323797440458
-19.623483519089007
-19.61080518779703
-19.602774193803643
-19.62037408313481
-19.618448176888617
-19.611137613956174
-19.62435619159378
-19.611451173199203
-19.62705652742335
-19.62286830263334
-19.62714933997358
-19.62660260007107
-19.62004645278911
-19.652211942338774
-19.636210033934084
-19.65212364896665
-19.657347843771994
-19.657764077041058
-19.628453565320434
-19.641648350333483
-19.617269537544786
-19.64202423206833
-19.620667532800937
-19.629995899271584
-19.622695652777583
-19.632830771861226
-19.68260269354265
-19.66220464277796
-19.63399719805005
-19.62826217729001
-19.613963089359373
-19.595124850276093
-19.602030492235606
-19.608235797494377
-19.617053138165954
-19.605288209703364
-19.58767263808861
-19.609128716000814
-19.600234146544416
-19.60721526005888
-19.59556960262598
-19.575809590988822
-19.584431652355423
-19.587414605187305
-19.59640801523595
-19.588938028332908
-19.604225956531568
-19.5839523367004
-19.574786045563815
-19.5967574834835
-19.60377273915428
-19.606640063855195
-19.6251848703901
-19.626051696557692
-19.621630054644914
-19.63783784991203
-19.62895786685337
-19.649010617052728
-19.675135631979213
-19.667298686721967
-19.644722060456232
-19.6332004462048
-19.62866074595988
-19.645101948729923
-19.635316812858445
-19.658428541631196
-19.652721896981603
-19.638575183257203
-19.64057660145069
-19.621361791304793
-19.638033243733084
-19.637153540449688
-19.654690742141188
-19.658186939329536
-19.64809397937159
-19.630332000477523
-19.64233312583981
-19.642510090623727
-19.634399764426334
-19.637956128039697
-19.62015834802568
-19.628499780490834
-19.629707401882303
-19.636282550590447
-19.647305124934537
-19.65639049803187
-19.646586659746188
-19.66194080514381
-19.66252825105061
-19.65149741631705
-19.692307573524708
-19.712600710744525
-19.695023085577635
-19.67091624438322
-19.667376549629115
-19.696886256037033
-19.673861743628148
-19.65845088784935
-19.661623985242002
-19.67097072423915
-19.657087594198536
-19.64866464151111
-19.63272211701179
-19.665266299527442
-19.651976014420697
-19.664733210605892
-19.661370198864038
-19.631121301060542
-19.623269893592067
-19.606891957356606
-19.590872634794447
-19.557177114156076
-19.52867696083312
-19.564364145832087
-19.551027379135117
-19.538120742045596
-19.527051307632593
-19.557854080224626
-19.563582497601622
-19.56809434568726
-19.562968948815506
-19.593834008195813
-19.57969223518751
-19.562172434496297
-19.578786733891334
-19.588330367483366
-19.589752704472307
-19.587966134004184
-19.596875965097848
-19.633082840374577
-19.616103090650743
-19.622478684978944
-19.632905760287883
-19.604343027828328
-19.618999733473213
-19.615444990513964
-19.606621251005258
-19.63597823883293
-19.624703426680743
-19.632768660177394
-19.64162547712807
-19.663395174183204
-19.648240743922965
-19.63911593349405
-19.66350701140491
-19.663509942108206
-19.688156326005746
-19.663580114954925
-19.673091460903656
-19.655489521629335
-19.643751825131538
-19.67068102822961
-19.675939706956772
-19.69266279183483
-19.71125227606924
-19.703846972632178
-19.70311429360729
-19.68815273323099
-19.70778444356436
-19.713230798330727
-19.73811363387135
-19.748785064847148
-19.752625252177207
-19.742692846545484
-19.740561684207467
-19.741118058900447
-19.73759692943881
-19.733986802760583
-19.733422206789392
-19.706728893461236
-19.706997290653355
-19.70212267541267
-19.692005475409907
-19.688905293643824
-19.70129153931682
-19.719434943779696
-19.70677628193937
-19.69580367449262
-19.695836227848655
-19.712489952687527
-19.716129395064296
-19.734279616241828
-19.74404490154177
-19.741729286929573
-19.72712117337132
-19.717449485348688
-19.75058779126141
-19.7468590612675
-19.737031132325047
-19.752995533199012
-19.751265689699572
-19.783520178682025
-19.769531529569353
-19.78502749476692
-19.76171342824655
-19.76272447395753
-19.756760039720895
-19.783980647139558
-19.769912273954787
-19.76520959032374
-19.769149632569192
-19.769222975162265
-19.7728678029077
-19.78962748126762
-19.81273235543256
-19.80610915853919
-19.78289939570691
-19.780606128671973
-19.79340211715934
-19.77816998103501
-19.777098593063723
-19.79038067856989
-19.805050868882763
-19.79865049879323
-19.809029590412532
-19.80108897325414
-19.809225828468758
-19.82133345969246
-19.83133349918868
-19.836424162451348
-19.838114016910406
-19.82715065296462
-19.813096053900384
-19.81256508910526
-19.802521374963597
-19.80066736476134
-19.804141615466506
-19.784441072826482
-19.795458083753793
-19.78996385688735
-19.786220436543235
-19.777365775691024
-19.780336208256166
-19.78869424575759
-19.785651681022035
-19.829069292209805
-19.836612155201603
-19.848810263339367
-19.835381999526916
-19.82208088018292
-19.795835254471253
-19.799583290362552
-19.821346918567464
-19.84091572467045
-19.822642433913348
-19.835052052318314
-19.837018992069222
-19.802489864177
-19.789406871220542
-19.77902577404431
-19.765793696662247
-19.788199101491287
-19.780412494261416
-19.806139166891963
-19.81778460989218
-19.8160734617356
-19.82593910171481
-19.802758521639078
-19.834197903454157
-19.825316090573466
-19.828827197318724
-19.815989173305322
-19.83893402342388
-19.855730344885227
-19.854804063785537
-19.860233530992126
-19.85804447102772
-19.863709927769246
-19.866705779293245
-19.880075135921835
-19.85202926375409
-19.84595357700362
-19.860932833464044
-19.858492698087
-19.832678769266728
-19.85581473466039
-19.833838382530182
-19.83190597904427
-19.864963400363905
-19.866636863578773
-19.87703629279969
-19.880301200351255
-19.896328371563907
-19.899881249391544
-19.90078484601729
-19.904340659566454
-19.88371346279203
-19.897850964254772
-19.892930620558612
-19.890461980913408
-19.93130513872252
-19.92750504477491
-19.93005636877304
-19.931632204287894
-19.964362893312067
-19.959077502564398
-19.975201035723618
-19.950612825287067
-19.952669878156136
-19.967260731169848
-19.9610060187554
-19.953943163120048
-19.962888061678324
-19.97747323268313
-19.961369798625057
-19.966736956402983
-19.962724299624487
