44.0
43.51472420085657
42.90779100631243
42.17409218318945
41.27429229641534
40.16664804260327
38.91685558268861
37.44177594750431
35.756662345057286
33.79084416594858
31.569463678515913
29.18132620345765
26.653141138458146
23.949847305407985
21.083322444873648
18.188897420110283
15.302484373518453
12.417058318505104
9.65367048439789
6.948214285144529
4.52154306686805
2.129044593049177
-0.007982329001679382
-1.9423357012927067
-3.6534928647382885
-5.149677935259301
-6.563111081319738
-7.736288129854707
-8.82994742655032
-9.753761764199364
-10.591026648267126
-11.324604347246812
-11.98207598144812
-12.564344350871181
-13.086892236181251
-13.497361497813833
-13.878513651172684
-14.202698122333144
-14.511106993794469
-14.78980030218962
-15.02901834727149
-15.275738852424045
-15.463845502133672
-15.610656244707258
-15.800738905144987
-15.95945498771491
-16.110325213169798
-16.227305230895446
-16.327534258075175
-16.425736184058284
-16.551329594802812
-16.656650956288324
-16.740053518593275
-16.814538069489995
-16.90981243000468
-16.974283271412265
-17.035578658631295
-17.094674787022935
-17.15371547632085
-17.22227596059686
-17.27327937159809
-17.305555560214618
-17.34667118221491
-17.414995289833275
-17.461606612490876
-17.526878128442704
-17.569077534298458
-17.63481269323717
-17.66462121853261
-17.715167939678157
-17.741026301780067
-17.779814738577077
-17.809755749768296
-17.84415324869982
-17.863922594796517
-17.886867535254435
-17.91326688400656
-17.94771701652998
-17.979435098371997
-18.01290867897131
-18.038227168635437
-18.062298890356576
-18.072841535295787
-18.104179167907642
-18.117171466541418
-18.127582413721612
-18.130082201908557
-18.158276988844293
-18.178126044483943
-18.19866451307065
-18.215868844397704
-18.234468108188377
-18.25816989670043
-18.26067623360382
-18.28643529663164
-18.304132722836428
-18.332516127304718
-18.367910584990778
-18.39192999772105
-18.407596183803257
-18.433756169793927
-18.440081785166036
-18.470666239771674
-18.479037752174236
-18.492917873013273
-18.504127522755017
-18.52674336050495
-18.545899118081817
-18.555133377713442
-18.56545364582408
-18.57427469624434
-18.603762687378225
-18.6088633163171
-18.610374803626673
-18.64302105100144
-18.65424586926757
-18.66740513459755
-18.692662858338213
-18.706171534924927
-18.72563550189791
-18.72975357072363
-18.736724501699317
-18.750881414229106
-18.75849589956028
-18.76345243306839
-18.777481101476912
-18.787620020045544
-18.80444679486817
-18.805934277652998
-18.82659876468875
-18.825920034436702
-18.83767490675772
-18.843892408345845
-18.85312094482617
-18.849467881196702
-18.857479859987688
-18.882355359415193
-18.89390898063223
-18.882950336768697
-18.89594809588414
-18.914427833107446
-18.921984105211653
-18.93926687128915
-18.941268745385084
-18.95268151927734
-18.951288979363635
-18.96759321805664
-18.988570701580596
-18.986872474224654
-18.986607433060893
-18.99114717959057
-19.01788905928581
-19.008323858831538
-19.028951862850285
-19.0257761668059
-19.048054716452164
-19.055085792465714
-19.07222081572056
-19.08734000818864
-19.10540847543814
-19.109192353507908
-19.11339601494688
-19.130987740709344
-19.149917488325542
-19.16209532963689
-19.184441133868173
-19.1825370672455
-19.202405271678042
-19.201719956335037
-19.204293349555837
-19.19982949940537
-19.201812292634738
-19.21122203435061
-19.22776842230388
-19.2197344544505
-19.231609865568267
-19.22949525106588
-19.225997239583226
-19.256932027129643
-19.273874234889238
-19.27034798975073
-19.276183108815644
-19.29352294255315
-19.289412133802678
-19.291258128774395
-19.302750326106
-19.30312507004556
-19.301979294106182
-19.31417039448379
-19.328270419914038
-19.330714853118472
-19.34682349242653
-19.364878923945568
-19.373674025749654
-19.387226199548277
-19.384101504352262
-19.396506037733854
-19.414017027131074
-19.39649816026434
-19.439616283366732
-19.449129759209193
-19.463454955908823
-19.458446225436013
-19.46975547491664
-19.477769255982377
-19.47470387424081
-19.483495572731396
-19.510789771971826
-19.510271351078824
-19.492861212203277
-19.515065933751632
-19.555312602366683
-19.55816490453111
-19.565419928218912
-19.57094136191323
-19.571496094947918
-19.563466206686936
-19.592732467077088
-19.58690636757004
-19.61341736840288
-19.61807724769838
-19.62969103259999
-19.625102444892416
-19.636524284353403
-19.658046771273664
-19.672930944839607
-19.678525833742537
-19.677406338507474
-19.69190387394401
-19.682431187263997
-19.6887992672644
-19.70241505583373
-19.71708916570829
-19.750048822777323
-19.750581709875224
-19.755124113405273
-19.762208122712963
-19.762905188401113
-19.75737894247901
-19.759387660768883
-19.79424072052046
-19.796025899756874
-19.797983828922764
-19.810812492083603
-19.812027151216174
-19.82391715156933
-19.828820799770387
-19.829052552839833
-19.836258972159385
-19.834712281101954
-19.84631321715388
-19.848775994004626
-19.85672807932529
-19.868586446086567
-19.882882766060153
-19.86791249608577
-19.888895174027045
-19.897751097099786
-19.9021760327509
-19.896602778007892
-19.890148792720094
-19.917751889162055
-19.952841598222424
-19.956994048842187
-19.946602749245255
-19.961988844892186
-19.987202328851
-19.972636568795608
-19.968284856937878
-19.96027709498615
-19.960627955347697
-19.971927865730457
-19.984209589271163
-19.97253264014392
-19.992303877383073
-20.001398583764242
-20.014067181192573
-20.018395449143686
-20.032838253962314
-20.061682938076952
-20.08075688851508
-20.07904299272666
-20.07871486723949
-20.058074405834336
-20.071544650062755
-20.07235629164545
-20.070971302550827
-20.062455463265213
-20.05942738077782
-20.07943919702625
-20.109627109760236
-20.12848904475925
-20.13938359959507
-20.151585509324175
-20.142182338392207
-20.142859034752927
-20.150893639473647
-20.166267976124505
-20.176019777537086
-20.17478663634236
-20.196028980761643
-20.202854561748193
-20.21442320446388
-20.224081013207527
-20.231320725055667
-20.225669157297364
-20.225516406114707
-20.224397334058963
-20.227782811997816
-20.244272311060875
-20.242140323784515
-20.253427042366155
-20.26762609785834
-20.275505952875474
-20.286675181588574
-20.291010168176165
-20.28330397609993
-20.28408808893129
-20.296963960201474
-20.299113044424832
-20.319879086281027
-20.317876976762562
-20.33026942360762
-20.32831771069172
-20.346133897553653
-20.344694833964688
-20.358853012712395
-20.362912274502257
-20.375390870528648
-20.39629952987315
-20.385097427807885
-20.387219096804824
-20.41203865924337
-20.433688426724096
-20.44020951706951
-20.43567082701348
-20.42713829800764
-20.436817776468658
-20.441985258713014
-20.4422075381525
-20.437044252067423
-20.4451688916026
-20.437439085216564
-20.449510601562896
-20.455350288653275
-20.45394756152269
-20.446609376366936
-20.452331869351113
-20.472229954221902
-20.472131035591488
-20.46963813748945
-20.46981086163287
-20.47908790791907
-20.46418835507118
-20.475087536414378
-20.479302559150078
-20.49243741554883
-20.508888860608153
-20.526380686787984
-20.52485109211371
-20.529576154822614
-20.54533169950588
-20.554169897154168
-20.552036945206268
-20.552098594678515
-20.56166527041525
-20.580946469661857
-20.57374200537173
-20.59597396683421
-20.586028170956162
-20.59330537029052
-20.60278191806619
-20.61982811350527
-20.63220771403293
-20.62448199170171
-20.629487722474952
-20.64705295248717
-20.652811097901882
-20.66598384108626
-20.675495746085513
-20.682695563670936
-20.70963422253484
-20.696935173668777
-20.701003236693285
-20.691783677559386
-20.68601856547292
-20.7001134902196
-20.700562049766006
-20.710225287771056
-20.722756722567077
-20.717359698874247
-20.72859121396661
-20.726058339595596
-20.73527733068883
-20.758489066298303
-20.7549432127268
-20.767223244884963
-20.759905818593353
-20.773059140858134
-20.782253586153043
-20.787845311459158
-20.787115294611105
-20.793601531621878
-20.793069724651716
-20.791979383376948
-20.8196696640647
-20.830575265075638
-20.85058093188962
-20.847148967514336
-20.8591971648201
-20.85589413204231
-20.834350224012148
-20.84043806669036
-20.846379657308418
-20.846522559161492
-20.837389800754874
-20.835530309541387
-20.841683306698332
-20.828013765158754
-20.824144435759308
-20.822147528137233
-20.828723490744313
-20.838270979990515
-20.842992761183368
-20.879225325196465
-20.8722501970849
-20.87877652984392
-20.854091715117672
-20.855298734058945
-20.85128392886219
-20.86742233913703
-20.878923096645646
-20.869629772830677
-20.88644055627368
-20.90635064476511
-20.90515647085191
-20.9181064066916
-20.93042794089758
-20.926225990255467
-20.939133023371493
-20.939341468949046
-20.9283916501307
-20.92944037935929
-20.940092703414987
-20.926944072829453
-20.945957041382304
-20.94661517212575
-20.95056736292906
-20.933883113009028
-20.935903236912964
-20.930870324330765
-20.938989498964922
-20.946164180333394
-20.951102963278743
-20.95279610458461
-20.931309156477454
-20.92085883826518
-20.903047374556504
-20.917501284004533
-20.920132945544527
-20.921466944547852
-20.925329141921672
-20.926186157531546
-20.933305430155723
-20.936581539452696
-20.92631583110774
-20.948421698943797
-20.946382792470853
-20.939147149302393
-20.96560779182443
-20.952612429238716
-20.95644116789042
-20.96700088779937
-20.976268256617654
-20.981804974047833
-20.99333679396718
-21.019848235324474
-21.015828587301634
-21.023481239131215
-21.023382943450315
-21.01981335495266
-21.025138209136873
-21.025445819508978
-21.02951200528504
-21.026086793939754
-21.024003140010233
-21.02478615172163
-21.048269543552315
-21.051219853885193
-21.05918676382105
-21.07063944273975
-21.064218337938243
-21.07728899013465
-21.091806029934077
-21.091851491105526
-21.096156856028113
-21.099470338157644
-21.097168366508487
-21.140288123784956
-21.146611434667513
-21.149435610194107
-21.158575039014547
-21.14177046815607
-21.15529540365557
-21.141279043447447
-21.161335972372814
-21.173892858797203
-21.175658371369334
-21.17717154220127
-21.181490622592253
-21.190070315508375
-21.180278251022028
-21.191422360211103
-21.208152317124636
-21.217359287801415
-21.22281692865475
-21.22087297346436
-21.206021799948516
-21.1818066729327
-21.187750773906753
-21.179991720958064
-21.175969149145843
-21.19047880844022
-21.186015712745245
-21.185895022880107
-21.214480566017382
-21.208988440118226
-21.201185310780296
-21.209641536781415
-21.204410617260326
-21.18755082784912
-21.199151877506303
-21.205334153459734
-21.203897306184537
-21.19666741995125
-21.212042513691696
-21.23249901389091
-21.261526194454074
-21.248387833221514
-21.264142837535264
-21.272608929558682
-21.273031058161468
-21.303766208151504
-21.314014553556593
-21.296184258264486
-21.29474442589678
-21.269474510373893
-21.264721403786883
-21.264117020384322
-21.265627302333147
-21.247022973122792
-21.232951092397823
-21.234560993680176
-21.23720444102617
-21.238258624071204
-21.237615997075356
-21.22629493610463
-21.244287692860077
-21.224664681942308
-21.220418119523817
-21.255042965792747
-21.247816230732816
-21.249941104232086
-21.263378681763953
-21.281806920370514
-21.295527014943072
-21.28813279038946
-21.300014084988266
-21.30277500950158
-21.306242812868064
-21.301688447962846
-21.318650021211663
-21.341056042221982
-21.359979505558123
-21.35334747682981
-21.36234491722346
-21.36644016875892
-21.33959392597554
-21.33670624843662
-21.334290240964826
-21.330615122480012
-21.345438941375654
-21.342100657626748
-21.346633407080702
-21.33906867665132
-21.332341499253303
-21.332964398522304
-21.34790486599326
-21.358250548005472
-21.33554705195002
-21.337061971539544
-21.32169593938902
-21.309571680445725
-21.33709325142779
-21.325882770189992
-21.33524056742136
-21.320739803729413
-21.3376849458118
-21.34652303640808
-21.338929790640897
-21.33522170905211
-21.353885771356445
-21.33882901976533
-21.34580944833146
-21.33396537532518
-21.323870613211213
-21.315018489447073
-21.32746466580512
-21.330867892625953
-21.343006328648645
-21.34742746190678
-21.332670427697796
-21.342724941472675
-21.336805711608783
-21.351946854264444
-21.35320815220928
-21.368162500668273
-21.364250078233045
-21.37902672197087
-21.372466854433355
-21.37376554984236
-21.38124587613809
-21.379515078294332
-21.39109042591789
-21.37355082386643
-21.381236982002825
-21.373371153130364
-21.386596817838292
-21.382680530657915
-21.386148071769423
-21.39454981305501
-21.402878929747896
-21.395893329548652
-21.3821845150365
-21.391980267446566
-21.38429548265976
-21.404030717819282
-21.397456467645757
-21.405478618583796
-21.403846324142748
-21.410032971816875
-21.4048708068966
-21.412155806793642
-21.408837851000833
-21.402762681180786
-21.391048031084924
-21.380273557250593
-21.372764523268888
-21.386858663696703
-21.395071427190054
-21.41453156729669
-21.418891888525565
-21.42926521478145
-21.427318751099264
-21.419884685856676
-21.41993246691998
-21.42648842492242
-21.43765436681609
-21.4388721449188
-21.44868003802331
-21.45694310381211
-21.452555112406095
-21.454859776900307
-21.46645149252315
-21.449752630130355
-21.4474497634282
-21.45233786544976
-21.459466911740034
-21.447185143202862
-21.433155268700965
-21.416182605715843
-21.420683021083573
-21.412759305920726
-21.426406090111627
-21.427912099403304
-21.427450969591174
-21.433278908923292
-21.43103013319908
-21.456678535438403
-21.452870423058886
-21.460059545050576
-21.46078255897728
-21.474610932990107
-21.483886922156696
-21.489871522567153
-21.488358507660944
-21.492317492539897
-21.48933561400404
-21.475472502043242
-21.477905442776386
-21.459859655515498
-21.450457931670748
-21.45921837936269
-21.4573255073671
-21.434862710311794
-21.433530713043652
-21.422166368507764
-21.39069490020535
-21.385834804949337
-21.382212491413828
-21.38109164689053
-21.361115115881034
-21.361370927026634
-21.372111424999577
-21.366559339088276
-21.374523157053787
-21.361878066576804
-21.352948687618827
-21.361711827775487
-21.379133706061857
-21.35849253377434
-21.35732696035657
-21.370800502211583
-21.372481907196065
-21.371333036664534
-21.372792725172914
-21.35528928459081
-21.35672538138316
-21.370369386889713
-21.361588148632585
-21.371377691379116
-21.374375432240534
-21.3892400487459
-21.389899075790684
-21.38830457646008
-21.405868213180867
-21.406557413087736
-21.41786816075681
-21.42979713063614
-21.430559804506373
-21.415155704466535
-21.413269388459195
-21.429011071833834
-21.42483990728473
-21.424009242641453
-21.42908173254455
-21.422572702928562
-21.43017834663462
-21.444934457234847
-21.449670315690817
-21.424907341142113
-21.425674170983616
-21.415233344313172
-21.42389330685621
-21.42049272104628
-21.435592294306282
-21.448558623033126
-21.434513084156368
-21.43798297810093
-21.44254422234359
-21.43603765885068
-21.443075697976145
-21.45337715147404
-21.4579363510219
-21.444382486241654
-21.440369260430902
-21.425978593186983
-21.421789313255893
-21.41762925019806
-21.415164211048648
-21.414563486564425
-21.425030590654327
-21.418456794231
-21.409386681740816
-21.426305218574836
-21.424476128640542
-21.425621081075775
-21.414215172674318
-21.405516382808038
-21.413811052490537
-21.415769120224912
-21.416297614183296
-21.39787694581752
-21.40554467549946
-21.400222392196724
-21.398887561204578
-21.394763605892784
-21.417109498525672
-21.41089353888842
-21.39807907818553
-21.420897523457594
-21.405095600921857
-21.405727224704005
-21.40071476246555
-21.40642027319331
-21.38693170115424
-21.397105937393235
-21.39852183494814
-21.383608235219157
-21.380098601583796
-21.39293095392307
-21.407184275606497
-21.410494562488523
-21.39414204656382
-21.396505338859868
-21.39952439462264
-21.40201317430392
-21.3942136225012
-21.397455400080897
-21.39706825613387
-21.389594584175235
-21.38435276266096
-21.38223048315796
-21.359383685917113
-21.351712554171822
-21.36104040770246
-21.365426117192676
-21.34977345694564
-21.35221179498042
-21.350697059340256
-21.35849067601479
-21.354119637506315
-21.362573831884
-21.37431583937514
-21.388107846784205
-21.395330393187354
-21.391039723732895
-21.393664894966765
-21.416919691061725
-21.383934885320727
-21.369999236563995
-21.37519744439175
-21.398256264842658
-21.396354744509306
-21.390652985599953
-21.37522221948779
-21.391034749282337
-21.38860045475815
-21.381246661197476
-21.395535372315074
-21.414247823505992
-21.407591733989097
-21.42404415380217
-21.425720748651933
-21.429613219609
-21.436176548942804
-21.436876924650175
-21.437868506028927
-21.448348628214575
-21.42919727227555
-21.43005770535375
-21.449116068512772
-21.464916841424998
-21.467633162657133
-21.454743196015134
-21.487430661727824
-21.50847998945055
-21.489390342996714
-21.468475735443675
-21.46809001611143
-21.460561298830083
-21.460820564063575
-21.46219466170614
-21.44677869158202
-21.450980884140765
-21.46237462811932
-21.476264929113853
-21.470326276657275
-21.454489249002673
-21.45136796151448
-21.460302029983236
-21.449102626346598
-21.448496731134764
-21.429741623122673
-21.43283035733407
-21.43932062642466
-21.434464201747463
-21.448143629531184
-21.44387097031455
-21.44465410767103
-21.463692835284487
-21.450930716739016
-21.44297915251206
-21.453428987318702
-21.449246868388837
-21.443958224622452
-21.434429449221387
-21.425040580374247
-21.43462353618277
-21.417963601652964
-21.404946615331728
-21.396824860513984
-21.38861542695329
-21.39465058691356
-21.376333241615544
-21.376025232746322
-21.366352424365402
-21.365252101567304
-21.38102894497364
-21.369926181745864
-21.377471633647726
-21.37238345793365
-21.3808444262118
-21.38581967566903
-21.393613725043465
-21.401894609588513
-21.395776066981515
-21.394476256067747
-21.40636019063088
-21.394900669098703
-21.382070736540456
-21.36660214398647
-21.357147306875206
-21.325156845934732
-21.33843046157163
-21.35040219728015
-21.349848405268247
-21.363882278788765
-21.354798930893374
-21.32850887504471
-21.335180433733534
-21.32454683547307
-21.324822434880705
-21.339435297392686
-21.33422905920307
-21.348429657662855
-21.356555740933185
-21.343917187395295
-21.35168098045969
-21.352457535320873
-21.354807058456316
-21.341713004711558
-21.332655606029686
-21.344389662024817
-21.363815618202377
-21.358193919584647
-21.359062176447388
-21.380781292540018
-21.38189229367473
-21.36918915992681
-21.37328745583654
-21.363661672125343
-21.380848522506874
-21.361401743910726
-21.345686284079143
-21.371476652571054
-21.368906620432174
-21.371446988276755
-21.373746902042786
-21.381840236849968
-21.376074227366917
-21.362719252724872
-21.37763865038181
-21.38434401547044
-21.389554591882543
-21.36508165494534
-21.373535524648474
-21.394113897142372
-21.40116671195373
-21.412499030815535
-21.40814705237358
-21.382589080987135
-21.39690417934948
-21.388431725129102
-21.39854011277001
-21.395042194736842
-21.39445678105343
-21.397194281919408
-21.41343142915674
-21.419507302331642
-21.409386019468535
-21.410291210904347
-21.413972956429546
-21.421320056924714
-21.41167331722444
-21.40846891879711
-21.398848069328842
-21.401617969251845
-21.389746994796663
-21.405241495236254
-21.40258282796237
-21.392532121127307
-21.42507361740371
-21.435309421849134
-21.435985563615077
-21.41638083833133
-21.428453431813708
-21.44661093348366
-21.455089346613775
-21.461665705965604
-21.44166301949114
-21.448769974863726
-21.45022922220192
-21.451233289680154
-21.458701603286656
-21.45445686619221
-21.45489204115878
-21.450652491739795
-21.452170795454666
-21.4597596546154
-21.449025261342022
-21.439457271679633
-21.43737139747608
-21.43639518879642
-21.451024719357363
-21.446444834791354
-21.458292943477108
-21.45049633757192
-21.444599540637732
-21.44893252854906
-21.45489248029158
