44.0
43.339498715127334
42.537682481748135
41.58026744666843
40.459879822936564
39.10078610189463
37.55608352816236
35.68817176697621
33.61589389660109
31.333511576381404
28.801800790265727
26.14332327989996
23.364991186228313
20.403304819998617
17.478366769271176
14.546605163319061
11.669965951264677
8.884569571104803
6.277851697612981
3.921709905576118
1.6816130086188206
-0.3426116165981238
-2.166857792232978
-3.782376736614188
-5.171586816286797
-6.457274455017634
-7.58400212591768
-8.570607333017465
-9.468543032141369
-10.233723367608235
-10.933688217650479
-11.573765743538013
-12.094632455455383
-12.55261352206145
-12.978452598710097
-13.352347398802689
-13.679327644534514
-13.945823582500305
-14.189859326609099
-14.412732857850617
-14.62029997248787
-14.803017658798728
-14.985639201482462
-15.160297180251257
-15.290602211771398
-15.412743348542092
-15.559605116891507
-15.681825555362456
-15.787724458273493
-15.853029403776151
-15.948990314014853
-16.012657445011037
-16.089961086857226
-16.17860173956911
-16.26397621011413
-16.347687058288304
-16.418436858248935
-16.45925641410042
-16.532143879141472
-16.586934030708914
-16.632657893120566
-16.67566476461036
-16.711897271876254
-16.76070651871484
-16.795466491478784
-16.869476347997903
-16.881561878503792
-16.919811526113463
-16.95154387234922
-17.001409529528324
-17.040769237017663
-17.07954374326613
-17.13478394617312
-17.154402023483808
-17.188797046516044
-17.195515301127887
-17.20678659140428
-17.229778873824653
-17.25161329853959
-17.26248989725961
-17.274042594407007
-17.30444972064069
-17.32358136003687
-17.31375771617632
-17.33040969907359
-17.342369476722848
-17.34977765104325
-17.398169217760557
-17.416471199774072
-17.407614595011683
-17.440133774992958
-17.47275675593788
-17.469705402817244
-17.49033306813041
-17.513917045318003
-17.543123988500064
-17.541310132259717
-17.542126806162894
-17.568875123827137
-17.563798695183085
-17.594198790904503
-17.60751887274698
-17.629668477378498
-17.621329169236972
-17.619048830199343
-17.628938287233186
-17.653048563512883
-17.674600516291022
-17.68883143193346
-17.703407643592573
-17.707834239125784
-17.70403509794612
-17.720509347542173
-17.720584352678074
-17.739950356794363
-17.742711925063215
-17.755502841001835
-17.763846815508835
-17.790541753650746
-17.812028387038325
-17.83507074210403
-17.81275960196469
-17.824743479095503
-17.847555800777542
-17.871836411206665
-17.878537487259205
-17.907604086822047
-17.887920964260605
-17.910077838964597
-17.910778603849643
-17.907040762595923
-17.917968628640295
-17.924994812275415
-17.9428365068036
-17.95043131071795
-17.948733887662545
-17.94145851544853
-17.923505578643574
-17.933606150246888
-17.943635813881535
-17.924489912338142
-17.921730453673266
-17.947481246711313
-17.95200810757994
-17.977591685138528
-17.96990055540435
-17.966377689303695
-17.966213366844855
-17.97603532412693
-17.936418072964326
-17.928980759683117
-17.93976164703704
-17.965499408234848
-17.9553654981616
-17.941004668986714
-17.937893320961333
-17.939925018841848
-17.958210282729762
-17.979046630384964
-17.986269063659467
-17.980356994708114
-17.995637976086133
-18.00978024619235
-18.02749898357359
-18.048782651632937
-18.053968626640078
-18.07506077478926
-18.06230830295056
-18.059998926630673
-18.084889378278657
-18.093884284965107
-18.116025888601378
-18.107354626871157
-18.100044263527085
-18.1038714335118
-18.091990166198784
-18.110502383967575
-18.120494158549285
-18.11407172126076
-18.126932806461898
-18.14043678933438
-18.152602566172582
-18.157737484333758
-18.18364521292604
-18.186922883539996
-18.207209839390703
-18.200260962972276
-18.203590762103328
-18.19688910957682
-18.211041792219174
-18.212423876268943
-18.21799074282487
-18.225995740674243
-18.226451261158886
-18.221381171151194
-18.237025668435162
-18.232101912983392
-18.25384287504771
-18.247075159441316
-18.238771494916325
-18.222485864649514
-18.24494653976697
-18.248160668760494
-18.269332456360804
-18.269918151552623
-18.273449566241634
-18.272056145244562
-18.293036090207472
-18.30415916555002
-18.29923371484084
-18.312515482548587
-18.30391111148227
-18.311455477011684
-18.317755561975424
-18.319781118785365
-18.33982455683653
-18.331313881600927
-18.33198528939651
-18.361330780094207
-18.36111608311246
-18.36553031250256
-18.37582444587067
-18.375691993066056
-18.372293576388575
-18.38188288069707
-18.3774559600821
-18.390476806160752
-18.41952353448347
-18.426860259821577
-18.44646361357799
-18.438994100299308
-18.438509529926556
-18.433548648583727
-18.44413185262669
-18.412307818176007
-18.42978075980047
-18.437939498146985
-18.439464398279487
-18.426638447582324
-18.43211887468233
-18.44423038679527
-18.47430024982363
-18.486038762533116
-18.487379708186513
-18.489723951794648
-18.483862298336312
-18.466058328930785
-18.470958336285033
-18.494182526480905
-18.499791442915907
-18.49091274745098
-18.50724202190803
-18.512172583837835
-18.503966469375083
-18.483571941500696
-18.518388485726163
-18.53622822089683
-18.52177075221445
-18.537197298956347
-18.52121219493674
-18.509791503607598
-18.507313011330858
-18.49833770376866
-18.512819195166077
-18.534848148978703
-18.52437353466497
-18.53718329832361
-18.53902163058004
-18.551752550935976
-18.560131985019844
-18.53628833777887
-18.551418385162062
-18.571632176516164
-18.579791566957454
-18.592775144653974
-18.584796557957308
-18.594150901801196
-18.59043527575979
-18.575893265933974
-18.576388157057682
-18.588003903640434
-18.59009106018527
-18.59651945266821
-18.58188751780457
-18.571526622183715
-18.601705875675545
-18.61681578177903
-18.59987590016958
-18.63573487926356
-18.629054600604647
-18.634512344924158
-18.633420099675256
-18.647912884529966
-18.65313526653001
-18.647065285301384
-18.629167923876594
-18.613537363039477
-18.611332623254032
-18.61128670946967
-18.616771012407547
-18.604258696302562
-18.632069462170584
-18.640436333085603
-18.65794342614884
-18.648260996522545
-18.652243491560807
-18.660214654194984
-18.668378791976618
-18.6756422889513
-18.682614487735854
-18.681486498619076
-18.70573652982103
-18.703697852512974
-18.71718350505407
-18.748002919875656
-18.746684758184582
-18.742775230968363
-18.773719825175156
-18.75863966149115
-18.747252552123527
-18.74822586297273
-18.75919675689325
-18.781963456959065
-18.78015262729657
-18.784315483844004
-18.78824816385509
-18.758674027352722
-18.764408844010156
-18.769305332796065
-18.772508798389634
-18.777158837809722
-18.794572193071854
-18.81338342602823
-18.814550343318867
-18.81102145489045
-18.824840136083242
-18.837966036826938
-18.84091389451464
-18.852701404364804
-18.843487033542935
-18.861682516131637
-18.870633488081886
-18.88407718129598
-18.89132636914216
-18.86954280298094
-18.87158699268273
-18.857423387836757
-18.85920810312815
-18.86140505794376
-18.854847824526285
-18.869455429594943
-18.869604161634967
-18.872877655741217
-18.87576424225263
-18.88429542218455
-18.899994744092073
-18.9099812377764
-18.949843033670223
-18.93775090782174
-18.94650951988729
-18.952658973114243
-18.956473372091807
-18.946340681584548
-18.969124948892134
-18.99465865200664
-19.004442628385583
-18.98274074429243
-18.98630573326947
-18.97562032083518
-18.9862560643433
-18.975994463405694
-18.994735824536722
-18.997745674217438
-18.994438271109935
-19.017931145036616
-19.02114998592279
-19.028512448129803
-19.04138446853763
-19.040722260413936
-19.04951273448072
-19.054934830750344
-19.057351413860466
-19.037331078479927
-19.066665452703887
-19.06612838148158
-19.026433437439103
-19.021446316339365
-19.04618294442109
-19.04299545674469
-19.031099659301745
-19.033969018455693
-19.034670046537435
-19.03895709138848
-19.055649667069943
-19.03248652156696
-19.01738973424825
-19.040258579012495
-19.034577936833347
-19.033822065942253
-19.058952870600322
-19.060604669066112
-19.082456345528758
-19.103343463131445
-19.124711084487853
-19.13792130192497
-19.13034442996444
-19.131968157045666
-19.144530118944317
-19.149431485678797
-19.167216065099556
-19.154993603834864
-19.156404026456137
-19.174443051538823
-19.194280310680735
-19.197667856096764
-19.182693687325862
-19.18667707068461
-19.181459261424987
-19.17385658652123
-19.170411476623656
-19.176975153877017
-19.165580357276347
-19.18837672562314
-19.184653064312798
-19.19632732959813
-19.18755014789201
-19.190501685113055
-19.204412467115347
-19.210823070992504
-19.21948875594761
-19.233347404839662
-19.2292566060472
-19.254981660898665
-19.277769076313177
-19.306736503880938
-19.309219204465204
-19.32767534459981
-19.321451616593468
-19.321506624004076
-19.30740568744845
-19.311365977083398
-19.309604970896604
-19.299161574794624
-19.31168796217569
-19.304293136526365
-19.295418483659212
-19.299196211651264
-19.29734355951239
-19.307553424817883
-19.3075943981217
-19.313009674940325
-19.292177422038566
-19.298081045019426
-19.29222478249088
-19.29308420553334
-19.32299624286427
-19.340631855542373
-19.31176621925443
-19.324059213637195
-19.361500413463016
-19.36310636442311
-19.361690910520604
-19.388198282494795
-19.4154582707494
-19.396954734740298
-19.41739179282785
-19.412456038042095
-19.415331303028953
-19.407397071923988
-19.40730209025557
-19.395296236303807
-19.400532636332688
-19.37341674229403
-19.388428264285988
-19.383837493505524
-19.393477883785106
-19.374609244202667
-19.408535181701502
-19.394361080774758
-19.381912564763088
-19.391138885892722
-19.402577822106377
-19.394494854029084
-19.416012575465533
-19.432362732194672
-19.421939292366613
-19.41864759378234
-19.417311166360303
-19.41914544413304
-19.40155507258437
-19.401281393345805
-19.39725160335935
-19.40691014068888
-19.42462407992199
-19.451170062054622
-19.466494096782977
-19.483940495678038
-19.49750219460413
-19.492461298525477
-19.501294336249657
-19.50487109304524
-19.51199995533039
-19.512575687061425
-19.544924497003258
-19.547078979132365
-19.54617394276447
-19.531952498549508
-19.515915097706475
-19.492148018558847
-19.512617364928435
-19.5035488376103
-19.510424574120975
-19.524068238877426
-19.553704079528746
-19.56937108837534
-19.582455595542655
-19.574576528109077
-19.594072533459926
-19.59545681434627
-19.604401857877857
-19.573054433216104
-19.551201947955967
-19.56631617115011
-19.57230552773473
-19.572450788724904
-19.580988512807366
-19.59104451268552
-19.617391082238257
-19.616045607886704
-19.621598117301893
-19.636538488993565
-19.635202374416057
-19.637756804248735
-19.630365496889244
-19.62595408215338
-19.623948055903433
-19.638837989125843
-19.615694244746457
-19.618560868817518
-19.615481168742896
-19.65069817430901
-19.666693422231223
-19.662553906563197
-19.659773049385773
-19.633665471365152
-19.648811403660265
-19.658185782449657
-19.681395581218094
-19.688041599445864
-19.698351109234313
-19.698546747171406
-19.689556400183562
-19.689731203774304
-19.696706468102033
-19.714198801598407
-19.717355144518766
-19.690580822873994
-19.702905216128574
-19.70938762480635
-19.711937443307253
-19.719168560771728
-19.704767219836395
-19.70902003687675
-19.71273112510404
-19.714661392333237
-19.739776049174953
-19.72877649193018
-19.732046300587466
-19.727735023900905
-19.738777520415802
-19.74388578494891
-19.760674472067237
-19.77572786213464
-19.778647197708377
-19.800526676041926
-19.792521540428005
-19.780589449235965
-19.781803856905835
-19.78181535009858
-19.76749313201116
-19.759934008845818
-19.768659820611305
-19.767177705097662
-19.78350777887546
-19.76535489036424
-19.757566854534986
-19.760862425659056
-19.75203131140626
-19.740452928133372
-19.72979613638131
-19.72529082283242
-19.70545306569812
-19.703318003459263
-19.729882743636814
-19.74269484434059
-19.734499158437245
-19.731384989608408
-19.720721266731303
-19.724437404891496
-19.753998354689838
-19.75087998130537
-19.7497522665239
-19.75293169257585
-19.77476063719665
-19.77446079257053
-19.76265733904249
-19.787657964524822
-19.787973639259672
-19.763510679834273
-19.760224815075524
-19.770226234338985
-19.76716756762564
-19.77121694708447
-19.80073463085136
-19.79908935816675
-19.808286343268733
-19.80781376644412
-19.810326781112188
-19.81692682650626
-19.825309309822
-19.821927385452025
-19.81741623444438
-19.830576705841445
-19.80847425130869
-19.824102679827142
-19.843254640782227
-19.828776770204357
-19.864062055054575
-19.861068203387372
-19.856823817223216
-19.83637211144652
-19.86044254642328
-19.852877269670874
-19.888190287281244
-19.918786350239202
-19.90688451953021
-19.873352745239103
-19.86669260677275
-19.903441044096738
-19.893727624063747
-19.898331430165968
-19.903608205458394
-19.914257363519795
-19.932474468143777
-19.9675001884883
-19.931473286102452
-19.926514778446958
-19.915070064631166
-19.930883324376552
-19.904076767006288
-19.914251919786665
-19.90643227444909
-19.924213717996203
-19.902134542468044
-19.90741697775576
-19.89685335077471
-19.904822488502617
-19.920296623024143
-19.94316874492356
-19.94034945024368
-19.904506352246294
-19.890322992600655
-19.88799036015824
-19.9009351711455
-19.924178076060834
-19.96817038657635
-19.989604216384535
-19.994934798253453
-20.003924406378204
-20.018043319413128
-20.02368176332478
-20.01790982356197
-20.009101021385433
-19.983071697753235
-19.976939845201404
-19.962475123246808
-19.964656133878503
-19.946048773749354
-19.944064482917764
-19.95545600600361
-19.971284050254326
-19.993252321129784
-19.97576900416438
-19.970039372585564
-19.96446392695257
-19.986282734873683
-19.977375629509062
-19.98362092090947
-20.000367425681603
-19.98114419402006
-19.993788799485895
-19.973404652660257
-19.959878262702272
-19.957487875468246
-19.958263888424863
-19.964624223611672
-19.962010485854638
-19.96038752483719
-19.969199482474146
-19.961094532777892
-19.94432560344378
-19.939811728731218
-19.968024678857585
-19.96669854552398
-19.971103845903293
-19.971828554697424
-19.95586480891743
-19.960254297969072
-19.97371347503557
-19.950864881101225
-19.975588105706848
-19.95313813378303
-19.938423343506877
-19.937352346740173
-19.9441631248278
-19.95171690724166
-19.958174765154073
-19.96988270108181
-19.957556459848202
-19.946645031109608
-19.967875972283046
-19.960791823664923
-19.96267583961466
-19.95648973150331
-19.970245373351045
-19.965860588152275
-19.989072905674355
-19.982368598781623
-19.972040957091696
-19.97027888179478
-19.975203826491082
-19.96968321203922
-19.96628252445819
-19.915844059441262
-19.928933356981492
-19.93323654537736
-19.922131760423603
-19.916141313625662
-19.93021126123097
-19.93211960347092
-19.91616279945791
-19.931546011424807
-19.932213659223912
-19.940231007420415
-19.948691564884296
-19.947950148149598
-19.949414159252854
-19.96343765902791
-19.957440190572754
-19.95198213277447
-19.938934558648672
-19.939424874719375
-19.94249644286554
-19.945828251777044
-19.969875958576115
-19.964141893929416
-19.943899855990388
-19.921798264938104
-19.947371878844137
-19.95258291924235
-19.966978233197768
-19.970320930565123
-19.96340684717476
-19.989907329868906
-19.985252309033463
-19.986546878054465
-19.984025623037848
-19.984597919656178
-20.003755688519263
-20.02750633368022
-20.02496688517762
-20.025349111772396
-20.029403287854436
-20.037289943235706
-20.022970995234754
-20.01338992976735
-20.023301449751607
-20.043922999692462
-20.026570458534344
-20.040529848909223
-20.019849237763236
-20.010644945344428
-20.04265656594916
-20.03085872158445
-20.04179000636543
-20.036788902900522
-20.041831772925548
-20.068621108236826
-20.060863219634143
-20.04310815809023
-20.091897142745726
-20.073752103190333
-20.09090847377698
-20.114114543070407
-20.101620799300775
-20.096628160066846
-20.09860165607339
-20.076651397128625
-20.067989272002034
-20.07107560198022
-20.06434178429065
-20.075066639248906
-20.09069382165175
-20.073547118193016
-20.070511712810955
-20.097603434039897
-20.11636521459661
-20.095387431031924
-20.089737520946226
-20.103213115825945
-20.09997138185582
-20.10389065604946
-20.067296494032842
-20.080771964397545
-20.09480309666939
-20.092508116441238
-20.07574200095474
-20.089064031959737
-20.097759893770956
-20.110588765406284
-20.116828781246273
-20.091171214974032
-20.100545352105396
-20.099030428373624
-20.063867372305083
-20.048839527872158
-20.06158326669532
-20.088848591250393
-20.10616464796458
-20.096225623974128
-20.093491543592638
-20.103788466896464
-20.107212167202547
-20.106377235638337
-20.12332667459407
-20.125078880113985
-20.11695229581963
-20.11484460454574
-20.126926944004342
-20.12519089122759
-20.160461947610592
-20.137216449795076
-20.135221300166293
-20.13501801985301
-20.144500853703363
-20.14198479352247
-20.154805392143004
-20.17498906171228
-20.16907572339607
-20.168610327182897
-20.18599540181855
-20.182328523340924
-20.182037174425016
-20.170647230102663
-20.197720845495006
-20.151564188189788
-20.158268637766245
-20.15817904307278
-20.135211304679906
-20.13722403863367
-20.162204515235583
-20.173101071133072
-20.149555610462688
-20.17207668342132
-20.164723558620892
-20.14053354758938
-20.141645391281205
-20.144350165979965
-20.166857205391732
-20.167088370478638
-20.17664700192165
-20.166821766369694
-20.165893507960185
-20.171033962224804
-20.171083656751687
-20.175440004698736
-20.156999706246932
-20.151374842079424
-20.159443566270106
-20.159631432285295
-20.166813555983836
-20.173836303337357
-20.16756681381829
-20.169190438993223
-20.164668551756034
-20.17794325350939
-20.186873912367492
-20.18049081836826
-20.196748443412286
-20.191830791943758
-20.189612456793608
-20.184740765014126
-20.16500697043487
-20.18882615321582
-20.190965264889783
-20.18673357016488
-20.191785753616784
-20.168647420993995
-20.190525152533695
-20.19839123797204
-20.20260343170297
-20.219517073709035
-20.222564510223968
-20.233117525436185
-20.236768263148193
-20.23328745365372
-20.228235271126294
-20.24280706783933
-20.242811737361663
-20.242412367655287
-20.255708518784406
-20.230110205461855
-20.256818638642265
-20.269936458754458
-20.28997180072106
-20.295343778319403
-20.284603754861823
-20.303866898696896
-20.327784932364306
-20.340995614835517
-20.327752820262557
-20.324260217274503
-20.325935022326217
-20.332137417021446
-20.329003719254793
-20.310634718159807
-20.269879491807405
-20.28458560764314
-20.27649013599586
-20.281579709547742
-20.305362479343597
-20.296635515393326
-20.321188317165994
-20.292198204587535
-20.285774523506717
-20.305459070782955
-20.32068186242009
-20.326724040475483
-20.343619690861427
-20.33009051005538
-20.342843820685474
-20.334308497195824
-20.317268838047973
-20.325537075614726
-20.322994858726755
-20.32290685411025
-20.340365495430195
-20.353808484139
-20.365914258952458
-20.353479662109553
-20.376298114111407
-20.37119039809193
-20.35753399103163
-20.36485797062806
-20.357556519799576
-20.376176828394726
-20.362193662068854
-20.390271556287846
-20.382061968620548
-20.382097319868933
-20.387410395098957
-20.408282558118234
-20.41002682299439
-20.39950887599939
-20.35990956637539
-20.35276998634312
-20.358172273114953
-20.350467387298654
-20.355410120284372
-20.35039213384733
-20.335683258424414
-20.347070538732215
-20.345225982835146
-20.349342933867625
-20.326037247838915
-20.310064936523226
-20.300789506009814
-20.298247535355426
-20.26574277991711
-20.254148055123224
-20.254819615780967
-20.26480594542886
-20.252045198458877
-20.292741652624933
-20.296024236234064
-20.293557666531555
-20.277084095321914
-20.265955004827195
-20.22723041410904
-20.24719322140804
-20.248185871781395
-20.259748990052593
-20.253701680332036
-20.24842899372946
-20.276590640017886
-20.263196930964277
-20.262956205635515
-20.267697162927266
-20.2917365971098
-20.29768927878136
-20.282338155756648
