44.0
43.894481568774665
43.760715080139704
43.59786174594934
43.397750382750246
43.143222386282204
42.83070656296637
42.4430040602727
41.94853426308551
41.34838427435018
40.609071021558805
39.72040558155706
38.63157136398483
37.322945104517906
35.7685960880169
33.96780030248421
31.89167807371689
29.523895837038822
26.926142738870446
24.13346755887725
21.132257746686545
18.040000394053685
14.878638614677165
11.721804010262012
8.585010343086367
5.587855929869908
2.7548822275494773
0.1579063241279194
-2.2730176759134677
-4.474929876927828
-6.464150929119863
-8.189980134659061
-9.695178357815859
-11.027422221011005
-12.17982033260585
-13.171558001714487
-14.045835566358795
-14.784821732655866
-15.42686363607488
-15.994525974631498
-16.463655665432135
-16.87779117263029
-17.24542705223925
-17.554675200579272
-17.839553306739838
-18.076832396664894
-18.302193647137877
-18.503241671680364
-18.683598084976868
-18.852096074407036
-18.997548695421333
-19.128785784480996
-19.25339669110448
-19.36859708989122
-19.47620570176355
-19.580022325439828
-19.67645038087959
-19.768226039233667
-19.85453688977057
-19.93885480486916
-20.014497124716808
-20.09115960973212
-20.15929114696849
-20.22605269269111
-20.29590115807647
-20.3597234241358
-20.41774867726972
-20.476376047175695
-20.533953481126943
-20.584686854349076
-20.635962283970006
-20.68924672827847
-20.73590622038866
-20.784669142499546
-20.832293366139922
-20.880943609580626
-20.92379751499111
-20.96435800021694
-21.00778227538518
-21.055033339093526
-21.094670230748143
-21.13574868606314
-21.174253612986814
-21.210282884758627
-21.248198553644503
-21.283522919876077
-21.320540392011644
-21.35585404244509
-21.390395508822724
-21.428742200131556
-21.464653282738684
-21.495396158550328
-21.527873974712744
-21.55712559918476
-21.588532049505492
-21.624686237780796
-21.65909021606595
-21.68807697970576
-21.717324294631158
-21.743998313583976
-21.77630099468263
-21.802877540655068
-21.83116899058336
-21.860231821649432
-21.890008418074114
-21.911184353627856
-21.935466642985652
-21.96409443138388
-21.989721494222394
-22.014361891996373
-22.042199675529854
-22.06819298395477
-22.092566569936217
-22.116287745671656
-22.137302257151617
-22.16302298106898
-22.184980732009162
-22.210362414172376
-22.2343479919335
-22.259644084167867
-22.282182826881318
-22.302982001892467
-22.325405085270823
-22.348457736868895
-22.36766966567403
-22.388662598680583
-22.413508369881534
-22.432503867008414
-22.447714380434505
-22.46584411399033
-22.480879728887526
-22.49850293903243
-22.521984679457383
-22.536144304026305
-22.551266915747323
-22.57200277571699
-22.58814136087441
-22.60571490428417
-22.625596300965388
-22.648773493420173
-22.66758869397691
-22.6861236066821
-22.70615832415462
-22.72863174484903
-22.741213022332133
-22.756765268672474
-22.772837651574545
-22.7875501540152
-22.79907140028631
-22.81431404846243
-22.82197977447923
-22.838199588354847
-22.850455428581203
-22.868650359984475
-22.880787571413126
-22.894348928776214
-22.902180816185318
-22.909948628083058
-22.925519813536944
-22.93964464525491
-22.95332382097292
-22.962885471443794
-22.974311452859734
-22.98781271757219
-22.9953077262996
-23.002493628957314
-23.012500595164592
-23.023121160262203
-23.03354875006664
-23.04291867591929
-23.054286385288172
-23.063164059340625
-23.068730536015845
-23.075647057621588
-23.08370488331587
-23.090898397764125
-23.09769761448694
-23.109997700177118
-23.118775281901772
-23.12726112171038
-23.13576356739189
-23.143880438188866
-23.154112016559118
-23.163343602446076
-23.170739992600197
-23.18120704787451
-23.19094548953783
-23.19841716467607
-23.205514879720678
-23.212158682094252
-23.21826049802469
-23.2238638616658
-23.23312957185627
-23.2403626163681
-23.242305956007474
-23.24928474374266
-23.25611417358024
-23.262816362291648
-23.265804381016036
-23.270379723645082
-23.278722907506335
-23.285498728938865
-23.2918370536526
-23.299904548458212
-23.306989934126666
-23.313429663749332
-23.319071553315023
-23.327199339581654
-23.33103940021413
-23.343573602130785
-23.348219272635223
-23.352211734390558
-23.35602305069431
-23.363946825610473
-23.36446002352338
-23.370075855398223
-23.376141011524336
-23.381263927794325
-23.386176630055235
-23.39117655296331
-23.3926245561183
-23.395730137552405
-23.400584953126987
-23.402431707038154
-23.4079821439361
-23.41132627359437
-23.415660914072532
-23.424251751712223
-23.425420381326806
-23.426090928852524
-23.432158137194612
-23.434826736119525
-23.441208569570204
-23.444230131734425
-23.448745395707636
-23.451312694727736
-23.452543967371984
-23.45604555840124
-23.459564398156783
-23.465591050165106
-23.466332780359185
-23.470060785725252
-23.474001539085865
-23.4773262976802
-23.48307809998999
-23.48243076864456
-23.48337584854983
-23.487743331490258
-23.487711404051044
-23.490364402932805
-23.492483761458924
-23.494257928309562
-23.49593189727684
-23.501106254281105
-23.504319076058795
-23.505111066355592
-23.50530711615653
-23.509055844723548
-23.5124784552787
-23.517185889334097
-23.52611564125748
-23.530210708986072
-23.534202972762166
-23.535673904659
-23.53847039795784
-23.54177856841305
-23.543235518358607
-23.544184637690286
-23.54612062482277
-23.54707593976714
-23.54932644862798
-23.550249071293106
-23.552281479402325
-23.55465396226186
-23.56008915316411
-23.561681628347234
-23.56826344845977
-23.569039341196746
-23.570003879601323
-23.571728895869793
-23.572917450000343
-23.579107878022096
-23.582006207455162
-23.579385773637256
-23.582783949458424
-23.58242215411764
-23.587181552082626
-23.588577149752965
-23.58967818132885
-23.58750627589533
-23.589333683494942
-23.594507765548276
-23.5985694872267
-23.601878863033544
-23.60620309323953
-23.60362497506316
-23.606178561977483
-23.60800991556928
-23.60748439367619
-23.605791748748683
-23.611071867884753
-23.613213538664215
-23.617978808964818
-23.621144915419436
-23.623630770412223
-23.621685512207776
-23.620402161289906
-23.62190939431437
-23.623995714969183
-23.62289258178338
-23.62065712839209
-23.624040232421855
-23.626335376256712
-23.62720352024027
-23.62714881235753
-23.628682077188532
-23.63130719897349
-23.632641136558544
-23.638310803918618
-23.6393767083159
-23.638779035331535
-23.64101734219305
-23.64204910767173
-23.64679918396832
-23.64762751485317
-23.64623265072958
-23.647937193261477
-23.64641010709688
-23.64749299554977
-23.65174246601454
-23.651811155001553
-23.6490131999077
-23.64783060643569
-23.650078707189095
-23.65100501536661
-23.651120055764085
-23.65022573016134
-23.64826713636122
-23.649587416080863
-23.64968285498859
-23.652681659872812
-23.6557124734902
-23.656612915051575
-23.65449487198063
-23.6562239498851
-23.654989820786756
-23.65762426777419
-23.653265569838993
-23.6530521295102
-23.655184530538534
-23.657544017860065
-23.658723221886035
-23.661288172165857
-23.663263742353898
-23.661948979342124
-23.66346048577263
-23.666743930636766
-23.667450333636253
-23.66875388751703
-23.670746362773272
-23.66930388657047
-23.66853134249476
-23.669351826315918
-23.673926965453052
-23.675347400062005
-23.67635187245291
-23.677092364340258
-23.677427506500553
-23.6755478514166
-23.676143404519
-23.681955378303517
-23.681323882647746
-23.680124793729163
-23.683511079574558
-23.685786175786433
-23.681723760284285
-23.681069865347453
-23.681163654603242
-23.68181482285145
-23.683844583743536
-23.686142627418374
-23.685451772358228
-23.683958189572778
-23.684208180532337
-23.684821435351374
-23.684283016734117
-23.686716723015728
-23.68354686767855
-23.682529082690596
-23.68543478451855
-23.69074910412398
-23.692845568889574
-23.693272450161693
-23.68922273231055
-23.690937991241686
-23.691008301119627
-23.694219521995578
-23.696129826250708
-23.695169945543878
-23.693662308393325
-23.69756656187002
-23.698595330052232
-23.695326658001157
-23.69287256503578
-23.695965965695677
-23.696907350454143
-23.696362465986166
-23.694607369024776
-23.695464196313846
-23.696150812115345
-23.698107052821857
-23.698881868759866
-23.698662447314373
-23.700733876977925
-23.70196181511794
-23.698673555774448
-23.70075697262899
-23.697340914959145
-23.694284153436577
-23.69433188378389
-23.699309755370578
-23.69897275207692
-23.700718433617865
-23.699836888667395
-23.70283249100462
-23.70219352614204
-23.699989934463794
-23.696351800221436
-23.698338992327564
-23.69914458254267
-23.699232214071927
-23.699778068972662
-23.700590485798188
-23.69917996062728
-23.69714010683001
-23.697205301770108
-23.69689005420116
-23.693230342070798
-23.694877613714777
-23.69683722485251
-23.69653176937297
-23.698116845206705
-23.699217179401714
-23.697625691095304
-23.695583576037833
-23.694477911026745
-23.700510007136458
-23.70004533603654
-23.69972304034689
-23.697468727184425
-23.694756697001463
-23.69478347470264
-23.692664885251737
-23.69209151960725
-23.692514352625825
-23.692165787726253
-23.694512024670374
-23.69281567420524
-23.69276547142424
-23.695529128116483
-23.69780093404567
-23.696878090007235
-23.694969155225433
-23.694416506170374
-23.693694759633875
-23.695238563273563
-23.69119788962306
-23.68864047014895
-23.692417516540548
-23.69603529294825
-23.695583178232884
-23.6962874485129
-23.69548583011552
-23.695771416199225
-23.699035445184975
-23.69624300112909
-23.693517407443363
-23.693387223799462
-23.693751716571004
-23.692745871386528
-23.692891181845017
-23.692532191400737
-23.695287561531256
-23.69551631403503
-23.696001783376435
-23.699000994293105
-23.69565829345852
-23.695309094926774
-23.696720032346203
-23.695284543924544
-23.693227647109058
-23.695500302174725
-23.6932472766176
-23.692876582072348
-23.696249469839582
-23.69865903853544
-23.69773825438063
-23.69901077112124
-23.698783588294397
-23.69596291217569
-23.698525339724785
-23.70150736812158
-23.70067586807598
-23.69977719919789
-23.69911328358419
-23.69762595948482
-23.695974600886647
-23.697252832245898
-23.696426680802062
-23.697365650657368
-23.69511664263761
-23.696739761392312
-23.697755438602126
-23.699143538200126
-23.698781193775464
-23.699386516884754
-23.700188119577792
-23.695923626665046
-23.694497208691843
-23.693894070910236
-23.696354705194604
-23.699218520521367
-23.69878332378705
-23.70002393815402
-23.698354088387205
-23.702251480008023
-23.70060096574181
-23.694050695518833
-23.69311819547776
-23.69284808551393
-23.692145492000524
-23.69085997331838
-23.694926201407352
-23.694485792125818
-23.693781754060772
-23.693638914798097
-23.69254833287303
-23.694054822772493
-23.69437214144249
-23.69145577177731
-23.69161740093193
-23.689550558940955
-23.688946823550925
-23.689547041624735
-23.688562315325296
-23.687476471352497
-23.685431170522556
-23.68532877426949
-23.68729383495225
-23.686824692709337
-23.68556362269613
-23.68706650820061
-23.68779183226099
-23.68867915678228
-23.68925237292568
-23.69117469990892
-23.692552071446535
-23.694538218263254
-23.697435469773144
-23.69685794018265
-23.698508061611435
-23.698330590480253
-23.698738633936678
-23.694680486091844
-23.693630716736177
-23.691100081867383
-23.694236109075625
-23.69373877302251
-23.694481715379823
-23.695520551535758
-23.69641459348663
-23.693909005350918
-23.697447041627466
-23.698830351391805
-23.698287766061497
-23.698714446715993
-23.69780350678962
-23.695363976722117
-23.694407590822397
-23.693155301432807
-23.69091292990297
-23.693954459131227
-23.691659229566543
-23.690343828123034
-23.69021500441073
-23.68720888596481
-23.687432719090356
-23.688390351814256
-23.690059924255273
-23.694601617429445
-23.696658047489606
-23.694458496591242
-23.693096773291753
-23.697274985498172
-23.697447382995534
-23.69527547110881
-23.69359040883655
-23.693103625786193
-23.690194214430747
-23.690963145213697
-23.68921896313644
-23.688187493644534
-23.689803409897294
-23.69208040934584
-23.689502219287014
-23.69173980022614
-23.689292140062218
-23.68691110098414
-23.687935261462123
-23.688796116731417
-23.69276235186692
-23.693040623453435
-23.69262178672636
-23.69248877563198
-23.69239315741286
-23.690996828077655
-23.692513142882067
-23.692203329276328
-23.693207884484142
-23.689928501396448
-23.691059160702846
-23.691623998283525
-23.692489078176397
-23.69159101192553
-23.692097224472775
-23.690798510530236
-23.69070487929407
-23.689170516840292
-23.690075332268503
-23.693021238603542
-23.69356073204241
-23.69439064487483
-23.69404992388108
-23.69373202808618
-23.697177069755746
-23.701704493999877
-23.7029404088753
-23.700019878735887
-23.700828144284817
-23.70417949121833
-23.704565374252223
-23.704531496883096
-23.70212937598764
-23.704448203854746
-23.7072967520176
-23.70486106526934
-23.70415587223667
-23.699734719577986
-23.70067525224087
-23.701059171802818
-23.69894348852585
-23.701635773827622
-23.699357867768743
-23.698541382984907
-23.69847712891256
-23.699626152440473
-23.70026826692395
-23.701741163349087
-23.702286880120113
-23.699249688755067
-23.700742395227607
-23.702317910024277
-23.701137128717612
-23.70086241445697
-23.697910123627224
-23.698260140777652
-23.695378669360995
-23.69823541945446
-23.702028798008556
-23.701974293635796
-23.702617932432048
-23.69879427208239
-23.700419065428374
-23.700291627547944
-23.698822446473734
-23.6984824997847
-23.69753886605946
-23.6980311921002
-23.697458119679673
-23.6986832512257
-23.693752361224938
-23.69624617830798
-23.697669697198766
-23.698949402493593
-23.696672051360366
-23.69617909844496
-23.698282276018972
-23.69884361924647
-23.697055269305167
-23.696540448571326
-23.697015273477984
-23.698875347583062
-23.70201224610768
-23.70410877832246
-23.701537094701575
-23.699257082289204
-23.69706128547562
-23.698906759466592
-23.698614149247366
-23.69885340753741
-23.699478082269156
-23.699178777688978
-23.701105745307895
-23.70056337015595
-23.69898478768284
-23.692271984490446
-23.69271997474378
-23.695914091783152
-23.697043553110106
-23.69900986445955
-23.70259012458694
-23.702228551903346
-23.700436312435283
-23.696249149904062
-23.695129144862157
-23.698753225124943
-23.70068486218193
-23.70227848597202
-23.704748408270532
-23.704485725615537
-23.701471645555173
-23.7002211433499
-23.70186384165372
-23.700190850467948
-23.69969762925819
-23.69563556394578
-23.69656918529041
-23.696383607494493
-23.696732721816495
-23.695348184908767
-23.69577143064174
-23.695553981260787
-23.693505723772873
-23.69582097852501
-23.694425595825912
-23.69494852023373
-23.695545621769007
-23.69657072239526
-23.69287349023773
-23.69039914330897
-23.691386011529893
-23.695792371653305
-23.69236193503989
-23.694495362989617
-23.695998830568143
-23.696724902319737
-23.69897172393436
-23.702062425797443
-23.69964490474787
-23.702192341667605
-23.699825712015322
-23.701146005914286
-23.699089273247562
-23.701420326902593
-23.703859985279237
-23.70437564352957
-23.70515009588712
-23.704729328122614
-23.706935312585134
-23.710568165226704
-23.71177509025564
-23.71106328717788
-23.710965643176625
-23.705295245959604
-23.707890814440177
-23.709005039601855
-23.709602445616216
-23.70658369842337
-23.708768448436683
-23.704804875506206
-23.706491835233212
-23.706763990543013
-23.705186770601397
-23.702586552416555
-23.70223659299824
-23.699325991224022
-23.700787308301972
-23.702307340141456
-23.704545805708424
-23.707610329204137
-23.707119557891836
-23.70587006677238
-23.702432882837268
-23.70116607868495
-23.699494125069
-23.7014252522478
-23.702981509820088
-23.702063449978
-23.70046362663542
-23.702911494097332
-23.703248642143766
-23.70292960114944
-23.702932166324484
-23.704140346571148
-23.70697679312286
-23.711280064550206
-23.709394640356532
-23.710034838793874
-23.709579373316142
-23.710556346203532
-23.714175236652885
-23.714480225686614
-23.716333208688184
-23.713119597595533
-23.709956396915686
-23.710568946805264
-23.710504100311418
-23.710203549773233
-23.712224888064558
-23.709625070132795
-23.711015069227784
-23.714162675243593
-23.713804939730313
-23.712278197336765
-23.709827649414635
-23.708536371088584
-23.70778629901492
-23.70625233955741
-23.70703550480058
-23.707112561255617
-23.707584096109983
-23.70528079666492
-23.703986740801522
-23.702587758530445
-23.702777479162588
-23.703487765776135
-23.703176237898806
-23.70328363934621
-23.703238517073558
-23.701218741363103
-23.700925316854857
-23.703616180995013
-23.70194752920464
-23.69859109911848
-23.697609880699368
-23.698027856846448
-23.70004115409297
-23.69867281153638
-23.702788364208374
-23.705104388645978
-23.703576100765545
-23.704867146736955
-23.702874506057775
-23.704777152948854
-23.707439197033587
-23.70629912264859
-23.706103516248245
-23.704885272800638
-23.705060763800255
-23.702615524674776
-23.704166136758964
-23.70492140192442
-23.7075851255283
-23.708245752299653
-23.705366341899136
-23.704426108913925
-23.70108889371214
-23.705651011031996
-23.706526216782244
-23.706527063397946
-23.705714333652615
-23.706620805399638
-23.706752629829182
-23.70733350700017
-23.70862963106854
-23.708539178541965
-23.706212652378394
-23.70555838165117
-23.70454891641624
-23.702294502953826
-23.705225569154464
-23.706877870831114
-23.709568774862205
-23.709870582767206
-23.710346324389448
-23.71207255374501
-23.70969090956461
-23.709562038536415
-23.709550852318564
-23.70924711731462
-23.707994833705968
-23.709839524648146
-23.71184449399944
-23.71060588244834
-23.708588755061655
-23.707733550420155
-23.708476423555098
-23.70880177475048
-23.70671528976942
-23.708154511725862
-23.709319112769897
-23.708641283582548
-23.70966458588501
-23.7125926455127
-23.712261128072406
-23.710402316245357
-23.713168478867377
-23.711969222597315
-23.70974676354526
-23.709159547741177
-23.71127658539752
-23.712257271205694
-23.714245936851732
-23.7138190637328
-23.712690301213527
-23.712218800559384
-23.71089370902583
-23.711746484722354
-23.71333142626314
-23.71521941169803
-23.7164649030791
-23.71802107547576
-23.71767966341845
-23.715459983639736
-23.715300475631583
-23.713747123751023
-23.71371613178216
-23.712228115228722
-23.71352737192249
-23.71232945484316
-23.712892738516455
-23.71094984409606
-23.70772026643457
-23.708977415957712
-23.70985243481878
-23.70645359072839
-23.709503743986993
-23.709145167504612
-23.707850958692315
-23.707986386439657
-23.70832301388235
-23.70538260806691
-23.707210925224132
-23.70557069777352
-23.705282994900198
-23.703294059244584
-23.7008276411033
-23.700599874562453
-23.702816113429847
-23.700895198215857
-23.70005814386487
-23.702903276554892
-23.702988439420743
-23.701914981911344
-23.70170111383593
-23.700340701403757
-23.697892732157896
-23.697507405628414
-23.698205137947397
-23.700073672084283
-23.70054970770003
-23.70220923320516
-23.699944896099428
-23.703641841327226
-23.70404228418142
-23.70342735701058
-23.704883869508446
-23.707121361524703
-23.707933989122644
-23.710323864483055
-23.70848412834486
-23.705585149186426
-23.705372220540003
-23.70637482253258
-23.704802311508296
-23.70239688577412
-23.702224207313048
-23.700620797957754
-23.70248442598464
-23.704482394074084
-23.707030653351808
-23.7070423582499
-23.70644807732388
-23.705769236680005
-23.701722466417863
-23.701152838840795
-23.698898142891455
-23.699178995639485
-23.700724036302134
-23.699609185421245
-23.700929671641898
-23.704745616624407
-23.708316818497387
-23.70848255177167
-23.704958984267744
-23.70533178154025
-23.704476004680075
-23.70911497977275
-23.711443071577843
-23.710152867257886
-23.71037901552891
-23.707407714008244
-23.70499177313853
-23.703938365661894
-23.705554848810095
-23.703661160417536
-23.703483003101194
-23.70367539058476
-23.703103050736807
-23.701852199016344
-23.69898822895158
