44.0
43.009848062511615
41.817750085187356
40.45238061367262
38.76931525802328
36.890176316948484
34.715696683228245
32.31270470634147
29.72905272161922
26.953157372068176
24.035129790637484
21.084494409706984
18.038177091478094
15.092416806483813
12.2565145284048
9.592912049886436
7.053921832594581
4.6876522130673735
2.4572848899757167
0.44239860253009977
-1.3186559350053433
-2.9655009228720237
-4.301903214327486
-5.604244403335319
-6.675834566728842
-7.674128831755823
-8.582573618425524
-9.342865397510614
-10.005698515293226
-10.601627794845815
-11.173618904474305
-11.640977983412446
-11.992430992154375
-12.332398356140347
-12.652714850000477
-12.929043570474589
-13.182232760676666
-13.390990602699686
-13.6036149829163
-13.798687306199701
-14.008257923202478
-14.18837200114267
-14.30341288519494
-14.418290589236603
-14.543744053649712
-14.634251518420852
-14.73687449425267
-14.861949591042762
-14.971631932698047
-15.00096316647276
-15.073649112643125
-15.107217727115065
-15.152307582559278
-15.215400279889263
-15.25818086265178
-15.297280833830042
-15.355783743186215
-15.399634018922276
-15.428750363292567
-15.479982347738044
-15.530233131596793
-15.524897243793268
-15.566579394014116
-15.597109427454088
-15.638435430738362
-15.700445464198182
-15.729791310406492
-15.772634878442322
-15.78108028194296
-15.792459194713496
-15.817123445546873
-15.85105995818552
-15.865799208676293
-15.916560738826247
-15.935433904217959
-15.93547744353743
-15.97539606150492
-15.977136356696809
-15.988407925107202
-16.006028321245182
-16.004757563881142
-16.009388523907006
-16.031328179750275
-16.06702300083253
-16.0884707871908
-16.107258896699207
-16.11429692293522
-16.118974504926666
-16.136428119296077
-16.164725584492345
-16.176760044641995
-16.174067618644393
-16.170813646076006
-16.18086498087
-16.203164602456106
-16.26034179643463
-16.230839770752542
-16.222193290103167
-16.240752116906194
-16.258210523524777
-16.311711058490225
-16.31859351508652
-16.332547051819656
-16.344439335962786
-16.353548297756905
-16.348145940345283
-16.31446346581839
-16.290138228380535
-16.302457397410812
-16.318262779752665
-16.305338300211048
-16.340681768077385
-16.337552546053494
-16.332986637046062
-16.330047160099607
-16.28584046787894
-16.28167345475011
-16.297795461908187
-16.309445415972665
-16.28979126573025
-16.31591196590894
-16.2889409385726
-16.290802409746323
-16.304930867903884
-16.33398032669809
-16.37899835471527
-16.361191204801518
-16.3656762350378
-16.386492764631598
-16.388661844200648
-16.37437420461567
-16.421289650054458
-16.38721436939035
-16.364793403306734
-16.398159670133047
-16.39112387735515
-16.40181701949869
-16.403658326678364
-16.400344581061155
-16.407329620826157
-16.384985989508852
-16.412374366806493
-16.384089713240645
-16.413745459336955
-16.435719457367426
-16.438921027058772
-16.42659018455315
-16.46759403502562
-16.465594521336257
-16.45980096678914
-16.46634127342617
-16.465376410476807
-16.480970370374674
-16.501131030010562
-16.494586587357592
-16.512118229345877
-16.517697183970792
-16.530883233381637
-16.505395192200393
-16.51224755394094
-16.512624477521644
-16.546664539799984
-16.556625303093554
-16.563056124549313
-16.552438434260118
-16.580438497842675
-16.573967369018643
-16.593716133106337
-16.601872261085507
-16.58585574395663
-16.602157615198834
-16.606827841339186
-16.609516186838857
-16.611945427463343
-16.599359166333933
-16.589819515522425
-16.55967129310628
-16.57998419046978
-16.578015823803323
-16.59512833013229
-16.59680301561858
-16.621050606269677
-16.600880165152628
-16.63042917117313
-16.64394180724106
-16.647166658218172
-16.63915200900739
-16.622824290646317
-16.62111708466428
-16.60256635376562
-16.590313855697694
-16.590281903019534
-16.60574990618229
-16.61153365052735
-16.598562398708946
-16.576671051599988
-16.577643365084707
-16.558985049435698
-16.571546209838406
-16.609324254459732
-16.59208326513728
-16.561813716930523
-16.584603369953665
-16.588949027631585
-16.60683345196383
-16.6065834760078
-16.62565936341343
-16.62233479922821
-16.63411321927291
-16.610005677544436
-16.62798599965258
-16.62965745790862
-16.60433654918803
-16.641729794602114
-16.623391299447807
-16.655497665764244
-16.60692331250208
-16.598151054200613
-16.601319092931806
-16.59564434537404
-16.588457624146187
-16.589344632062932
-16.61280090251933
-16.61808595516841
-16.62834163641793
-16.62352606820721
-16.626793517356916
-16.609729890276615
-16.584378284998554
-16.60187182641401
-16.5819764187142
-16.618454549882596
-16.611748740906698
-16.608335404283284
-16.599974088895156
-16.630859667229775
-16.633561921980906
-16.639797734221556
-16.62384011892376
-16.63573541102759
-16.619606804542265
-16.625704793811217
-16.630618673511695
-16.628251534598057
-16.61819743003674
-16.64320812463084
-16.64468322364461
-16.695733699048397
-16.697457447689594
-16.72442646016551
-16.705772245982047
-16.704332856853803
-16.698815572172844
-16.703158426796826
-16.690570511193243
-16.646838063126182
-16.62339815221458
-16.626271098930708
-16.567681857783768
-16.550798265125668
-16.5633086492404
-16.55075953293753
-16.59349714192685
-16.620297705694952
-16.60756246742576
-16.60054352138697
-16.58287656345172
-16.57219614388885
-16.575831367540587
-16.568627425705056
-16.543834667401985
-16.54292713449607
-16.533920753596032
-16.524778312979418
-16.547344620446676
-16.58046112992916
-16.595971761376926
-16.568291531869384
-16.607524390120545
-16.59737787281511
-16.590280791538664
-16.606328484709028
-16.61897786515506
-16.616965919426814
-16.646981217331238
-16.677641121254283
-16.678847406641026
-16.675423618342816
-16.656959845487584
-16.678705256224642
-16.707628240728432
-16.668439710320634
-16.68692253800203
-16.68045101576851
-16.649586188759866
-16.642372326915712
-16.662135594732057
-16.67288435952779
-16.69644216167609
-16.698137726262516
-16.69418554167307
-16.71959346812592
-16.757957648877547
-16.763756534322702
-16.77914035848445
-16.748610496487153
-16.748388632348515
-16.719206846636514
-16.710549145749045
-16.69944127447479
-16.72091878440817
-16.722846039429616
-16.714447934260086
-16.68339250469619
-16.688938620026164
-16.69438768097154
-16.699373872057333
-16.671305151062974
-16.675330519187526
-16.686729871221527
-16.683543242438343
-16.655541004572264
-16.674673394072535
-16.691622259785383
-16.688615025328787
-16.684089752566347
-16.664464409611984
-16.6972308106863
-16.712941053301694
-16.714321622249567
-16.71462714193785
-16.710316004172522
-16.6997896608894
-16.70494187143667
-16.697931005762538
-16.67427953932698
-16.676925808059526
-16.661581927710294
-16.637616831308506
-16.64421191065449
-16.63616097493579
-16.680968062634186
-16.67548981436879
-16.67090040091663
-16.660994619582603
-16.62934023182056
-16.644593993802786
-16.658379840795053
-16.662028500957607
-16.6789582305726
-16.699830590952363
-16.753297369433014
-16.75961324301621
-16.747606591334232
-16.733177899218227
-16.69087628023192
-16.69712613788709
-16.72686513722693
-16.715040534504425
-16.72674599135434
-16.706377224052712
-16.705831566227424
-16.713488049920773
-16.705550370753556
-16.710436628563777
-16.712122796392826
-16.726586347264735
-16.702161331549323
-16.717881577292495
-16.67571765883555
-16.69990456877515
-16.699403651409412
-16.71144190362519
-16.714445648222764
-16.696098248703468
-16.674692204548776
-16.708217115913897
-16.72191172972568
-16.70218865792497
-16.708364435718387
-16.721334163059662
-16.7027731614737
-16.711310254914874
-16.70995573740501
-16.692410443571607
-16.69221448434866
-16.689917621269327
-16.68747340507993
-16.70788671176384
-16.72339740653868
-16.73294537182932
-16.725158507463075
-16.723271784105947
-16.722012388251148
-16.728488640278062
-16.70267494240579
-16.72048780914512
-16.74651380473447
-16.77471945663101
-16.76237645540603
-16.769047696456884
-16.775256092745643
-16.811934079820286
-16.827139217382005
-16.788100769850832
-16.784563120129864
-16.764385542886384
-16.781351503371447
-16.787889922612873
-16.795056760892965
-16.82863910740761
-16.821853052791838
-16.81817704242358
-16.854949661077708
-16.81126796885916
-16.801839688524268
-16.82194219254015
-16.787857176672222
-16.802469624774137
-16.815799059207038
-16.828375173222977
-16.792723729828502
-16.794159106278695
-16.770017266528118
-16.774439539383483
-16.78210912902436
-16.775117498570406
-16.776371142185123
-16.746005472302908
-16.800537671226984
-16.823353069762256
-16.806690857747174
-16.794597343067885
-16.793718150967685
-16.797838925806996
-16.839637239504366
-16.822746494554067
-16.81553641144369
-16.814475830481737
-16.776140550970393
-16.809386017970297
-16.80870854664577
-16.81268015312986
-16.81253591887792
-16.791913900507662
-16.80821930802313
-16.8085619144137
-16.816867463611224
-16.783750042682637
-16.78440298332819
-16.771973673123025
-16.775498048187938
-16.73109206736911
-16.7060832724618
-16.71215654050554
-16.700067362162823
-16.720553437677122
-16.728873101645025
-16.75962401725638
-16.72000347962759
-16.70180302383656
-16.664806390800383
-16.676072088847427
-16.646108371510355
-16.64761344271613
-16.646419919089578
-16.67445232819588
-16.73831886519949
-16.748970871273855
-16.722158617831063
-16.70421201214942
-16.70750683508205
-16.714383522968124
-16.733357317583796
-16.744794788807987
-16.753617148330523
-16.726901469298788
-16.737543175862335
-16.765996818090034
-16.75407995155136
-16.75477857271053
-16.772026653628288
-16.732777693795263
-16.71963258549951
-16.718884606701234
-16.745153378124286
-16.770726711385354
-16.78113000546015
-16.739916803903906
-16.72436258249604
-16.748426770347262
-16.74359436035464
-16.71540866663075
-16.762349753415926
-16.77398283754785
-16.788756587231244
-16.797396607032233
-16.738141126480492
-16.740765691794568
-16.76242484720224
-16.773200631958165
-16.80794215890869
-16.776571878315362
-16.76344538969402
-16.788468741468858
-16.75335512949091
-16.77031787108479
-16.787183772567058
-16.77042160226108
-16.7789682032838
-16.784417320562873
-16.787474404226966
-16.79057368120889
-16.78827062198881
-16.788313586440303
-16.82717760164891
-16.782450230128905
-16.788255168800784
-16.77495102996477
-16.7673383753547
-16.73624845591437
-16.75883934761932
-16.769231512446957
-16.799291213948084
-16.798763063829668
-16.82752529586721
-16.854143808587324
-16.857265450715147
-16.911467827277875
-16.892483288945993
-16.866475426302912
-16.854947352114166
-16.85711210885872
-16.862327902165536
-16.87469240985213
-16.844320499945177
-16.84718236118973
-16.877900725051553
-16.882315299031337
-16.871545963041587
-16.86510709816644
-16.883504253659954
-16.868533292844383
-16.8625497267668
-16.8748541504142
-16.878292525120447
-16.890828389223124
-16.920481881229804
-16.923036043393466
-16.916187792531755
-16.91195026790783
-16.872825678695055
-16.885566953525093
-16.874124051812608
-16.91171088580576
-16.934621286690714
-16.950938253505466
-16.942899807070187
-16.916175551950428
-16.90897707004357
-16.93639222549702
-16.939018894858375
-16.973875029112456
-16.953893575005814
-16.94793983429577
-16.94813640962741
-16.92799017075296
-16.89857310310982
-16.888885341459495
-16.884443956025283
-16.865741058647462
-16.87718245968344
-16.86189019216746
-16.844868733030747
-16.84501715634125
-16.883700460356504
-16.870603784482586
-16.88045115480991
-16.864943824372013
-16.863855496443932
-16.87838335298826
-16.901136204945352
-16.893775394397107
-16.907370515424933
-16.933756978016348
-16.94003396652708
-16.962742107684434
-16.930266344223448
-16.94628702438511
-16.917600755505894
-16.92365362349339
-16.921068077274423
-16.919730846956224
-16.913335459705735
-16.91965443556664
-16.912078195551853
-16.906454819849138
-16.906270462544523
-16.906752912428338
-16.897201766447793
-16.92058384212961
-16.93490358451522
-16.9316789195379
-16.94585873301378
-16.96343000812156
-16.97228603162646
-16.999353220284455
-17.000050504257516
-16.987979217685766
-16.99461528167272
-16.971407446118818
-16.967302524522605
-16.951241169496264
-16.92168843471203
-16.920011560106705
-16.90164495609923
-16.92109634440405
-16.91543998337258
-16.88462508548172
-16.878429088751503
-16.910440870692234
-16.885023431426855
-16.87546626465179
-16.90074326813759
-16.873316211944495
-16.87279486020928
-16.89129771919281
-16.87212629996331
-16.871015175258062
-16.84825465836576
-16.849907980810322
-16.866015550005315
-16.867966623980625
-16.850803100153705
-16.839331731517802
-16.876478221815983
-16.915242891678442
-16.910325682555513
-16.912819535782212
-16.946914420009957
-16.960535236199256
-16.957343852151865
-16.926266400724412
-16.93061720987972
-16.925019709856656
-16.908581417749982
-16.927399966683208
-16.940661223630176
-16.929043819159716
-16.89925345376131
-16.85538482678908
-16.81860967977241
-16.840547925688277
-16.882541000372605
-16.893000988080416
-16.875306581912366
-16.864277956302363
-16.836285412132874
-16.84018439033788
-16.823835976973573
-16.83560177886687
-16.82803009116913
-16.828538378401152
-16.823296463885995
-16.843683790625473
-16.794987634345702
-16.81293416364616
-16.832936759084998
-16.80020191018795
-16.826853314691217
-16.83701232714887
-16.856857809663005
-16.85676023840085
-16.873116762571758
-16.865465075896992
-16.883033472040925
-16.85620795160463
-16.856160839938024
-16.861902407707216
-16.8675729666945
-16.855517254712268
-16.88552470619119
-16.904839050941675
-16.84721859477768
-16.86385313196781
-16.853580968509796
-16.87112905032562
-16.855238882785816
-16.855816003707137
-16.870683103950018
-16.864880640128067
-16.897851248937847
-16.883229650349683
-16.885289550129322
-16.830122129363694
-16.81964661301416
-16.820125601575494
-16.81621370150509
-16.823428712034303
-16.848937237947986
-16.864005730446213
-16.86542409127631
-16.856265893070468
-16.868968350706623
-16.89457606189618
-16.91002825947808
-16.897899166392758
-16.881975238421457
-16.83875279278791
-16.861894285440364
-16.800014213862294
-16.786681866474307
-16.793636825470966
-16.81502420238547
-16.815471887260156
-16.793941752628314
-16.7935974532287
-16.80077832455989
-16.800299734326384
-16.8107087689305
-16.78997424525345
-16.785401940362572
-16.792762460767666
-16.79403690495432
-16.801513840327456
-16.78717545696628
-16.794786966647997
-16.780629581042223
-16.796026189055347
-16.832129358547554
-16.827332740223362
-16.843981468744655
-16.82161853873725
-16.82704409835781
-16.809069224762737
-16.82030232881286
-16.829056172718264
-16.846931274526092
-16.84959457852922
-16.863723773870117
-16.841246251070928
-16.814092835318956
-16.789189123300247
-16.80992593645371
-16.80122244161457
-16.79788141240164
-16.81009111930812
-16.858987028018547
-16.866826217821345
-16.863989837318996
-16.858064111100116
-16.8496703540494
-16.83196073046796
-16.837211183810147
-16.85176293693946
-16.848486336319592
-16.855661940247863
-16.860232061381815
-16.85492250856124
-16.84918598853152
-16.83102537550056
-16.83848669230886
-16.823060751811933
-16.830222611840103
-16.826187579333467
-16.837823463254693
-16.837117023396804
-16.834691094623803
-16.839331062590727
-16.848514442175144
-16.880548013323484
-16.91698882110331
-16.91805479763745
-16.904735819778928
-16.875249508331137
-16.85179727963412
-16.858901067570432
-16.874109364917746
-16.83789871887172
-16.85325352203278
-16.82968747566981
-16.83430203081682
-16.833384602019944
-16.84287144076114
-16.819353251004856
-16.82037793358433
-16.864630016498236
-16.886502883239608
-16.887554826448675
-16.898388465169422
-16.88239812330331
-16.864354136930114
-16.835904602306055
-16.85505758939717
-16.841822780235212
-16.868587517290493
-16.861814402046086
-16.85927996262505
-16.848216698523533
-16.832491631844114
-16.821301636967874
-16.83484088951368
-16.852189441049116
-16.866149226662603
-16.886198585854796
-16.876532789010714
-16.877665274016866
-16.88453334589026
-16.911985116306063
-16.909792558517655
-16.941511914772846
-16.913649215516458
-16.900837981786253
-16.91667781465875
-16.894204663992017
-16.896460533326657
-16.875787197865886
-16.911084313314667
-16.89817272593558
-16.880566775334806
-16.86732957548184
-16.85648270084712
-16.833636140818633
-16.862934335049133
-16.836151027910173
-16.830408208171047
-16.86477634685822
-16.88393381870492
-16.890149412433246
-16.90348288491311
-16.893152047907975
-16.92435863328841
-16.911781791398784
-16.898205468759905
-16.895877100924984
-16.892817941605475
-16.905245079624816
-16.868285205858726
-16.860936628332375
-16.872907004795618
-16.893730493610384
-16.85231906782698
-16.83589508317453
-16.84797272002236
-16.86268009229653
-16.84485863309688
-16.818849111221112
-16.83211774259149
-16.813184736830536
-16.815950242397395
-16.821291781133024
-16.829761751740236
-16.782707317762526
-16.77219123741387
-16.82102726858521
-16.85280134840971
-16.88157084550211
-16.857442936703002
-16.86667026753799
-16.847451408187503
-16.87282466494215
-16.87321968768353
-16.846882706559025
-16.860693253007344
-16.868080534932602
-16.87040762637855
-16.834331811828374
-16.844255327444714
-16.86779993313274
-16.856860006897783
-16.829997348495404
-16.837498361682062
-16.85321094148911
-16.86348256591336
-16.87531235364277
-16.840238256703586
-16.85871388386255
-16.878045602034657
-16.879197771078697
-16.909258022169496
-16.884505665398773
-16.90268641465487
-16.89754284411658
-16.893346007144938
-16.902054714684606
-16.91492315762393
-16.89436630027054
-16.885260706856688
-16.860090567179824
-16.88999777236019
-16.869799951099615
-16.877635619879136
-16.893431769509657
-16.915019157277047
-16.88437114695895
-16.85540598245996
-16.842849220752875
-16.87090095001672
-16.875776354249428
-16.87608690594833
-16.87328475639982
-16.86434406111055
-16.870542061099485
-16.840365410925045
-16.82662254051375
-16.83548047632939
-16.83429827141281
-16.833158295328545
-16.8640817757477
-16.846660342911605
-16.86445732601471
-16.87730072972995
-16.880138618731166
-16.92182964493807
-16.926210731839543
-16.922469772202945
-16.904978493944515
-16.907640759419234
-16.90235918110408
-16.941821338010083
-16.939203145378837
-16.9762268584075
-16.953959855322054
-16.95675252306259
-16.93430854968996
-16.927535068874402
-16.905109358535753
-16.909869154386964
-16.907503729629532
-16.914859978648934
-16.884791994559187
-16.880776814692048
-16.857563257683715
-16.84351454949
-16.838925149707222
-16.840779260781957
-16.826560628164245
-16.828887868935368
-16.833362881189593
-16.807988925456584
-16.826334861451006
-16.856860033837755
-16.854856459716434
-16.89161936518264
-16.922691558105942
-16.901225932757853
-16.92735037268553
-16.886233544246046
-16.864085826998764
-16.88715751291155
-16.86129396084913
-16.90399799011217
-16.934603747726904
-16.94246598534735
-16.918040303449505
-16.90557801942884
-16.938837751267393
-16.948475753628188
-16.96299441454765
-16.939951051897758
-16.935039637683914
-16.928425996393273
-16.951892566790537
-16.957486516743778
-17.00347012868245
-17.01607831793769
-17.008650812396123
-16.986166495811652
-17.008063791468423
-16.98873233443348
-16.961126023437693
-16.946542908819474
-16.909877547369828
-16.920849780045188
-16.929333033928028
-16.941653024123514
-16.927206185016768
-16.910128044359325
-16.92406341547827
-16.950589423072962
-16.94698670645422
-16.961046294163744
-16.917558905747622
-16.94184022159842
-16.962560119794276
-16.9234698081269
-16.938021847129708
-16.934664705368533
-16.967319753699464
-17.00743491638434
-16.992037906458144
-16.993974333847575
-16.96782622730489
-16.945809230276613
-16.953773996358642
-16.96772452215032
-16.97020675495136
-16.98112490502459
-16.98476788910102
-16.99713441271167
-16.977643342055348
