44.0
43.35617652573685
42.564228158444145
41.64144880483442
40.54040368285665
39.23256533588722
37.6283055706575
35.9010639811974
33.854275162115755
31.538728593342
29.101108683658783
26.443645722480483
23.64648744865896
20.739827883107107
17.825909033198936
14.935299880716665
12.103407491508625
9.398510652394306
6.819364681921549
4.472033747086552
2.2025248739891246
0.14532746427444795
-1.6762663929846098
-3.35545147901001
-4.904514917466977
-6.220640167852537
-7.381668470424187
-8.434203438444325
-9.365432933264076
-10.16643920856071
-10.871188512484784
-11.481735437153938
-12.025702945932732
-12.527458206030914
-12.954965040403508
-13.335726054484123
-13.647805562469783
-13.900451403194186
-14.212879675684942
-14.423331664756168
-14.647960240154415
-14.803842630433234
-15.007756795421068
-15.194686030534053
-15.365291700451781
-15.503683793064061
-15.650518138820845
-15.752065783738566
-15.843388074570015
-15.934070390793108
-16.002459264176913
-16.12510585759223
-16.223431490084636
-16.30699466825118
-16.383795365439767
-16.459099284993076
-16.52235040853807
-16.574292697648016
-16.636939682510498
-16.677924181947844
-16.72102249144462
-16.769965191103843
-16.819808207540014
-16.86041740631007
-16.901859951220814
-16.9211053902875
-16.970245054965606
-17.029023782908915
-17.097085002487916
-17.122527624426564
-17.137167528157484
-17.1727948657565
-17.185342906071334
-17.228494689786217
-17.2387743966766
-17.276394593649904
-17.30947757794758
-17.324731889257656
-17.342678426131208
-17.38663278439684
-17.390214971191142
-17.389860391222598
-17.418055202007455
-17.44232286382673
-17.454925652279062
-17.46394001055557
-17.47813329722283
-17.4840485881471
-17.51745407163693
-17.53755461532424
-17.555196892615808
-17.578951495796364
-17.58654212221482
-17.61448663013172
-17.615590721973224
-17.62213820058113
-17.652559158089684
-17.66263742820598
-17.66659347306603
-17.659073219204274
-17.666105761025896
-17.668381378087023
-17.690422828939024
-17.714307135224786
-17.739441114865393
-17.743341756345348
-17.75842767532963
-17.7543133484016
-17.785010108900835
-17.812365061379083
-17.81983109709653
-17.812639787024874
-17.83163500413812
-17.832641304605602
-17.876468969148114
-17.880676521400133
-17.910448900246855
-17.91691823737211
-17.92814763822688
-17.93814814652853
-17.96402629629883
-17.97008927918556
-17.942109010973354
-17.968703819380742
-17.98348903931152
-17.993788031752764
-17.998977753777798
-18.007770324456104
-18.011810585863294
-18.020172191258258
-18.034103648200684
-18.043930131940545
-18.025985736402774
-18.045675855377855
-18.054893645481705
-18.062587827824107
-18.06953423974907
-18.083130618713138
-18.103769855756553
-18.105433568593835
-18.11916489701903
-18.122981741554124
-18.115250011752323
-18.11928811667302
-18.110899971782246
-18.10360080254434
-18.13963734458396
-18.152169916394904
-18.17617004130488
-18.179534607056084
-18.18969335022444
-18.194923221923734
-18.210125595750025
-18.225057202571946
-18.235636239517977
-18.25092411951965
-18.220307381378444
-18.234608393618377
-18.231060635664978
-18.21847403836441
-18.238882462431977
-18.24972217292935
-18.25648781669802
-18.247641781320432
-18.270773650515654
-18.26383716241224
-18.26973753249768
-18.28646576713763
-18.260664997703135
-18.288375167988843
-18.28784770286326
-18.298012090197606
-18.28414106212683
-18.308785361340526
-18.297400739107818
-18.29447853239458
-18.298949940453138
-18.290636893318787
-18.2891064236432
-18.316386461396302
-18.32528508964942
-18.335164594505752
-18.347378147509083
-18.33228932591702
-18.332274808281614
-18.331849651295382
-18.362355170071226
-18.341933004958257
-18.3602631142457
-18.3842069813838
-18.36859627173151
-18.363280730975443
-18.38755689474583
-18.400979502881007
-18.421957365578226
-18.4385639689163
-18.43375280167572
-18.417634205311717
-18.441962664516186
-18.415798848240172
-18.401780704487997
-18.40192742753194
-18.4302467103756
-18.43597214525302
-18.438436409476587
-18.422658689136398
-18.42223332668238
-18.434737133813588
-18.44035668626884
-18.45069071258211
-18.46127625292999
-18.470513490942253
-18.48394857964416
-18.504356223695716
-18.511130225708275
-18.51178381982582
-18.504240608551914
-18.512246364945437
-18.53046179435339
-18.538339884760717
-18.536747373228707
-18.55735120280872
-18.523261249918534
-18.5362102695357
-18.56290943425171
-18.570469523940776
-18.598623250286778
-18.589831776065896
-18.587016194532342
-18.611282743615607
-18.620828925321845
-18.62034418817593
-18.638654264817045
-18.65474441773539
-18.647699922194167
-18.65162720608906
-18.63445862424568
-18.640672100227157
-18.64232846699554
-18.6511519460685
-18.64083429830122
-18.666482609524707
-18.683300143261608
-18.68759640131711
-18.688684043623343
-18.703114047481282
-18.720791718423765
-18.740872022966148
-18.755342536679752
-18.773231203725047
-18.7429986141441
-18.74804768607488
-18.767143119868095
-18.756949756413483
-18.769463347866008
-18.766598710594238
-18.792778548026416
-18.805359001768213
-18.80130524169819
-18.83285681658228
-18.84075354573863
-18.856845043514838
-18.87794311088111
-18.883815955407627
-18.886663302779976
-18.879329242399624
-18.861462043326057
-18.85798529598313
-18.842214570934463
-18.862894806017263
-18.827476370869153
-18.820687718609253
-18.812387893594654
-18.827633689078244
-18.828199414424702
-18.844766385881623
-18.847981699035127
-18.842784551728254
-18.861489839166556
-18.88518939117559
-18.900110506157464
-18.903903198250752
-18.911203098180483
-18.923680665688085
-18.912724777957564
-18.919460075310027
-18.950878147188362
-18.93411439704744
-18.930896174888883
-18.955693225584376
-18.951559094142095
-18.959922954890754
-18.9677542703525
-18.966469563472938
-18.97585162097042
-18.99851228906879
-19.031885633690763
-19.042300228247637
-19.055738305705233
-19.037471547239267
-19.043259787495064
-19.051971939763757
-19.056364622678306
-19.05414823204111
-19.05454549710038
-19.083303453982737
-19.082103546830247
-19.079736373142634
-19.09368565450943
-19.088286274955014
-19.081131317943523
-19.061726098828938
-19.078714361363353
-19.03610656985089
-19.047033918307328
-19.022379649770876
-19.02035283313681
-19.056932690859767
-19.044643544026375
-19.04335276285042
-19.03523668563761
-19.050363029799417
-19.03834166397933
-19.03341351273059
-19.03847340680105
-19.035672020671313
-19.042853584170896
-19.043571371385177
-19.08810658236977
-19.10482705900839
-19.122752400671285
-19.12322480181976
-19.123626459242146
-19.12697560574811
-19.131468839124764
-19.137534242483838
-19.153432674800563
-19.16530225318679
-19.16739265517587
-19.15311059138699
-19.159245276959915
-19.181664837154575
-19.195195230722536
-19.188553450755098
-19.194527375090882
-19.179566564933594
-19.175698615581368
-19.205807090427015
-19.20854700719445
-19.185233725444693
-19.208628844154212
-19.20949812087302
-19.22228088574105
-19.2263364944727
-19.23302766056919
-19.235629095576076
-19.231988735998133
-19.228994621602403
-19.24519503606035
-19.248363744900477
-19.229803207105604
-19.25723527865219
-19.26733375701047
-19.288018637606786
-19.298574439594688
-19.293591026427052
-19.30442771314066
-19.314902817882928
-19.336274750916136
-19.32145298619554
-19.305350513163262
-19.30583700164047
-19.30301504796416
-19.337572473608926
-19.334703035279023
-19.34334625242227
-19.341258324901567
-19.35315352900985
-19.359492747930545
-19.370190310602087
-19.367899594521706
-19.4033473929113
-19.414533805507006
-19.4094204512865
-19.404514060361233
-19.420548335132263
-19.421224050725534
-19.417462129715567
-19.43338546234655
-19.43008902060842
-19.41834836794715
-19.41173112329742
-19.41466692006551
-19.407767933646706
-19.384655340795124
-19.388621200007208
-19.38088406698907
-19.384424808586022
-19.39110699750165
-19.410497366046883
-19.419281067761275
-19.426413270661328
-19.446212527562245
-19.45262545312351
-19.45649191902505
-19.45512436647717
-19.481688004330593
-19.471726670968938
-19.47461117913337
-19.472403438575128
-19.458308870039737
-19.445058412972543
-19.462326843601016
-19.445349641999005
-19.460753814858688
-19.443536228776765
-19.442926776731248
-19.43038280262818
-19.437377367826937
-19.460742927068104
-19.461222339827906
-19.46609189283598
-19.472673137196157
-19.4685638951743
-19.465746538127743
-19.4635984609709
-19.4906696800357
-19.505655368836248
-19.51767183768567
-19.505123962927243
-19.50560570720747
-19.51027000608312
-19.52329912316809
-19.528285595292196
-19.52547455263742
-19.54681650230818
-19.528072793090058
-19.525134459041467
-19.543497443404746
-19.54739904924167
-19.550109525287972
-19.538249295175227
-19.535180072077786
-19.56557959075964
-19.54643076912912
-19.567688237094732
-19.55412956991542
-19.57345595327509
-19.571086770717486
-19.56492861011718
-19.599239655633397
-19.624762203444213
-19.608093860150802
-19.61099908893442
-19.61458172258444
-19.622792957057147
-19.61564595796272
-19.62418562413063
-19.627774684448227
-19.6104792754171
-19.60838620432237
-19.593805179569433
-19.607385876919324
-19.631933295498253
-19.64079691338451
-19.62671429190575
-19.61615938705449
-19.62530539663163
-19.608303247490515
-19.60855581289029
-19.61347164999381
-19.632360062344997
-19.610967987324308
-19.601409781383758
-19.62430835892359
-19.63611346772652
-19.65873845008139
-19.66318701823779
-19.6714434473746
-19.673280607072186
-19.662466607879452
-19.66425914079568
-19.689327323524324
-19.694792976166145
-19.71377171501687
-19.694418977678943
-19.679479825614663
-19.695608204079356
-19.678134521579803
-19.696290325998195
-19.70299846858718
-19.722769320845778
-19.737695911820012
-19.75457296317386
-19.755615165791166
-19.74731337098367
-19.72225838718261
-19.738295774880314
-19.726895814618143
-19.728188803912253
-19.73542692526189
-19.728025450370655
-19.74667080928795
-19.73887359732061
-19.74648290347143
-19.784880139502054
-19.80103133211263
-19.799482940539537
-19.816473109594302
-19.8139912909372
-19.818147555134974
-19.856315132259354
-19.84261917428856
-19.852560854585736
-19.862888505388366
-19.85120562691095
-19.84747345534002
-19.861344956131976
-19.837635004533674
-19.828158890237063
-19.82259375375822
-19.805817767577366
-19.799296678692517
-19.793579911586622
-19.808909866338773
-19.80224386223343
-19.79457604853636
-19.810340116695922
-19.8141424020304
-19.816248686978316
-19.806207201512255
-19.816084124755672
-19.834763566395505
-19.83598515785994
-19.849388467927813
-19.847553279965673
-19.862525225435633
-19.86853272328524
-19.87304693924279
-19.846161818494103
-19.860138256039818
-19.866727438044276
-19.860475031968438
-19.850567919977838
-19.817860673502235
-19.82101231203013
-19.819479611094625
-19.829967659377758
-19.8503694485369
-19.86024886341977
-19.885695619241673
-19.90063987357929
-19.903724658990694
-19.918973844251987
-19.90368456088042
-19.886588367881572
-19.903454884714346
-19.899403774876802
-19.901599893327976
-19.92022628507775
-19.906051489213272
-19.892394546139077
-19.907066927046774
-19.929180315302954
-19.912473882975537
-19.93305142186579
-19.931116842497822
-19.938636602720326
-19.936454236727535
-19.922349892482327
-19.936956328635887
-19.902671492981437
-19.911779127796333
-19.92775363100116
-19.935150959269453
-19.93155524496372
-19.944357722179696
-19.961162837108034
-19.994979133540625
-19.98074625338612
-19.974589623537685
-19.983190116387195
-19.99483552103196
-19.998089251838845
-20.006150930863278
-20.008689819123006
-19.99859348011
-19.993582101484698
-20.002774834398934
-20.007978015748836
-20.00083207056943
-20.010492600679445
-20.016529052443246
-20.026518703278033
-20.01958193742652
-20.028417262026892
-20.0199559690765
-20.020054538943384
-20.02343888985761
-20.025744525570204
-20.037864216255976
-20.082901666133434
-20.058537519492322
-20.04898622194826
-20.057810647419906
-20.064100399094237
-20.046137209037912
-20.067435078615798
-20.055864040841016
-20.06570645273051
-20.069399900564935
-20.08140671176693
-20.0828694598727
-20.07462544460903
-20.075556205190413
-20.081993003602058
-20.11785251292377
-20.11992453422985
-20.10866034422346
-20.1052999165778
-20.12985816867391
-20.11729100276088
-20.107294507160695
-20.117937945696994
-20.11256985812577
-20.11005037187373
-20.11413860649238
-20.11121060870141
-20.130510502445944
-20.137307130941096
-20.110918986192537
-20.12013601507415
-20.121028851180114
-20.116135131659433
-20.11223869030069
-20.11763800716989
-20.10311468292254
-20.10175035946119
-20.099148478472713
-20.112367035685786
-20.1087811923033
-20.103669293585526
-20.116030256616785
-20.10914703778514
-20.12826651785606
-20.110324637968652
-20.092624322988065
-20.067274293045283
-20.05019656130206
-20.038153594198892
-20.065414101018685
-20.068925760889563
-20.0792634782822
-20.10715347241892
-20.087065513426378
-20.105179304451884
-20.11816525815789
-20.12727743239751
-20.114966698635097
-20.124795375326382
-20.122180232623492
-20.113215274474324
-20.125577525306213
-20.124335003155213
-20.137309298804567
-20.14056998098723
-20.124090743759073
-20.115066364142717
-20.12074998680468
-20.11697071123565
-20.123722084224823
-20.117967086927834
-20.14256393454974
-20.143902542280024
-20.134037893979503
-20.122696102501198
-20.115566374169482
-20.141241563007206
-20.12499859514154
-20.101793662832726
-20.119508446281117
-20.14191587453263
-20.15887173024921
-20.17479234461742
-20.188887541393125
-20.200054728665005
-20.194407726545013
-20.209426036283478
-20.217910908157506
-20.20227287141091
-20.203583511413285
-20.215350423005756
-20.198795453967797
-20.20279085134189
-20.182834715881906
-20.182871591636445
-20.186821600984956
-20.178353244304102
-20.17151979539976
-20.177014240573058
-20.1579464190743
-20.137211204112578
-20.159768833373334
-20.163615769679666
-20.163164006527055
-20.182454757518787
-20.17596851359943
-20.17346358659669
-20.16165687500651
-20.146945406595098
-20.15376640340915
-20.161643475045004
-20.169350154427278
-20.160021897850875
-20.148062997311435
-20.167679009586426
-20.201932950125858
-20.216368754183478
-20.215513215843952
-20.207674772882537
-20.201192683839405
-20.18231653779653
-20.18366827941911
-20.18374296793897
-20.220437531343844
-20.23902916987305
-20.2585859864565
-20.240705853943428
-20.203963483606305
-20.199954429786896
-20.208156385356148
-20.237689754489367
-20.24259764869575
-20.241816812191093
-20.232509037194934
-20.219329216677977
-20.228998634816346
-20.218100790049014
-20.239806477466345
-20.260492151965508
-20.242194377707264
-20.264017663026273
-20.244392393851104
-20.232668839652014
-20.262476756548615
-20.254237890168394
-20.273051981688873
-20.297968076370665
-20.292637915752866
-20.269188979940594
-20.28926345016151
-20.280764162360178
-20.241640186768123
-20.256633582251784
-20.255490221512872
-20.260406369876282
-20.25790692939176
-20.254427027512406
-20.251170357468844
-20.26760099794419
-20.256284191999086
-20.26814377880071
-20.27110390144023
-20.27624929254677
-20.267817387035176
-20.258203478672954
-20.255565092258816
-20.282367609531814
-20.279634795679545
-20.290137936829193
-20.278564948938296
-20.278277215167048
-20.28420251887991
-20.287911215285146
-20.3120996533015
-20.30071972931277
-20.320828229646764
-20.320655790573287
-20.332710584929977
-20.33373272914797
-20.346906729264575
-20.349347363336637
-20.35206827173624
-20.352463297295863
-20.358425837572344
-20.34709118536663
-20.356512372066124
-20.377409720156457
-20.36800383395166
-20.35975362045231
-20.360099012258743
-20.321261208077747
-20.349941521607143
-20.34855080419818
-20.345275953314804
-20.326287318119057
-20.325431853112878
-20.320759204536525
-20.312651889624778
-20.321975750498304
-20.317047137153843
-20.344498607267035
-20.354541917577574
-20.384315078134716
-20.397187844948327
-20.38325353769562
-20.351431760429946
-20.357797697025067
-20.353808155353462
-20.349653623668935
-20.351279440824268
-20.36049095576737
-20.360548451625892
-20.357744775398263
-20.33799789564854
-20.363096503786327
-20.39148214802557
-20.39053324691479
-20.38941073223022
-20.39461103319458
-20.372325141761788
-20.398159568919137
-20.38587549015693
-20.416372592637675
-20.371962194415996
-20.377661831373008
-20.376551565543043
-20.37692619376895
-20.38546827598694
-20.38449761896748
-20.416843265359844
-20.431940868900934
-20.44389389634565
-20.435223367189174
-20.41096890847455
-20.40676153592783
-20.413607358289767
-20.401608234229684
-20.41584855151077
-20.41053958797026
-20.411567236836767
-20.415640130916003
-20.4144412249208
-20.400206291762007
-20.411916912458867
-20.40619054843167
-20.413519699102526
-20.395588266016613
-20.401535610817607
-20.389169448795652
-20.39003982554173
-20.388739154186286
-20.42127659149658
-20.397924027672918
-20.404025599663516
-20.42453990505962
-20.410122830628712
-20.414107043417978
-20.42241889398513
-20.446893278356786
-20.465783606477082
-20.44487318383064
-20.433352698617487
-20.437213537950583
-20.41624787879507
-20.390734692617634
-20.42242242556249
-20.40325224338909
-20.40176610750538
-20.39020719945554
-20.38517123235171
-20.384388957815787
-20.37097587000026
-20.366041899696448
-20.389540602242402
-20.38328803045856
-20.355589036194964
-20.370832604339085
-20.39167655075375
-20.38580745862294
-20.40059460155117
-20.402966870656506
-20.384475225279626
-20.39790301698909
-20.406517025534203
-20.417667526652842
-20.42634392009478
-20.441076976174482
-20.439391306517212
-20.426123065938988
-20.386008038089315
-20.381697177488395
-20.401749615488576
-20.408617047139813
-20.385288051453074
-20.39736165984588
-20.387606549008346
-20.39086617260243
-20.409487356439936
-20.411664081121323
-20.413100521688843
-20.411048699958926
-20.40752525865206
-20.409205653879685
-20.42262553401684
-20.432295316762872
-20.407729859817316
-20.41966003137673
-20.424811108164338
-20.43688214478657
-20.437041009656376
-20.442768296761365
-20.44897601869194
-20.44270997494136
-20.444881939025528
-20.441203908990683
-20.43627144263435
-20.420786273719905
-20.406011497642996
-20.410472059667253
-20.41340789550233
-20.395125279323196
-20.392760493190234
-20.375757739226664
-20.36668690489861
-20.370551193676466
-20.386072023192778
-20.38465072953745
-20.39615789029359
-20.40181431711713
-20.420313366408386
-20.414301857241206
-20.400594838028706
-20.40500272691597
-20.409977854236
-20.41539925126916
-20.439742967062717
-20.432503639638714
-20.45297605152821
-20.45899679909866
-20.414253859115163
-20.38649880806805
-20.388165545847258
-20.402001295034648
-20.415463992629395
-20.3801125264529
-20.35791905233899
-20.371832645970535
-20.355812672166305
-20.329352892819838
-20.32032124797779
-20.355763612188937
-20.36917071788314
-20.37389705410722
-20.36829792688457
-20.35166696217729
-20.368865319724655
-20.377385095908224
-20.351276047229867
-20.35822849886547
-20.367483778965216
-20.368519589568685
-20.389052092042544
-20.39722954464887
-20.390785995126315
-20.383758936598028
-20.388286767421913
-20.38170785744166
-20.396388527833896
-20.402667742320308
-20.400341316992037
-20.38193009332489
-20.38881162939792
-20.386307388633476
-20.383547101142717
-20.386572741232534
-20.396620440648448
-20.397863661706648
-20.39460606473453
-20.389170777822805
-20.401062210559548
-20.390497091374726
-20.408604326285936
-20.436938947468974
-20.439191789306822
-20.431012830169383
-20.440993674670583
-20.429359978486545
-20.41421555451159
-20.408515393944473
-20.36967537821903
-20.37133151763921
-20.386339094898695
-20.391790957843174
-20.40263257965359
-20.362638173845596
-20.350607242963353
-20.350955665682946
-20.366207949741316
-20.386572261629997
-20.396620271362924
