44.0
43.371188841207214
42.602603833175785
41.69818783834151
40.62907968962781
39.35693335065847
37.8428476345166
36.101107469929914
34.13100427526253
31.954219524803886
29.557916171111575
26.993659461042924
24.334643255952717
21.404976257352775
18.496564789844648
15.624389996112257
12.733168740591609
9.965471996664188
7.368183982878327
4.9554763727074835
2.6365385169958064
0.5876708416192626
-1.3092811100862811
-3.0660711402434746
-4.573176012558483
-5.980879479144511
-7.1649290603094
-8.227795831052122
-9.189046211659253
-10.026362989276272
-10.789004095367975
-11.475294532974546
-12.031789029476709
-12.543114185395012
-12.952933825178851
-13.378926667244713
-13.69424078923002
-14.018227632015599
-14.304407831083005
-14.51777098090486
-14.770760140627441
-14.968571517541912
-15.14499696903958
-15.332523908982104
-15.493667483682982
-15.618849251175536
-15.73997728898658
-15.818022862580225
-15.937630479059822
-16.034383688600496
-16.132663765914163
-16.205844058138975
-16.263806301050334
-16.34826208182316
-16.39734237686238
-16.473925338734986
-16.539885556226274
-16.61437854655384
-16.67771287417898
-16.75728041560853
-16.810719149361848
-16.838785985867514
-16.90884322771129
-16.973971533070557
-17.007252670710862
-17.084569999278788
-17.119741319848984
-17.127174085895042
-17.170457203853683
-17.19730728993649
-17.22432952269933
-17.244000275794345
-17.268191212505418
-17.29969720674251
-17.311190747267908
-17.347882571763886
-17.39068839624875
-17.39045802379003
-17.405572055177515
-17.406256028990068
-17.442784058839262
-17.455488530324423
-17.46207222510663
-17.50499400251517
-17.53510954521316
-17.554017820529367
-17.59241751127737
-17.60700566736105
-17.613881696634625
-17.632867091329043
-17.639956741567634
-17.64477605668561
-17.66149078803024
-17.67506421216225
-17.712852566166994
-17.72629971601264
-17.74661475833783
-17.727047672612972
-17.7395558675119
-17.755632336766926
-17.75129776874515
-17.759177325585277
-17.73898726069051
-17.757761794322004
-17.77302373587674
-17.817791317942536
-17.818793060513922
-17.829184769705975
-17.84066659735366
-17.86400809119747
-17.897057639317087
-17.901358881756263
-17.91512318063836
-17.933687437024
-17.952460712962402
-17.947825363523197
-17.985052332701013
-18.03049639028659
-18.03156708382557
-18.04947081414169
-18.066424579267157
-18.049012884855003
-18.06323453984152
-18.06960949657219
-18.0768600001759
-18.06808896924134
-18.097612078645557
-18.090080583853798
-18.08749873865175
-18.082288894553418
-18.09851029636753
-18.08688468140737
-18.096081812360392
-18.091662567067154
-18.082535207442692
-18.089813755230043
-18.103387056123374
-18.117352618156477
-18.14400318191891
-18.153335408461224
-18.15095392319265
-18.168351866251513
-18.16792527039799
-18.162414821755082
-18.168051766847597
-18.17350750262309
-18.199262831593042
-18.191553451277173
-18.191801898345027
-18.20249194528283
-18.21013825826784
-18.22817561181663
-18.22425177031354
-18.226757920542365
-18.23982362744932
-18.247791355183665
-18.254153972941424
-18.26052835391502
-18.28002193205462
-18.298675106774013
-18.318955673975307
-18.346771249798646
-18.35786986888391
-18.370205670066778
-18.3626108982413
-18.361518543813677
-18.353315524973855
-18.341881368948815
-18.36452960200151
-18.341477125321255
-18.361300106864373
-18.387854907793855
-18.40026353490013
-18.400515028641195
-18.39620404109464
-18.42147570375838
-18.442605843287264
-18.467365536353565
-18.487209709387457
-18.476211766342445
-18.476967177253158
-18.456585944778062
-18.460874059170568
-18.486474470275734
-18.49177805312095
-18.496806976217034
-18.507988677105907
-18.508997935533568
-18.497364392929345
-18.50373257383613
-18.501253792335035
-18.502971272811635
-18.49860268435592
-18.509225697312505
-18.52235324039719
-18.522785613504
-18.510715512731718
-18.52357029024595
-18.523375164087113
-18.55663033049842
-18.589038941841682
-18.583644010358203
-18.60536766469292
-18.60365111164058
-18.623173372985484
-18.620700495921017
-18.668671659521838
-18.652574398556123
-18.655530018489273
-18.65584308999638
-18.65005536698594
-18.669668704906687
-18.682771734787536
-18.690153382230566
-18.713583541843455
-18.696420184579296
-18.71358981497932
-18.704922122085375
-18.721647416945835
-18.743826996191203
-18.744827514421395
-18.771691980101195
-18.779096203576554
-18.791667655389862
-18.784992984925367
-18.773041292601448
-18.78585431732016
-18.769414669598206
-18.770513378900272
-18.761450367219044
-18.788739245345322
-18.79854313665622
-18.812331645633453
-18.817998937226257
-18.8212575454357
-18.807131031119642
-18.81503498809408
-18.81775638398874
-18.81577015742733
-18.807302085196604
-18.816402599514397
-18.805295501213504
-18.827076598837902
-18.836597055330476
-18.867941569860395
-18.885476179442378
-18.891001370576795
-18.906332435982783
-18.886156555336104
-18.900657575098077
-18.895364446994314
-18.884943712657748
-18.892897565055772
-18.89794980769866
-18.93445776675631
-18.94376836769706
-18.946621170694268
-18.93745096877307
-18.938724888424627
-18.944603065654167
-18.9655568897097
-18.98064210785315
-18.989870110397725
-19.00675661868009
-18.99144392205387
-19.004417102144284
-19.018450957633558
-19.011077675775223
-18.996095200293297
-19.003062965955465
-19.03039653961152
-19.035808237713784
-19.019292244408696
-18.999315698954536
-18.991925337650336
-18.985073964201145
-18.995134468810914
-19.01991777363201
-19.016946107166557
-19.022826030691782
-19.032129455691642
-19.053250361873374
-19.062535925906946
-19.068760396804294
-19.073710575172093
-19.091151080698506
-19.095861942553665
-19.103031917332135
-19.096480781492918
-19.090013007918856
-19.077012573285778
-19.051425887632185
-19.05735714974188
-19.054444103973825
-19.070801358093497
-19.07037373843935
-19.093015143183198
-19.094355551798955
-19.087021405672605
-19.0860919215176
-19.07924072967117
-19.09993392151822
-19.11230049023297
-19.098616665290944
-19.10879818528909
-19.114044612664724
-19.137937637381977
-19.12553774314133
-19.148914739054305
-19.165360661843856
-19.186803076786124
-19.181372583256813
-19.199695910638475
-19.195545006198692
-19.16860781547821
-19.165421327721237
-19.19669592993095
-19.21452906096054
-19.24034455001732
-19.239377158155907
-19.252144944367934
-19.244540133313887
-19.24704041991381
-19.249649028533362
-19.268291690679774
-19.2788569737838
-19.27456891211032
-19.27878316522567
-19.260123779865257
-19.273225615578994
-19.263256760669858
-19.258836987323768
-19.26396718326876
-19.279683605016295
-19.304630136349864
-19.270990775621687
-19.286266953248617
-19.297151078973574
-19.31899234657822
-19.328546975032626
-19.340873056447105
-19.345894335330367
-19.359956792773005
-19.36539142432459
-19.380616991889685
-19.382208640910363
-19.368486585789253
-19.375539942089073
-19.361597554699518
-19.372405436415455
-19.38220376620633
-19.41301700440184
-19.39742081694173
-19.385310869045277
-19.389785306869722
-19.399193108636478
-19.405406072306484
-19.401401410058124
-19.415467552229487
-19.415623874524922
-19.45243775461635
-19.45103394473099
-19.457953547553885
-19.46144271116281
-19.451722167218705
-19.45062410574514
-19.466615359128546
-19.476831488458625
-19.487058052118595
-19.484024083069343
-19.482716023771477
-19.484359172183602
-19.506829499822615
-19.515237160227507
-19.527233892221453
-19.54349968450935
-19.53291605021009
-19.545201605949835
-19.533030107391422
-19.53562940351141
-19.530343878910934
-19.533444871665704
-19.517726734349193
-19.52715909602974
-19.53818248795034
-19.543842615040134
-19.553974297372292
-19.55569831329032
-19.56292290041662
-19.564686788857664
-19.572256191278104
-19.577147739063314
-19.59870769823295
-19.587952230060328
-19.567294709927705
-19.55882588151871
-19.55942439749296
-19.54557047360154
-19.549474918928574
-19.55445189615238
-19.566411499623324
-19.540074884219027
-19.544376176826486
-19.557061406370853
-19.56015575894409
-19.551339237985886
-19.543465040145332
-19.55973989383779
-19.575820039618666
-19.58110756908361
-19.561731093637817
-19.527880138613494
-19.530118403402714
-19.532228237309084
-19.559197054531552
-19.55666389526068
-19.54329778696208
-19.550901238958478
-19.56753823343469
-19.561050768301435
-19.562843773891444
-19.581686231166014
-19.574783461097862
-19.57390240556729
-19.560442868752965
-19.567407898955125
-19.56480884271596
-19.56859823726578
-19.56341528150595
-19.58341886193054
-19.599618899989277
-19.6063276154035
-19.60275109905974
-19.616335616195613
-19.619200558714347
-19.640664832098587
-19.62726525959293
-19.634543434509652
-19.65405850510958
-19.65936754285272
-19.669606967854623
-19.693539825493207
-19.69392403158544
-19.689591882929733
-19.689032125720974
-19.680338806960282
-19.676930131919946
-19.687548906700446
-19.69579604479229
-19.708083471023293
-19.716271934015293
-19.736162124043766
-19.72355797265792
-19.71919104804697
-19.718587276267755
-19.726596322209385
-19.721738584509428
-19.707585326161123
-19.72975263525769
-19.727127703428433
-19.75676251865246
-19.745765021998725
-19.74622649844763
-19.767581269047582
-19.764642647885523
-19.764548692401757
-19.766431361740246
-19.76418425794606
-19.792970324512602
-19.79213238680307
-19.7755176167431
-19.770948216249042
-19.76063389185142
-19.78945494796274
-19.80268727584862
-19.80001744590458
-19.809069529213463
-19.80948573779965
-19.8161277075071
-19.809127366760222
-19.802279416816297
-19.822215245388946
-19.82866583612502
-19.851689029546723
-19.848121772488916
-19.838768279860556
-19.82321645863719
-19.83981145989821
-19.867176148628875
-19.87494234883571
-19.879696351227516
-19.89434394075286
-19.890103207933915
-19.87869632370626
-19.8655842528058
-19.856374877882605
-19.84018994437181
-19.84206171248107
-19.8596126819854
-19.86577161888888
-19.864635475886477
-19.869564274125256
-19.861148145034168
-19.862572381199513
-19.871726401873108
-19.900233100900998
-19.895738076210943
-19.871902822772572
-19.884269417857748
-19.870059024020758
-19.871295730844654
-19.83868381868199
-19.83405613651084
-19.837190562957133
-19.861866966421413
-19.880707881949863
-19.897413144585784
-19.89653141704148
-19.890088063969024
-19.897811047017107
-19.912681825543125
-19.92493484446535
-19.91768993178193
-19.911920597984906
-19.9250886339959
-19.943474765813885
-19.948994441657884
-19.939108893626067
-19.907974191082168
-19.91000610321533
-19.903874868366678
-19.90230963267948
-19.91491114024664
-19.93059737977208
-19.92533317371501
-19.898637870368894
-19.899747123541843
-19.934859643637882
-19.957930490125985
-19.960604459953018
-19.952620929053033
-19.96379152435015
-19.97652292609305
-19.9956385709109
-19.986925383309
-20.009724085231177
-20.002369102887155
-20.00522136511632
-20.007761940934262
-20.00944737167601
-19.986272790276193
-19.982646610959492
-20.00035075242618
-19.987121046449975
-20.000483253444273
-19.99116686204476
-20.001275483930243
-19.996925590665224
-19.99506139984827
-20.004636160612442
-20.002788422016376
-20.016004119744274
-20.028089414294083
-20.03814684230483
-20.055462564307476
-20.057019186301243
-20.063671717775733
-20.066053277041572
-20.085594503355775
-20.082528790728155
-20.076016174075875
-20.065093156212576
-20.063411128859105
-20.043050734749453
-20.04298717730845
-20.031496492093233
-20.041150528085193
-20.05940544754959
-20.043102332416908
-20.036620455584185
-20.045154510619238
-20.03696348191766
-20.038478231056377
-20.03806571967016
-20.055964002557207
-20.06675603576397
-20.064580541912342
-20.064469271921066
-20.07040246315179
-20.06540916990058
-20.10272635557562
-20.088002930619968
-20.052747579282588
-20.057553405376225
-20.097062856926538
-20.10762313023943
-20.11386833624144
-20.10829234881112
-20.103167555182704
-20.100809405830177
-20.104208163158926
-20.11189766104242
-20.12389917848086
-20.134840697538056
-20.15110493683134
-20.162080619390785
-20.163899107845083
-20.182792404086474
-20.182961391742257
-20.1862775707125
-20.175057065303537
-20.18268489175689
-20.171101782729703
-20.186694920194164
-20.166782087531438
-20.142243868111972
-20.13704171830318
-20.14840770172503
-20.155225071243528
-20.174729134473143
-20.1674199810458
-20.172374519826537
-20.15623238394005
-20.136415520656765
-20.159613942593314
-20.15157921039553
-20.162788184331784
-20.207424058155045
-20.18137107587097
-20.15680904880647
-20.15208861971647
-20.135865040122294
-20.13628601954153
-20.13969425961814
-20.117761244886943
-20.1402184311086
-20.153629868288398
-20.13533754045721
-20.174422924439995
-20.190249345344068
-20.17554538249565
-20.163743359385716
-20.181042691855676
-20.16542808682124
-20.143450242606736
-20.18449751220712
-20.18690714265539
-20.179747503658437
-20.198261490333607
-20.18123862301873
-20.181973558926266
-20.18721538913106
-20.212785111432282
-20.221830219156953
-20.22619179689096
-20.21544937842559
-20.23591898776479
-20.2436103773303
-20.2370465906415
-20.225443301865532
-20.229371225956285
-20.24173060081957
-20.227824878994895
-20.20368506703452
-20.195670127625064
-20.197789405758826
-20.2088800100841
-20.22042658298777
-20.206433773715073
-20.184985589080338
-20.181006997367074
-20.198190724453756
-20.23004063766021
-20.24263345045087
-20.234936008779233
-20.235588998978294
-20.22594457918103
-20.218195511101985
-20.210466428203382
-20.213932216135117
-20.217332085288568
-20.211686347917446
-20.238148976243313
-20.219085985850707
-20.182371311585612
-20.16871676891565
-20.196676841467255
-20.189670089650722
-20.208179450561357
-20.2063342462932
-20.214939811849074
-20.229180548985912
-20.238829841385865
-20.247134474178182
-20.2368062143934
-20.24673082735196
-20.240187452133284
-20.264866127290308
-20.254015754234697
-20.271143445309743
-20.26706087371849
-20.271047932678005
-20.25146112707317
-20.272486117075253
-20.279892600959794
-20.298662881710413
-20.2930183060286
-20.289518898566136
-20.30011191623003
-20.30783647184822
-20.289808468687596
-20.296607739498103
-20.302399583356323
-20.297361235096183
-20.302753811422843
-20.29139048766377
-20.28494334975485
-20.29435763483825
-20.291432149102537
-20.292138606761313
-20.279439858739195
-20.302836418177662
-20.299839197642463
-20.296876950487988
-20.297140453082374
-20.31161429213042
-20.323606579620193
-20.303457155808886
-20.29964928214884
-20.317021225779353
-20.308268041671393
-20.297698753091115
-20.301221842612396
-20.290358119009444
-20.314924563971744
-20.30676366182379
-20.291065018185876
-20.28277580567543
-20.30019845770206
-20.28754042928182
-20.317605805719072
-20.331066602391452
-20.31008334599449
-20.317301038027995
-20.304933645714026
-20.2989849885633
-20.322733790619615
-20.314303031180774
-20.33376428676622
-20.328374460315466
-20.324023883922415
-20.349944965022065
-20.325323247649507
-20.325761865642995
-20.308228614704696
-20.30343811531219
-20.30890177328422
-20.293894346952246
-20.27559434403009
-20.295563053709603
-20.282810787331233
-20.282275878601137
-20.286198218298647
-20.301425970325344
-20.32997787448058
-20.30915714804154
-20.320794750503698
-20.322238911011155
-20.345421140753047
-20.344242718198185
-20.3358944685536
-20.33081261191082
-20.332254075077664
-20.357400461748718
-20.382627933159124
-20.38135891919567
-20.375249998932127
-20.38003880687209
-20.394329279631286
-20.37937821439772
-20.386773476214138
-20.389547171412993
-20.374409922448887
-20.365280119504888
-20.360136954273795
-20.359338708684053
-20.357072551146
-20.370360632035382
-20.37611574090535
-20.34598923915656
-20.347328794975216
-20.35057765604997
-20.3589457521718
-20.368678899024076
-20.396851275335397
-20.404703884649003
-20.416451139038358
-20.420710458685512
-20.405821080759377
-20.412366429516243
-20.419001746927933
-20.407606108658907
-20.399732984790386
-20.417217957654028
-20.415054710889027
-20.423400029933216
-20.429466849750707
-20.444038948709206
-20.44304137073132
-20.435139406084847
-20.451831246194292
-20.448995622715223
-20.450475943299132
-20.45793592562304
-20.450264940036
-20.456327913923605
-20.440770637712408
-20.42013564027016
-20.410589075348955
-20.405009222515513
-20.379778436965285
-20.396789424880257
-20.43595832650084
-20.449021433492963
-20.433717296005252
-20.434933050177676
-20.437018002887744
-20.431664807329746
-20.434909569864306
-20.446505817753533
-20.459656634935264
-20.431873320899545
-20.433164164394654
-20.44416590650066
-20.452053294535016
-20.456507216811502
-20.46284664729953
-20.44454838008958
-20.426643825808103
-20.436579459306746
-20.45766284631906
-20.46252806375294
-20.4839588097742
-20.471963505466675
-20.473420745559366
-20.474674696280015
-20.469373184439718
-20.46962482713361
-20.466536484067333
-20.461390757043965
-20.47277989138297
-20.469087184538623
-20.48101905318931
-20.483708566867858
-20.472775319644132
-20.48992926108738
-20.497988935380295
-20.490034822157394
-20.477166310392843
-20.473499508084572
-20.476523560023548
-20.493332649923218
-20.51786649109131
-20.50580517627781
-20.50301758179048
-20.502152807288724
-20.49486744620756
-20.46888674594514
-20.440010942512043
-20.442955025225945
-20.431913867302974
-20.403417258756086
-20.398806812736787
-20.424490360469292
-20.454295470266814
-20.451184262585947
-20.47134360510898
-20.465149489729924
-20.457050657648633
-20.472710795818575
-20.4644540787928
-20.468972061245964
-20.477643280982083
-20.50140511452505
-20.48166929834426
-20.48611413025313
-20.48696301861662
-20.501766741303662
-20.507077535743527
-20.497240367593065
-20.484478544258085
-20.493900460927154
-20.490889135431143
-20.4875894380827
-20.480217457575556
-20.453073724707732
-20.451869317214936
-20.444972847314673
-20.41705797636033
-20.392050892393723
-20.438688090743778
-20.452152718591794
-20.45207456395735
-20.418630987249152
-20.41715888447058
-20.41086301715804
-20.41638348059343
-20.39393359921161
-20.39602555340286
-20.384930323700413
-20.373931830809713
-20.364287809933657
-20.359120237251155
-20.38016901304451
-20.367307884160883
-20.376940981970275
-20.392693596118683
-20.399659290791583
-20.397772057862852
-20.41788703437576
-20.432099090135885
-20.45123931524327
-20.44715760091366
-20.44512824866902
-20.439615876119536
-20.430283252255165
-20.417556400497514
-20.450152502646503
-20.464791754538297
-20.466474080038445
-20.472312727177947
-20.4543178125602
-20.44355870967049
-20.461000334151183
-20.474544571672975
-20.4866888233137
-20.499639648253037
-20.510698595790885
-20.494321949500765
-20.530896353835143
-20.551996044859173
-20.529092982465432
-20.546106792378293
-20.562286182254855
-20.56045714644202
-20.530986952576445
-20.521850440204343
-20.519614727507477
-20.558727466964168
-20.563544918070367
-20.575887879582762
-20.56967604858344
-20.57474220657116
-20.560887593657796
-20.550643482676275
-20.53541934144293
-20.51441050630726
-20.515201230763168
-20.505357780986884
-20.498320450750143
-20.50763708120699
-20.511934395397617
-20.522889729324497
-20.511312915889828
-20.530300915039707
-20.52270336357295
-20.508323095263925
-20.50632480677138
-20.487469066557697
-20.51231297867828
-20.495881608454678
-20.493272712984258
-20.482157050860966
-20.47934347223451
-20.47401020552685
-20.485468347805366
-20.482141167380856
-20.473063024826686
-20.465544244591104
-20.458014903111696
-20.440391064589267
-20.443491416331888
-20.442142445851864
-20.447400474575314
-20.449002093862354
-20.457995837595842
-20.457760027356947
-20.459905401148482
-20.443046163993404
-20.454434912819572
-20.43129569462347
-20.428837955037814
-20.44361801526642
-20.437110050796477
-20.436873064774243
-20.477407065703062
-20.476874824684813
-20.464214538005418
-20.46623149324503
-20.458770637223534
-20.454100448062764
