-24.192560718412118
-24.18879090594955
-24.185543537995386
-24.182893245216196
-24.180332743572503
-24.178199467449986
-24.17614574038189
-24.17403584261197
-24.172546421244995
-24.171126437485583
-24.17000952679226
-24.16899362697606
-24.167918437219523
-24.166721426925896
-24.165605910093372
-24.164707114697723
-24.163622091263438
-24.162837975873963
-24.16221036166825
-24.16149921210427
-24.160856040473877
-24.1601906884082
-24.159595989382197
-24.159127519682222
-24.15858825894772
-24.157983041242627
-24.15755039697662
-24.156789241526045
-24.15627958336369
-24.156248159803294
-24.155750025613074
-24.155447968531796
-24.155194486236528
-24.15471649361564
-24.154582669899405
-24.154252551453453
-24.153974073260056
-24.153861565491113
-24.153568156531787
-24.153199021863415
-24.153028323591165
-24.152950476789353
-24.15283522739004
-24.152478569669533
-24.152184410226702
-24.15213544503356
-24.151903432734127
-24.152035700644547
-24.15167488694779
-24.151654065780935
-24.151356122385227
-24.15143227570764
-24.15138821830278
-24.15108561157388
-24.150902585804847
-24.150944646986712
-24.15056051305984
-24.150619485925702
-24.150580722111037
-24.150727019330432
-24.150455475314697
-24.150337014264494
-24.150404649725928
-24.150599891584516
-24.15086207731939
-24.150795472384125
-24.150889054693167
-24.15070888146218
-24.150506720789636
-24.150514873920287
-24.15088306067127
-24.15076403694999
-24.151031753242595
-24.150661342021266
-24.150628057921075
-24.15038156539045
-24.150401662909434
-24.150393869035483
-24.150447056770158
-24.150520074473967
-24.15036186456539
-24.1506372950227
-24.150790656395813
-24.150768526995535
-24.150696241440123
-24.150520557323993
-24.15030300024341
-24.149999906857143
-24.149540827927442
-24.149665255456387
-24.14990014422302
-24.149854439599718
-24.1499470069314
-24.150104299606348
-24.15025205890265
-24.1506432899095
-24.150489247802387
-24.150107499313872
-24.150237872698042
-24.15004871382956
-24.15040029205474
-24.150371023275646
-24.150132615430763
-24.150170981290287
-24.149900490167667
-24.15008779314746
-24.150102844433402
-24.149874550116753
-24.149546365333077
-24.149710180447403
-24.149903651487133
-24.15003957358148
-24.149531923722154
-24.149346900384412
-24.149433421191432
-24.149505028087802
-24.149444160052422
-24.14967724434846
-24.149925130686423
-24.150007009381117
-24.150178114014206
-24.14972385669742
-24.149820167499623
-24.149712746904182
-24.149926471667236
-24.150085794328163
-24.150427200072716
-24.15025768584304
-24.150188736729334
-24.15026020513634
-24.149923588114238
-24.149825766358532
-24.1494541357818
-24.149549021136195
-24.149353065057436
-24.14914926286296
-24.149425308488393
-24.149065054679372
-24.149268820094093
-24.149392756672004
-24.14921691134046
-24.148845213899488
-24.148750601635932
-24.14890535334133
-24.149023414196908
-24.149552694903605
-24.149224141578113
-24.149314167462347
-24.149235566897996
-24.148930857575984
-24.149160405958874
-24.149394869142174
-24.14929682230696
-24.149071742875847
-24.148976670990024
-24.148861127441215
-24.149043498369956
-24.14893143415112
-24.149065447687434
-24.149204418081098
-24.149049180914936
-24.149268404307044
-24.14884901710957
-24.14881371495715
-24.148672813099804
-24.14870220034026
-24.1487127288757
-24.14868565185908
-24.148779833353476
-24.14893893757934
-24.148591695375764
-24.148843056575142
-24.148870766404695
-24.148959619279093
-24.148859429938568
-24.148826731794102
-24.1488719031155
-24.14858088278138
-24.14859824920994
-24.14856242051452
-24.14876149322093
-24.14879230581471
-24.14876090915045
-24.149028968141188
-24.148900291557688
-24.149038235931922
-24.14889987864313
-24.148780780108794
-24.14904872231232
-24.149083088597514
-24.149161234148245
-24.149043075018408
-24.1490440879032
-24.149054207467923
-24.149253849285678
-24.149136701045283
-24.148844810780453
-24.148598837724638
-24.14831844891372
-24.14829040409461
-24.148673977266828
-24.148704949486646
-24.148613883820026
-24.14871659794631
-24.148685383587836
-24.148731838356344
-24.149032802001763
-24.149115533070905
-24.149379770162177
-24.14937017733256
-24.149159229527427
-24.149344099172325
-24.14952525684322
-24.14952904755603
-24.14967518605213
-24.149621597496033
-24.1496891258035
-24.149851409161208
-24.149753060346722
-24.149697486791837
-24.149459918794843
-24.14943889560791
-24.14954410633829
-24.14928458803405
-24.149136926597446
-24.148664856945334
-24.14873742068084
-24.14860467025578
-24.14882718670515
-24.14876424955728
-24.14898968197173
-24.149119755978415
-24.14907094019669
-24.149043497216415
-24.14862975416875
-24.14862865719648
-24.14864881627929
-24.148585375723258
-24.14854959431419
-24.14852541072624
-24.148589294651913
-24.14858139994924
-24.14829653546352
-24.148386190171415
-24.148523803010736
-24.14823686634379
-24.148258261775112
-24.148169280094567
-24.148486392666896
-24.148478771513233
-24.148448054437882
-24.14852568966525
-24.148466483778925
-24.14809469710269
-24.148045828595535
-24.14831560218927
-24.14834988950406
-24.148443900987175
-24.148211890912588
-24.14823330471008
-24.148426993721912
-24.148643545120454
-24.148691789032117
-24.148243104093222
-24.148283488957876
-24.148386698164536
-24.1486373909308
-24.148662887936656
-24.14876834708725
-24.14861367859395
-24.148399974792888
-24.14834179564984
-24.148577749299147
-24.14851970619637
-24.14902769717179
-24.149303132475048
-24.149177234706322
-24.149205968651927
-24.14924842995174
-24.149293848409407
-24.149276211602185
-24.14900174707706
-24.149033939884653
-24.14927286512725
-24.149155912902305
-24.14950773062564
-24.149559836248766
-24.14949649196271
-24.149449445788814
-24.14942967346682
-24.149396843790022
-24.1495396439241
-24.149504425862585
-24.149511018571946
-24.149622961591273
-24.149800648774022
-24.14978732411682
-24.149926989516164
-24.149946971608266
-24.149861787761143
-24.1498314142262
-24.149664547340684
-24.149561683606944
-24.149522918767214
-24.149557919741113
-24.14940019447614
-24.14935380333918
-24.149584065161374
-24.149670225380927
-24.149609517264878
-24.14949020515074
-24.14937238038866
-24.149555272023907
-24.14975652143165
-24.149957518759575
-24.150143213138918
-24.150078845186766
-24.14981121012835
-24.149733157703842
-24.149577341877773
-24.14956614148821
-24.149333434698754
-24.14941988848056
-24.149560000359205
-24.149555299751444
-24.149546789912822
-24.149702908744917
-24.14943381270523
-24.149269330155963
-24.14913405284921
-24.149276795886898
-24.14927158634885
-24.14910241181392
-24.14886531098126
-24.148824758942485
-24.14856321791667
-24.148836227919634
-24.148977712248005
-24.14913047230233
-24.14908411843114
-24.149154171206387
-24.14910104660045
-24.149373890862243
-24.1494653732045
-24.149534554211478
-24.149469249989348
-24.149402543345666
-24.149211005754356
-24.149105459713514
-24.149229505870682
-24.149285105472497
-24.14935158105449
-24.14932490956573
-24.14938629648992
-24.149476453349706
-24.149710422137918
-24.14991991665643
-24.14946744042595
-24.14931571521417
-24.149270646325334
-24.149057622620553
-24.14914543188291
-24.14896068981593
-24.148734541639847
-24.148765988337118
-24.148745757332744
-24.148516154546247
-24.148433955843334
-24.148431477612803
-24.148641417111516
-24.148398175548817
-24.148481587518525
-24.148409749857166
-24.14860734956909
-24.14907260304427
-24.14896695855932
-24.14914776137766
-24.14891323359695
-24.148665114698204
-24.148669270238145
-24.148659989525402
-24.14865100876161
-24.148564067839658
-24.148570737877847
-24.148802721073103
-24.148788917455025
-24.149076333625953
-24.149190129922154
-24.14934856113891
-24.149410107306508
-24.149488873933908
-24.149462923141883
-24.14976066036532
-24.149749603157264
-24.149883297581567
-24.149731189175085
-24.150021639877572
-24.150052869415926
-24.149871783195653
-24.149974593894104
-24.150115359511574
-24.1498806781985
-24.149895476965646
-24.149763672504104
-24.149890548761828
-24.14977187344146
-24.14968020090051
-24.149606530426798
-24.149451120167736
-24.149248564140468
-24.14926369406898
-24.148797245412087
-24.148602979801122
-24.148791644700786
-24.148717104702023
-24.14874452525998
-24.14863473499014
-24.148840151406567
-24.148746201649242
-24.14910360786326
-24.148995904928757
-24.148882717893375
-24.149006068836307
-24.14908816706272
-24.14919780241443
-24.14922360731569
-24.149046084762915
-24.14883251134943
-24.149119790876284
-24.14902017849107
-24.149459971288074
-24.149655700693756
-24.1496185741468
-24.149711636889897
-24.14979388184203
-24.150261089208172
-24.15058077038654
-24.15043760421377
-24.150478236844165
-24.150466030622383
-24.150395181782727
-24.15021412477502
-24.150031611846128
-24.150078311498095
-24.14989634119723
-24.149867077531283
-24.149826373998543
-24.15000351045689
-24.149894935191043
-24.14938793965902
-24.14964585871334
-24.14961437889334
-24.14965927013169
-24.149484418827416
-24.14936881143034
-24.1491107065974
-24.14906676408106
-24.14926018094167
-24.14964127960354
-24.14962056380724
-24.14974408168286
-24.149614170131454
-24.149466080086018
-24.14989096505094
-24.149796219789625
-24.14978553033419
-24.15006184847079
-24.15033319885674
-24.149967404898202
-24.150078266918186
-24.150135748739448
-24.150169316915594
-24.150138500020418
-24.149927879570892
-24.14962921755155
-24.14955975576801
-24.149732413340033
-24.14979015728091
-24.149696101018336
-24.149902350893687
-24.149741427347813
-24.14934955978121
-24.149163085208773
-24.148888652825757
-24.148869935950014
-24.148592572334124
-24.14870945377766
-24.148828422755955
-24.148902975330227
-24.149198676852834
-24.14885700201978
-24.148960936055285
-24.148823305548053
-24.14898352006271
-24.149087661713033
-24.149273331934815
-24.14944880644859
-24.149562841822206
-24.14925806582342
-24.148928152183263
-24.148958661171584
-24.148795305314998
-24.149088492542955
-24.14912619530505
-24.149041385568868
-24.14890573998842
-24.149129510081025
-24.14956674556712
-24.14941782673694
-24.14919844905848
-24.1492054180453
-24.14951644393238
-24.149205825532118
-24.149527463659904
-24.149835451129295
-24.150158532157604
-24.15008122616198
-24.149959565264215
-24.150036333887723
-24.15005260689297
-24.15014359903798
-24.150167709257847
-24.150115125720614
-24.150398626933193
-24.150243536867816
-24.15036826595987
-24.15015877343634
-24.1502221994277
-24.15026616717047
-24.15038012644616
-24.150510361402027
-24.15022292863768
-24.150477839920004
-24.15035057586131
-24.15020343567018
-24.150435182903227
-24.150636180959822
-24.150751368270804
-24.150568226356807
-24.150678954843663
-24.15063489385293
-24.150676565354477
-24.150401687081963
-24.15003668679551
-24.1498552770153
-24.149693820192834
-24.149538580755777
-24.149356270987923
-24.14949531057347
-24.14926592619921
-24.149634177635306
-24.149431572501168
-24.149326122772006
-24.149734241685174
-24.14952266702218
-24.149435175547072
-24.149288564390655
-24.149665595599426
-24.14967789831947
-24.14954108689837
-24.149712584523822
-24.14975420483675
-24.14978432111811
-24.149667264324403
-24.14989288375576
-24.149884539074257
-24.1495878267829
-24.149803998815493
-24.14943869110234
-24.149216654370644
-24.14923064446903
-24.14950020159753
-24.14962400549929
-24.149480666417073
-24.149319104137412
-24.14943441817139
-24.149777846735883
-24.149919185196985
-24.14979623064122
-24.149838046886863
-24.14968067110904
-24.149604055598108
-24.14938214821961
-24.149148932081122
-24.1494603217208
-24.14932898784686
-24.149495049125054
-24.149424211852715
-24.14969081022315
-24.150055111178443
-24.150091097349183
-24.149913942828857
-24.14995585701141
-24.14941795611839
-24.14926837920711
-24.149179035110137
-24.149533135613748
-24.149494648583506
-24.149634766024942
-24.149473571303172
-24.149362181765703
-24.149460814444822
-24.1494219003844
-24.149661291260617
-24.149616897163824
-24.1495103287926
-24.149468672919273
-24.14956293854879
-24.14951736975608
-24.149276879685335
-24.149387360909966
-24.149272158195448
-24.149368759169032
-24.149485369485937
-24.14973184417383
-24.149802266525242
-24.15015584473968
-24.14996820743842
-24.150095413612714
-24.150132774561822
-24.150346037766447
-24.15011679811758
-24.150142691043463
-24.150050782855903
-24.149731381457478
-24.14982273185655
-24.149553435464277
-24.149384201690005
-24.1492195269122
-24.149397068776352
-24.149494226059335
-24.14918765748009
-24.149200504625174
-24.149259797793068
-24.14895347811219
-24.149002466974895
-24.149186825359198
-24.14919662147259
-24.149472888270825
-24.149186286650515
-24.14897543805415
-24.148850779021725
-24.149040626168773
-24.14927388810288
-24.14935326448358
-24.149257102464674
-24.149509886145164
-24.149545363981105
-24.14931169519205
-24.149274463661712
-24.149304334810804
-24.149496936341833
-24.14950512797518
-24.14954892799467
-24.149670093050194
-24.149810804185222
-24.149820115192824
-24.149746524670135
-24.14980144280453
-24.14984216165421
-24.149747360599864
-24.14976100398424
-24.149683423946207
-24.14985134654904
-24.149729255807777
-24.150029963984593
-24.15012328954689
-24.149860903746227
-24.1499125732382
-24.149813633353588
-24.14978749688626
-24.149638338138953
-24.1492846664236
-24.14933338996121
-24.149602778271596
-24.149470295797606
-24.149604238112413
-24.149609614067998
-24.149584413734623
-24.149684448227813
-24.149671336182834
-24.149589096062396
-24.14968790740836
-24.14963196114625
-24.149555700206943
-24.149628326619336
-24.14917237607419
-24.149314163042487
-24.149228342701072
-24.14962646300933
-24.149589687279583
-24.149503459109397
-24.14964467023948
-24.14970061639867
-24.14972700903828
-24.149806950920464
-24.14950513028655
-24.149722649712146
-24.149694056458898
-24.14948677834704
-24.149003564177633
-24.14918323768807
-24.149605375257337
-24.149435556786923
-24.149817271388525
-24.149553292168843
-24.14923129007452
-24.14861163908793
-24.148716462083705
-24.148992184305758
-24.149293849295145
-24.149803974182518
-24.149777990988884
-24.149654393590954
-24.149710111740806
-24.149753155299482
-24.149846057890038
-24.149620930146266
-24.149955950350112
-24.149698042058105
-24.14963849179236
-24.149831423058107
-24.149627806724872
-24.1496708383326
-24.14944832736171
-24.149434166983667
-24.14941082294228
-24.149137573425325
-24.149030744732798
-24.149236326052566
-24.149562710775474
-24.14978102819672
-24.149779832694826
-24.149580731641446
-24.149525283788197
-24.149418852602263
-24.149256702202287
-24.14929689910883
-24.149320163821375
-24.149171007947658
-24.149601173649064
-24.149604013308654
-24.14953803846981
-24.149853673029895
-24.149594706082954
-24.149689418618642
-24.149614519322263
-24.1497428901521
-24.149894832762254
-24.149450382971114
-24.14900547958213
-24.149358538311898
-24.149451178121165
-24.149466498471636
-24.149646567787695
-24.14944180396555
-24.149441251647165
-24.149413589371196
-24.149223833417548
-24.149563947838537
-24.14997287691361
-24.14993829728239
-24.149931652678546
-24.14971701781545
-24.14956050703436
-24.149819104873494
-24.14979352532563
-24.150022671463844
-24.149705426167895
-24.149656273294823
-24.149939638104563
-24.150002762783817
-24.149742725773848
-24.149458104636842
-24.14956735387976
-24.149655840106348
-24.149860393211686
-24.1494833840577
-24.149331865849987
-24.14960538015802
-24.149793932890876
-24.149816210726172
-24.15005906162134
-24.149868787367076
-24.149808885088724
-24.149933868447874
-24.149888908731974
-24.149783631644897
-24.149853154277295
-24.149900918461388
-24.149669903919573
-24.14966359341534
-24.149545998214727
-24.14963208542324
-24.14951917789149
-24.14965388536953
-24.149652092281173
-24.14959120080191
-24.149592281064006
-24.14983639306724
-24.149705691073382
-24.149913105295337
-24.149656576717913
-24.149960546603204
-24.15004558031979
-24.15046524408159
-24.150513484953667
-24.150620324738668
-24.15075185994704
-24.15065658798969
-24.150664794935693
-24.15063351478519
-24.150645942668667
-24.150836068649483
-24.15084490539462
-24.150654607932434
-24.150919237762462
-24.150817828231833
-24.150537307486847
-24.150526973629848
-24.150609636065298
-24.15070277024511
-24.15027057367919
-24.14980068090999
-24.149851509081167
-24.149807844311756
-24.14974851749969
-24.149588938638626
-24.149419611720106
-24.149089591198297
-24.149177888508216
-24.1491909105621
-24.149282461566358
-24.148983488900246
-24.14904594663495
-24.149289680606106
-24.149352570196832
-24.14947423365147
-24.149354762860614
-24.148984884374418
-24.148843778162075
-24.14879077212134
-24.14914687886946
-24.149332562904572
-24.149223712963803
-24.149211909923643
-24.149360729606364
-24.1497427277138
-24.149797584869848
-24.149977788225815
-24.15004930025323
-24.150086414632987
-24.150151336371618
-24.149959730295286
-24.150160490964325
-24.149943547809087
-24.149582635870605
-24.14962575943536
-24.149717467946136
-24.150021161784323
-24.14991457828436
-24.14979741855599
-24.14963481373039
-24.149530947090806
-24.14947281851277
-24.149714598165467
-24.150023339957603
-24.15014391857258
-24.15012920280174
-24.14995143703344
-24.15005682045495
-24.14998377556223
-24.149899917885456
-24.14949667307957
-24.149543970270734
-24.14948984879202
-24.14955135929151
-24.149874224731303
-24.149918070289512
-24.1500119563038
-24.14994969835616
-24.149883218539053
-24.149883557073466
-24.14944338987277
-24.149680167583405
-24.14966887787715
-24.149642391716327
-24.149733153048018
-24.149537641290074
-24.149339033800743
-24.149217254432394
-24.1489639426493
-24.149218027681226
-24.14905095407016
-24.148992969775577
-24.149025964583927
-24.148897899030242
-24.14896036583624
-24.149312611767257
-24.149512384304096
-24.149207169543434
-24.14931259425313
-24.149126205180433
-24.14933889019834
-24.149439473053796
-24.149276111258803
-24.14938455664875
-24.149606657515225
-24.149258417029216
-24.14922655374565
-24.14929188990301
-24.149306824631115
-24.14928021710206
-24.149503854889982
-24.149446672913964
-24.149332025321964
-24.149326168341968
-24.149345915526755
-24.149262843481942
-24.14949964242237
-24.149274985482975
-24.149211853534087
-24.148996777174826
-24.14908567265177
-24.149106023776714
-24.148918054878415
-24.149367392085924
-24.14912268272833
-24.1491731214983
-24.149163848505147
-24.14915463352376
-24.149303153711802
-24.14915667478716
-24.14890741188369
-24.14895316376193
-24.149093542517893
-24.14933511152889
-24.14915832655886
-24.149147091237037
-24.149022014926754
-24.148902463494448
-24.148891977849857
-24.149164048180122
-24.149367621531653
-24.149348947903587
-24.14930177125144
-24.149211341588906
-24.14953099621162
-24.149839133645415
-24.15004976174281
-24.150065207477034
-24.149962736785735
-24.149871995300334
-24.14949511383756
-24.149330334230875
-24.14927155819203
-24.149555968133274
-24.14936798842095
-24.14921010052813
-24.14925595979533
-24.14899731728551
-24.148976624121286
-24.14890658480151
-24.148841761166143
-24.14886834318629
-24.148653836137175
-24.148997457546546
-24.14917683113991
-24.14908505348369
-24.149007446851133
-24.149140707229044
-24.14917665558971
-24.149001517639594
-24.14905034427319
-24.149053019572285
-24.149073732106082
-24.149100155737973
-24.148973802326296
-24.14882329996962
-24.14875253702237
-24.148385556577225
-24.148571761673434
-24.148584414124155
-24.14877064320705
-24.148668220219797
-24.14871314206862
-24.148402732275134
-24.14870927553646
-24.14879705443037
-24.14913550504843
-24.149245232750875
-24.149168679652373
-24.149515729648996
-24.149171639895453
-24.149286343115403
-24.149293521839784
-24.148983190778953
-24.149112604144232
-24.149346253229883
-24.149447726991006
-24.149628080073153
