44.0
43.99053317507195
43.97997095455894
43.96818736660209
43.95504209741277
43.940378866467995
43.92402361775347
43.90578250763558
43.885439668064485
43.86275472438297
43.837460043864795
43.809257691644646
43.77781606981023
43.74276621523398
43.703697731728475
43.660154332694425
43.6116289727507
43.55755854682246
43.49731814034298
43.430214816504964
43.35548093305355
43.27226698713957
43.17963399723068
43.07654544194454
42.96185879104287
42.834316683759596
42.692537833021404
42.5350077640897
42.36006953510007
42.165914630337674
41.9505742743919
41.71191148054938
41.44761422436069
41.155190223760954
40.83196390869981
40.47507627508584
40.08148843737282
39.64798981683176
39.17121201866897
38.6476495521607
38.073688619102185
37.44564521733251
36.759813758011866
36.0125272513701
35.200229850040905
34.3195621254528
33.36745887218222
32.34125847438797
31.238821933389524
30.058658572792286
28.800054258638237
27.463196785725863
26.04929199907145
24.56066338724256
23.000827453731212
21.374537294622158
19.687787602823892
17.94777584080488
16.162816553389366
14.342208607005382
12.496058323611388
10.635064722893473
8.770276049782694
6.912829101773587
5.0736842984262625
3.2633697752686888
1.4917469960423164
-0.23219143584594332
-1.9004836949190518
-3.506315399382765
-5.044089269675734
-6.509449056419111
-7.899261587731192
-9.211562724844606
-10.445474242948974
-11.601099184111801
-12.679403145649609
-13.682088399057745
-14.611466830700818
-15.470336601210915
-16.261866264176305
-16.98948896692086
-17.656808346706427
-18.267516877686536
-18.82532673460368
-19.333912717440874
-19.796866415019984
-20.217660552487924
-20.599622344947562
-20.94591464225211
-21.259523675245045
-21.543252283621587
-21.799717601153738
-22.031352286076686
-22.2404084995583
-22.428963950415216
-22.59892943149369
-22.752057372656875
-22.889951023030466
-23.01407395310044
-23.125759632906632
-23.226220899587254
-23.316559173869766
-23.397773323934405
-23.470768106590967
-23.536362140499726
-23.595295386238014
-23.648236123387736
-23.69578742667936
-23.73849315164417
-23.776843446953578
-23.811279814860438
-23.84219974395015
-23.86996094029629
-23.894885183487002
-23.917261834439017
-23.937351021091082
-23.95538652767456
-23.971578411292658
-23.98611536944936
-23.999166879623576
-24.01088513136389
-24.02140676965594
-24.030854466789947
-24.039338338617704
-24.046957220303323
-24.053799814384206
-24.059945723964667
-24.065466381840764
-24.07042588592722
-24.074881750013702
-24.078885578589215
-24.082483672817865
-24.085717574968243
-24.08862455716451
-24.091238060264338
-24.09358808778539
-24.09570155953247
-24.09760262887326
-24.099312967506012
-24.10085202096332
-24.102237237836793
-24.103484275350137
-24.104607183985838
-24.105618572810094
-24.10652975803096
-24.10735089602652
-24.108091102859643
-24.108758561329324
-24.10936061706007
-24.109903864626737
-24.110394224811067
-24.110837013951112
-24.11123700604862
-24.111598488562294
-24.11192531228918
-24.112220936365883
-24.112488468318258
-24.11273070022708
-24.112950141074002
-24.11314904571905
-24.113329440945154
-24.11349314877263
-24.11364180750427
-24.113776890378176
-24.11389972248677
-24.114011495910994
-24.11411328323194
-24.11420604978409
-24.114290664447456
-24.11436790957914
-24.114438489709755
-24.11450303950271
-24.114562130790148
-24.114616278927333
-24.114665948521985
-24.114711558578662
-24.114753487010482
-24.11479207486625
-24.114827629964964
-24.11486043030164
-24.11489072689913
-24.114918746683536
-24.114944694705652
-24.114968756487144
-24.114991099797084
-24.115011876512522
-24.11503122420009
-24.11504926743965
-24.11506611915905
-24.115081881779663
-24.115096648226906
-24.11511050286089
-24.115123522300063
-24.115135776180146
-24.115147327792823
-24.115158234794055
-24.11516854960882
-24.115178320028136
-24.115187589603003
-24.115196398089203
-24.115204781733663
-24.115212773663195
-24.115220404185727
-24.115227700966287
-24.115234689383296
-24.115241392642098
-24.115247832030718
-24.11525402705916
-24.115259995692515
-24.115265754376573
-24.11527131825756
-24.115276701240976
-24.115281916195855
-24.11528697491059
-24.115291888295662
-24.11529666640483
-24.115301318547633
-24.115305853296125
-24.115310278589746
-24.115314601780263
-24.11531882970315
-24.115322968641145
-24.11532702444472
-24.115331002581822
-24.115334908080605
-24.115338745653574
-24.115342519639075
-24.115346234130175
-24.11534989289922
-24.115353499466046
-24.115357057139594
-24.115360568995055
-24.115364037876613
-24.115367466466317
-24.115370857288326
-24.11537421266702
-24.115377534800547
-24.115380825744946
-24.115384087403147
-24.115387321587246
-24.115390529985934
-24.11539371419023
-24.115396875681043
-24.115400015861947
-24.11540313600884
-24.11540623739812
-24.115409321156122
-24.115412388393143
-24.115415440105995
-24.115418477268594
-24.115421500794653
-24.11542451152583
-24.11542751028949
-24.115430497797686
-24.115433474815113
-24.115436441965066
-24.11543939990862
-24.115442349240634
-24.11544529053256
-24.115448224277348
-24.11545115102289
-24.115454071215556
-24.1154569853102
-24.11545989370895
-24.115462796843456
-24.115465695062316
-24.115468588735013
-24.11547147820359
-24.11547436375389
-24.11547724571046
-24.1154801243392
-24.11548299992912
-24.115485872730087
-24.115488742958412
-24.11549161086108
-24.115494476629287
-24.11549734048368
-24.11550020263048
-24.11550306320914
-24.11550592241958
-24.11550878040728
-24.115511637340504
-24.11551449335821
-24.115517348599194
-24.115520203196187
-24.1155230572476
-24.115525910905763
-24.115528764246346
-24.115531617387507
-24.11553447044533
-24.115537323488873
-24.11554017660053
-24.1155430298868
-24.11554588343332
-24.115548737273865
-24.11555159152423
-24.115554446204236
-24.11555730142603
-24.115560157222944
-24.115563013669718
-24.115565870799298
-24.11556872867125
-24.115571587340096
-24.115574446836145
-24.11557730721978
-24.115580168526943
-24.115583030783952
-24.115585894044067
-24.11558875834466
-24.115591623720395
-24.115594490183863
-24.115597357775794
-24.115600226514495
-24.115603096450105
-24.115605967604683
-24.115608839984617
-24.11561171362206
-24.11561458851945
-24.11561746473345
-24.115620342277573
-24.115623221144205
-24.115626101357726
-24.115628982952323
-24.115631865951908
-24.115634750337144
-24.11563763613078
-24.11564052337932
-24.115643412049486
-24.115646302192317
-24.115649193791715
-24.115652086884143
-24.115654981458956
-24.115657877525837
-24.115660775113685
-24.115663674215362
-24.115666574842177
-24.115669477008648
-24.115672380719506
-24.115675285982405
-24.115678192792462
-24.11568110119775
-24.115684011142555
-24.115686922678925
-24.115689835789528
-24.115692750507247
-24.1156956668012
-24.115698584704447
-24.1157015042163
-24.11570442533374
-24.115707348052315
-24.11571027240852
-24.115713198365665
-24.115716125964926
-24.115719055189512
-24.11572198605831
-24.11572491855706
-24.11572785269677
-24.11573078847336
-24.115733725906967
-24.115736664977426
-24.115739605715742
-24.11574254809696
-24.11574549214866
-24.11574843783751
-24.115751385216747
-24.1157543342419
-24.11575728494298
-24.11576023731123
-24.115763191366547
-24.11576614707065
-24.11576910447053
-24.115772063542764
-24.11577502428754
-24.115777986712676
-24.115780950840755
-24.115783916632235
-24.11578688412565
-24.11578985329053
-24.11579282415915
-24.115795796722413
-24.115798770975474
-24.115801746918578
-24.115804724563155
-24.115807703903155
-24.115810684942083
-24.11581366767931
-24.11581665210207
-24.115819638246137
-24.115822626095387
-24.11582561564826
-24.115828606911265
-24.115831599880043
-24.115834594544445
-24.11583759093547
-24.115840589040747
-24.115843588841557
-24.115846590357545
-24.115849593610648
-24.115852598558362
-24.11585560522521
-24.115858613615146
-24.115861623724236
-24.115864635555205
-24.115867649093584
-24.115870664374803
-24.11587368136166
-24.115876700092105
-24.11587972053147
-24.115882742702123
-24.11588576658351
-24.115888792212615
-24.115891819575754
-24.115894848653895
-24.115897879466527
-24.11590091201176
-24.11590394629005
-24.115906982312506
-24.115910020069844
-24.115913059547868
-24.115916100762643
-24.115919143720095
-24.11592218842352
-24.11592523486413
-24.11592828303388
-24.115931332947312
-24.115934384606852
-24.115937438012647
-24.115940493166043
-24.115943550049252
-24.1159466086974
-24.115949669083523
-24.115952731215714
-24.11595579508717
-24.11595886072279
-24.11596192810155
-24.11596499723318
-24.11596806812176
-24.115971140744865
-24.115974215145375
-24.115977291289784
-24.115980369188083
-24.115983448834204
-24.115986530260034
-24.11598961342548
-24.11599269835494
-24.115995785054945
-24.11599887349646
-24.116001963720898
-24.116005055695197
-24.11600814942117
-24.11601124493338
-24.11601434219302
-24.116017441226195
-24.116020542032587
-24.1160236445915
-24.116026748945206
-24.116029855051437
-24.11603296292982
-24.116036072567514
-24.116039183985283
-24.116042297173816
-24.11604541215003
-24.116048528882352
-24.116051647414373
-24.11605476768987
-24.116057889768353
-24.11606101361024
-24.116064139254146
-24.116067266649054
-24.11607039584488
-24.11607352680633
-24.116076659558868
-24.11607979410555
-24.11608293041341
-24.116086068518392
-24.116089208409363
-24.116092350096036
-24.116095493557616
-24.116098638813032
-24.116101785842275
-24.11610493468662
-24.11610808531006
-24.11611123772713
-24.116114391928893
-24.116117547925867
-24.116120705728285
-24.116123865326514
-24.116127026713915
-24.11613018989736
-24.116133354871526
-24.116136521665222
-24.116139690247817
-24.11614286061568
-24.11614603281494
-24.116149206800987
-24.11615238257382
-24.116155560181742
-24.116158739577962
-24.116161920770914
-24.116165103791488
-24.116168288606477
-24.11617147522202
-24.11617466367049
-24.116177853914753
-24.116181045974468
-24.11618423983723
-24.116187435517002
-24.11619063301711
-24.116193832320285
-24.116197033444596
-24.116200236390487
-24.116203441144027
-24.116206647721437
-24.11620985612283
-24.116213066333728
-24.116216278367773
-24.116219492212018
-24.116222707889687
-24.116225925391003
-24.116229144728624
-24.11623236587954
-24.116235588860025
-24.11623881365763
-24.116242040285396
-24.116245268732406
-24.11624849903123
-24.11625173115396
-24.116254965091183
-24.11625820086919
-24.116261438489648
-24.11626467793139
-24.116267919212085
-24.116271162334773
-24.116274407281
-24.116277654077756
-24.116280902697326
-24.116284153162542
-24.116287405473283
-24.116290659619054
-24.116293915605635
-24.116297173446355
-24.11630043312349
-24.116303694627142
-24.116306958001807
-24.116310223213173
-24.116313490260023
-24.116316759160505
-24.11632002992419
-24.116323302516403
-24.11632657697239
-24.116329853267818
-24.1163331314217
-24.116336411437167
-24.116339693292204
-24.11634297701443
-24.11634626257607
-24.116349550007225
-24.1163528392822
-24.116356130422314
-24.11635942342997
-24.116362718289576
-24.11636601501363
-24.116369313593907
-24.116372614041612
-24.116375916356617
-24.116379220534967
-24.116382526561345
-24.11638583446287
-24.116389144239566
-24.11639245587543
-24.116395769384955
-24.116399084776067
-24.116402402007605
-24.11640572113818
-24.116409042130652
-24.116412364984356
-24.116415689738538
-24.1164190163398
-24.116422344828496
-24.116425675196382
-24.11642900743785
-24.116432341559822
-24.116435677558506
-24.1164390154384
-24.116442355214126
-24.11644569684023
-24.1164490403773
-24.116452385789465
-24.11645573307608
-24.116459082255737
-24.116462433331964
-24.116465786283175
-24.116469141114898
-24.11647249784309
-24.116475856470156
-24.11647921697903
-24.11648257939469
-24.11648594368469
-24.116489309861194
-24.116492677959922
-24.11649604792372
-24.11649941979956
-24.116502793578068
-24.116506169242985
-24.11650954681652
-24.116512926285324
-24.11651630764098
-24.116519690924584
-24.11652307608329
-24.116526463156358
-24.116529852147394
-24.11653324302955
-24.116536635808494
-24.116540030503835
-24.116543427117918
-24.116546825630696
-24.11655022604433
-24.116553628372536
-24.116557032628183
-24.116560438768918
-24.11656384685152
-24.11656725683285
-24.116570668726727
-24.116574082541753
-24.116577498269994
-24.116580915902105
-24.116584335479985
-24.11658775695233
-24.116591180354686
-24.11659460568988
-24.116598032938406
-24.1166014620995
-24.116604893197895
-24.116608326206908
-24.116611761157387
-24.116615198020614
-24.116618636824164
-24.11662207754529
-24.11662552018889
-24.116628964774748
-24.116632411282275
-24.116635859732515
-24.116639310105896
-24.116642762421787
-24.116646216664776
-24.116649672860657
-24.11665313097506
-24.116656591023887
-24.116660053020894
-24.116663516945742
-24.116666982823244
-24.116670450638292
-24.11667392037683
-24.11667739207678
-24.11668086571285
-24.11668434129984
-24.116687818823674
-24.11669129830777
-24.116694779731894
-24.116698263096527
-24.116701748416514
-24.116705235685608
-24.116708724893723
-24.116712216059856
-24.116715709195404
-24.116719204254952
-24.11672270128679
-24.116726200280535
-24.116729701219107
-24.116733204112567
-24.11673670897336
-24.116740215783544
-24.116743724547835
-24.11674723528864
-24.116750747977672
-24.116754262623743
-24.116757779243407
-24.116761297839613
-24.116764818376794
-24.11676834089061
-24.1167718653839
-24.116775391835194
-24.116778920247892
-24.116782450624964
-24.11678598298597
-24.116789517307016
-24.116793053614323
-24.116796591890306
-24.116800132134685
-24.116803674361996
-24.116807218542007
-24.116810764729355
-24.116814312865124
-24.11681786299508
-24.1168214151193
-24.11682496921248
-24.11682852528218
-24.1168320833288
-24.116835643367594
-24.116839205385677
-24.11684276938377
-24.116846335382437
-24.116849903357974
-24.11685347331066
-24.116857045272003
-24.11686061921379
-24.116864195136692
-24.11686777306869
-24.116871352984973
-24.11687493488312
-24.11687851879702
-24.11688210469007
-24.116885692579793
-24.116889282456693
-24.116892874347688
-24.116896468228006
-24.11690006412341
-24.116903662007438
-24.11690726189456
-24.116910863771118
-24.116914467669762
-24.11691807356568
-24.116921681457644
-24.116925291367902
-24.116928903264355
-24.116932517197423
-24.11693613311663
-24.11693975105459
-24.1169433710016
-24.11694699295443
-24.11695061693225
-24.116954242898196
-24.116957870909875
-24.116961500913117
-24.11696513294383
-24.116968766987053
-24.116972403042872
-24.11697604111233
-24.116979681216964
-24.116983323333745
-24.11698696746364
-24.116990613639242
-24.11699426182404
-24.116997912028438
-24.117001564256903
-24.117005218504264
-24.117008874794216
-24.117012533102624
-24.117016193453622
-24.117019855816583
-24.117023520216843
-24.117027186645256
-24.117030855106556
-24.1170345256105
-24.117038198148094
-24.117041872711933
-24.117045549303555
-24.117049227950396
-24.117052908613406
-24.117056591321873
-24.117060276074888
-24.117063962881552
-24.11706765169906
-24.117071342580555
-24.117075035498402
-24.117078730469757
-24.117082427468027
-24.11708612652881
-24.117089827631823
-24.117093530774465
-24.11709723596391
-24.117100943216226
-24.117104652518726
-24.117108363866492
-24.117112077261304
-24.1171157927064
-24.11711951021967
-24.117123229786483
-24.117126951402085
-24.117130675071703
-24.11713440079569
-24.11713812859509
-24.117141858445486
-24.117145590356905
-24.11714932433048
-24.117153060354134
-24.117156798459924
-24.117160538609618
-24.11716428083464
-24.117168025131424
-24.117171771501262
-24.117175519922075
-24.117179270404023
-24.117183022972405
-24.117186777611895
-24.11719053432021
-24.117194293111655
-24.117198053957136
-24.117201816871553
-24.117205581875645
-24.117209348958227
-24.117213118110232
-24.1172168893435
-24.117220662667126
-24.117224438048524
-24.117228215526385
-24.11723199508076
-24.117235776717656
-24.117239560438797
-24.11724334623593
-24.117247134118802
-24.117250924102514
-24.11725471617105
-24.117258510309316
-24.11726230654927
-24.117266104876784
-24.117269905309936
-24.11727370781746
-24.117277512414162
-24.117281319120774
-24.117285127916375
-24.117288938788562
-24.117292751776304
-24.117296566856467
-24.117300384048914
-24.117304203324842
-24.117308024698207
-24.11731184818645
-24.117315673754366
-24.117319501441656
-24.117323331234193
-24.117327163128426
-24.117330997126043
-24.117334833225158
-24.117338671436574
-24.117342511767575
-24.117346354188243
-24.11735019873747
-24.11735404537991
-24.1173578941476
-24.117361745030298
-24.117365598018782
-24.117369453124933
-24.117373310344302
-24.1173771696821
-24.11738103113021
-24.11738489469928
-24.11738876040262
-24.11739262820642
-24.117396498151923
-24.11740037019543
-24.117404244387114
-24.117408120694133
-24.117411999109507
-24.11741587966391
-24.11741976234809
-24.1174236471581
-24.117427534097256
-24.11743142316166
-24.117435314362616
-24.11743920768587
-24.11744310316225
-24.117447000753696
-24.11745090048062
-24.117454802352263
-24.11745870634777
-24.117462612496034
-24.117466520763834
-24.11747043118673
-24.117474343729683
-24.11747825843756
-24.117482175261387
-24.117486094246154
-24.117490015379204
-24.117493938649908
-24.117497864052783
-24.117501791612266
-24.11750572132613
-24.1175096531822
-24.117513587192374
-24.117517523331728
-24.1175214616374
-24.117525402097577
-24.11752934471105
-24.117533289478185
-24.11753723640019
-24.117541185477943
-24.11754513670642
-24.11754909009692
-24.117553045647686
-24.117557003336188
-24.1175609632049
-24.11756492523627
-24.117568889424174
-24.117572855780356
-24.117576824301068
-24.117580794986683
-24.11758476783881
-24.117588742854146
-24.11759272002259
-24.11759669938044
-24.117600680902395
-24.11760466459977
-24.117608650466238
-24.117612638491064
-24.11761662870412
-24.117620621091596
-24.117624615643564
-24.117628612382855
-24.117632611283124
-24.117636612383546
-24.11764061564304
-24.11764462110286
-24.117648628724755
-24.11765263854656
-24.117656650535462
-24.117660664710357
-24.11766468108594
-24.117668699628233
-24.11767272036285
-24.117676743283084
-24.117680768393434
-24.11768479569392
-24.11768882518057
-24.117692856865457
-24.11769689072682
-24.117700926794825
-24.117704965059392
-24.11770900550093
-24.117713048161736
-24.117717093002152
-24.117721140040285
-24.117725189294994
-24.117729240737003
-24.11773329437667
-24.117737350219006
-24.117741408267555
-24.117745468521935
-24.117749530976866
-24.117753595621142
-24.11775766249656
-24.117761731559686
-24.117765802846407
-24.117769876330456
-24.117773952022418
-24.117778029933486
-24.11778211005406
-24.117786192385307
-24.11779027693974
-24.11779436370459
-24.117798452668538
-24.117802543872457
-24.117806637276864
-24.117810732903603
-24.117814830748035
-24.11781893081644
-24.117823033108145
-24.117827137620505
-24.117831244359873
-24.117835353305257
-24.117839464503458
-24.117843577906648
-24.117847693537517
-24.1178518114013
-24.117855931495168
-24.11786005381925
-24.11786417835657
-24.117868305149955
-24.117872434159047
-24.117876565403503
-24.117880698883635
-24.11788483460289
-24.117888972559456
-24.117893112741292
-24.11789725517643
-24.11790139983985
-24.11790554674278
-24.117909695890468
-24.117913847285845
-24.117918000902524
-24.117922156787632
-24.117926314902007
-24.1179304752635
-24.117934637876033
-24.117938802735722
-24.11794296985277
-24.117947139199885
-24.11795131081683
-24.11795548467004
-24.117959660780226
-24.117963839130457
-24.117968019753306
-24.117972202613604
-24.11797638773929
-24.117980575121216
-24.117984764762998
-24.117988956672068
-24.117993150818695
-24.117997347236557
-24.118001545915323
-24.118005746863858
-24.11800995007606
-24.118014155537747
-24.118018363285678
-24.118022573286087
-24.11802678554128
-24.118031000084184
-24.1180352168833
-24.118039435972317
-24.118043657299868
-24.11804788091962
-24.11805210681965
-24.118056334978696
-24.118060565414552
-24.11806479813337
-24.11806903312913
-24.118073270389786
-24.118077509932743
-24.11808175175935
-24.118085995866554
-24.118090242244854
-24.118094490912302
-24.118098741863324
-24.11810299510165
-24.11810725063129
-24.118111508434414
-24.118115768528597
-24.118120030910788
-24.11812429556941
-24.11812856252558
-24.118132831774954
-24.11813710331778
-24.118141377160782
-24.11814565328584
-24.118149931702654
-24.118154212407212
-24.11815849543194
-24.118162780736586
-24.11816706834519
-24.11817135825793
-24.118175650458387
-24.118179944963465
-24.11818424177784
-24.118188540878204
-24.11819284230632
-24.118197146027047
-24.118201452042136
-24.118205760382498
-24.118210071023555
-24.118214383972063
-24.118218699218215
-24.118223016782796
-24.118227336663445
-24.118231658861035
-24.11823598335872
-24.11824031017546
-24.11824463931165
-24.11824897077177
-24.118253304532857
-24.118257640623195
-24.118261979014903
-24.118266319735994
-24.11827066277774
-24.118275008154257
-24.118279355833597
-24.11828370584425
-24.11828805818609
-24.118292412841956
-24.11829676982797
-24.11830112914809
-24.118305490786774
-24.118309854756603
-24.118314221061844
-24.11831858969034
-24.118322960654066
-24.118327333956792
-24.118331709583714
-24.118336087548787
-24.118340467855077
-24.118344850489347
-24.11834923546728
-24.1183536227876
-24.118358012439252
-24.118362404435626
-24.11836679876084
-24.118371195452397
-24.118375594457984
-24.118379995836044
-24.118384399540627
-24.11838880560521
-24.118393214002417
-24.118397624754152
-24.118402037858502
-24.1184064533058
-24.118410871109
-24.118415291271052
-24.118419713772337
-24.118424138636737
-24.118428565843516
-24.118432995412523
-24.118437427343572
-24.11844186162401
-24.118446298264143
-24.118450737276586
-24.11845517863953
-24.118459622364824
-24.118464068445356
-24.118468516894684
-24.118472967695773
-24.11847742088948
-24.118481876420415
-24.118486334338535
-24.118490794618715
-24.118495257253194
-24.118499722272045
-24.118504189661877
-24.118508659416243
-24.118513131549694
-24.11851760606613
-24.118522082941755
-24.118526562201048
-24.118531043830437
-24.11853552783831
-24.118540014219032
-24.11854450298427
-24.118548994119017
-24.118553487661888
-24.11855798355655
-24.11856248184479
-24.118566982520765
-24.118571485593144
-24.118575991039705
-24.118580498863597
-24.11858500908265
-24.1185895216965
-24.118594036694677
-24.11859855408771
-24.118603073862506
-24.11860759603675
-24.11861212059689
-24.118616647557634
-24.118621176899378
-24.118625708651482
-24.11863024280609
-24.118634779355496
-24.118639318287318
-24.11864385962663
-24.118648403377847
-24.118652949523558
-24.118657498077173
-24.118662049028288
-24.118666602386405
-24.118671158145965
-24.118675716317124
-24.118680276889695
-24.118684839879204
-24.118689405282236
-24.118693973091435
-24.11869854330103
-24.11870311593073
-24.11870769096041
-24.118712268418882
-24.11871684828134
-24.118721430568634
-24.118726015284572
-24.118730602402614
-24.118735191934526
-24.11873978389488
-24.118744378267863
-24.118748975072094
-24.11875357430348
-24.118758175953793
-24.11876278001961
-24.118767386515742
-24.11877199543272
-24.118776606788757
-24.11878122055923
-24.11878583677268
-24.118790455403445
-24.118795076473976
-24.11879969997372
-24.118804325912258
-24.11880895427502
-24.118813585063506
-24.118818218297946
-24.11882285398277
-24.118827492095193
-24.11883213263516
-24.118836775627415
-24.11884142105299
-24.118846068923933
-24.1188507192338
-24.118855371994034
-24.11886002719023
-24.118864684841554
-24.11886934493224
-24.118874007462466
-24.118878672451924
-24.11888333988069
-24.118888009766412
-24.118892682100196
-24.118897356892898
-24.118902034128144
-24.11890671381075
-24.118911395960623
-24.118916080574184
-24.118920767639388
-24.11892545714798
-24.118930149115233
-24.118934843548416
-24.118939540452157
-24.118944239806364
-24.118948941619866
-24.11895364590385
-24.118958352644455
-24.118963061844447
-24.118967773519312
-24.118972487656716
-24.11897720426923
-24.118981923341654
-24.11898664489831
-24.118991368898072
-24.118996095402228
-24.1190008243478
-24.119005555799554
-24.119010289698867
-24.11901502608572
-24.11901976493919
-24.119024506280223
-24.11902925009346
-24.119033996381113
-24.1190387451578
-24.119043496410264
-24.119048250137002
-24.119053006353266
-24.119057765052677
-24.119062526245294
-24.11906728991836
-24.119072056070255
-24.11907682471947
-24.119081595852734
-24.119086369467876
-24.119091145587152
-24.119095924185885
-24.11910070529251
-24.11910548888167
-24.119110274964136
-24.119115063532092
-24.11911985460706
-24.119124648172075
-24.11912944424785
-24.119134242816475
-24.11913904387615
-24.119143847449983
-24.11914865351964
-24.119153462088338
-24.119158273150084
-24.11916308672999
-24.119167902824103
-24.119172721402716
-24.11917754250196
-24.11918236610019
-24.119187192221617
-24.119192020847976
-24.11919685197869
-24.11920168561389
-24.11920652177698
-24.119211360446865
-24.11921620162641
-24.119221045330058
-24.11922589154793
-24.11923074027796
-24.11923559153648
-24.119240445311707
-24.119245301597523
-24.11925016042039
-24.119255021743168
-24.119259885617794
-24.119264751993008
-24.11926962090515
-24.119274492339983
-24.11927936629672
-24.119284242773265
-24.119289121789357
-24.119294003331447
-24.11929888742005
-24.119303774019098
-24.119308663154197
-24.11931355482708
-24.119318449044748
-24.119323345788853
-24.119328245065134
-24.119333146877654
-24.11933805121903
-24.119342958113144
-24.11934786754177
-24.119352779510105
-24.11935769403219
-24.119362611092345
-24.11936753069068
-24.119372452825907
-24.11937737752348
-24.119382304742807
-24.11938723454336
-24.119392166872586
-24.11939710173962
-24.11940203917079
-24.119406979152597
-24.11941192168191
-24.119416866777733
-24.119421814419614
-24.119426764596362
-24.119431717360175
-24.11943667266034
-24.119441630530286
-24.11944659093599
-24.11945155393439
-24.119456519474124
-24.119461487566085
-24.119466458233834
-24.11947143146283
-24.119476407250964
-24.119481385602924
-24.11948636653153
-24.11949135002365
-24.119496336081063
-24.119501324706544
-24.119506315891133
-24.119511309665135
-24.11951630598914
-24.119521304898637
-24.11952630639563
-24.119531310448135
-24.119536317068874
-24.119541326280366
-24.119546338067337
-24.11955135242857
-24.119556369366638
-24.119561388899335
-24.119566410988078
-24.11957143567229
-24.11957646293753
-24.119581492788615
-24.119586525232588
-24.119591560242338
-24.119596597851743
-24.119601638051083
-24.11960668083044
-24.119611726196208
-24.11961677415221
-24.11962182469475
-24.119626877843597
-24.11963193358524
-24.119636991910415
-24.119642052836756
-24.119647116348457
-24.11965218245826
-24.119657251179074
-24.119662322496474
-24.119667396391197
-24.11967247289916
-24.119677552012448
-24.119682633739718
-24.119687718049754
-24.11969280496116
-24.119697894493143
-24.11970298662578
-24.119708081367317
-24.119713178712523
-24.1197182786601
-24.119723381221146
-24.119728486383416
-24.11973359417811
-24.119738704560504
-24.119743817579174
-24.119748933207106
-24.119754051442
-24.119759172296277
-24.119764295765982
-24.11976942184757
-24.11977455054904
-24.119779681887213
-24.119784815823365
-24.119789952396175
-24.119795091594206
-24.11980023340788
-24.119805377846518
-24.119810524909276
-24.119815674595486
-24.119820826909763
-24.11982598184639
-24.119831139411236
-24.119836299623586
-24.119841462447067
-24.119846627916612
-24.119851796018043
-24.119856966736027
-24.119862140098526
-24.11986731609997
-24.119872494737674
-24.119877676008933
-24.119882859915474
-24.119888046460424
-24.119893235647623
-24.119898427489215
-24.11990362195374
-24.11990881906081
-24.119914018827416
-24.11991922121926
-24.119924426274313
-24.11992963395372
-24.11993484429939
-24.11994005729056
-24.119945272916087
-24.119950491205422
-24.119955712145504
-24.119960935740806
-24.11996616197946
-24.119971390876653
-24.119976622406995
-24.119981856613688
-24.11998709347202
-24.119992332989366
-24.119997575164547
-24.12000282001612
-24.120008067508007
-24.1200133176604
-24.120018570478557
-24.120023825952934
-24.120029084092902
-24.120034344893686
-24.120039608365417
-24.120044874518904
-24.12005014332065
-24.120055414794358
-24.12006068893202
-24.12006596574317
-24.12007124522165
-24.1200765273918
-24.12008181221798
-24.120087099714585
-24.120092389886846
-24.120097682738557
-24.120102978262594
-24.120108276483837
-24.120113577362492
-24.120118880926892
-24.120124187166393
-24.12012949608714
-24.120134807691098
-24.1201401219778
-24.120145438950026
-24.12015075860643
-24.120156080948245
-24.120161405973093
-24.12016673369119
-24.12017206407866
-24.12017739717024
-24.120182732959385
-24.120188071435734
-24.120193412585152
-24.12019875645145
-24.120204102988893
-24.120209452243113
-24.120214804172438
-24.12022015881866
-24.120225516141847
-24.120230876167934
-24.12023623891059
-24.120241604338055
-24.1202469724662
-24.12025234329404
-24.12025771682956
-24.12026309306869
-24.120268472014573
-24.120273853662287
-24.12027923800519
-24.12028462507162
-24.120290014846233
-24.120295407314863
-24.12030080249446
-24.120306200406453
-24.120311601009742
-24.12031700432554
-24.120322410363265
-24.12032781911438
-24.12033323057559
-24.120338644761517
-24.120344061663076
-24.120349481270242
-24.12035490361445
-24.12036032866065
-24.120365756444194
-24.120371186939618
-24.12037662015509
-24.120382056095895
-24.120387494765765
-24.120392936156026
-24.120398380261953
-24.120403827114405
-24.120409276676384
-24.120414728986457
-24.120420184015433
-24.12042564177118
-24.120431102264167
-24.120436565491318
-24.120442031431967
-24.120447500129057
-24.12045297156624
-24.120458445721948
-24.120463922614896
-24.120469402247277
-24.120474884623214
-24.120480369745366
-24.12048585758457
-24.120491348187617
-24.120496841517873
-24.120502337611242
-24.1205078364329
-24.120513338003867
-24.120518842304886
-24.120524349373117
-24.120529859171523
-24.120535371737788
-24.12054088704424
-24.120546405100157
-24.120551925904863
-24.12055744945056
-24.120562975770248
-24.12056850483148
-24.120574036643742
-24.120579571217714
-24.12058510855434
-24.120590648648108
-24.12059619148404
-24.120601737086275
-24.12060728544698
-24.120612836576782
-24.12061839046591
-24.12062394712244
-24.120629506529937
-24.120635068700505
-24.120640633642733
-24.120646201357054
-24.120651771820054
-24.12065734507592
-24.120662921079635
-24.120668499861488
-24.120674081418354
-24.12067966572743
-24.120685252836267
-24.120690842697645
-24.12069643534134
-24.120702030758537
-24.120707628946143
-24.120713229924682
-24.120718833665805
-24.120724440193722
-24.12073004948908
-24.12073566158264
-24.120741276440626
-24.12074689408637
-24.120752514523097
-24.120758137724298
-24.12076376373231
-24.120769392518028
-24.12077502408647
-24.120780658428473
-24.120786295587603
-24.12079193552186
-24.120797578241042
-24.1208032237467
-24.120808872064114
-24.120814523156394
-24.120820177049605
-24.12082583373841
-24.1208314932135
-24.12083715548253
-24.120842820557687
-24.120848488434575
-24.120854159095867
-24.120859832561
-24.120865508832743
-24.12087118790998
-24.120876869775177
-24.120882554446965
-24.120888241930896
-24.120893932223733
-24.120899625309782
-24.12090532120328
-24.120911019888677
-24.120916721411074
-24.120922425726274
-24.120928132858324
-24.120933842805222
-24.120939555550827
-24.12094527111465
-24.120950989494613
-24.120956710678815
-24.120962434680727
-24.120968161506134
-24.12097389115216
-24.120979623607056
-24.12098535888224
-24.120991096982156
-24.120996837891028
-24.121002581625334
-24.12100832818598
-24.121014077557422
-24.121019829758158
-24.121025584791887
-24.121031342655975
-24.12103710333595
-24.121042866841595
-24.12104863316481
-24.12105440232656
-24.121060174325333
-24.121065949156282
-24.121071726804978
-24.121077507295837
-24.121083290622966
-24.12108907677518
-24.12109486576798
-24.121100657600127
-24.121106452259994
-24.12111224975754
-24.121118050087993
-24.12112385327834
-24.121129659297143
-24.121135468144
-24.12114127984377
-24.12114709438374
-24.121152911781106
-24.121158732012088
-24.1211645550885
-24.121170381001225
-24.121176209766393
-24.121182041388735
-24.121187875847994
-24.121193713162615
-24.121199553331653
-24.12120539634391
-24.121211242207707
-24.121217090937247
-24.12122294251256
-24.12122879694046
-24.12123465421619
-24.121240514355094
-24.12124637736151
-24.121252243208193
-24.121258111924348
-24.121263983507465
-24.1212698579414
-24.12127573523836
-24.121281615390235
-24.121287498410926
-24.121293384282414
-24.121299273045
-24.1213051646467
-24.12131105913994
-24.12131695648723
-24.12132285669099
-24.121328759788607
-24.12133466573133
-24.121340574567714
-24.1213464862667
-24.121352400824605
-24.121358318280155
-24.12136423858467
-24.121370161785375
-24.121376087855012
-24.12138201678881
-24.12138794860666
-24.121393883314624
-24.121399820884495
-24.12140576134818
-24.12141170467609
-24.121417650895133
-24.121423600005784
-24.121429551994254
-24.12143550684818
-24.121441464617007
-24.121447425243083
-24.12145338878317
-24.121459355194528
-24.121465324487264
-24.121471296676233
-24.121477271766004
-24.121483249737214
-24.12148923060529
-24.121495214353995
-24.12150120100864
-24.121507190546385
-24.121513182982902
-24.121519178310518
-24.121525176539354
-24.121531177677422
-24.12153718170245
-24.12154318861455
-24.1215491984347
-24.121555211169944
-24.12156122679273
-24.12156724532542
-24.121573266755984
-24.121579291092427
-24.121585318332013
-24.121591348478734
-24.12159738152696
-24.121603417486842
-24.1216094563505
-24.121615498131103
-24.121621542810693
-24.121627590406813
-24.121633640928206
-24.121639694332973
-24.121645750679637
-24.121651809924124
-24.12165787207789
-24.12166393715761
-24.121670005144857
-24.12167607605844
-24.121682149896113
-24.121688226645457
-24.12169430630609
-24.121700388897292
-24.121706474396248
-24.121712562831405
-24.121718654179524
-24.12172474845566
-24.12173084567369
-24.121736945786935
-24.121743048851688
-24.121749154820378
-24.121755263740248
-24.12176137555993
-24.121767490326224
-24.121773608028768
-24.12177972865174
-24.121785852217727
-24.12179197871391
-24.121798108126992
-24.12180424048138
-24.121810375787163
-24.12181651402065
-24.121822655181557
-24.121828799286344
-24.12183494632577
-24.121841096309932
-24.121847249232406
-24.1218534050807
-24.121859563882765
-24.12186572563787
-24.12187189032604
-24.121878057949186
-24.121884228530636
-24.121890402049775
-24.12189657852284
-24.12190275793508
-24.1219089403058
-24.12191512561801
-24.121921313872935
-24.12192750508892
-24.121933699249283
-24.121939896368133
-24.121946096432918
-24.121952299460723
-24.12195850543829
-24.121964714360825
-24.12197092625302
-24.121977141091424
-24.12198335889803
-24.12198957965454
-24.121995803363536
-24.122002030046946
-24.122008259681333
-24.122014492285004
-24.1220207278465
-24.12202696638215
-24.122033207855228
-24.122039452324614
-24.122045699729625
-24.122051950131684
-24.122058203473465
-24.12206445979852
-24.122070719080398
-24.122076981349696
-24.12208324657651
-24.12208951476253
-24.122095785939262
-24.122102060078284
-24.122108337207337
-24.122114617293928
-24.122120900355974
-24.1221271864003
-24.122133475422242
-24.122139767402892
-24.122146062380214
-24.122152360328805
-24.12215866127139
-24.122164965180467
-24.122171272070975
-24.12217758195117
-24.122183894806597
-24.122190210642106
-24.12219652946967
-24.122202851283788
-24.12220917606586
-24.122215503855365
-24.122221834621
-24.122228168387668
-24.122234505119803
-24.12224084487023
-24.122247187586762
-24.12225353330736
-24.122259882011953
-24.122266233721245
-24.122272588422653
-24.122278946111063
-24.122285306784782
-24.12229167046381
-24.12229803714175
-24.122304406823858
-24.122310779500467
-24.122317155168144
-24.122323533849443
-24.122329915505144
-24.12233630019306
-24.122342687858488
-24.122349078542733
-24.122355472221823
-24.122361868899638
-24.122368268591437
-24.12237467129184
-24.12238107700364
-24.122387485704376
-24.12239389742129
-24.12240031216068
-24.122406729885085
-24.12241315063595
-24.12241957439202
-24.12242600117232
-24.122432430955797
-24.122438863750478
-24.12244529955367
-24.1224517383849
-24.122458180226733
-24.122464625079555
-24.122471072963567
-24.122477523841848
-24.12248397774877
-24.122490434691116
-24.12249689464779
-24.122503357620488
-24.12250982360647
-24.122516292617746
-24.122522764657607
-24.122529239718478
-24.12253571780093
-24.122542198921533
-24.12254868306435
-24.12255517022438
-24.12256166041117
-24.122568153638902
-24.122574649891856
-24.122581149171687
-24.122587651489788
-24.122594156822668
-24.12260066519844
-24.12260717661934
-24.122613691053807
-24.122620208537732
-24.122626729048033
-24.12263325258988
-24.12263977916487
-24.122646308789
-24.122652841449334
-24.12265937714693
-24.122665915890344
-24.122672457658382
-24.122679002477927
-24.122685550334072
-24.122692101250603
-24.122698655182614
-24.122705212177927
-24.122711772210394
-24.122718335299574
-24.12272490141723
-24.122731470596293
-24.122738042817247
-24.122744618080713
-24.122751196410945
-24.122757777765326
-24.1227643621872
-24.122770949654832
-24.122777540173274
-24.12278413375518
-24.122790730369065
-24.122797330052354
-24.122803932806043
-24.122810538592603
-24.122817147430695
-24.122823759339454
-24.12283037430368
-24.12283699232082
-24.122843613397276
-24.122850237546732
-24.122856864750954
-24.12286349501747
-24.122870128337002
-24.122876764721703
-24.122883404163687
-24.12289004668289
-24.122896692266476
-24.122903340912135
-24.12290999261797
-24.122916647409205
-24.122923305243717
-24.122929966166065
-24.122936630153987
-24.122943297203552
-24.1229499673209
-24.12295664052847
-24.122963316782666
-24.122969996130735
-24.122976678546213
-24.12298336403099
-24.12299005259087
-24.122996744237376
-24.123003438944497
-24.123010136739552
-24.123016837610802
-24.123023541556876
-24.123030248582737
-24.123036958696282
-24.123043671874548
-24.123050388152382
-24.123057107502685
-24.123063829936072
-24.12307055545406
-24.123077284047923
-24.12308401574463
-24.12309075050272
-24.123097488362653
-24.123104229312254
-24.123110973344
-24.123117720458016
-24.12312447066587
-24.123131223952623
-24.12313798034746
-24.12314473981973
-24.12315150239129
-24.123158268056915
-24.123165036813102
-24.123171808657403
-24.12317858359781
-24.123185361643863
-24.123192142769472
-24.123198927011774
-24.12320571432395
-24.12321250475361
-24.123219298273217
-24.123226094900296
-24.123232894619125
-24.123239697453148
-24.123246503370133
-24.123253312408128
-24.123260124523863
-24.12326693976594
-24.123273758102783
-24.123280579528203
-24.1232874040753
-24.123294231740957
-24.12330106249535
-24.12330789635761
-24.123314733326257
-24.123321573419783
-24.1233284166001
-24.12333526290758
-24.12334211232316
-24.12334896483416
-24.12335582047381
-24.123362679217305
-24.123369541082262
-24.12337640605467
-24.123383274157867
-24.123390145360656
-24.12339701967125
-24.123403897121307
-24.123410777668646
-24.123417661347833
-24.12342454812734
-24.12343143804781
-24.123438331081395
-24.123445227218618
-24.12345212649486
-24.123459028886824
-24.123465934404525
-24.123472843047796
-24.123479754809544
-24.12348666971431
-24.12349358772725
-24.12350050885885
-24.123507433120185
-24.123514360523576
-24.123521291038102
-24.123528224697793
-24.123535161467785
-24.123542101384466
-24.123549044410648
-24.12355599059238
-24.12356293989868
-24.123569892318308
-24.123576847894203
-24.123583806596216
-24.123590768436568
-24.12359773339189
-24.123604701502167
-24.12361167274265
-24.12361864712309
-24.12362562464204
-24.12363260529757
-24.12363958908982
-24.123646576022182
-24.123653566094614
-24.123660559306327
-24.123667555657857
-24.123674555157777
-24.123681557793233
-24.12368856359285
-24.12369557251474
-24.123702584586688
-24.123709599799067
-24.123716618154702
-24.123723639664902
-24.12373066431489
-24.1237376921315
-24.123744723082996
-24.123751757178077
-24.123758794421718
-24.123765834822226
-24.123772878369202
-24.123779925084914
-24.123786974939627
-24.123794027940853
-24.12380108409826
-24.1238081434082
-24.123815205878277
-24.123822271498867
-24.123829340295334
-24.12383641222882
-24.123843487318585
-24.12385056556863
-24.123857646976816
-24.12386473154328
-24.12387181927147
-24.12387891015938
-24.123886004210252
-24.123893101402412
-24.12390020177759
-24.123907305310215
-24.123914412012702
-24.123921521874735
-24.123928634886674
-24.123935751078946
-24.12394287043861
-24.123949992953488
-24.123957118645695
-24.123964247489724
-24.123971379522594
-24.12397851470746
-24.12398565307974
-24.123992794600294
-24.123999939314746
-24.12400708718469
-24.1240142382206
-24.12402139243191
-24.124028549815822
-24.124035710380436
-24.124042874115226
-24.12405004102193
-24.124057211111293
-24.124064384377434
-24.124071560815835
-24.12407874041914
-24.12408592321572
-24.124093109193588
-24.12410029833022
-24.124107490649703
-24.12411468617201
-24.12412188485056
-24.124129086717172
-24.12413629176321
-24.124143500012774
-24.124150711427124
-24.12415792600907
-24.12416514379502
-24.124172364764377
-24.124179588921432
-24.124186816251363
-24.124194046783206
-24.12420128048092
-24.124208517394855
-24.12421575747592
-24.124223000746767
-24.124230247207677
-24.124237496861422
-24.124244749706527
-24.12425200574225
-24.124259264956898
-24.12426652738122
-24.124273792981285
-24.124281061793337
-24.12428833378403
-24.12429560896998
-24.124302887352847
-24.124310168932855
-24.12431745371345
-24.12432474169411
-24.12433203284922
-24.124339327224735
-24.124346624783282
-24.124353925557145
-24.12436122952049
-24.124368536679444
-24.12437584704542
-24.124383160613164
-24.124390477382516
-24.124397797337018
-24.124405120518738
-24.124412446885806
-24.12441977645629
-24.124427109239964
-24.12443444522645
-24.12444178441566
-24.12444912682177
-24.12445647241361
-24.124463821235892
-24.12447117324346
-24.124478528469993
-24.124485886902352
-24.12449324854775
-24.124500613403768
-24.124507981478526
-24.124515352739564
-24.12452272723837
-24.1245301049347
-24.124537485841252
-24.12454486996741
-24.124552257305574
-24.124559647841398
-24.124567041618192
-24.124574438591576
-24.12458183878322
-24.124589242193004
-24.124596648825293
-24.12460405867394
-24.12461147172598
-24.124618888019242
-24.124626307512095
-24.124633730234027
-24.12464115617001
-24.124648585317725
-24.12465601770479
-24.12466345329843
-24.124670892134098
-24.124678334177283
-24.124685779447923
-24.12469322792327
-24.12470067964952
-24.12470813457915
-24.124715592744124
-24.124723054132414
-24.12473051874743
-24.12473798659823
-24.124745457658218
-24.124752931966288
-24.124760409487532
-24.124767890243273
-24.12477537421167
-24.124782861430685
-24.124790351867283
-24.124797845553708
-24.124805342457755
-24.124812842578038
-24.124820345950056
-24.12482785254216
-24.12483536238912
-24.124842875452764
-24.124850391736924
-24.124857911277676
-24.12486543403998
-24.124872960057676
-24.1248804892967
-24.124888021779046
-24.124895557479878
-24.12490309644393
-24.124910638632453
-24.1249181840601
-24.12492573272874
-24.124933284621957
-24.12494083978203
-24.1249483981636
-24.12495595979395
-24.12496352465271
-24.124971092771954
-24.12497866411488
-24.124986238714673
-24.12499381655461
-24.125001397647186
-24.125008981963926
-24.125016569533496
-24.12502416035197
-24.12503175441803
-24.125039351735428
-24.125046952287967
-24.125054556089093
-24.125062163143483
-24.125069773428145
-24.12507738698484
-24.125085003781958
-24.12509262382477
-24.125100247110822
-24.12510787366776
-24.125115503459615
-24.12512313650822
-24.125130772810508
-24.125138412354246
-24.125146055156318
-24.125153701214025
-24.12516135052856
-24.12516900310251
-24.125176658920306
-24.125184317994083
-24.125191980308244
-24.125199645903198
-24.12520731473825
-24.125214986837715
-24.12522266220147
-24.125230340805732
-24.12523802268944
-24.125245707819758
-24.12525339620042
-24.125261087853765
-24.12526878276349
-24.12527648093275
-24.125284182349063
-24.125291887051468
-24.125299595000502
-24.12530730621921
-24.125315020682525
-24.125322738438022
-24.125330459440992
-24.125338183709196
-24.12534591122946
-24.125353642023008
-24.125361376084697
-24.12536911341724
-24.125376854001313
-24.12538459787572
-24.12539234498834
-24.125400095387423
-24.125407849044457
-24.12541560597312
-24.125423366174413
-24.125431129651794
-24.12543889638172
-24.12544666639112
-24.12545443965521
-24.12546221619858
-24.125469996035232
-24.12547777910568
-24.125485565479444
-24.12549335511439
-24.125501148019467
-24.125508944185817
-24.1255167436369
-24.125524546365245
-24.125532352370477
-24.125540161641062
-24.125547974207517
-24.125555790021693
-24.12556360913691
-24.12557143151076
-24.125579257170273
-24.125587086091674
-24.125594918314235
-24.125602753804948
-24.125610592557155
-24.12561843459872
-24.125626279923676
-24.125634128531896
-24.125641980428323
-24.12564983559073
-24.12565769402468
-24.125665555761774
-24.125673420766127
-24.125681289062616
-24.125689160623676
-24.125697035473827
-24.125704913617156
-24.125712795047246
-24.125720679745815
-24.125728567740406
-24.125736459002887
-24.12574435357386
-24.12575225142073
-24.12576015254106
-24.125768056953127
-24.125775964658974
-24.125783875655838
-24.125791789925017
-24.125799707491243
-24.125807628355727
-24.12581555248956
-24.12582347992159
-24.12583141064773
-24.125839344653794
-24.125847281949664
-24.125855222530245
-24.125863166401754
-24.125871113577105
-24.125879064044152
-24.125887017792518
-24.125894974842392
-24.125902935187916
-24.125910898811604
-24.125918865719928
-24.125926835947585
-24.125934809454517
-24.12594278626595
-24.12595076635547
-24.12595874974795
-24.125966736440223
-24.12597472641745
-24.125982719698197
-24.125990716280793
-24.12599871615058
-24.126006719321524
-24.126014725795432
-24.12602273555392
-24.126030748622238
-24.126038764972183
-24.126046784647766
-24.126054807593714
-24.12606283386411
-24.126070863421287
-24.126078896263028
-24.126086932434394
-24.126094971890574
-24.12610301464477
-24.126111060717246
-24.126119110066828
-24.126127162742502
-24.126135218705315
-24.126143277977167
-24.12615134054595
-24.126159406421095
-24.126167475586982
-24.126175548084184
-24.126183623855773
-24.126191702957932
-24.126199785353094
-24.12620787105821
-24.12621596006038
-24.12622405237724
-24.12623214798329
-24.126240246924247
-24.126248349143047
-24.126256454693888
-24.126264563541735
-24.126272675681733
-24.12628079115644
-24.126288909911427
-24.12629703200134
-24.12630515738702
-24.126313286088372
-24.126321418092925
-24.126329553408567
-24.12633769202473
-24.12634583395759
-24.12635397921299
-24.12636212776278
-24.126370279635914
-24.126378434826314
-24.126386593315644
-24.12639475510998
-24.12640292023808
-24.126411088651295
-24.12641926040398
-24.1264274354571
-24.12643561383091
-24.12644379551069
-24.126451980507042
-24.126460168811317
-24.12646836043669
-24.126476555387292
-24.126484753636788
-24.1264929552131
-24.126501160091234
-24.126509368293625
-24.12651757982624
-24.126525794657123
-24.126534012812474
-24.126542234279135
-24.12655045907
-24.126558687164508
-24.1265669185862
-24.126575153333583
-24.126583391384887
-24.12659163276849
-24.126599877460034
-24.12660812547737
-24.126616376820895
-24.12662463147272
-24.12663288945187
-24.12664115074504
-24.126649415367424
-24.126657683291512
-24.12666595455044
-24.126674229136988
-24.126682507038815
-24.12669078824459
-24.12669907280037
-24.126707360672302
-24.126715651854266
-24.126723946367647
-24.12673224419032
-24.126740545344955
-24.126748849831554
-24.1267571576351
-24.126765468764177
-24.126773783212457
-24.126782100991704
-24.126790422097738
-24.126798746522457
-24.126807074269106
-24.126815405339872
-24.126823739745408
-24.126832077472027
-24.126840418524836
-24.126848762898895
-24.12685711060807
-24.12686546165141
-24.126873816009418
-24.126882173683732
-24.126890534713315
-24.1268988990401
-24.126907266708358
-24.12691563770484
-24.126924012025782
-24.126932389681716
-24.126940770671336
-24.126949154983652
-24.126957542612203
-24.12696593357962
-24.126974327883765
-24.126982725511578
-24.126991126472927
-24.12699953075331
-24.12700793835866
-24.12701634931633
-24.127024763598527
-24.127033181199497
-24.127041602143397
-24.12705002640571
-24.127058454003297
-24.127066884948547
-24.1270753192135
-24.127083756797518
-24.127092197722977
-24.127100641989557
-24.12710908958164
-24.12711754051232
-24.127125994768015
-24.127134452361737
-24.12714291328212
-24.12715137754123
-24.12715984514589
-24.127168316055677
-24.12717679032557
-24.127185267920638
-24.12719374883978
-24.12720223310124
-24.12721072070864
-24.1272192116384
-24.127227705893237
-24.12723620349063
-24.127244704432563
-24.127253208701934
-24.1272617163191
-24.127270227256005
-24.127278741539687
-24.127287259151263
-24.127295780107058
-24.12730430439115
-24.127312832017004
-24.127321362975135
-24.127329897271622
-24.127338434902597
-24.127346975876407
-24.127355520176813
-24.12736406782639
-24.127372618803445
-24.127381173122583
-24.127389730793595
-24.127398291793426
-24.127406856119887
-24.127415423796773
-24.127423994800566
-24.12743256914684
-24.127441146844646
-24.127449727874286
-24.127458312230477
-24.127466899937918
-24.127475490972962
-24.127484085356866
-24.12749268308954
-24.127501284151048
-24.127509888543372
-24.127518496285823
-24.12752710737785
-24.127535721793492
-24.127544339546965
-24.127552960649226
-24.127561585099805
-24.127570212883896
-24.127578843996236
-24.127587478461876
-24.12759611627551
-24.127604757421143
-24.127613401898973
-24.12762204972584
-24.127630700886364
-24.127639355398372
-24.127648013260693
-24.127656674455135
-24.127665338977668
-24.12767400685544
-24.127682678084952
-24.127691352628272
-24.127700030541842
-24.12770871178559
-24.12771739636284
-24.12772608429674
-24.12773477555998
-24.127743470175297
-24.127752168123948
-24.127760869428137
-24.12776957408107
-24.127778282050624
-24.127786993388536
-24.127795708045515
-24.127804426070057
-24.12781314741465
-24.127821872124414
-24.12783060015741
-24.127839331536443
-24.12784806627161
-24.127856804339274
-24.12786554576572
-24.12787429052204
-24.127883038632408
-24.127891790075306
-24.127900544857585
-24.127909302989156
-24.127918064477832
-24.127926829300193
-24.127935597456776
-24.12794436897081
-24.12795314381788
-24.12796192201485
-24.12797070357152
-24.12797948844311
-24.127988276684572
-24.127997068267383
-24.12800586318353
-24.12801466143322
-24.128023463055186
-24.128032267999206
-24.128041076291506
-24.128049887941422
-24.128058702926353
-24.128067521266832
-24.128076342948187
-24.12808516795566
-24.1280939963226
-24.128102828045183
-24.128111663103915
-24.12812050149823
-24.128129343245064
-24.128138188331043
-24.128147036774465
-24.12815588854809
-24.12816474367807
-24.1281736021483
-24.128182463969175
-24.128191329126924
-24.128200197621602
-24.12820906947299
-24.12821794467969
-24.12822682322085
-24.128235705099943
-24.12824459033474
-24.12825347890649
-24.128262370829663
-24.128271266094814
-24.12828016470909
-24.128289066662045
-24.128297971973577
-24.12830688061783
-24.12831579261799
-24.128324707955475
-24.128333626629146
-24.12834254866011
-24.128351474025592
-24.128360402742757
-24.128369334820363
-24.128378270217812
-24.128387208964636
-24.128396151067946
-24.12840509651063
-24.128414045306403
-24.128422997440307
-24.128431952907725
-24.12844091173249
-24.128449873912796
-24.128458839426887
-24.12846780827914
-24.12847678048478
-24.128485756030084
-24.12849473492769
-24.12850371716397
-24.128512702735538
-24.128521691661835
-24.12853068394191
-24.12853967955934
-24.128548678509944
-24.128557680819533
-24.128566686463756
-24.12857569546078
-24.12858470779561
-24.128593723487402
-24.128602742510523
-24.128611764873497
-24.12862079058646
-24.12862981965867
-24.12863885206219
-24.128647887803186
-24.128656926901158
-24.128665969330246
-24.128675015114524
-24.12868406424039
-24.12869311669418
-24.128702172504667
-24.128711231668905
-24.128720294164022
-24.128729360000527
-24.128738429191596
-24.12874750171017
-24.128756577585605
-24.128765656801583
-24.128774739345914
-24.12878382524529
-24.128792914498888
-24.12880200708248
-24.128811103005624
-24.128820202283848
-24.128829304890125
-24.128838410849994
-24.128847520149982
-24.1288566327805
-24.128865748763516
-24.128874868093362
-24.128883990764734
-24.1288931167681
-24.128902246122603
-24.12891137881292
-24.128920514833638
-24.128929654226845
-24.128938796931656
-24.128947942991903
-24.128957092384024
-24.12896624512966
-24.128975401221798
-24.12898456063342
-24.128993723392274
-24.129002889502033
-24.12901205894613
-24.12902123172171
-24.129030407848273
-24.12903958732353
-24.12904877013476
-24.129057956272675
-24.12906714574878
-24.129076338569078
-24.129085534742515
-24.129094734247907
-24.129103937082938
-24.129113143264757
-24.129122352800348
-24.12913156564365
-24.129140781842153
-24.12915000138847
-24.12915922426289
-24.129168450467358
-24.12917768002364
-24.1291869129215
-24.129196149136988
-24.129205388715587
-24.129214631610335
-24.129223877847338
-24.1292331274357
-24.129242380353002
-24.129251636598582
-24.129260896187287
-24.129270159110423
-24.129279425376275
-24.12928869497139
-24.129297967914002
-24.129307244184922
-24.12931652378302
-24.1293258067303
-24.12933509300302
-24.129344382619195
-24.129353675562847
-24.129362971856647
-24.129372271474697
-24.12938157441832
-24.129390880702896
-24.129400190339076
-24.12940950328197
-24.129418819584526
-24.129428139193713
-24.129437462148594
-24.12944678844722
-24.12945611807259
-24.12946545102153
-24.129474787317534
-24.129484126930965
-24.129493469889866
-24.129502816177517
-24.12951216578436
-24.129521518733885
-24.12953087502733
-24.12954023464075
-24.129549597581065
-24.129558963860894
-24.129568333462274
-24.1295777063918
-24.12958708265796
-24.12959646226753
-24.129605845192483
-24.12961523144461
-24.129624621033646
-24.129634013947566
-24.129643410178705
-24.12965280974984
-24.12966221266237
-24.129671618895376
-24.129681028442263
-24.129690441336603
-24.129699857543322
-24.129709277096666
-24.12971869996263
-24.12972812614711
-24.129737555671454
-24.12974698852769
-24.129756424708603
-24.129765864208192
-24.12977530701998
-24.129784753190005
-24.129794202656033
-24.12980365545895
-24.129813111579605
-24.129822571034715
-24.129832033821785
-24.12984149991302
-24.12985096933301
-24.12986044208798
-24.129869918157993
-24.12987939756318
-24.129888880262538
-24.12989836631174
-24.12990785566219
-24.129917348360017
-24.12992684435742
-24.129936343681056
-24.129945846338767
-24.129955352308667
-24.129964861588235
-24.129974374203204
-24.129983890126113
-24.129993409384163
-24.130002931951694
-24.13001245784632
-24.130021987055564
-24.130031519571453
-24.130041055420484
-24.130050594574133
-24.130060137061882
-24.13006968285481
-24.130079231976683
-24.130088784406826
-24.1300983401452
-24.130107899211385
-24.13011746158646
-24.130127027283198
-24.13013659629281
-24.130146168623966
-24.1301557442638
-24.130165323227306
-24.13017490549799
-24.130184491075653
-24.130194079974995
-24.130203672176933
-24.13021326770831
-24.130222866538706
-24.130232468693666
-24.130242074151365
-24.130251682914874
-24.130261294999396
-24.130270910406786
-24.130280529095973
-24.130290151123816
-24.130299776438147
-24.130309405069124
-24.130319037019113
-24.13032867227059
-24.130338310823518
-24.130347952696656
-24.130357597883403
-24.130367246357412
-24.13037689816097
-24.13038655325029
-24.13039621165402
-24.13040587337391
-24.130415538390565
-24.13042520670607
-24.13043487833733
-24.13044455328249
-24.130454231507628
-24.130463913062112
-24.130473597896927
-24.130483286043038
-24.1304929775025
-24.13050267225672
-24.13051237030625
-24.13052207166716
-24.130531776337804
-24.13054148428556
-24.13055119556129
-24.130560910114248
-24.130570627991528
-24.130580349141514
-24.130590073603848
-24.13059980137403
-24.130609532435003
-24.130619266785107
-24.13062900444046
-24.130638745390264
-24.130648489643335
-24.130658237188886
-24.130667988016583
-24.13067774217061
-24.130687499593474
-24.130697260321266
-24.130707024337642
-24.130716791657406
-24.13072656227609
-24.13073633616687
-24.130746113377032
-24.130755893855373
-24.130765677651343
-24.13077546471169
-24.130785255073516
-24.13079504873858
-24.130804845684885
-24.130814645913226
-24.130824449442546
-24.13083425625145
-24.130844066355955
-24.13085387974449
-24.13086369642608
-24.130873516390672
-24.130883339655085
-24.130893166191935
-24.13090299600886
-24.130912829122177
-24.130922665528967
-24.13093250521391
-24.13094234817206
-24.130952194426726
-24.130962043957265
-24.130971896777368
-24.13098175287653
-24.130991612263003
-24.1310014749227
-24.13101134087903
-24.131021210103942
-24.131031082598817
-24.13104095838679
-24.131050837463494
-24.131060719810165
-24.131070605425954
-24.131080494326927
-24.131090386520338
-24.13110028196314
-24.131110180708973
-24.131120082707238
-24.13112998800476
-24.131139896549733
-24.131149808386297
-24.131159723503036
-24.131169641883574
-24.131179563548766
-24.13118948847594
-24.13119941666727
-24.13120934814116
-24.131219282899618
-24.131229220915685
-24.131239162196533
-24.13124910675702
-24.131259054571654
-24.13126900567201
-24.131278960030922
-24.131288917662946
-24.13129887856
-24.131308842727343
-24.131318810159332
-24.131328780860414
-24.13133875481918
-24.131348732058132
-24.13135871254628
-24.131368696307952
-24.131378683325007
-24.13138867359614
-24.13139866714368
-24.13140866395972
-24.131418664024846
-24.13142866734443
-24.13143867393187
-24.131448683792954
-24.131458696900744
-24.131468713254304
-24.131478732879796
-24.1314887557726
-24.13149878191528
-24.13150881130382
-24.13151884395726
-24.131528879852066
-24.131538919017938
-24.13154896142717
-24.13155900709656
-24.13156905603319
-24.13157910819337
-24.131589163629968
-24.131599222314748
-24.13160928424016
-24.131619349421605
-24.131629417847666
-24.13163948953178
-24.131649564450914
-24.13165964263317
-24.131669724048454
-24.131679808725508
-24.13168989663293
-24.131699987803557
-24.13171008220855
-24.13172017986199
-24.13173028075619
-24.131740384896876
-24.131750492277515
-24.13176060290923
-24.131770716787692
-24.131780833883873
-24.13179095424456
-24.131801077839224
-24.13181120466379
-24.1318213347336
-24.13183146803385
-24.131841604583183
-24.131851744358123
-24.13186188737583
-24.131872033642114
-24.13188218311357
-24.131892335850083
-24.131902491806006
-24.131912650990046
-24.131922813414977
-24.131932979081387
-24.131943147971977
-24.131953320080086
-24.131963495428657
-24.131973674016766
-24.13198385582332
-24.131994040849115
-24.132004229115786
-24.132014420615537
-24.132024615329176
-24.132034813280274
