-24.149628080073153
-24.146087378027698
-24.142821807976368
-24.14003853011427
-24.13726784006942
-24.13498068612312
-24.133166313984752
-24.131366728657802
-24.129811797160293
-24.12850069640174
-24.126984060999863
-24.12623293297131
-24.12533251558183
-24.124354827232818
-24.12365137972747
-24.12273097852945
-24.121795049902556
-24.121148761184543
-24.120655154416585
-24.120112305174494
-24.119473235823083
-24.11938856454937
-24.118076906802806
-24.11723995220358
-24.11640468774937
-24.115479646431982
-24.115456695497034
-24.115170010451575
-24.113961129962007
-24.114071243192928
-24.113574778809113
-24.11341708175825
-24.112674461936166
-24.11275689502965
-24.11262726168769
-24.11232438236204
-24.111662320234693
-24.11181824646415
-24.111127131462993
-24.11078439828806
-24.110402018063564
-24.110391925556883
-24.110740248049954
-24.109879741550692
-24.10890140005704
-24.10834900430593
-24.108065078193466
-24.108308959373208
-24.108542860907118
-24.108769014351132
-24.109003464675997
-24.109067861466837
-24.10870378532796
-24.10876437065503
-24.10879124612642
-24.108424328598563
-24.108703033358037
-24.10872303395016
-24.1085587599753
-24.10872648045987
-24.10837422633003
-24.108394197346016
-24.10877471396896
-24.10799485832266
-24.107809400133345
-24.10792931207132
-24.107320095385173
-24.10685992709635
-24.10657146641492
-24.10596201527572
-24.10577332206619
-24.106116780808406
-24.106385113315927
-24.1059243728977
-24.10657386153084
-24.10711290822416
-24.107333179866284
-24.10739118221718
-24.10718991183235
-24.107211578438747
-24.107355734927914
-24.107408639710975
-24.107140765230383
-24.106632868668527
-24.107048732732835
-24.106843296942156
-24.107442926362342
-24.108148487643906
-24.108022525364415
-24.107830521218876
-24.107592893988837
-24.10725331997087
-24.10756219643895
-24.10716302956921
-24.10747678990425
-24.107736257548048
-24.10794086203234
-24.107411318066404
-24.10772508532798
-24.10781823346038
-24.10796544862509
-24.10845451806084
-24.108347922698176
-24.10848673100647
-24.10810995035529
-24.1075665939243
-24.106824301551512
-24.107009204289614
-24.106796224957737
-24.106453585098556
-24.106942346154575
-24.10659242057761
-24.107137447094644
-24.10690175334383
-24.106064830778056
-24.105516282242526
-24.105714271595257
-24.105240988999988
-24.105125827668132
-24.105299814739286
-24.105520445971848
-24.106006931276003
-24.106224974575316
-24.106016713537983
-24.106196414972235
-24.106078784871332
-24.105929803947816
-24.105098536269214
-24.105285935097637
-24.10472286343454
-24.10467430946727
-24.105103115316687
-24.10499157798038
-24.104860171875057
-24.10497999525129
-24.104657205649602
-24.10440554069228
-24.104008700563362
-24.104017227599297
-24.104536452182053
-24.10433015663857
-24.104353892517032
-24.104710905624785
-24.104637635337244
-24.105412735599717
-24.105845777862054
-24.10685349622074
-24.107372390120297
-24.107409353234946
-24.107834184795333
-24.107598519369166
-24.10735234052217
-24.107329969476105
-24.1078769802095
-24.107886481796886
-24.107366648671306
-24.10695114912125
-24.10723522475282
-24.106902829651215
-24.106997381125318
-24.106993521211912
-24.107032407135428
-24.1068314809577
-24.105794407124883
-24.106406742397954
-24.106222620004555
-24.106028920458524
-24.105575868546964
-24.10561317950844
-24.104894737441267
-24.104702291981017
-24.104113436947298
-24.104421770867813
-24.10536229471518
-24.10458646638003
-24.105167265669415
-24.105669849755042
-24.1057212502489
-24.10539383309835
-24.105132864602027
-24.105330891875568
-24.105826876226452
-24.106197539370264
-24.105681362978544
-24.106170512001487
-24.106515771305528
-24.106547897678265
-24.106391775455574
-24.10586120601461
-24.10586740636218
-24.10637289648056
-24.10562885413597
-24.10488136898663
-24.104544367648817
-24.104491057105122
-24.10523908534782
-24.10578841790581
-24.105949876781104
-24.105960316313986
-24.106367705065217
-24.10653052950529
-24.105689064285517
-24.105612697812486
-24.105699432619147
-24.105453093901932
-24.1055559041628
-24.105617148316544
-24.10528555198883
-24.10575755256454
-24.105823821743613
-24.10612576704226
-24.106614302000224
-24.106773015188605
-24.106805199916117
-24.106958113526847
-24.106657100764366
-24.106982958094058
-24.106815692437465
-24.10689893391799
-24.10701085588521
-24.1064874985745
-24.107256989890146
-24.107507999641907
-24.10786964659381
-24.107720599773018
-24.10794651104922
-24.107992718997103
-24.10772124448915
-24.107517473995294
-24.107414273966327
-24.10759455694348
-24.10798271677479
-24.107320382685423
-24.10668503729203
-24.107763078578127
-24.107228273997066
-24.10799547760006
-24.108276606609877
-24.10783772008179
-24.107489747410884
-24.10710204635753
-24.10689038102142
-24.106838222636554
-24.107506460425828
-24.107871415950186
-24.108118757840952
-24.107619790401017
-24.1081819158642
-24.107806192176977
-24.1078193270199
-24.107821667629995
-24.107526780353297
-24.10705648271416
-24.10681262686325
-24.10631363228419
-24.106813461298398
-24.107159743499697
-24.108059285741305
-24.107617642586284
-24.10696835685771
-24.10684242976701
-24.107310859695453
-24.106699368940475
-24.10656088396051
-24.106220982459984
-24.1061092895254
-24.106581436989323
-24.10655282499226
-24.10660065904329
-24.10641567208828
-24.106870077254968
-24.106824272582145
-24.106859231506313
-24.106883941482153
-24.106394952318514
-24.105831378984025
-24.10603296771276
-24.10630918592016
-24.106492293725985
-24.106180031531352
-24.10725858945721
-24.106906695380687
-24.10653625421469
-24.106658889817
-24.106344297658524
-24.106055381246023
-24.105752591445185
-24.105766120486702
-24.10547764728482
-24.105835053841446
-24.106315066453956
-24.10625443535223
-24.10640049694599
-24.105994665760203
-24.105616310973097
-24.106207506913922
-24.10648374454859
-24.10603119899735
-24.10558225541596
-24.10610761020672
-24.105970310102492
-24.10639389184446
-24.106511867397504
-24.10668387518957
-24.106862635422956
-24.107450082312976
-24.10770345678566
-24.107312906096695
-24.107583370752845
-24.107100754584998
-24.107631870401665
-24.10740584832951
-24.10684376462492
-24.106441411794137
-24.105851971802682
-24.10568714524036
-24.106532297628075
-24.10600620747669
-24.106598966177916
-24.10610260636047
-24.10601655654897
-24.10615667699485
-24.10600628970911
-24.10635331535687
-24.10655343125331
-24.106133882077582
-24.105928280578954
-24.10559737376741
-24.105625108907883
-24.104879805416715
-24.105469668651196
-24.10594011208599
-24.105826300659672
-24.105909935417664
-24.106315803007586
-24.106218468638367
-24.106119984755455
-24.105156213574414
-24.104815429411705
-24.105873259563943
-24.10587323137919
-24.106715701402898
-24.10588468271022
-24.10575830540241
-24.10547930132628
-24.10565932279445
-24.104032216032593
-24.103685863413173
-24.10376127770911
-24.104242063762293
-24.104883447767854
-24.10567386000264
-24.105106143390085
-24.105437255956296
-24.10556596529167
-24.10529326490497
-24.10550772493049
-24.105734296087345
-24.106248269159135
-24.106254711975204
-24.10603607412875
-24.10564347631826
-24.105087812634174
-24.105153093078698
-24.1050645547551
-24.105026517814995
-24.10547938698631
-24.105487265555283
-24.10617883149603
-24.106205679805075
-24.106226385189448
-24.10590665298832
-24.10606458288717
-24.106812227688078
-24.10727356745358
-24.106959298675676
-24.107719040941024
-24.106806758904142
-24.10708003411958
-24.106798897799084
-24.10711323329072
-24.107050242014402
-24.107269967053828
-24.107305601556508
-24.107457135152018
-24.107524992068594
-24.107323284791047
-24.107387766746648
-24.106622712760586
-24.106746752438035
-24.105772811719355
-24.106281627585847
-24.106207234145014
-24.106208105594472
-24.105451610396756
-24.105186880138177
-24.10535074367519
-24.105750194378466
-24.105873779556372
-24.106220753505436
-24.105546979640536
-24.105981073317977
-24.105760531069727
-24.106004286271435
-24.10634922237884
-24.106286436998126
-24.10652253265039
-24.10612688154018
-24.1054306342504
-24.105074718794985
-24.105344780053663
-24.10594851088351
-24.10628007388231
-24.105587566261843
-24.106598999631693
-24.106861403592653
-24.107289748005737
-24.107357112245843
-24.10700708076712
-24.107442286619047
-24.10758770130174
-24.107478449769978
-24.107656843669687
-24.106921296086934
-24.106949495367754
-24.10668239229409
-24.107203264199782
-24.10680713145001
-24.106643926005106
-24.106594521468526
-24.106702841713354
-24.106070593756353
-24.105708703794644
-24.106148914891843
-24.10575570596064
-24.105585928827537
-24.105227734800245
-24.10542886418424
-24.10627357305098
-24.10632369200929
-24.10635035094787
-24.106844811153334
-24.10675756129132
-24.10714555082584
-24.107688236608674
-24.107710417340876
-24.108221169277915
-24.10750965775237
-24.107336224980774
-24.10746194168548
-24.10775560626385
-24.10797236612332
-24.10770001178863
-24.10797269248652
-24.108162828952423
-24.10800527407983
-24.108013622136852
-24.107656577144745
-24.107206643928414
-24.107497177972505
-24.10727705021895
-24.106830125342146
-24.106872608068226
-24.106719617093447
-24.106534172959066
-24.106527105526602
-24.107127006554308
-24.107263982829878
-24.107511330060994
-24.108176129412264
-24.107844683673573
-24.107252111346774
-24.10694827880116
-24.106862534434534
-24.10771102800543
-24.10730739429974
-24.1066232266657
-24.106679772856342
-24.106717829215068
-24.106580572201747
-24.105729611147606
-24.10534138902878
-24.1055189291767
-24.104987050029454
-24.105086633916137
-24.105664942945705
-24.105301818936034
-24.105499447198753
-24.10504620102717
-24.105178930531693
-24.105831869793153
-24.105831627418766
-24.105822525230586
-24.106153981851016
-24.10634178453181
-24.10683606336268
-24.10669427187065
-24.105684199167204
-24.10588983002849
-24.10636637526351
-24.10603989125333
-24.106238394276563
-24.1064864798675
-24.10660148169022
-24.106301857067884
-24.106113610489402
-24.10645064982109
-24.106698399980335
-24.106731267773483
-24.10703704463516
-24.10743812443772
-24.107103069058674
-24.107265049397093
-24.107729344225408
-24.107146387811508
-24.107112039492144
-24.107325101935352
-24.10745837144111
-24.10718793796268
-24.107147854703108
-24.106053081558095
-24.105884815777348
-24.105818724982523
-24.106204423848435
-24.105376788426415
-24.10534755475
-24.104384028279778
-24.105255238267446
-24.104747511575823
-24.104944707436218
-24.105456284324603
-24.10547823915358
-24.105165028281142
-24.10487411948222
-24.104762664617052
-24.104637702983855
-24.105176157452323
-24.105429433821627
-24.105885991272796
-24.105865467251117
-24.105606355176583
-24.105774078221753
-24.105834616309693
-24.105944443617307
-24.105968457527506
-24.10653917279879
-24.106433282744526
-24.10564151971877
-24.105697957936528
-24.105711027947518
-24.105751351572234
-24.106010204279166
-24.106076195503476
-24.106203200555942
-24.10590398964672
-24.10632535321725
-24.10662200624517
-24.106302631705002
-24.106396080452036
-24.10638163987903
-24.106476252114582
-24.107058281228422
-24.10724003645984
-24.107004108221805
-24.106591292091487
-24.10694023550803
-24.106775337632488
-24.106450410396352
-24.106713088104023
-24.106683065872343
-24.10669175317296
-24.106511366115576
-24.106916759909687
-24.1070555303295
-24.107533825073947
-24.107789482488382
-24.10801912871424
-24.10784987792972
-24.10771523969244
-24.10760328115274
-24.10740603085388
-24.106928986975532
-24.106449858901122
-24.106075337469054
-24.1066995202461
-24.105957953880313
-24.10628083080327
-24.106594017852736
-24.10690661428454
-24.10694112511663
-24.107242429719395
-24.10768470232497
-24.107571422317985
-24.10741331773582
-24.108074042141475
-24.107725673501253
-24.107929990119146
-24.108344427624125
-24.108206507933783
-24.10813829685923
-24.107345398316887
-24.107746244489935
-24.107465800764583
-24.107757788529714
-24.107491325573562
-24.10689097260746
-24.106341178440214
-24.105873945499138
-24.106106571760535
-24.106747933443106
-24.10696521421575
-24.107157294911907
-24.107956637670142
-24.107210314251613
-24.10719028345727
-24.108193218996586
-24.10805954172681
-24.107830162924063
-24.10766999194946
-24.107648953114
-24.107144860696803
-24.10739430797721
-24.107432481278167
-24.10725757278279
-24.10732152510954
-24.10750161020558
-24.107504093482287
-24.108351508491168
-24.107736051186816
-24.10703665361592
-24.106819206564065
-24.10680871902375
-24.10654840027321
-24.10627827762055
-24.105629674573997
-24.106607655678502
-24.107335387232524
-24.107377305330658
-24.107932702712944
-24.108057869003208
-24.107874822815912
-24.108493165254494
-24.107872043849184
-24.108261780684067
-24.108605242536065
-24.108747899653718
-24.10905888155735
-24.1087756855839
-24.10833884434464
-24.10843036210246
-24.108435193172365
-24.107617445533023
-24.108033853822327
-24.10848015586316
-24.10820199333664
-24.107884422865776
-24.10739153453711
-24.10705876417577
-24.107391940771056
-24.10729201941448
-24.10729369557499
-24.107361299181143
-24.10743308793866
-24.107590883043844
-24.107252213824808
-24.10723091432163
-24.10626908461361
-24.106402592508775
-24.106624558405983
-24.106654463653975
-24.106568936403693
-24.106832581422395
-24.10752109933196
-24.107310175328156
-24.107711509685878
-24.10821288565642
-24.108784315404396
-24.10861016722376
-24.1081307296381
-24.107666974967994
-24.108378539493465
-24.10800431240246
-24.10739213841831
-24.107427116187154
-24.106955925847576
-24.10715857035598
-24.10761143229188
-24.108045170416354
-24.108144054781686
-24.107634331404277
-24.10729012831132
-24.10733449557675
-24.106869226183374
-24.106963091760946
-24.1063423240148
-24.10607747438052
-24.106383824261638
-24.10681348175715
-24.106729029886715
-24.10667067407314
-24.106293423771902
-24.107067149437306
-24.10713466701682
-24.107810925501283
-24.107080652381203
-24.107092050356055
-24.107134351095468
-24.10685682986328
-24.106960334433335
-24.107269371566957
-24.106933194732594
-24.107282161833947
-24.10682854287087
-24.10709963010508
-24.10663372587254
-24.10663963592963
-24.106636931992025
-24.106901005471023
-24.10663183952125
-24.107465405557765
-24.10745767033471
-24.1073085298842
-24.106894450544896
-24.10605466019144
-24.10633800103771
-24.106688619856577
-24.107117686263866
-24.107326201690643
-24.107396318338495
-24.107348655072
-24.10766179833313
-24.10700062393039
-24.106461978511355
-24.106851408801887
-24.107236140175047
-24.107240271100178
-24.106741773867462
-24.10654752073319
-24.10605567875664
-24.106176745494103
-24.106152023510273
-24.106665999613124
-24.106389966282066
-24.106357255319576
-24.106030844199815
-24.106454740658723
-24.106599972939417
-24.106711788926003
-24.106346020119226
-24.10628527904386
-24.107029490389596
-24.107372705691752
-24.106999889525184
-24.106972277102503
-24.106785796560338
-24.106019206938008
-24.106665931062775
-24.106580676827814
-24.107276281177214
-24.107113845699775
-24.107294570377537
-24.107383140755065
-24.107273165199235
-24.107027617016236
-24.10758914717313
-24.107578366487985
-24.107264981215334
-24.107392221541364
-24.1076886410671
-24.107371413746016
-24.106951705881396
-24.107032358339765
-24.107338917014786
-24.106837032285537
-24.107158116484563
-24.10755764621891
-24.10737103651522
-24.107317681972447
-24.10742478699325
-24.107734230400286
-24.107091705195952
-24.107268731559895
-24.107469431682325
-24.106692435544666
-24.10596852960823
-24.105206654162565
-24.10566472401243
-24.10571852977943
-24.106541155342622
-24.105796872211965
-24.105250513831468
-24.10572649551413
-24.106725981628724
-24.105833860356007
-24.106452230044038
-24.106050706806474
-24.105930826986757
-24.10587247337067
-24.10539698619032
-24.105649875069545
-24.10572556474429
-24.105733338437798
-24.106546909292657
-24.106647135508247
-24.10640298408706
-24.106720733112724
-24.106443218108375
-24.106275589668943
-24.106355903916757
-24.106638384630546
-24.10661107961852
-24.106214707383764
-24.105862836974513
-24.106149958347924
-24.106241243517083
-24.106000296936536
-24.105958252153748
-24.10591279568802
-24.105692856057583
-24.106083680970528
-24.10589159475476
-24.105772827212924
-24.105903135207534
-24.10607595359764
-24.10626827007412
-24.10602663873353
-24.106138268169012
-24.10648633456707
-24.106192872672047
-24.106617761227543
-24.10623358155224
-24.10628062890447
-24.106370558687257
-24.10632102994369
-24.106142934859676
-24.106165745747678
-24.10730241681405
-24.10685400457575
-24.10636792254253
-24.106223988451447
-24.10660219854441
-24.106707624577396
-24.107154731453825
-24.105772291109435
-24.105725104242705
-24.10522593066537
-24.104865533520783
-24.105192583105044
-24.105386568499416
-24.106113568026004
-24.106011823187604
-24.106245916484514
-24.10635326520109
-24.10628527268436
-24.106549929420545
-24.10689160974108
-24.10780825078281
-24.107193189610122
-24.107287895776405
-24.107674280522943
-24.108244243845615
-24.108455055848292
-24.10856624110357
-24.107907551973703
-24.108089065413463
-24.108099275722193
-24.107727299921574
-24.1075760925994
-24.107245017416396
-24.10683754426329
-24.106631034424346
-24.10669142824848
-24.106975593172933
-24.10713590065604
-24.106427552586705
-24.10637277125993
-24.106559799033448
-24.106225708087425
-24.105686368356306
-24.105430376408542
-24.105564401796588
-24.105501061910786
-24.10581992124773
-24.106307283774473
-24.106921622388118
-24.106760095559295
-24.106764114631684
-24.106506866112372
-24.10648672957179
-24.106360084608117
-24.106094719332145
-24.10637035423184
-24.106402245931317
-24.10638737358374
-24.106391337901833
-24.10634899281176
-24.10606469686046
-24.105746142970357
-24.10524173187311
-24.104935896261217
-24.1053535921327
-24.105325217435876
-24.105645015134066
-24.105835904276642
-24.106187471205253
-24.107026063058417
-24.10734502403852
-24.107353490359703
-24.10737401425781
-24.10733993049888
-24.10742239902542
-24.1075147900308
-24.108311263807355
-24.10847755869783
-24.108006581791923
-24.107691429881374
-24.10794373653919
-24.107795239811463
-24.107736375216106
-24.108143066360793
-24.108986251026185
-24.10907675852703
-24.1086789957143
-24.108440906371033
-24.108529684200143
-24.10853331760333
-24.10889456413929
-24.108610944643797
-24.108506957084657
-24.10858359662114
-24.107836956131468
-24.107554443434992
-24.1078579028826
-24.10702662263932
-24.10740280868237
-24.107531501928904
-24.107721673114064
-24.107253712440393
-24.10764164642141
-24.10734953185097
-24.106563148255777
-24.10734884979599
-24.10710662448247
-24.106636125800364
-24.106929079229825
-24.10673590885289
-24.10762491285302
-24.107062555049833
-24.107098568102188
-24.10776977416458
-24.107904868426008
-24.107413660331368
-24.107148905418935
-24.107607975980486
-24.108299193592984
-24.107859398662917
-24.107103298345457
-24.107129313985407
-24.10716339927962
-24.107041450521162
-24.107544064679246
-24.107103641886294
-24.10666088583037
-24.106879272841685
-24.106849162556752
-24.106296693170062
-24.106986896000105
-24.10634334837357
-24.10614946683832
-24.105821985297908
-24.105275858027596
-24.10490580724776
-24.104873036964474
-24.105164379458866
-24.10569589386491
-24.105338414810728
-24.1054839188517
-24.1057322230633
-24.10614551429357
-24.105519321162628
-24.105324358199788
-24.10498431458892
-24.10481680694738
-24.10497817301311
-24.10516510647337
-24.10588961835426
-24.105939745895675
-24.106448826193986
-24.10616383819701
-24.105896970062304
-24.105469633099535
-24.10625428786508
-24.10616471862412
-24.10522843191136
-24.10535447916995
-24.105440017423415
-24.105217535547194
-24.105528497215158
-24.105946127385884
-24.10570504543398
-24.105032708892214
