-23.3198055700903
-23.31664075265113
-23.322532392674198
-23.32018357162131
-23.317530024826922
-23.30928162817953
-23.317177019590957
-23.317768923810853
-23.317874298537458
-23.317640446347216
-23.310055324674007
-23.307352607307113
-23.309025979224465
-23.305657603188575
-23.307215705538532
-23.305538488456257
-23.305611416853022
-23.29754594958315
-23.29662053795765
-23.288445806374742
-23.283607161632666
-23.284300246380717
-23.28972489325463
-23.291779806759987
-23.290455361329713
-23.293164687395723
-23.291393642312325
-23.2936888705113
-23.291720868308886
-23.285286192451263
-23.289242850912583
-23.286685270373532
-23.27906666207358
-23.281818070893998
-23.279589437785067
-23.28380822686156
-23.287346896855315
-23.28849425506461
-23.28139797406444
-23.271708824119322
-23.26706715944949
-23.276687873012868
-23.274873528954668
-23.274068175379742
-23.270425229543612
-23.271434190943797
-23.280205629301594
-23.283890101051597
-23.275621645962737
-23.27441449672775
-23.279322093881753
-23.280487597832707
-23.279747735494148
-23.28009934104539
-23.275478103811903
-23.276680988326227
-23.27834955314546
-23.269448141186864
-23.271007635923887
-23.272384086704935
-23.27606244917829
-23.274638224197943
-23.273167658000833
-23.269602775049005
-23.270237939541527
-23.274629540075374
-23.273380608368488
-23.274373852081403
-23.269741930534458
-23.271484335275833
-23.266268312717166
-23.26516256018528
-23.269214694367978
-23.265580651873336
-23.27237627979874
-23.270930832130592
-23.27050545477968
-23.267837572613
-23.276328929115163
-23.27663428933089
-23.26859344474525
-23.270546450422785
-23.27122975423014
-23.274930608676097
-23.272604235442266
-23.271765380985496
-23.272287945273792
-23.270911006511277
-23.275282001271112
-23.27874626648922
-23.273512303699558
-23.270329120078276
-23.26962779659359
-23.27237509778146
-23.274066239551107
-23.271792731944238
-23.26164822099733
-23.26376941059606
-23.265399390056928
-23.264522270884736
-23.268825743448136
-23.26981758222772
-23.274024661479363
-23.281250475509214
-23.27073174152642
-23.26673729096597
-23.269004147321443
-23.269444607765095
-23.270184526248688
-23.26608390285639
-23.26995374336124
-23.274309752137697
-23.273031971478463
-23.263754313630013
-23.267510106286483
-23.266528000128908
-23.270653602484256
-23.272647282563963
-23.27153666543692
-23.27583537629492
-23.27286148216085
-23.26782979308462
-23.26757757716574
-23.27458052557644
-23.273605842450568
-23.26795198393688
-23.26632727950295
-23.27209312612221
-23.271255330805992
-23.26894446937113
-23.267181115040007
-23.27057800867198
-23.268248876494056
-23.27140417118152
-23.266673610032644
-23.266349595513866
-23.26546297350843
-23.262818653534183
-23.262786141079157
-23.26623923488621
-23.266249456067523
-23.272111800482023
-23.2781535625944
-23.277974081218296
-23.27801821431658
-23.27924062611579
-23.27489252643391
-23.27083804554385
-23.2688920969078
-23.267634688260323
-23.263879002079836
-23.259951843707125
-23.260761736950144
-23.247499405921108
-23.254785332657388
-23.253982340873808
-23.257484728628725
-23.269343600256708
-23.27257512442772
-23.278749618138747
-23.281008201228826
-23.290481714157615
-23.279845183723488
-23.284601383045175
-23.285597842796456
-23.28098989585596
-23.277747336867332
-23.277385467022533
-23.278574094605766
-23.27592659087275
-23.27564358413631
-23.2739943160524
-23.276595872310754
-23.272688223294423
-23.276951737135192
-23.27627591704056
-23.2806085449282
-23.27924287368589
-23.27567089052129
-23.27906084216836
-23.279507576301217
-23.276247697644685
-23.271961171959823
-23.27292298315214
-23.267558482645025
-23.267846699103
-23.27317918118037
-23.276014022481164
-23.268130304104087
-23.269588736574814
-23.265147451949794
-23.260132130374863
-23.26675419158224
-23.260087618375827
-23.257570234903227
-23.252351964669888
-23.255340346463065
-23.25455896587945
-23.264984442500733
-23.27544231444531
-23.277700141528957
-23.285673075554293
-23.279470658105218
-23.279337062174445
-23.27936271726303
-23.27693977319933
-23.274781718549406
-23.28221339331049
-23.28234298121216
-23.28192955392297
-23.281991505568662
-23.279953139400288
-23.279962992575165
-23.272213909180987
-23.272152468038296
-23.28114293429792
-23.277307878729523
-23.280145228078343
-23.281710677827007
-23.283047069651115
-23.283796842187975
-23.279731173197373
-23.280161286323214
-23.28380627663191
-23.28878213664281
-23.28892646765945
-23.28479187945481
-23.290542361106446
-23.290814168050645
-23.29118778260454
-23.28741900603265
-23.284859098710236
-23.283051123141664
-23.28205029132951
-23.283274131326387
-23.283933683688367
-23.28197727845247
-23.279796072898424
-23.28325075052825
-23.287043476835112
-23.27877066417464
-23.278818535915025
-23.285138769895678
-23.282047550657584
-23.28800006915485
-23.289234170015135
-23.286911431198455
-23.281734309853885
-23.281164657538746
-23.269431540942456
-23.270404329815687
-23.278824055485963
-23.274625968252625
-23.276239955088386
-23.27624253620564
-23.273098275804657
-23.274247928450894
-23.277953256849283
-23.277726324181383
-23.27963720307518
-23.269228893230334
-23.272359972189633
-23.273501243150644
-23.277545517739306
-23.279515596211642
-23.275734907401393
-23.28131225170581
-23.282743171226294
-23.285882228622658
-23.285819993023697
-23.289888480358027
-23.290836465709845
-23.292748454540455
-23.28485092929721
-23.287179528569094
-23.289313946573902
-23.283268398963507
-23.278822287939928
-23.277315670203574
-23.274047924222916
-23.26973048741909
-23.265220520340662
-23.270190095911538
-23.266520486776678
-23.273843438445244
-23.27772977816286
-23.271094162604147
-23.269705259207413
-23.270147012998166
-23.272156793806467
-23.27497001961396
-23.28103301759464
-23.284236410565324
-23.28622224505586
-23.283945154117976
-23.277981429127585
-23.27569405622452
-23.276695211643148
-23.28037072140095
-23.279340691603124
-23.277290516136773
-23.270417631618397
-23.2745550911321
-23.2767738725968
-23.27311352451236
-23.264360668608344
-23.262309959028016
-23.25776224847976
-23.25688412468096
-23.259343286570726
-23.249808518844695
-23.256648760357805
-23.257107473748952
-23.266181931917924
-23.256490778021604
-23.263576663354254
-23.272003564158677
-23.279452386403275
-23.284760655205336
-23.285435880804553
-23.282433049756232
-23.27465279928732
-23.278759894412065
-23.27630104880113
-23.27484398360748
-23.269384226867075
-23.275619933213985
-23.277480810504997
-23.279169113802805
-23.283441560401382
-23.28148784367979
-23.284495522368584
-23.28447764612429
-23.280019036274382
-23.28179057009536
-23.27605766023638
-23.276410539847543
-23.279342936928902
-23.282957493060632
-23.27807053235996
-23.2700440066823
-23.268460153363364
-23.273542073984675
-23.27304658809891
-23.284357930751792
-23.281231270189714
-23.27229807677854
-23.268427193020408
-23.270142628088333
-23.272253559145096
-23.27301096137618
-23.274579427045545
-23.281135481005762
-23.274600100174332
-23.275965908143537
-23.272741221810655
-23.27209130964353
-23.275660967878324
-23.280371719233976
-23.272897373125833
-23.274813926215284
-23.270505762577674
-23.271876622880438
-23.269220273273806
-23.270585172519624
-23.27387159111585
-23.274557023697138
-23.284540496840503
-23.287934700450744
-23.284646884923802
-23.286005485660837
-23.2922014928704
-23.297270431749848
-23.295545371939944
-23.294393162752467
-23.294596082774003
-23.29656850453312
-23.2951025419
-23.292069466429897
-23.289938142362995
-23.291094181553476
-23.29272073856376
-23.29600318003593
-23.29081691686917
-23.28467258600814
-23.280195570610854
-23.28281027867135
-23.28450820034269
-23.28688848607462
-23.284924095658567
-23.279939109963006
-23.28273785131029
-23.275146103597514
-23.27272686228188
-23.271107543419483
-23.27564205821015
-23.273623201011333
-23.27080971538528
-23.270277127254978
-23.276208294125464
-23.2828538532962
-23.28479383992886
-23.288103460246365
-23.290300049021774
-23.286659431310234
-23.282884332586022
-23.282892067166696
-23.28398622494322
-23.28063117221895
-23.27849120971271
-23.281520082757165
-23.28227204735617
-23.286941599924738
-23.28552294160757
-23.292835496316187
-23.288144933662235
-23.281180568985544
-23.27441039930562
-23.27614597546296
-23.27461352653561
-23.273410763822625
-23.266894237132995
-23.271187444681622
-23.274602026606267
-23.272317886354713
-23.27239176333047
-23.264530471174904
-23.263365317251633
-23.261571194650408
-23.265677390972854
-23.262788171186305
-23.263148068979994
-23.261785418414515
-23.26968071607244
-23.26694101939584
-23.27090231896629
-23.27616676876474
-23.280453456094715
-23.270640517955968
-23.27526352652981
-23.274394049633322
-23.27161040799357
-23.27342508839223
-23.279512787372127
-23.270953857434243
-23.271745273339263
-23.26986368916917
-23.26424709885421
-23.267501914167312
-23.271563336044135
-23.26803790904988
-23.26775806175285
-23.268032685805903
-23.267840626317035
-23.269539042575037
-23.268925029999245
-23.27327018201267
-23.26769408172432
-23.27079154376894
-23.266573722293025
-23.271223681750865
-23.273588510060954
-23.267644779396402
-23.27248338189032
-23.268973076684514
-23.266101867753658
-23.255419614655807
-23.25265956781845
-23.256417375642297
-23.25691382535307
-23.2507417976519
-23.255760473880184
-23.254041045824085
-23.262116606745593
-23.26891850031365
-23.264392371307093
-23.268485359460882
-23.270221720843075
-23.27616426860487
-23.26629458627369
-23.266147485966457
-23.259161982618366
-23.264569015553178
-23.25668222291355
-23.257402214779024
-23.254310266001976
-23.253655200567344
-23.251055834277565
-23.253566576174812
-23.256111328432493
-23.248735221303036
-23.249176828794653
-23.25317727428339
-23.252079607900406
-23.261511661835307
-23.269059036288308
-23.268882421919677
-23.267402249774804
-23.266146867570797
-23.270078360270205
-23.26672480188297
-23.27206989392059
-23.270067761847386
-23.269441855884306
-23.26612749669903
-23.27090081724054
-23.265609675862553
-23.269635924968515
-23.26769775276492
-23.265103877134024
-23.26230892314587
-23.257321574600688
-23.258413176691498
-23.26327092783617
-23.260356365263405
-23.266639070660844
-23.261182181607584
-23.262713675564424
-23.26265352124975
-23.269436671576802
-23.269561013685696
-23.26630518983364
-23.26400362369233
-23.267246670375933
-23.26330782749943
-23.271520488105914
-23.267599850556355
-23.268244727162426
-23.27660807617883
-23.276547091377335
-23.27369114825564
-23.277171735544382
-23.27860250222762
-23.278394539874434
-23.276974177681343
-23.278699106043035
-23.28142081834468
-23.286041718796508
-23.284090906297568
-23.277839849990748
-23.282492431801824
-23.2760883755528
-23.27131777766715
-23.271256078365223
-23.273316885748784
-23.26500857698705
-23.266292271863538
-23.268094589301164
-23.26009874142389
-23.264255102196003
-23.262178009046
-23.265454538873527
-23.264069758882577
-23.264766655626516
-23.266104050244852
-23.266088596823504
-23.26226787037494
-23.265047418992232
-23.26370766309777
-23.263892880298723
-23.271281545058276
-23.270156625357156
-23.268220626192623
-23.259538929908146
-23.25737879215549
-23.26299643931871
-23.26771627622983
-23.265089244458768
-23.267844060831703
-23.27422153283629
-23.280899171333363
-23.281861862939863
-23.278118895945656
-23.277342584076898
-23.280722210696506
-23.272059972946902
-23.273144757804232
-23.26980086085285
-23.26842910791634
-23.267835373871062
-23.2734471333346
-23.278328746704414
-23.271483120145188
-23.269975698956728
-23.275466133961302
-23.278440498386487
-23.278746500475712
-23.28506599312929
-23.288233632776492
-23.289670378865175
-23.29130128764935
-23.28794477705521
-23.288620831869604
-23.284919177913913
-23.28625637899602
-23.29178900096891
-23.2901643808968
-23.29173041488005
-23.28025228007171
-23.283087910641875
-23.281994347445472
-23.280090920205982
-23.284259961277264
-23.283008886376667
-23.28718903270739
-23.288605272915813
-23.287468798696136
-23.28520318624054
-23.286647310907593
-23.28574800218739
-23.281039225442022
-23.28002350953124
-23.286791498337337
-23.285112259504434
-23.282321787062127
-23.2747914113013
-23.27992419529573
-23.27757664398415
-23.27731203270775
-23.27814515899581
-23.275996833834913
-23.28142932255758
-23.283007029518796
-23.284185268430605
-23.280166063272176
-23.278919302255257
-23.27744222904291
-23.27813193835845
-23.281343205996233
-23.28070901313065
-23.28206885852987
-23.275087839253924
-23.275332402208587
-23.27037687181115
-23.275144940139914
-23.27499082785246
-23.271530598504675
-23.273152381505295
-23.279777200213644
-23.28771024951683
-23.279332111353604
-23.285363226660113
-23.287417655306864
-23.29149143400578
-23.292270707294303
-23.29275362340323
-23.289329236539448
-23.289809736521505
-23.28060564206761
-23.27262704698156
-23.26772487769422
-23.276116619590187
-23.28129058433812
-23.2871018083284
-23.285497382325048
-23.284863508309517
-23.28598568248271
-23.27994359977509
-23.277828316391936
-23.28199663651397
-23.27915191147336
-23.28118616661178
-23.275124004716837
-23.27610537158696
-23.269249902161214
-23.265581815090005
-23.273733551199268
-23.27789521932325
-23.2711564339253
-23.26468395946612
-23.264710624585312
-23.2652492729933
-23.267443831329256
-23.263368304572808
-23.266792746921706
-23.26979197635094
-23.27360367222002
-23.26947901779666
-23.272227630451106
-23.271281482365037
-23.26997652742892
-23.273654383249756
-23.27246586781395
-23.276637800222588
-23.273723025934586
-23.27464648153344
-23.28096654241802
-23.281414780351973
-23.278680348200144
-23.281392411159498
-23.280874661693066
-23.279336813431954
-23.270661361294966
-23.27044400415497
-23.26894262604582
-23.264727051215626
-23.267005234778072
-23.2686790832366
-23.26875005837998
-23.275339085741297
-23.280897589144523
-23.280379318009754
-23.279556692688047
-23.2821338248485
-23.27422712103221
-23.27128260947199
-23.27677652139214
-23.27252695356508
-23.26799795661512
-23.259449234505276
-23.263963661881736
-23.268732818681862
-23.268799145794688
-23.263399098967984
-23.26775955001938
-23.267311551063436
-23.276394194239046
-23.2823198477778
-23.278441182946228
-23.275122420320816
-23.26991894915009
-23.269679200611062
-23.270456233493977
-23.271765946073494
-23.27126404599424
-23.271133630735374
-23.270324305788833
-23.266051452727524
-23.271172545684543
-23.271849948827267
-23.26778342513778
-23.268295021196778
-23.268319494324402
-23.271070486201655
-23.270945369571425
-23.266271811366288
-23.269436729029206
-23.270899391733312
-23.279474113716297
-23.273697805112135
-23.26969870165107
-23.27308140156238
-23.2755445378519
-23.27577641227688
-23.27674276494661
-23.27652276395168
-23.275139770003644
-23.284861409447334
-23.29018035669628
-23.28092254688644
-23.28194964018507
-23.285923469833072
-23.28353433807206
-23.2831488680248
-23.279571838837313
-23.282621296470076
-23.288721738690402
-23.282877579013906
-23.28086237214743
-23.285482045776934
-23.2848788360006
-23.279596903350207
-23.281460830937956
-23.279004513265114
-23.28040362633585
-23.28040359620542
-23.284162841362544
-23.283249232731997
-23.287306435679408
-23.28086838738415
-23.281501501330638
-23.277770663742547
-23.277530087053087
-23.27805680214522
-23.27488803939883
-23.275535227005708
-23.27532573291956
-23.274586021872025
-23.27125479992239
-23.277453926122107
-23.27662697452829
-23.27658141238687
-23.273019466377296
-23.278987350340532
-23.281308582705364
-23.28587751953878
-23.2850272818273
-23.280463268478947
-23.281186354308076
-23.28069901839232
-23.273345880683767
-23.275456866490895
-23.275634436057295
-23.278674151112597
-23.275744253439186
-23.274158238132458
-23.27842547627508
-23.28025933302635
-23.276903207766505
-23.281165873738203
-23.285459956300144
-23.281861277462436
-23.277853301498126
-23.281788615251493
-23.28007621804785
-23.275204992482106
-23.278407801374655
-23.282614412354818
-23.27768390223387
-23.279161573375763
-23.284944048488377
-23.289134555020077
-23.28809777909092
-23.286666642811443
-23.291171299112044
-23.286828533695438
-23.281447182985918
-23.276933551899088
-23.269438459955694
-23.2730338365535
-23.268058124966146
-23.270059597870187
-23.26989881227667
-23.270114942960763
-23.272901845183195
-23.272251495184626
-23.27236265014537
-23.27276617617055
-23.266187100611415
-23.268944231274162
-23.270630412626787
-23.268240205450837
-23.265555650499927
-23.26644062463998
-23.266413429636334
-23.26316235652932
-23.254088157837096
-23.253364741485527
-23.25301667708385
-23.245069374224755
-23.243512290542416
-23.253638427417695
-23.257144744107798
-23.259945540795652
-23.260592030936124
-23.26361633241206
-23.256368311169705
-23.2608147867401
-23.258190960762885
-23.26627595952928
-23.261696226633074
-23.265913673717865
-23.261732661750997
-23.256701483027268
-23.262337328527657
-23.259223904714716
-23.26410766341009
-23.265665165461023
-23.26624342556588
-23.26645633001159
-23.270737697709478
-23.272698413346227
-23.277059529066726
-23.271063544082395
-23.275431253636352
-23.27457085572923
-23.27066480330247
-23.26529691969745
-23.267552834940744
-23.26607307468406
-23.265136724500298
-23.26224389023425
-23.26292440222624
-23.264138403796835
-23.263922877321225
-23.254039092960813
-23.250017162443427
-23.25125850946449
-23.25851501002679
-23.26305021667301
-23.2612292964442
-23.259341686044973
-23.262003541191348
-23.2662419064895
-23.265270511508795
-23.272886423983632
-23.267757713378586
-23.267272597721085
-23.27079160514108
-23.267198724985587
-23.26468736052645
-23.25987570926808
-23.260541802841505
-23.25472298067458
-23.255174719050906
-23.256450791756667
-23.253281809665683
-23.25184749866418
-23.256622676334207
-23.259283317568556
-23.262512192486422
-23.266907801115682
-23.26487287054567
-23.26037068663025
-23.26460265693159
-23.26617586093689
-23.267727490949085
-23.262932357028692
-23.265182621016983
-23.268128139811875
-23.269748885761707
-23.270738681691707
-23.2701433878396
-23.267995089923694
-23.26754094864276
-23.268626963280255
-23.275591002222367
-23.272179229547305
-23.266452357046028
-23.266120656059126
-23.266601991613943
-23.268515810453795
-23.270866819408074
-23.265690659464493
-23.263648719444838
-23.261493482878056
-23.262498396747382
-23.264370124362923
-23.268712523948754
-23.273874025082247
-23.26367192811747
-23.26618183809261
-23.26413521668997
-23.259672838075538
-23.26137667235359
-23.264191808427316
-23.269204699749878
-23.271864049803437
-23.271977148451786
-23.269039417316957
-23.27022987048423
-23.272649862511628
-23.27638202689665
-23.275895139943806
-23.270098227161448
-23.269262056424765
-23.26961108412372
-23.275070128728558
-23.270474461304996
-23.26533325858702
-23.270065062293828
-23.27594676769899
-23.271561720451427
-23.268979734705198
-23.272481384749742
-23.267490114187968
-23.266002618127303
-23.27117079755896
-23.273705237764727
-23.272920561020936
-23.270229313381524
-23.26734078779638
-23.266091549449193
-23.259366585473128
-23.257412358398142
-23.26030533683455
-23.25902180353177
-23.26093153471806
-23.265058620615562
-23.26352353583396
-23.267119635562658
-23.2683498375025
-23.267405958851892
-23.261575114929183
-23.263105030071916
-23.26236268243905
-23.258348744567865
-23.258663367749197
-23.2615581393784
-23.257971455657255
-23.25194915132294
-23.255319421946748
-23.262896425408556
-23.260677861770112
-23.258485394286627
-23.2579209295606
-23.253740079875698
-23.254375008018325
-23.25404092684745
-23.257189570454198
-23.258681827179473
-23.25804738121454
-23.253622324046244
-23.256215182654806
-23.25441160227911
-23.25241513476985
-23.25744615713826
-23.25006334451479
-23.250962951343634
-23.26437407017791
-23.26976280618674
