-23.355277172787954
-23.2783173795425
-23.26763552927456
-23.25928476158912
-23.264580753291554
-23.259884835829357
-23.267736391133496
-23.262575074045596
-23.257890993021597
-23.264027420019303
-23.261697276909324
-23.262080145349373
-23.26659961354938
-23.268852715513525
-23.270080500032815
-23.261740119093467
-23.26219844066104
-23.261910359336422
-23.275845651789403
-23.260549934229005
-23.261723373893627
-23.264710956960947
-23.265479718844066
-23.257528230062167
-23.26045555240829
-23.2605903567577
-23.260069347936746
-23.264718454204683
-23.258135685747494
-23.264425403067627
-23.262010025971104
-23.272245790460854
-23.26092111013784
-23.259670386529358
-23.261672837228186
-23.2672789249774
-23.261734241515416
-23.2661710655507
-23.266856285589007
-23.259878977618236
-23.259591128301516
-23.261808533028532
-23.266422411494734
-23.27417234581022
-23.267637447141606
-23.26917683549708
-23.26709297069377
-23.263758791657935
-23.26844682164593
-23.261814835206398
-23.263972015103977
-23.259826515847976
-23.25596071015519
-23.269669661649782
-23.259308795901607
-23.265331605457245
-23.26741753888976
-23.263785070022262
-23.266688349160866
-23.26209532223666
-23.268948984927274
-23.250658687173257
-23.263899074338116
-23.266462630297944
-23.27037872980527
-23.261315828925806
-23.264373514532192
-23.26291182224329
-23.265260108391306
-23.266026818974808
-23.26577746338809
-23.26844082564346
-23.26627593730819
-23.262513723319515
-23.26868619134437
-23.27498143676122
-23.257720795264202
-23.261131335746978
-23.255977446949156
-23.271322936493213
-23.24624231801744
-23.26007946330897
-23.26564798665795
-23.270027681995824
-23.266389826502174
-23.269299974059596
-23.26782662745307
-23.26827895840249
-23.26304457851658
-23.25849581714685
-23.267115580734277
-23.26079505201753
-23.26057561664141
-23.26813301167659
-23.26134511739965
-23.26554945518614
-23.256992492811772
-23.26410150615769
-23.25517370883124
-23.26226943493069
-23.268816507987545
