-23.26976280618674
-23.26636189263026
-23.265601843239455
-23.266069323640117
-23.26718103325765
-23.256419382132677
-23.254109382679253
-23.25374214719693
-23.247030506677596
-23.247562785919133
-23.245408001845746
-23.246597942427986
-23.238417464595763
-23.237439892392803
-23.240213166018247
-23.236790178665576
-23.240029790447693
-23.233731361941967
-23.2298741992871
-23.22616232092733
-23.23423240373633
-23.238851238854036
-23.22781197914237
-23.22929486393353
-23.222692902727918
-23.21954891672962
-23.215374587383625
-23.209718507180693
-23.209117875949914
-23.204435979798756
-23.20883465721578
-23.208696815025274
-23.211380120288474
-23.20766892320765
-23.211399343428827
-23.219066237262645
-23.21624900403067
-23.218215332654122
-23.21782017069705
-23.221443641904283
-23.22018927715312
-23.215505697392924
-23.214459287961095
-23.20988106432051
-23.214915072272
-23.210162801693368
-23.216215868878862
-23.219991616271866
-23.227499978473958
-23.231940685048972
-23.229008061623986
-23.231546801492318
-23.227931191697063
-23.229535801537395
-23.234098408939005
-23.23567848341224
-23.22912809673553
-23.225530792391076
-23.229674873037656
-23.232218707795653
-23.23674938524941
-23.23711345181446
-23.239622532332252
-23.240573079747783
-23.23728019782314
-23.239467107779483
-23.24276177031737
-23.2449201166251
-23.242358051620798
-23.238460454741272
-23.240141629120668
-23.24167540211873
-23.24579266195037
-23.25079191781361
-23.246265480756573
-23.25517495913262
-23.246611077298958
-23.247765103025788
-23.25433083346995
-23.254195992238106
-23.25760689457213
-23.252558007123103
-23.248954623710222
-23.249158546260386
-23.247454713772182
-23.25021722777209
-23.243173170575602
-23.246236657088755
-23.244217936700476
-23.239328090299114
-23.245437137963933
-23.24519378481014
-23.244391799356762
-23.243909740326867
-23.243737430623263
-23.237071127752426
-23.222575719278392
-23.223402894161968
-23.212033167330826
-23.202651818176154
-23.199070954644785
-23.192732202396705
-23.192870402147253
-23.19953277810727
-23.200839890661243
-23.20894637256499
-23.205987991487266
-23.206111167117673
-23.212396727113806
-23.2095352718778
-23.20890510030606
-23.210853967356766
-23.209339485967337
-23.213282445582966
-23.21355831576173
-23.214008256233747
-23.21352537587395
-23.20704441355596
-23.207651813619268
-23.21115466882307
-23.216672098657842
-23.207388882530694
-23.209803817671443
-23.209450190975332
-23.207679704802246
-23.205696739521446
-23.218075436575653
-23.217353866757602
-23.218458945652177
-23.22286988735259
-23.227584248110617
-23.22080812120319
-23.22326195810813
-23.224714977146334
-23.22376776762385
-23.218639830411476
-23.221113794899075
-23.228639047923867
-23.2269442024996
-23.23157638714554
-23.23606384563149
-23.23494854677719
-23.23767626688484
-23.235780731587774
-23.236037837029833
-23.23594008164339
-23.230578726900106
-23.23236098132042
-23.230254108944727
-23.22819205919353
-23.223084124960874
-23.222289114537706
-23.217742429125444
-23.223510553582937
-23.224539708561764
-23.227555540536258
-23.227871688551506
-23.22674504674729
-23.230731658893667
-23.233081421500618
-23.23215987701582
-23.22780818927527
-23.227736243335308
-23.22236835140339
-23.222109437592945
-23.220805663141572
-23.219621585351288
-23.220483267864445
-23.22341722535624
-23.228520017742657
-23.235414765438666
-23.23397081180657
-23.230140127190676
-23.23426556866932
-23.232501810959825
-23.237976667808994
-23.239016297385948
-23.239783142874693
-23.243643550516584
-23.24210745636111
-23.237002008924513
-23.233603649967165
-23.231474884631744
-23.225464274382965
-23.23154527158204
-23.226771551014426
-23.227411924526315
-23.22454121160002
-23.229864238618884
-23.229263845809523
-23.22862145993231
-23.222824734007347
-23.223933888883128
-23.22302332048213
-23.223787406407745
-23.2240466956583
-23.22024563653352
-23.22073326357331
-23.21934765898773
-23.21804132325654
-23.22658622895139
-23.22297005692734
-23.222161806329225
-23.228489832298685
-23.21792038584169
-23.207281469583652
-23.215094681420773
-23.213069459181934
-23.215959645441373
-23.2075858062792
-23.209613494731403
-23.215869590111517
-23.216780835120765
-23.21729983903499
-23.215774185332805
-23.216560899549933
-23.21671830474274
-23.22102748421889
-23.21514668501662
-23.220022473689774
-23.219585125680812
-23.22019733191431
-23.225710996378425
-23.223650307427093
-23.224052557699316
-23.228726778297975
-23.231420006828714
-23.233477934454392
-23.231715806054343
-23.2342506432065
-23.23281778671416
-23.23099358926584
-23.22523873855954
-23.220872623711692
-23.22650253837735
-23.232239430844444
-23.222991840605037
-23.231511250290254
-23.22915539486772
-23.2268212937115
-23.224308129074952
-23.219126349691134
-23.21689391546014
-23.22375129976632
-23.22084459717489
-23.217477881352185
-23.21095467152715
-23.21667157007867
-23.215446545345845
-23.209698459624757
-23.21285609056508
-23.214207616660637
-23.21701402795919
-23.2173956499266
-23.216616563799896
-23.21727496638004
-23.226374916360164
-23.227009301968774
-23.228976587790193
-23.227308654628263
-23.226807404321914
-23.22242005332076
-23.22186120504523
-23.22730365938818
-23.220717538249065
-23.21965386449974
-23.223677674621726
-23.223038696990958
-23.229161531266573
-23.23148736604698
-23.23403456250216
-23.237466306211168
-23.231516784550507
-23.232245980740537
-23.227315997358062
-23.232180633136245
-23.23645333298166
-23.239457967631633
-23.23565770253973
-23.23550333721025
-23.230433001777833
-23.23066917517065
-23.230122328364892
-23.23740115907967
-23.23889246433374
-23.233099258263625
-23.224782418400405
-23.219946554808462
-23.22150067998954
-23.222180518473237
-23.228850844506763
-23.231337881080044
-23.232005237481044
-23.232336425866375
-23.2322998477576
-23.232899258033505
-23.231774296892464
-23.226736989347337
-23.228156462874928
-23.22667185284925
-23.22459804396209
-23.2213330992719
-23.218128542005655
-23.213853262616052
-23.20589090332847
-23.212451948278208
-23.213086356553934
-23.20735453819367
-23.212492067159634
-23.218813817888684
-23.218161152676036
-23.217430274150775
-23.21797756994405
-23.223924039434404
-23.220760961956405
-23.22199609507747
-23.220405314855252
-23.225056862220775
-23.22580420463282
-23.225657924986237
-23.223996029786367
-23.22378869555529
-23.22175708161881
-23.22057958365252
-23.22065855213912
-23.21836619326998
-23.220355745629416
-23.21915608826219
-23.218894536987403
-23.221439987121478
-23.224826002222276
-23.231275771517645
-23.23425906099561
-23.236921376123586
-23.236751307347244
-23.23047043022942
-23.230829400579115
-23.235258677408833
-23.237929145213226
-23.24038595952381
-23.24192381792579
-23.243807058585723
-23.244764770705288
-23.248660888883567
-23.24583998094566
-23.23827534355902
-23.233240142136452
-23.242186195705848
-23.245010718090075
-23.239714479790404
-23.234068497234176
-23.22988097020616
-23.234163422917785
-23.231499517911896
-23.231423306759428
-23.21731943807977
-23.225907306190066
-23.228562141741985
-23.224443960834083
-23.22257985383207
-23.224306891661694
-23.2251968788655
-23.221900300458884
-23.229255721583403
-23.23336668241145
-23.233261805018575
-23.23762879791578
-23.241721392152503
-23.23009952123404
-23.23583701853888
-23.23357872354486
-23.231072199598582
-23.229672799718376
-23.23246433515564
-23.234573044069432
-23.233337256021233
-23.24146342678892
-23.237313928870762
-23.23410456433562
-23.235982430727017
-23.23363771294098
-23.231204046352662
-23.226138157891953
-23.229212564688712
-23.229048449726626
-23.226561596319634
-23.217973027655948
-23.221063266690166
-23.219504134183612
-23.21895604430919
-23.22396452463833
-23.22948020780841
-23.230237899489676
-23.223816836297775
-23.218687362593244
-23.224262762899166
-23.222077703226656
-23.217041885718288
-23.21419692666766
-23.21687035287574
-23.22130298928959
-23.2199710768899
-23.221310836917556
-23.217591814052888
-23.212649948918255
-23.21326319823932
-23.215133241071793
-23.210357659151928
-23.21317691783315
-23.21298755503488
-23.213230710345407
-23.207787105005714
-23.207198376699022
-23.213136742615852
-23.217219789156708
-23.210970957759617
-23.217300094073174
-23.220011003733614
-23.222327870048755
-23.22040116725477
-23.224824402052207
-23.227015711240707
-23.229182677555837
-23.221681325172007
-23.22156127831404
-23.221812702143655
-23.225713538615356
-23.227151975538487
-23.222813726956606
-23.225558233349556
-23.223163392182467
-23.221269509211094
-23.224274962494857
-23.229096277053177
-23.232925137915835
-23.229961826015543
-23.228525760182315
-23.221505811432273
-23.220026107616036
-23.22125215914523
-23.224420576905867
-23.226656664139018
-23.219339830960198
-23.229268741472392
-23.23105795123131
-23.22739811569193
-23.22286885683708
-23.221485215188807
-23.219403328752943
-23.21766818796691
-23.220373456359017
-23.21476536790225
-23.214666971525382
-23.211571504163743
-23.206658210026387
-23.214932884845414
-23.213894418877683
-23.214069511855445
-23.217354174540294
-23.219644352562344
-23.221310336283683
-23.21844533597709
-23.221283571107215
-23.226647088026986
-23.229625085244617
-23.23256997997209
-23.235674255769034
-23.227068385977024
-23.22806527608002
-23.225873521282544
-23.22455119182419
-23.228001128785564
-23.226064067852004
-23.221569680037824
-23.219576523929558
-23.22283847501861
-23.231561700110323
-23.2414392496255
-23.236571645645704
-23.23244142884618
-23.23388325071488
-23.229736763783517
-23.229535550241113
-23.22799761713289
-23.220194711684467
-23.224048152105922
-23.226889789264547
-23.220390352610192
-23.22079537692374
-23.21948615162555
-23.21461274652496
-23.203386648762347
-23.206760743141135
-23.207646050562317
-23.208865359835666
-23.207958470732738
-23.21052835203463
-23.216754500568584
-23.211847365008484
-23.209910172409074
-23.215852486781202
-23.22046388102282
-23.220963450117576
-23.224184404663198
-23.21802185403906
-23.219588222211414
-23.219840995052273
-23.224562551793706
-23.22746894781904
-23.228875173179762
-23.227276549638145
-23.23000817833814
-23.23354010118076
-23.235814431644044
-23.238358920151956
-23.234510448709113
-23.237746641552725
-23.235277091200448
-23.237420841551184
-23.23543181242996
-23.235097360403255
-23.235271334460027
-23.239063360777383
-23.238343558743438
-23.24085594008934
-23.23922099800109
-23.231355635750834
-23.22261227768497
-23.225699874211294
-23.226511546444193
-23.23024150816952
-23.224130165780124
-23.228427215226407
-23.226437489788292
-23.221839457685803
-23.221324599714688
-23.218912223405535
-23.219858459925238
-23.218872171385833
-23.21387798152164
-23.20914841475148
-23.210766330647647
-23.21104621579653
-23.211324221155927
-23.21059151925509
-23.19920109307905
-23.194085432863872
-23.20221776768306
-23.21540477542803
-23.215538031100177
-23.218891810010263
-23.216599362757204
-23.223027684907493
-23.215861901312618
-23.216208376467147
-23.214217125944387
-23.21044815138531
-23.208266662203847
-23.20250336157991
-23.203935127296386
-23.204641892313223
-23.20889947604352
-23.20600606037597
-23.209633335333262
-23.205993171211908
-23.209710478251896
-23.214071026043094
-23.218082647611478
-23.218150177166393
-23.2176619371191
-23.214346624885653
-23.220491245577946
-23.22476761393672
-23.23080890669757
-23.233275543661772
-23.229233112049013
-23.22745601460448
-23.23028846956565
-23.231451268866813
-23.22682144314983
-23.22571111741253
-23.22402742923521
-23.221951500360923
-23.217874985564972
-23.21009588632889
-23.212479321559083
-23.21650253850971
-23.224427773275657
-23.225309969840044
-23.227918763622753
-23.223795547075753
-23.222659645787022
-23.22346221107257
-23.222277357957164
-23.223327776553695
-23.216079079716838
-23.209290139537078
-23.215215961992847
-23.22823915083531
-23.22381618635215
-23.222150046859365
-23.227807876096165
-23.232669288622887
-23.232651446590708
-23.240672433861736
-23.2390441649316
-23.2370473219241
-23.23234649513592
-23.232545352329804
-23.232206899423076
-23.233085415289896
-23.238468675128853
-23.243557154797475
-23.241992018225847
-23.23768306915853
-23.234694598534375
-23.23395320210986
-23.227874706259463
-23.226980216358683
-23.22921758601281
-23.23032825870668
-23.23439324368503
-23.233176619512964
-23.23332774845344
-23.22590683771829
-23.22041961231185
-23.226577569085407
-23.22303388341598
-23.222913827950073
-23.22483005824431
-23.22833739284332
-23.232377218913985
-23.236196091697888
-23.23159135363721
-23.23123097955185
-23.232294361715386
-23.234987238088205
-23.23135337171959
-23.228767928803958
-23.230359073612544
-23.230885704823248
-23.236066219862387
-23.24227370609723
-23.23756698589819
-23.237826452634813
-23.239266776597557
-23.242990225116944
-23.23855078394162
-23.238679710751764
-23.2369176369437
-23.240094046687908
-23.24561542363672
-23.247941422123837
-23.249949092437536
-23.244151972400594
-23.23808819278072
-23.237480342244066
-23.242010011087544
-23.236689654546677
-23.235745244347484
-23.24084789833026
-23.24034349892213
-23.236364936806826
-23.23614306636957
-23.228492950530622
-23.23650781934437
-23.232205466768853
-23.22750054332232
-23.228637625680836
-23.237310617483523
-23.238030752331774
-23.233487397589016
-23.231956349721344
-23.232991068014172
-23.231569431409504
-23.235597985326912
-23.242969758152846
-23.230642233152135
-23.222400367033412
-23.225438645459874
-23.227426978414908
-23.22844938154766
-23.22600093560973
-23.225026697806303
-23.226203683825002
-23.23272288180632
-23.22547835547585
-23.228237263078125
-23.225024452226442
-23.228708905363092
-23.2280016409875
-23.226059745530417
-23.224058827576105
-23.228656659016366
-23.226836640969452
-23.228230514517936
-23.238014134944503
-23.230054208990392
-23.234750886501008
-23.237971241703175
-23.24542086024253
-23.242595456794263
-23.246373974748877
-23.246995300508566
-23.245009274807995
-23.249270582942675
-23.24730812628735
-23.241881345079438
-23.244069476539295
-23.245921871914277
-23.239881550909796
-23.24728059869751
-23.244570989628986
-23.25013055555099
-23.24050989849343
-23.245299034971318
-23.239856783686584
-23.23961846793944
-23.23948068383875
-23.239208444564266
-23.234439533084185
-23.233718170404885
-23.229691751066245
-23.235292351986626
-23.240266235267228
-23.23587581305781
-23.233872987026608
-23.227974846501436
-23.228526809706484
-23.232546922644893
-23.22483194785415
-23.22550789886206
-23.2256220179475
-23.22228811889841
-23.219877396177417
-23.21900183479682
-23.22198819539097
-23.22115089806201
-23.22470703146846
-23.224915372996485
-23.220900747897776
-23.220594032470242
-23.224622704254045
-23.226384227548824
-23.228509208954858
-23.226437533185134
-23.224495827609246
-23.228318729545503
-23.229223762342176
-23.230181991429486
-23.227036275717673
-23.224142599760892
-23.22220268408085
-23.228860527334053
-23.226624426686634
-23.225720323143847
-23.22800495022648
-23.234839393352676
-23.233974352376023
-23.236179681345487
-23.236518862944493
-23.235670024408186
-23.238684288796726
-23.23945929758338
-23.237080624140507
-23.239966177385252
-23.24163323688487
-23.240791333079407
-23.243072662097028
-23.242435938149153
-23.241869132730162
-23.240017415258897
-23.242797301018186
-23.24551265108209
-23.243775638934856
-23.24076774727242
-23.23703631302375
-23.239468020772208
-23.23327714176891
-23.229874779976917
-23.23103846036294
-23.236179749046222
-23.234675274056105
-23.23393755485045
-23.23425689724402
-23.237323350247536
-23.236047663168193
-23.233360809904216
-23.237674312240873
-23.24203866293745
-23.23902433911574
-23.241478312946082
-23.238742344355426
-23.244699632156934
-23.243330924936632
-23.241703021077043
-23.248996423918232
-23.239775206316203
-23.239064873145665
-23.24036711176562
-23.241748421980617
-23.242754445558035
-23.245007333017632
-23.250665836453052
-23.251334501361168
-23.247405954731637
-23.246364753962624
-23.242360125237163
-23.24989380293355
-23.2464904830053
-23.247116809320215
-23.25197486854713
-23.25061337179287
-23.25116077920507
-23.251425231660015
-23.245552362497964
-23.240324827774327
-23.23084253665406
-23.236758391960176
-23.235806947482143
-23.233966249015406
-23.235883944761294
-23.234060232107982
-23.232109393924343
-23.22948943473904
-23.23215537664529
-23.237784906711294
-23.237243925169484
-23.24098435846107
-23.237185489069887
-23.236909325076766
-23.235840800878922
-23.23444164922286
-23.229964506844706
-23.223006629613156
-23.219969417009008
-23.220301110037198
-23.219073048753227
-23.220136317510093
-23.222994681771368
-23.22702812045721
-23.225301281823715
-23.227543619034787
-23.229451305129395
-23.226032783688126
-23.228103382268774
-23.224814047331066
-23.219381166498092
-23.21677844444823
-23.219431178668025
-23.21511693074386
-23.215279518708275
-23.21600204194779
-23.21382382266884
-23.22232471161394
-23.225233977368426
-23.225688013674496
-23.220821215941477
-23.22130435805972
-23.22745329383435
-23.232128015553037
-23.230397020784473
-23.23760522583321
-23.24101772908792
-23.23820279056573
-23.238259049539934
-23.237275224270874
-23.230967705217843
-23.237755695177846
-23.236080251205163
-23.23395178015661
-23.230593403876888
-23.231308865831316
-23.221178907530224
-23.224738362843826
-23.224863310399574
-23.226751955218027
-23.227210780474365
-23.2289371173787
-23.229921245139593
-23.23286649182793
-23.22810536346967
-23.228464396700492
-23.23154717740472
-23.237108039773226
-23.239042867240624
-23.23086445704339
-23.232233572559558
-23.232926714062806
-23.238647883996858
-23.2286498843761
-23.2321622793847
-23.227663476143285
-23.23306921484389
-23.228757686637373
-23.227528113830356
-23.221015401937017
-23.225392851875554
-23.218062783957688
-23.214976964996094
-23.218089238714136
-23.222301798548635
-23.222160133218225
-23.21782790559306
-23.217107406107672
-23.218506806158747
-23.223564122271323
-23.220200278295223
-23.22706525897527
-23.223971924131405
-23.22766934390491
-23.228495037322098
-23.231252828032975
-23.22563193273804
-23.227946810334434
-23.22312958320076
-23.21532296329572
-23.21604203005399
-23.219125082927807
-23.213455270946625
-23.211707846192006
-23.215100423957296
-23.214706590785724
-23.223698238628153
-23.21830924272341
-23.224644215910878
-23.220333006604967
-23.22100688930094
-23.22067367691593
-23.21429690308289
-23.21311273560606
-23.212609839236084
-23.21702431803339
-23.220307673640725
-23.220315116807964
-23.221199916035193
-23.215098082968776
-23.214206827791383
-23.217347958673777
-23.221884675784498
-23.228990342214068
-23.23196583362944
-23.23607595710373
-23.233337948642543
-23.230761684314277
-23.238140187641832
-23.23143511818998
-23.233684186377655
-23.23665642845781
-23.232335925150156
-23.2358529753266
-23.231589899324316
-23.235129768882427
-23.237990191187585
-23.245900186895717
-23.24186217013783
-23.239228124046424
-23.240159225391665
-23.23751541138925
-23.23689171402788
-23.23755542026818
-23.234602253902324
-23.2378397002538
-23.244143087336905
-23.242923717880885
-23.2403752898639
-23.238138873119286
-23.233639911702387
-23.232976753535056
-23.232183109184387
-23.23143687292973
-23.234440605325634
-23.235367600515506
-23.241492340546177
-23.24873117193942
-23.251275812374853
-23.251512710663548
-23.245267415309225
-23.244401813225554
-23.24362326282925
-23.24405839093871
-23.23697478806443
-23.23644320676371
-23.233048495263084
-23.232379046099886
-23.237646530404
-23.238960961692285
-23.238075991834098
-23.227756406762232
-23.229035130710255
-23.220883520324787
-23.225092161933926
-23.23407487854058
-23.239666935035725
-23.236811793039802
-23.232265583252907
-23.227529680580194
-23.231118720829716
-23.23542394660835
-23.232603517366073
-23.2226104609734
