-23.268692125286478
-23.223758351283028
-23.221062846445978
-23.221586286757645
-23.22340331879502
-23.232596450650057
-23.22539936056365
-23.222876724733183
-23.22368544350137
-23.22523669960061
-23.221107279662224
-23.22739982752778
-23.23174482976332
-23.23139813001569
-23.22261893242674
-23.22562155831099
-23.220986048381924
-23.216079425514955
-23.22487337922539
-23.22808302120076
-23.2225258347256
-23.22362803424463
-23.224163198900076
-23.23119510816484
-23.235590346415865
-23.22974654390483
-23.224251171327772
-23.234358502793214
-23.231039791324577
-23.22259460674566
-23.224568323824563
-23.22949285706821
-23.232190687456978
-23.23814927151402
-23.223577917405137
-23.22703549463428
-23.23105866990021
-23.22319288122984
-23.228645130442864
-23.240023654563544
-23.225139490291184
-23.231062986480467
-23.23163063194166
-23.22433416266635
-23.227800276114284
-23.229582870063176
-23.23293102675896
-23.233351745992476
-23.222326148373742
-23.223560171663987
-23.22166416161821
-23.229221136740467
-23.22257245159091
-23.217359791921126
-23.225783313344948
-23.22186834587883
-23.241598837675514
-23.230615974994343
-23.22971753428888
-23.227493492988973
-23.231867859736067
-23.22705328532769
-23.23090359344558
-23.234820435361968
-23.227072378375336
-23.231888263510353
-23.234458314313244
-23.22952520906933
-23.231592332640012
-23.231905723757432
-23.23082126997578
-23.23347107679236
-23.231699507113603
-23.22387139485627
-23.219890863367194
-23.227709894832792
-23.230151701617633
-23.23952881924066
-23.236520248570006
-23.234094885488446
-23.21978825763352
-23.22731784874387
-23.225066489374047
-23.22502067530181
-23.23703161854997
-23.22711646092535
-23.22988933523268
-23.230353649415825
-23.228197258397106
-23.231890699922193
-23.219083289986898
-23.230855641886727
-23.229557749267112
-23.235120753708674
-23.232388061660025
-23.223761782166942
-23.230912375041257
-23.221254898434484
-23.229723415304985
-23.234534386551083
-23.232240613264764
