44.0
43.918850665556924
43.827603641723236
43.73082897769483
43.62503637260182
43.50671137675672
43.38197769512806
43.247188012528675
43.08870973659784
42.92122647003582
42.7468054531174
42.5480610191248
42.34024652747516
42.105086693128364
41.860186430981976
41.592116120424684
41.296377025147784
40.98313420071165
40.63620110394925
40.24575814776916
39.830389211603446
39.38910080780626
38.92571647118203
38.42617140636907
37.88021636902474
37.31433190670886
36.67198964586272
36.00616921910066
35.29831460427411
34.581025528060884
33.78242775136387
32.92687948258218
32.06889754528645
31.127833876812748
30.147444317186718
29.155053138644014
28.11304073938968
27.031489289924707
25.931735707569125
24.767798251837167
23.590560412702754
22.384990256358876
21.137894498851036
19.906602117544654
18.600851883126122
17.348681409452027
16.08534011167084
14.798623963054409
13.548839999858018
12.286565401854416
11.051697604925595
9.81721240065507
8.611043931750682
7.414538311655299
6.279473260843374
5.153645920556521
4.051907412121762
3.0015029283430645
1.9765273286025888
0.934684070594478
-0.03468785973176494
-0.9416740543714343
-1.8444411099941238
-2.688764281061818
-3.505002268509439
-4.283029732993246
-5.018946211259787
-5.715839014692725
-6.3830135311684595
-7.022209016657073
-7.64161904445989
-8.212834995167889
-8.75629227164493
-9.27541764626815
-9.783643731554543
-10.243723155388617
-10.667822589150541
-11.077276253886938
-11.459995340289566
-11.829196385221037
-12.162620015111786
-12.497426489411378
-12.826955701591633
-13.114196310168714
-13.390749712004542
-13.649127085674085
-13.909074174590778
-14.146410140184184
-14.35602155621212
-14.570377187871495
-14.775364122074713
-14.959971846129895
-15.123207628307902
-15.289024003056628
-15.462725398928821
-15.61465998545586
-15.76438789477201
-15.905385177846698
-16.037592263542635
-16.149610656666187
-16.25656285251159
-16.37280653414273
-16.480049577965694
-16.585598792657347
-16.6761698326939
-16.784069604521253
-16.874654132187803
-16.956518581269243
-17.047054776617205
-17.126380976288246
-17.207138827773047
-17.282490226333817
-17.35781921250826
-17.43236876471086
-17.489070009639292
-17.54560765276865
-17.607239546578853
-17.665988031506693
-17.721639218189303
-17.780365815989313
-17.835029929981605
-17.89066695268377
-17.926080853611776
-17.97312302349921
-18.023383605335844
-18.0618740325704
-18.108097478743748
-18.147708446817266
-18.180844653342927
-18.223313893497746
-18.256206674369906
-18.293238518771442
-18.333174373688585
-18.371339894152086
-18.400817777297505
-18.439904243386106
-18.470685021783474
-18.49739164917966
-18.531938140476942
-18.55608480364807
-18.590191141415584
-18.626226134603666
-18.650054805388127
-18.67965303981322
-18.71114566681869
-18.736479838965312
-18.760393907788842
-18.789598134930568
-18.810186839686086
-18.836766389705147
-18.865462480943343
-18.88519729501434
-18.911554311039986
-18.93462383300223
-18.960742369475753
-18.98620155082287
-19.00832868554236
-19.027744329966033
-19.042392987624336
-19.06962574756282
-19.088916630936577
-19.10974533283431
-19.136473867732594
-19.16351710535719
-19.182717423569766
-19.207793854159416
-19.228581618266013
-19.250723175798576
-19.267070798490906
-19.28690095905135
-19.307337863222713
-19.323506080560794
-19.342664756154154
-19.358673433670393
-19.378188557899822
-19.390932411189254
-19.40488639091229
-19.421171128228472
-19.440604228908523
-19.45649582501557
-19.47858831252959
-19.490293838670787
-19.500077921085243
-19.512721262479335
-19.530164053541174
-19.547337906821443
-19.56107643349993
-19.57993779778642
-19.591004434338547
-19.615537705261247
-19.63348249626749
-19.649553508337338
-19.659105695223055
-19.675118809475777
-19.688608775477316
-19.70348653433475
-19.715331301125417
-19.734514536378455
-19.747997508868178
-19.760939143897772
-19.776248259271313
-19.78449239298578
-19.797258106998342
-19.809096368625124
-19.82122024170981
-19.837672194838902
-19.852605129862017
-19.861638377577535
-19.878402902507492
-19.890687984441023
-19.90576005330705
-19.91466034770499
-19.926852900441265
-19.93640717698569
-19.95033114467767
-19.96154726668975
-19.97335933322425
-19.988687174741553
-20.004525041550433
-20.015783946051382
-20.027688093580036
-20.037647441775917
-20.05145807417207
-20.069655398480627
-20.075528694399747
-20.09005634623129
-20.103978693527075
-20.117397688234153
-20.125549287535055
-20.135317269817335
-20.14867279905561
-20.16052351089779
-20.16881348584615
-20.178417209797168
-20.189022175968237
-20.204579793105346
-20.215619664877856
-20.226076087272116
-20.23787471395704
-20.24674811598466
-20.25495054522619
-20.26630754698347
-20.28039766706598
-20.28771296467747
-20.29610879904045
-20.305819384724085
-20.317991421533627
-20.332170411742137
-20.344192279404897
-20.349485874722824
-20.360394196403053
-20.370265444283007
-20.379553343991724
-20.39017127984498
-20.4060048437795
-20.41204499087872
-20.42351538346563
-20.428999887999936
-20.43962540019361
-20.449906934235205
-20.460404563422248
-20.471006436748144
-20.479389315866058
-20.485269328456756
-20.49318727241727
-20.502000325621943
-20.513763240721925
-20.529884784893373
-20.54227238055267
-20.554805007085474
-20.564383194865403
-20.575822038678112
-20.581749637592385
-20.587404762856842
-20.595868499988057
-20.607096127259993
-20.619575438168784
-20.631108507944468
-20.63912030356693
-20.645395119926093
-20.651929840859616
-20.661866780393986
-20.679044423086783
-20.684498193565346
-20.69282736417867
-20.708785159514346
-20.719629316286596
-20.726910413801203
-20.733878994071404
-20.743053119931496
-20.752537763354724
-20.763340625223677
-20.76972009218757
-20.780092242927488
-20.79214911168054
-20.802097997049216
-20.80651852814548
-20.81445180495916
-20.816355103796813
-20.826700497130613
-20.836902127435934
-20.844411712286032
-20.85589875291385
-20.864984743366634
-20.868702242278136
-20.87629625638216
-20.88472992342791
-20.896905462712702
-20.90030256795378
-20.906220877509128
-20.912641033218193
-20.920684808006005
-20.92876231690365
-20.939294221251252
-20.947222849374782
-20.95673436811604
-20.961404317341348
-20.972146220574597
-20.97609914550906
-20.98181727598531
-20.987537795395845
-20.995096474753367
-21.004735849095177
-21.009322898916892
-21.015525025531595
-21.02313906642077
-21.03339127820115
-21.04286156673807
-21.047147574244704
-21.051325946707113
-21.055525595376363
-21.063000619808523
-21.067343708877047
-21.073625557446352
-21.081276510161594
-21.090278415202867
-21.097278838491736
-21.112974008932827
-21.12141517361595
-21.13173389960185
-21.141298779601158
-21.15157450699135
-21.161273170859573
-21.165957272063455
-21.17450844616252
-21.182131578356458
-21.187484972411326
-21.191506349779555
-21.198305931754174
-21.20703437458838
-21.212552997952614
-21.218299699984808
-21.22260278251145
-21.228006973052572
-21.24217571609046
-21.248310819361098
-21.257238133017378
-21.266863588572242
-21.271440518536746
-21.275054901031154
-21.285195806197844
-21.29527341952698
-21.303828423643544
-21.313359337874534
-21.3206947816308
-21.331892400767615
-21.339902271468258
-21.33736160291184
-21.347771239482128
-21.357708842923337
-21.365877238532782
-21.371697542470997
-21.376410772824464
-21.377803218853252
-21.388755465804852
-21.398294531813928
-21.401770799933487
-21.41053743733948
-21.416216415491835
-21.42041075505848
-21.425346338913368
-21.434325651918076
-21.439380134965454
-21.4427674711961
-21.454349374807105
-21.46224687134031
-21.468878169928992
-21.4771463913026
-21.477889799766526
-21.47926931440303
-21.48567567933503
-21.49623100150741
-21.51192382804113
-21.51574204355443
-21.521050180187306
-21.523437770435002
-21.535916580999025
-21.54649681600618
-21.553676641566916
-21.561709622400574
-21.568325711635218
-21.571642561056123
-21.58149425711238
-21.58376812164419
-21.59218843669959
-21.595226929924326
-21.60651183543182
-21.6095615399402
-21.61091080138732
-21.623316929564194
-21.629138608922734
-21.63678508896352
-21.63932789742227
-21.64493749026163
-21.65155313208636
-21.65978100732219
-21.66402503661081
-21.668578415784413
-21.67143247432981
-21.68233563100502
-21.684080400451656
-21.697861095018762
-21.702304995012973
-21.706351854071805
-21.71193326242899
-21.712213138197292
-21.71958009846768
-21.722531093261512
-21.73097616525198
-21.74403604119846
-21.747593562193963
-21.752719060086875
-21.753925894801213
-21.76216232441307
-21.763898626445645
-21.77561840451044
-21.78623919092518
-21.79405856964718
-21.790872545255525
-21.79400848071792
-21.79788899746614
-21.805620414024343
-21.81849304923919
-21.826868821626103
-21.828000846198425
-21.829463936065252
-21.836116216091014
-21.842894023202806
-21.850570656629607
-21.855428107846585
-21.854419670729616
-21.85812251142092
-21.86169471520678
-21.86293347411098
-21.869157862680797
-21.873686353087162
-21.879017408437907
-21.88273520641623
-21.888005214750798
-21.891531316282173
-21.901056812056787
-21.90633614722964
-21.91180207795484
-21.91608489222584
-21.92261701332259
-21.929267734483997
-21.934133395039936
-21.936526941011618
-21.945836318075937
-21.95100826356707
-21.95696827460242
-21.963201420417985
-21.96284987550632
-21.967297749424308
-21.973982718126937
-21.982173580523636
-21.98959396046274
-21.99713803790838
-22.007248463502226
-22.0131505106555
-22.01813040425101
-22.022667516931385
-22.025090667843187
-22.033746262436324
-22.036913325884395
-22.045776766328235
-22.047779343990783
-22.051620239090084
-22.056598618577215
-22.063457715033973
-22.066913654349403
-22.077928975695638
-22.08565748137012
-22.088569304416062
-22.095671296046714
-22.097319009480284
-22.099152032496253
-22.10133971505762
-22.108976047109874
-22.11120691569346
-22.118500680189385
-22.124587211792555
-22.125225495076503
-22.135017246127386
-22.141643541192476
-22.14630497744404
-22.14830311675367
-22.155559311709826
-22.167087635463336
-22.172490068102654
-22.172294303529323
-22.177543420647023
-22.17975015243768
-22.186364061847534
-22.190430675590402
-22.19865831007431
-22.20485983600377
-22.20808785649761
-22.216742281842482
-22.21917727378749
-22.22149803090355
-22.224469694587444
-22.23206070826694
-22.239316062003752
-22.24940868618768
-22.25713045151257
-22.25864687974059
-22.264353381030116
-22.26693799128677
-22.274942576400647
-22.28411109504842
-22.290464718651467
-22.291709219409267
-22.296475637516888
-22.299315743492624
-22.30350719458334
-22.305909221057654
-22.30810062627105
-22.314292525008124
-22.31670970723373
-22.31912158304551
-22.316876825522474
-22.31825414715832
-22.324969947499238
-22.32949931268227
-22.33063683154701
-22.338309877519492
-22.341745797168507
-22.33916437780007
-22.337883954727857
-22.34266246782577
-22.34747525539717
-22.351829186876575
-22.3511055614088
-22.355498939474877
-22.362506617875766
-22.367333080622387
-22.374330555962405
-22.37609138496216
-22.3916917209698
-22.400532687095357
-22.402876290075596
-22.408597909804385
-22.411654129472215
-22.413961588590123
-22.42012617350214
-22.424806785932862
-22.427957088513907
-22.426978904227497
-22.43522691491356
-22.43830903376857
-22.440675524582673
-22.446750054819596
-22.45125931195314
-22.453625337927587
-22.45713370467524
-22.45818432589516
-22.465295924150244
-22.466731278446343
-22.464151024168995
-22.464585156977112
-22.465530840706684
-22.470127303740465
-22.46997301035349
-22.470911495444806
-22.480540017605858
-22.486668446507437
-22.486728041216775
-22.493842252904898
-22.494722974005988
-22.494874245911376
-22.50055116531594
-22.5055807663096
-22.506676596128383
-22.5163424837202
-22.518787089405844
-22.527225824656245
-22.52597894851614
-22.52490843426798
-22.529701798918218
-22.5326389987363
-22.53479461741209
-22.543135104489338
-22.548550013785842
-22.557679582450294
-22.55889349317817
-22.566714686959212
-22.57057724909437
-22.57172992021469
-22.57341943781194
-22.57488102730748
-22.579170263176568
-22.58173063883647
-22.584185340977704
-22.58668653585957
-22.591425244589555
-22.593951061424644
-22.600610090719755
-22.604254277307145
-22.607519737454542
-22.60788107891493
-22.61585605332843
-22.618283297131416
-22.61971715583304
-22.62577583289297
-22.62449339305647
-22.628540835569808
-22.634221969441843
-22.637932621924485
-22.642198442119195
-22.649367732173484
-22.650201768645744
-22.65548321896011
-22.66094792513436
-22.655761413703964
-22.666475965446075
-22.671720224290887
-22.67254926192962
-22.672486661011824
-22.675815713389188
-22.678393946625835
-22.689062418646003
-22.691186648129985
-22.695230018670987
-22.7006820086123
-22.700123645991567
-22.704249767355837
-22.706934519099146
-22.711788375791382
-22.717742787224562
-22.714435756186923
-22.711782547016178
-22.71154088593059
-22.71252065857756
-22.713906936299345
-22.711064187466427
-22.712056440939726
-22.711267793133963
-22.71518688305669
-22.713565923577146
-22.713779336998602
-22.715059565511197
-22.710274172110466
-22.70968483212401
-22.710999959150886
-22.71145909222114
-22.7115812771313
-22.713528442114438
-22.713442835099304
-22.714508295715166
-22.721497805725008
-22.728301851552104
-22.730094302926826
-22.732940159618774
-22.736190800581706
-22.7422654213665
-22.74695149583448
-22.74966190922698
-22.747868134965273
-22.750192707300947
-22.75342637858656
-22.758703879308573
-22.75667239536055
-22.762400643313917
-22.764738800621977
-22.76859462797113
-22.764258302288162
-22.764665407238354
-22.765261859666772
-22.763668608844213
-22.76740703539362
-22.765962089984257
-22.769167823249397
-22.771756210339017
-22.778148251579125
-22.77952332767317
-22.78157813117396
-22.781547650804704
-22.787167253718867
-22.791611632976167
-22.798682671591763
-22.800667016706782
-22.80558530508631
-22.811970931313972
-22.80339764138743
-22.800781627739596
-22.803047067087213
-22.7960722671429
-22.79998975516606
-22.803470056959036
-22.809141105304946
-22.814670563659195
-22.810431693023915
-22.813580075068593
-22.815350622316704
-22.818154885529523
-22.815380122346266
-22.817454360773944
-22.821089561286584
-22.822079018153463
-22.82227637660184
-22.827871022279783
-22.8329372482916
-22.83730554766403
-22.838349011111315
-22.843903448874595
-22.848209053329196
-22.850195782988678
-22.849217554254952
-22.853139284108913
-22.85562140734464
-22.86218164648611
-22.86351039794526
-22.858423907708175
-22.860467710848244
-22.863102079319244
-22.86745972577187
-22.86332651534906
-22.871349879596398
-22.871397403127325
-22.87383940808257
-22.88209155805738
-22.887042697568436
-22.887591025698185
-22.892863550131548
-22.895909564654634
-22.89097241205378
-22.890268678905827
-22.889335110413914
-22.88833350153274
-22.89249470351157
-22.889204662330062
-22.889491209574842
-22.888790690501292
-22.893561509410738
-22.896487099470022
-22.901148170999544
-22.903643418284503
-22.90555169291823
-22.907582565308413
-22.906931625540032
-22.907995491302543
-22.908873670597846
-22.91377173702662
-22.916862496230628
-22.921308575608776
-22.91893314218318
-22.92124512235911
-22.918087678734448
-22.922016812089584
-22.9306580229657
-22.933916779856208
-22.93578640700796
-22.931986489034983
-22.930017385101895
-22.929933836559467
-22.930932908129627
-22.934117946728826
-22.938664918808872
-22.939444675788117
-22.94138839689079
-22.943485101246466
-22.945146334499015
-22.945636686726278
-22.950139364991447
-22.95331128599079
-22.9499976927332
-22.944492152988207
-22.946365143931825
-22.94643262816539
-22.944130435638314
-22.943085373796453
-22.940453534229544
-22.944278101212703
-22.94887989787171
-22.950694635345336
-22.949636792045425
-22.947609418840194
-22.94674673227129
-22.949559540118347
-22.95073489731668
-22.951304293541284
-22.955942236872648
-22.9548487910518
-22.958462472731004
-22.95703255523258
-22.956662976509524
-22.951156865507418
-22.954912590871363
-22.958088771455806
-22.965502883873032
-22.963170855226487
-22.965324498860163
-22.968952797129052
-22.971706611234847
-22.973468367522525
-22.972707368976284
-22.975864560699446
-22.98257888735513
-22.983126465637447
-22.98550414029694
-22.98893757334968
-22.989774340257476
-22.987299794404493
-22.989999992071375
-22.992087034962566
-22.997663409657854
-22.99694214040222
-22.992651480011688
-22.99592891642511
-22.99480890062306
-22.990268879944903
-22.989858439231966
-22.991118834415598
-22.99091629651554
-22.986768780170266
-22.986383116436155
-22.994605942197975
-22.992968562326823
-22.99024581651447
-22.988741406143195
-22.98645315707053
-22.988771774967127
-22.990745383474643
-22.98931985963162
-22.992380995651402
-22.99350549776741
-22.99786387715701
-22.99971642881155
-22.99814307343586
-23.006293089104364
-23.002301554537013
-23.00494534423029
-23.002193623678348
-23.00287727095638
-23.009659578168908
-23.00930616582601
-23.006733371604167
-23.007163481843754
-23.010093262962645
-23.01234564441637
-23.012723326082163
-23.01321808495732
-23.00840964827622
-23.010989435548066
-23.01244098579733
-23.009325487693143
-23.003891561242312
-23.00958240436312
-23.014207704262297
-23.014366090985884
-23.0157711519254
-23.019224471564144
-23.017917647243618
-23.02461395132944
-23.025398372721945
-23.025690721030422
-23.031540345615873
-23.029192852516164
-23.027241895205606
-23.029353177843994
-23.02930127365556
-23.03264028983252
-23.027779765382082
-23.023119659927
-23.026172403886424
-23.024581879950457
-23.02770142202402
-23.029920912430704
-23.027139391469355
-23.02967537525785
-23.030903756888023
-23.03318221997596
-23.032072522990237
-23.02439565843857
-23.024022365924107
-23.023132161097767
-23.027424866324512
-23.031521230054334
-23.029096544096905
-23.030975117199315
-23.032938171369143
-23.03445638673965
-23.03554717625431
-23.03743394775523
-23.04280784333509
-23.041202327082658
-23.03907159193565
-23.03633869637916
-23.039930838083716
-23.049846754004214
-23.05177420006117
-23.054457338229227
-23.051400260326897
-23.05191096746701
-23.054080932776888
-23.053423121034072
-23.05252950281755
-23.05490225437089
-23.052861715995995
-23.052986440725057
-23.048519062852336
-23.052824445847524
-23.045866748848464
-23.042838775914763
-23.046618111810435
-23.046444395041988
-23.051389954617022
-23.052397893062388
-23.056733096426015
-23.055862345979584
-23.056164474421685
-23.053093292761833
-23.053274983444954
-23.05223026374127
-23.05746624543503
-23.059523296139588
-23.065381111333977
-23.067124447959994
-23.072380528083137
-23.073690241097953
-23.0745476995609
-23.081008709861162
-23.076255169325357
-23.07735787011811
-23.08012655025565
-23.082050331888045
-23.08269209165673
-23.080936671848168
-23.08159314464398
-23.08266293760159
-23.088084187875406
-23.088455544603164
-23.090892503448565
-23.087775024669433
-23.082265062862813
-23.08330525383701
-23.079172576858273
-23.081638698470773
-23.080876689637275
-23.09040911694207
-23.094592980934117
-23.092547585676446
-23.095258623194592
-23.09284736450283
-23.09255702558488
-23.08788692866545
-23.08772113099821
-23.088472258053393
-23.08796939780612
-23.090835750444864
-23.090902078187707
-23.08781710633038
-23.085723007587873
-23.086415732308144
-23.094758062165003
-23.097611971608572
-23.09662065523145
-23.094447734903294
-23.09477773501376
-23.093141315268753
-23.097649957770592
-23.09558246788131
-23.098294481293866
-23.101376668109605
-23.094019940174043
-23.098235397633147
-23.098703921814273
-23.100946268064412
-23.10197195031607
-23.10427770912128
-23.1063214751729
-23.102414047371177
-23.100447047534566
-23.10094710637823
-23.09702654219271
-23.098424122869815
-23.102947866952267
-23.101691991397413
-23.099864914497253
-23.098000464364567
-23.098644665763388
-23.095205482491224
-23.095675223215995
-23.099350017734523
-23.101707165727806
-23.10135568173166
-23.1045080047194
-23.103587809205646
-23.1084729178063
-23.1174738988166
-23.11818553807949
-23.120002886578714
-23.123975123283106
-23.12484969764498
-23.125507215550375
-23.12770740275065
-23.126373161536964
-23.1262330123525
-23.12669015741644
-23.12017657288719
-23.121292262097974
-23.12175293954097
-23.124031545707904
-23.12427709549389
-23.12667883620348
-23.123586552561648
-23.123441997329405
-23.123274630467883
-23.123462395413807
-23.125659796377892
-23.12738246172287
-23.126873389922252
-23.128315226855392
-23.127577588650418
-23.12882236275021
-23.12547536832438
-23.12365820538878
-23.124085004328197
-23.12418684535622
-23.124749372062222
-23.122489886507392
-23.1212133014706
-23.12096168228396
-23.121507492690117
-23.124730201017808
-23.128292415303484
-23.12817461135971
-23.129729069988617
-23.124128744385338
-23.125465320229186
-23.127568326405086
-23.128493913419412
-23.1297988144948
-23.132100410448537
-23.13311527075667
-23.13124750180298
-23.127775691997535
-23.12782346830306
-23.119842405805247
-23.114876689675526
-23.11516334635275
-23.118911413021358
-23.12194440718067
-23.123768653125676
-23.129505889259608
-23.12117382893203
-23.124553094217784
-23.12161049791108
-23.124363840999667
-23.12782468062004
-23.131158373642073
-23.13557233660865
-23.135466117997478
-23.13078095325885
-23.12996759886361
-23.131083599746404
-23.1243898763624
-23.127380250359444
-23.130168393829578
-23.13362455657651
-23.132571714876114
-23.128733292945576
-23.128188808832114
-23.127897022643854
-23.126958555034395
-23.135419221540392
-23.133360400109733
-23.131745928195354
-23.130717946608826
-23.13343305959987
-23.13674852726759
-23.136592066162972
-23.14353497909616
-23.141701794011638
-23.14249083017947
-23.139186902212582
-23.135273767305172
-23.134125976639005
-23.140611760805868
-23.134029892957557
-23.13187174049146
-23.137169145203565
-23.134478865554765
-23.137427941169886
-23.136091876435227
-23.13151479811173
-23.134335252173525
-23.13466656384583
-23.13554291602135
-23.134671587670482
-23.135092411289207
-23.133365002341947
-23.1351617963405
-23.139066066646784
-23.140352075828087
-23.13747523762574
-23.1384354640139
-23.139169102567205
-23.13845659554711
-23.141592926343417
-23.146021868075636
-23.14878724626757
-23.15514673066871
-23.152524382786826
-23.151288715115427
-23.154216017064115
-23.145507840592384
-23.14512679272804
-23.142910759018896
-23.140461533876408
-23.142133188385326
-23.142676167350977
-23.141773767490584
-23.14095251775182
-23.144158141574817
-23.14197388137215
-23.141268942615405
-23.139102778814298
-23.135078956797233
-23.141381175063696
-23.14087754547202
-23.144657138716212
-23.151681054635205
-23.15210364145979
-23.153307520993085
-23.153185671674148
-23.15296959531037
-23.157470846579876
-23.156208654546894
-23.155653925236162
-23.153539173911525
-23.150479314777744
-23.15066934164645
-23.150760362729063
-23.14730841857893
-23.14476849670097
-23.146181364206363
-23.146704229742173
-23.150566021234372
-23.15172178302221
-23.151032997237202
-23.15121208521989
-23.151113262506104
-23.1527622941216
-23.150075626909317
-23.14261781865681
-23.143842097445145
-23.143691401250493
-23.143272364393386
-23.13951420521673
-23.13877673252205
-23.137413926876953
-23.137321193378096
-23.141699261925254
-23.142499059257474
-23.143110265666465
-23.14598922999738
-23.144471389926984
-23.14296568337828
-23.144237206319925
-23.145210356508993
-23.145126446632926
-23.145887362799492
-23.14443398002475
-23.14483268780296
-23.139909990748837
-23.139872518366964
-23.13627898045509
-23.13539765292445
-23.130212222801724
-23.133621623725816
-23.132810466515586
-23.141713425089986
-23.14206219662353
-23.134908907450082
-23.135629027115634
-23.13816831712484
-23.142111976108115
-23.139324415941434
-23.138198867981007
-23.140325162987658
-23.1394993935885
-23.136827682572424
-23.137350385769516
-23.137685436450234
-23.141566655616238
-23.139457309826046
-23.13874331198346
-23.142345451037798
-23.14315170982399
-23.143351934290738
-23.141937920577313
-23.142241433667156
-23.14167140509421
-23.13779483256923
-23.144354068275764
-23.14595008468021
-23.146638942614523
-23.15094952315642
-23.150263628035795
-23.151948813527188
-23.151226193864748
-23.14947511283567
-23.146252135665925
-23.144543652126018
-23.143823950625176
-23.143195339955536
-23.14772838148809
-23.149724085944804
-23.14943758306791
-23.150166796532307
-23.15110896993806
-23.15283515576813
-23.154004767505857
-23.156688650960305
-23.15788945338959
-23.155849646382208
-23.15379668752191
-23.152628136026184
-23.15698934909734
-23.157930202872667
-23.15968505926293
-23.16084336427694
-23.16162473415696
-23.162683984049956
-23.15967219610287
-23.160027354324267
-23.15552658697651
-23.152453591304027
-23.156727228793635
-23.153565872637504
-23.153265599683397
-23.153598477588293
-23.16170628540072
-23.163890174969385
-23.16535090922788
-23.165086676935733
-23.162064340020574
-23.161920201778067
-23.161554033117433
-23.16118609568059
-23.165261695108594
-23.167915953445057
-23.16694653957135
-23.171295692937974
-23.170345529162617
-23.171231981447328
-23.174638397108478
-23.175858336900554
-23.17360309522913
-23.173543147376222
-23.17768379073007
-23.17411409100049
-23.17578808320738
-23.172273196328792
-23.17124058565947
-23.17672307178653
-23.17549171367194
-23.176935974779195
-23.17329044964628
-23.172603675693377
-23.172222400351536
-23.168154464030096
-23.1694929668684
-23.17203911712213
-23.171664315271332
-23.170558011593368
-23.17018874088149
-23.16726706433916
-23.1708765054419
-23.169301468251103
-23.171150850682768
-23.166032527425603
-23.169700106991737
-23.16666093520826
-23.165368618502214
-23.168161784481168
-23.167486163942797
-23.16463594890615
-23.166152763060794
-23.165208058560008
-23.163124696967664
-23.1642353634811
-23.166252040025945
-23.16411615631641
-23.168327959552894
-23.170498651981354
-23.16374479458721
-23.16325697506359
-23.163342481871627
-23.156960680779477
-23.155540958158507
-23.156156617249366
-23.15536135539795
-23.155272067060135
-23.156654431660467
-23.155669988288505
-23.154493817886962
-23.1498384034081
-23.148032975996095
-23.144932160241687
-23.146381043889964
-23.146226447112067
-23.142008603697164
-23.141538972968387
-23.13848150330868
-23.142344411085475
-23.141917204336043
-23.14537110609229
-23.144646944431287
-23.14478369914962
-23.147133246275796
-23.146126471700313
-23.14644250081891
-23.146219588992174
-23.151080693287973
-23.146857343253185
-23.143821255265784
-23.14213876584483
-23.140896352686372
-23.14342404173471
-23.14261659377203
-23.14544077255097
-23.152514443502266
-23.152613328905435
-23.156036832198392
-23.15884880676893
-23.160760742965746
-23.154961657001582
-23.149330804049054
-23.146951526390943
-23.14839380136381
-23.152000583278863
-23.153581202394474
-23.15063156767991
-23.14993662972239
-23.14982601399384
-23.149305014941636
-23.147592067998
-23.1461810799339
-23.145198139881895
-23.150590023911786
-23.147454330928678
-23.149780524363464
-23.150872267327227
-23.152023853763648
-23.149407828438495
-23.147033168467143
-23.147222383234663
-23.146532100339297
-23.146881384957734
-23.151237565830865
-23.14878291571997
-23.148183940354823
-23.151596580096143
-23.149063486183397
-23.14799637408238
-23.14928025027294
-23.150437451338217
-23.1556035484069
-23.15659120178549
-23.15699856195275
-23.162305529882936
-23.165979106891083
-23.166706777160094
-23.164975631174112
-23.167473783493303
-23.171160951208957
-23.170175833185738
-23.168131590486478
-23.16622407378434
-23.163417169445346
-23.16092573889182
-23.158090018966103
-23.155908397208734
-23.15134802821024
-23.150538786045455
-23.15286693758478
-23.156709655221928
-23.156240611980163
-23.15800681833936
-23.157670216147856
-23.162455821157515
-23.166523242716227
-23.160852627762697
-23.16492415753978
-23.16137010407452
-23.16412112691816
-23.16257645746549
-23.159696134760758
-23.159016351626796
-23.166276964120527
-23.17321666588926
-23.173426482268304
-23.170543298826043
-23.167771504047717
-23.161635380602227
-23.16489924448809
-23.165269535427065
-23.16755223412073
-23.163542299269803
-23.16207169988208
-23.16449625817857
-23.165938665733808
-23.167263078007434
-23.161430993991004
-23.16043042635766
-23.161671785136758
-23.159901825863653
-23.157635974482474
-23.158305199480797
-23.160638311393857
-23.159566541148447
-23.15538449242397
-23.156325278561276
-23.156058976321827
-23.157734435463126
-23.1576379469963
-23.162662390452024
-23.16161708343283
-23.160229390368865
-23.161764954163736
-23.16169787714857
-23.164927681571026
-23.167212723291055
-23.176349509512633
-23.176165478510427
-23.175159084995922
-23.17498203276347
-23.16783426592604
-23.16489072300011
-23.163758301765775
-23.163279817829928
-23.15952903825829
-23.15353505327413
-23.15603325540408
-23.159771081492057
-23.158363625106485
-23.156919284482633
-23.155216000351942
-23.15105011456409
-23.145045258316134
-23.147472994989787
-23.145272298757575
-23.142752304113465
-23.143193976549675
-23.146643429069318
-23.147993551682333
-23.14897572250659
-23.147586062101375
-23.140892571336735
-23.14670607240197
-23.152894689608914
-23.159562451761122
-23.162681971298777
-23.164297571331026
-23.16117965571607
-23.156755154518212
-23.154925909022225
-23.15546923148714
-23.154272343295016
-23.1490456439232
-23.150538134792978
-23.146391138181308
-23.147887809971177
-23.150538726257363
-23.150781531222815
-23.151798804254184
-23.148127729643228
-23.146684769855103
-23.14808290134889
-23.150284835592498
-23.149675045591533
-23.151287970929342
-23.15191410429591
-23.15167733923976
-23.155010661867273
-23.15441577636311
-23.147159254754413
-23.144248739037813
-23.14613155751738
-23.142900080839897
-23.14255971011306
-23.139300439292466
-23.14246848626216
-23.144417643221015
-23.145913102481536
-23.14619282422399
-23.147798502689668
-23.144771714557375
-23.13888452704772
-23.138020792663106
-23.139168120226014
-23.14006445216353
-23.134676915804896
-23.132332573878493
-23.14171888438617
-23.149150571659685
-23.150879198738103
-23.15322500594837
-23.156156420576835
-23.15102948774701
-23.151426782862014
-23.153939011107383
-23.151323117141914
-23.150559726115308
-23.153792491797052
-23.16045565498155
-23.15966028455692
-23.16099561954608
-23.159224847308842
-23.15874137117918
-23.16146236921933
-23.157561990844755
-23.15733677647738
-23.15773088731666
-23.14989918225957
-23.151651467971476
-23.156294166036318
-23.15497187431442
-23.154107181505736
-23.155946802506058
-23.150991007826295
-23.15095983211061
-23.14756316449338
-23.144121209930407
-23.14237655186263
-23.149377143290046
-23.149117150827795
-23.14537781638831
-23.148624239993513
-23.15035168657088
-23.144516510653844
-23.143765797269424
-23.14663360130673
-23.148017947566917
-23.14675878637803
-23.145381708412764
-23.14661343883105
-23.150585513489816
-23.151450583764195
-23.151292558730084
-23.152261735522607
-23.154832681611264
-23.158063116327718
-23.157320263558695
-23.158630783239232
-23.160156831759718
-23.162730810770025
-23.160962250797546
-23.161844613941568
-23.16573880486887
-23.166862643093836
-23.160823855988514
-23.15941645959366
-23.160476470878514
-23.158413788311453
-23.16321470782169
-23.165953808768172
-23.166565797562388
-23.167841540078083
-23.16603517832067
-23.16346877797953
-23.161401054252565
-23.165515516277473
-23.159687630145708
-23.161998567094827
-23.162242595915068
-23.160465090971574
-23.15826034993984
-23.15930349973053
-23.159868823340542
-23.160319226360723
-23.15947061829549
-23.158450413162353
-23.156796320931367
-23.158895234563005
-23.159020857003966
-23.161189649501594
-23.165440142966048
-23.16545990648306
-23.163804655068564
-23.157234225806786
-23.15808721581651
-23.162642407913403
-23.165791338520506
-23.168144677247895
-23.17048679515252
-23.17061185980844
-23.165957550201647
-23.16524117761449
-23.16836510807253
-23.16473719843198
-23.160106885957596
-23.162188096878893
-23.15931436834489
-23.1591685687723
-23.16495610195162
-23.16503338969268
-23.166142413731194
-23.167893033029056
-23.16865910520917
-23.164307009978472
-23.167029186627786
-23.162633944289073
-23.159430479608368
-23.15940735500243
-23.157914860401082
-23.15528851057768
-23.158140116261208
-23.158536397931666
-23.159579846452832
-23.15614620169834
-23.159631428697374
-23.159036928681527
-23.162157139392846
-23.162256024590032
-23.156529455542106
-23.15879107243401
-23.159582578189216
-23.162469816342867
-23.163903006907027
-23.167008719407097
-23.166245353170073
-23.16857562063235
-23.169503236163514
-23.16853910642207
-23.166253507956153
-23.164841665851018
-23.161325247198302
-23.164675508984775
-23.161829577521377
-23.15594296064154
-23.157248037220516
-23.158149783417272
-23.159616758306928
-23.156409627547884
-23.158336615437502
-23.160973596709578
-23.156696382502574
-23.15965114698805
-23.163491588876884
-23.168388656482872
-23.16628006459819
-23.164111938378177
-23.16925294545845
-23.168819969343673
-23.1754099795932
-23.170866135814375
-23.167829853618482
-23.167391573367215
-23.16857058901989
-23.166527019347097
-23.167258327987863
-23.16822433207916
-23.172175510498047
-23.174436273076658
-23.17444350814291
-23.17668347665501
-23.17989918343234
-23.17380502584043
-23.172049933237258
-23.17479715660523
-23.172674126372755
-23.17638382430005
-23.175158813586467
-23.17222508338634
-23.165865632633775
-23.172573557589526
-23.176205907688423
-23.17500958609675
-23.171967067948987
-23.170825076736755
-23.16926642485517
-23.16476084498216
-23.16455935834229
-23.16396206973049
-23.165952414353825
-23.168023143733794
-23.1636896331577
-23.160576234638448
-23.171894074574247
-23.175703869672564
-23.17307741909476
-23.177736711908153
-23.178112674906235
-23.17744751181116
-23.176007453994593
-23.173853705191835
-23.17242572519638
-23.173941054725024
-23.17875717460156
-23.182646144398618
-23.180022611862118
-23.17654929295646
-23.170046440815128
-23.17003922553175
-23.170718962987895
-23.16784681518999
-23.16910278684803
-23.166941795660943
-23.165196700794887
-23.16587308909443
-23.167061538311078
-23.16525765659429
-23.166868005604904
-23.1630001609646
-23.15758418739718
-23.15963487269491
-23.15690689669906
-23.157276751699243
-23.161124663076386
-23.16029948132694
-23.162369899231486
-23.164604323499617
-23.162613130875847
-23.16369164367447
-23.16117830013638
-23.157206901491257
-23.16284135440142
-23.160930357974088
-23.166479960663466
-23.170182224926027
-23.17082057172315
-23.169771111799086
-23.16812626574371
-23.163152303241763
-23.158173083138724
-23.16076302936947
-23.15930311250786
-23.15995125645063
-23.158637165017105
-23.16031317512766
-23.157054926519788
-23.15096877742784
-23.14833751625924
-23.15285729165137
-23.150280990910257
-23.15624885993962
-23.151882675019824
-23.152769371223187
-23.1569411328042
-23.159927002317705
-23.15990777605827
-23.157212988645117
-23.15696963313416
-23.15948288561517
-23.15940127920372
-23.16337682288754
-23.15895869928854
-23.160815879220376
-23.162685960872253
-23.167133036605488
-23.16746207939722
-23.15862876310514
-23.158612137275252
-23.15962772044559
-23.163845006933837
-23.162711639164307
-23.160925553749976
-23.1595912599842
-23.16100948332626
-23.160946140395076
-23.15529934841531
-23.15428587408637
-23.15326795683584
-23.157257895579377
-23.15970536582749
-23.163760067691623
-23.15562879554879
-23.159674896862352
-23.156876899195037
-23.156545547744102
-23.15752179331663
-23.15307087736886
-23.148150303927572
-23.15082261913586
-23.15560830930551
-23.154122779789
-23.158089764455134
-23.153474996954113
-23.152155783019655
-23.15678668045336
-23.15681261119657
-23.162878702907715
-23.164257920056663
-23.15974293908633
-23.158115762944483
-23.160185956973386
-23.161830636625098
-23.15746567498286
-23.159692097351517
-23.159401091360447
-23.160393773389146
-23.159239235087924
-23.15406516528442
-23.15019412822554
-23.156336481189964
-23.157192430476695
-23.156083473858
-23.154674183255544
-23.150536018451692
-23.14990934083505
-23.15300102184819
-23.153382537503504
-23.15281842707057
-23.15402177209675
-23.156836921711758
-23.155326159453228
-23.15244069860857
-23.15497837331864
-23.155871918838944
-23.14901434845204
-23.153542404855713
-23.158056044379375
-23.161875276307022
-23.166922073472776
-23.16845413221904
-23.166261528098307
-23.164446542162498
-23.162478188244176
-23.16313044182145
-23.164970726480085
-23.162639603837317
-23.162198839897933
-23.160165899343557
-23.16074499078772
-23.164398849729963
-23.166567478738965
-23.166218621120834
-23.16326670223751
-23.15928652857081
-23.158475386318308
-23.160015968300847
-23.158676834958463
-23.16172519272205
-23.1650588396439
-23.166013979107603
-23.16484766120351
-23.16278725541536
-23.161666514933053
-23.163944522934177
-23.16193990294904
-23.164588698446
-23.16448303681717
-23.159458629206757
-23.16204815220777
-23.157123437070762
-23.150925157241634
-23.148592834173705
-23.14560497573486
-23.14476664529497
-23.150290109010648
-23.149687424186368
-23.143468625231176
-23.140747220196122
-23.138132382800908
-23.13510934831023
-23.136294826897455
-23.135863778356782
-23.13631702775856
-23.13008613928087
-23.125311818519386
-23.123253482895446
-23.124600826042236
-23.12687203713178
-23.12652131481607
-23.133572705425703
-23.133761627990857
-23.13515468809399
-23.135224223900615
-23.136669005049626
-23.134121228971715
-23.143403157100565
-23.14520956143788
-23.143710619524246
-23.143585197209525
-23.141285339354337
-23.139438246331885
-23.1367625809698
-23.140835310551914
-23.146200728384876
-23.147819892507382
-23.152407024447655
-23.157665016694576
-23.157956457959163
-23.15716583122803
-23.15681955299704
-23.15705889642963
-23.15363828928427
-23.157257492310155
-23.157697702925017
-23.154652568329773
-23.15089078958937
-23.148895903328626
-23.1462780930372
-23.148671411052977
-23.148781119203683
-23.158596718497666
-23.1577322658838
-23.160456635579138
-23.15655553410649
-23.160050567925236
-23.165589804050956
-23.162800537578228
-23.167339711359435
-23.172707068865524
-23.16780386949528
-23.164351334661678
-23.16085288300858
-23.1618958916877
-23.158890308584205
-23.16045588660903
-23.15988366967065
-23.15610108148634
-23.157686129570724
-23.161353245070078
-23.161348132331174
-23.158895469650183
-23.159376876504417
-23.15969879456239
-23.161152710823572
-23.1611478515303
-23.16833468794845
-23.168476141479346
-23.17026500496356
-23.17025022467035
-23.172946179610957
-23.171160530861705
-23.16771756349968
-23.167575925342618
-23.168406373005986
-23.16930017924064
-23.162716141775668
-23.167250042140658
-23.164479971355544
-23.160423479014955
-23.15984535849174
-23.15993703620776
-23.158917499147627
-23.154518632405342
-23.15584547261567
-23.156924454777435
-23.15646678846709
-23.157294651048414
-23.1566040342292
-23.157784298632354
-23.157492774435482
-23.159172845227673
-23.15225016046073
-23.151727823532983
-23.151389146274653
-23.154865341553016
-23.155564335302667
-23.155794575186587
-23.158052655836755
-23.15927581244462
-23.158879775328007
-23.166763548082592
-23.163514787073538
-23.165135982836578
-23.161604452682
-23.160443280851023
-23.166590477170377
-23.169793764380856
-23.168415789233734
-23.17036557306788
-23.174150979685315
-23.173891268251825
-23.171638036487863
-23.168388791787898
-23.168549613827526
-23.164990109218895
-23.164443259245928
-23.172882652869085
-23.177437913371737
-23.17754562865451
-23.177489017510958
-23.17765482213899
-23.174341954260324
-23.170450722648233
-23.16804731560801
-23.165710769852627
-23.16475660556053
-23.16393767297142
-23.164044676130402
-23.172055101042584
-23.17023733946384
-23.174835471353525
-23.176425461808368
-23.178126684432446
-23.181101637276146
-23.17746965577907
-23.175665095127133
-23.17522500237631
-23.17268214314742
-23.17285018457489
-23.17384164147583
-23.170149954062715
-23.170316258030468
-23.16799153328046
-23.17094239023549
-23.171836120843395
-23.17493563132836
-23.1703877998875
-23.170125973850055
-23.1703732573604
-23.169634544794235
-23.16692981801895
-23.1674871937589
-23.169069454887772
-23.16805434931598
-23.16925982188231
-23.16573750926621
-23.16744414526542
-23.16296245931685
-23.163081842931938
-23.161853262631777
-23.165530523466398
-23.167831636786175
-23.16600352338913
-23.167015438345253
-23.17160085247538
-23.176684427603515
-23.1762776458438
-23.172556219215554
-23.16577797928088
-23.165908767439088
-23.16561987595589
-23.161308297804286
-23.165088177451747
-23.165484423127655
-23.1660315399145
-23.165640175344613
-23.163519371387146
-23.160095880202608
-23.168059311975647
-23.16906367777425
-23.163799861918445
-23.161224725182883
-23.158736681803482
-23.153082857876555
-23.15678094714483
-23.160246855604115
-23.1638575587723
-23.164363138625948
-23.161253233532012
-23.162904695725604
-23.16449566912167
-23.169399059132957
-23.166308619784754
-23.166086052775515
-23.16936557883169
-23.169616622464368
-23.163941414687603
-23.165102048575434
-23.16683368072074
-23.16999376274188
-23.17127104573672
-23.169339721826223
-23.170690550478035
-23.16972225481335
-23.171132058658454
-23.170088281840638
-23.16926089767775
-23.167312765027123
-23.16425312704587
-23.171656626234395
-23.175441965884982
-23.17067947670365
-23.17185041728275
-23.169579526645677
-23.169231954745435
-23.172024930710254
-23.174206889338613
-23.170228887315854
-23.164880152343844
-23.164699560376768
-23.16544278485723
-23.162227268075473
-23.164356987384675
-23.161478144901523
-23.169591444498
-23.16809866177957
-23.169943587386854
-23.168777014041353
-23.166045365718617
-23.1677865721928
-23.171623664698824
-23.173130996166922
-23.17662125086124
-23.17451024317767
-23.17353441431634
-23.173235694314585
-23.17122318068081
-23.17523954663081
-23.17015085622138
-23.166610169511607
-23.16243167047165
-23.16529299381975
-23.163733578857567
-23.164157032492948
-23.164020970403726
-23.1670173758002
-23.16744284660638
-23.17034946394752
-23.17756326044898
-23.173294960170313
-23.172933926275178
-23.17106819464505
-23.167440630699126
-23.16739185410405
-23.163062972259034
-23.16167134590376
-23.155206184302042
-23.15724696775145
-23.15769352166974
-23.156716447229947
-23.161182627805907
-23.164521662275746
-23.16751619229909
-23.16637778829294
-23.17012073898401
-23.167916201755048
-23.169179560943192
-23.172626963539315
-23.1757658454898
-23.173662106394108
-23.1768631235926
-23.17614738251917
-23.17651222297129
-23.177972062759764
-23.1786782496807
-23.178544788785956
-23.1805158243289
-23.18326302992774
-23.188896247540104
-23.18273315841402
-23.17867632515949
-23.175770014479518
-23.17538805742003
-23.17521597684625
-23.175676098398277
-23.17566539487194
-23.17748813810097
-23.17685693152248
-23.18112950090694
-23.185513135715134
-23.183622225594195
-23.178862066758136
-23.172972225873224
-23.177133133884688
-23.176796652974428
-23.17562395602174
-23.177795091794987
-23.184344779538062
-23.18189494783132
-23.18015212940435
-23.178541496931334
-23.182196445188932
-23.186019193625256
-23.18255764754364
-23.17931285324914
-23.177143886552734
-23.177678062655726
-23.179041303648123
-23.178310928579677
-23.17738946537762
-23.17826328997399
-23.179123838858384
-23.177492504479787
-23.17595165219526
-23.17431637676245
-23.174836536636594
-23.177646519618257
-23.179737197937087
-23.1754743575203
-23.17266258834957
-23.16763864622086
-23.16563681196682
-23.162680505717223
-23.158551649533884
-23.160890448282064
-23.162472699508754
-23.161472147011562
-23.16674663407858
-23.162200788848093
-23.161554995891553
-23.1619645842863
-23.15761728425177
-23.157302527804934
-23.157507347720056
-23.157528898671664
-23.157510479907653
-23.156339423942253
-23.159439984343308
-23.1604907258799
-23.16124645126645
-23.163510086438833
-23.16060147076654
-23.16028022891931
-23.163966358974882
-23.16230824698263
-23.158552317793337
-23.15657764593136
-23.1519634869698
-23.15903547103263
-23.159926568168952
-23.152585935742838
-23.15254928415873
-23.151875838258796
-23.151680890990097
-23.149418347274963
-23.14691591709073
-23.153007614419366
-23.152564223388936
-23.14661879604972
-23.14968538663776
-23.149683485307698
-23.14838176757208
-23.149915536811537
-23.152534974717888
-23.157329692057612
-23.154119089057172
-23.151016417369974
-23.149780724092704
-23.15460013647806
-23.15786575744083
-23.155512350734437
-23.161190715200913
-23.165882580237177
-23.173764694417674
-23.17062809815546
-23.169939987843062
-23.17159891561517
-23.165991570155406
-23.168548035710497
-23.169917101556155
-23.17036851305182
-23.174221754287885
-23.17535698765975
-23.175323288497083
-23.17128022042801
-23.176391825427913
-23.175448111334923
-23.178641318485923
-23.17748491024859
-23.181350608557494
-23.179187486290918
-23.181136998631644
-23.18055664399525
-23.179853563545834
-23.180544087592136
-23.183046972691077
-23.184066829500296
-23.184727921559105
-23.18131358906745
-23.18367885721476
-23.185226507306073
-23.182480821773506
-23.18081276411745
-23.18394178464043
-23.181497503231505
-23.176576504282053
-23.176990565153055
-23.17691388802178
-23.177250328267963
-23.172019416410716
-23.17385486999863
-23.174407122773236
-23.17302679484491
-23.169796099465696
-23.169490662678495
-23.17020578080989
-23.165600891040334
-23.166774668185898
-23.16277785872653
-23.16338134122559
-23.163451648429575
-23.16289971228273
-23.16561728097969
-23.16568059676625
-23.170915139551063
-23.173555056277472
-23.17460680532971
-23.169592966561716
-23.171143238496768
-23.16840988283979
-23.168802991608413
-23.169124532175434
-23.171150354120602
-23.170423519083613
-23.17236293920155
-23.176718088254848
-23.1764020644096
-23.179079831407005
-23.176333288485836
-23.179308283598054
-23.1765322518865
-23.170054996174557
-23.167355075614427
-23.16980957261838
-23.17171941979965
-23.169049171630398
-23.172426370706784
-23.171790408628176
-23.17883588398665
-23.173082506060897
-23.172824287844634
-23.17017362005105
-23.17241071780337
-23.17179827800894
-23.17047023656707
-23.171105408095002
-23.161373550469243
-23.163940305279958
-23.156225609239588
-23.15251277539586
-23.151432716820988
-23.150621601737424
-23.14262302304652
-23.14530850867767
-23.1502892088382
-23.155861100694523
-23.15169718937211
-23.150854874178517
-23.15197202921025
-23.152997046295702
-23.155826521717177
-23.158002428760746
-23.159457977166493
-23.159824510447642
-23.15632607535047
-23.156444259372606
-23.1580780160482
-23.157827444480997
-23.156229695716693
-23.15437829498905
-23.156273871167294
-23.15431684334577
-23.15094627645607
-23.154341715375946
-23.15649262186801
-23.157909156623266
-23.160408361244723
-23.164631646287017
-23.16654627976459
-23.16690609700339
-23.1691561329931
-23.165906146254507
-23.161622083845867
-23.157814986780945
-23.156245006464555
-23.16185129190921
-23.166334538130517
-23.164816849722797
-23.162789916937434
-23.163315281532963
-23.163451688608806
-23.166339816563262
-23.169948578703472
-23.168100466355735
-23.164506968323025
-23.16611222953477
-23.16697454332079
-23.168366648896203
-23.16304214678248
-23.160364567029347
-23.155792597052876
-23.153695665731536
-23.15801313703912
-23.15784778570787
-23.15695122708342
-23.158921183216478
-23.16064991997949
-23.159525490134406
-23.15905552207092
-23.158837390033003
-23.159788538970332
-23.1595428128061
-23.162296156686672
-23.165054312863976
-23.166400252785337
-23.166783822321058
-23.170723056093596
-23.173967608502778
-23.170582285644688
-23.17017660971461
-23.170846519513102
-23.170002531375438
-23.172410302325936
-23.17604136385177
-23.174124566528555
-23.17673161475019
-23.174192405390468
-23.171091453607648
-23.169751449683712
-23.174973348540785
-23.175232773423065
-23.171663725544928
-23.170986450070526
-23.171060013506047
-23.173430084265714
-23.174629554725183
-23.17710435150855
-23.17892012341385
-23.176072281991445
-23.178453865189432
-23.174718518754034
-23.173503757329314
-23.171500143488895
-23.168623420995992
-23.165435656358017
-23.165423857011106
-23.165382131226497
-23.166273181937523
-23.17049163724203
-23.16537657520049
-23.1618349833766
-23.161335290274174
-23.16108117436503
-23.159409950346326
-23.158660958392993
-23.160321325722407
-23.160453870654713
-23.16345029846302
-23.15878238227225
-23.158918865108276
-23.16074974877125
-23.165968044281986
-23.16019193390685
-23.157280123620353
-23.15965008779161
-23.156166954841403
-23.150884147784897
-23.15645326592147
-23.15668381677654
-23.155619046549692
-23.154228338431462
-23.154232971258885
-23.153333605229506
-23.153368843854835
-23.15122448895432
-23.15703611095098
-23.15741708727726
-23.15918297034323
-23.161448828141445
-23.163739385215106
-23.169449422757012
-23.169613926924992
-23.174886924790684
-23.17201144754528
-23.174788874284697
-23.171101047547012
-23.17141879700988
-23.1753574021615
-23.178428881076663
-23.181774288915584
-23.183633066348364
-23.179200012125033
-23.18257680466844
-23.17823925152171
-23.179213436862845
-23.17952540220278
-23.180205956293232
-23.183563509175617
-23.178711138650367
-23.178516398086803
-23.17733028110424
-23.180992935541735
-23.179569629839783
-23.18093658593071
-23.18098676072672
-23.182350639349288
-23.180982688552717
-23.185484970012546
-23.186078315315548
-23.18688217718135
-23.186893524344544
-23.186929959261068
-23.18684754536747
-23.18812164149431
-23.188989853543074
-23.189833378077818
-23.18859808225123
-23.18836189934441
-23.187374941209356
-23.18462214419833
-23.183711456806854
-23.185213254107023
-23.182797742730976
-23.179862863962438
-23.178988154100686
-23.178626098004305
-23.175289770205385
-23.173750603263
-23.173684623498566
-23.172553276417723
-23.16683427589855
-23.1693387067717
-23.172035689393617
-23.173327127059487
-23.173165601975715
-23.179348014531904
-23.183551152813866
-23.183696474800172
-23.18514388923055
-23.18223023968554
-23.18100329963836
-23.181266104809513
-23.174772171558768
-23.178623505286684
-23.17504994285818
-23.17378455525842
-23.170375146193813
-23.163707739129915
-23.160211365619254
-23.15891348022325
-23.16052938590145
-23.15758397871277
-23.15436649476759
-23.1531741424543
-23.156856605571765
-23.15704815019842
-23.160030461576266
-23.16105035556652
-23.16538416562772
-23.160972973111164
-23.159998003816664
-23.165351134369697
-23.164434593651514
-23.158924234509474
-23.158424372345902
-23.159476426116644
-23.157764517263672
-23.15785321693477
-23.160343744829913
-23.15755543282502
-23.15266556830829
-23.153028612457412
-23.151488494286006
-23.155256802848577
-23.15588004124707
-23.156791247876164
-23.15538602026258
-23.154357933276966
-23.15321897836201
-23.149741309174793
-23.148329076701174
-23.15404789697401
-23.154032071541362
-23.15673247010919
-23.15717101577464
-23.152043120809783
-23.148734626363307
-23.14923410412167
-23.15219020241323
-23.149166342122278
-23.151396392341105
-23.152168092177956
-23.154696584515005
-23.158444721621553
-23.158689856247623
-23.157359432210512
-23.15612844521077
-23.154906259094094
-23.155155171880274
-23.15527729471447
-23.157356530865847
-23.15510434478388
-23.153207700969787
-23.15357146394698
-23.151051104844033
-23.149857056372717
-23.154902316035994
-23.157508038301962
-23.1573418116317
-23.155207223805867
-23.157066445375854
-23.156053991086825
-23.15177829226614
-23.14719569364888
-23.151389722757873
-23.152494985032153
-23.154069231400015
-23.156871910371187
-23.15584085755974
-23.15925166502825
-23.158464117276072
-23.15439802413198
-23.153368853967628
-23.15301853908669
-23.156008852778452
-23.15283566702299
-23.15258897174878
-23.156681734154766
-23.153282672879907
-23.151861025082525
-23.1526834439609
-23.151055065013566
-23.149873331205246
-23.1539690252653
-23.156777564587884
-23.156664253421688
-23.157996511881166
-23.15855625341197
-23.161230046412754
-23.15741698953881
-23.15699052081555
-23.153266742251805
-23.155282195885942
-23.153111507303795
-23.15304026080747
-23.15170824017567
-23.152304643503598
-23.151270575464945
-23.151195830994347
-23.145710277260612
-23.148645667675154
-23.146960224770943
-23.150571415106818
-23.14591979583505
-23.151513229021795
-23.15759576421562
-23.161432087507567
-23.16422490587763
-23.168859708374978
-23.172278481769656
-23.174046395146004
-23.17378285535628
-23.17843314793205
-23.177192687385695
-23.174776733919817
-23.171489964602547
-23.171348006422885
-23.170684491293997
-23.164416870183647
-23.1618903126279
-23.163551021892026
-23.167111142270993
-23.16828810337223
-23.167863608049604
-23.16603049832955
-23.16505082405352
-23.171456487556487
-23.170441952184138
-23.16758507401135
-23.16671605880913
-23.165118100886836
-23.16718154710482
-23.170273393965054
-23.173109309791617
-23.169876581263818
-23.173343392635605
-23.177522489442758
-23.17653268705518
-23.178665432991295
-23.179935016559163
-23.17574734904557
-23.175140961696286
-23.176260407298443
-23.180383354059234
-23.17309462185656
-23.178046374671965
-23.17328486162947
-23.169370447189046
-23.163069548217013
-23.164701087234864
-23.168138925219896
-23.171014293270414
-23.170835195562812
-23.169316674977225
-23.170034923571034
-23.166182657657476
-23.169439579008486
-23.17159415245242
-23.1742769191908
-23.168327594606637
-23.172232423926285
-23.16985067193773
-23.172534774410156
-23.17222557637705
-23.17196325064187
-23.171860333567313
-23.16508983243463
-23.160320001624804
-23.161221241700414
-23.154917819924194
-23.152965557590875
-23.15472533992233
-23.159343370003278
-23.161194926735465
-23.16233290703949
-23.16043193409015
-23.160764254167837
-23.154870969084662
-23.15573001562016
-23.15774682486874
-23.15933801450517
-23.15977328679398
-23.15607280033529
-23.157546146011896
-23.160872782243008
-23.15891671054934
-23.16260228990575
-23.164733305520233
-23.16495757556489
-23.162634524217903
-23.162056448634697
-23.167103139334387
-23.16575906736624
-23.163676265546556
-23.162878815185213
-23.165415089943643
-23.16502276572221
-23.167868877081975
-23.167805236530306
-23.171563261996795
-23.169013164248376
-23.168222212238913
-23.16522050880651
-23.168856271874446
-23.163108142444784
-23.162826415690333
-23.16529104438582
-23.174308816045425
-23.174448467385716
-23.169574995612123
-23.169710304215165
-23.1701342597232
-23.170487985425254
-23.17071094323996
-23.165872781056883
-23.167616703729177
-23.1691212147628
-23.167793819817824
-23.169357343114147
-23.175540987374156
-23.172456880386783
-23.174050714862872
-23.170013903109567
-23.168440589356983
-23.17309680874065
-23.17370896683643
-23.169553629411908
-23.171274137406424
-23.16970317017884
-23.169734388158574
-23.16484536850029
-23.168125695347776
-23.169954759567013
-23.17275179445063
-23.16832897473243
-23.168881466216288
-23.168373593997877
-23.16852933352796
-23.16774482550187
-23.16899724621443
-23.17275418313398
-23.17342392815875
-23.17315937598562
-23.174064060841413
-23.17087583455444
-23.172352059162098
-23.174502116008654
-23.179196005664757
-23.172436562620927
-23.173787988151968
-23.17244024350652
-23.174706965419343
-23.17053151299213
-23.168816081757395
-23.166596533565915
-23.165047320793065
-23.162953896394765
-23.161497755638024
-23.163301109865905
-23.163971105241895
-23.161325247791606
-23.161024565576948
-23.156843073889164
-23.153462700174728
-23.158742999098862
-23.157515379210054
-23.158596194528865
-23.160059133650304
-23.162747614885955
-23.159237543159673
-23.162750199477077
-23.161307397416905
-23.165074589198092
-23.164783055972883
-23.163572045746164
-23.165169014050807
-23.167476655400957
-23.168421648440958
-23.166230651547725
-23.169860333509888
-23.17161533088655
-23.171746195142884
-23.17609934521782
-23.17391728753803
-23.169076788780895
-23.17053146475755
-23.17192398211248
-23.17344270411218
-23.171977610769805
-23.17440799508196
-23.17077209594506
-23.170329622358285
-23.16798709174637
-23.163637811499445
-23.15977652982173
-23.166372031065094
-23.16474513440539
-23.16233592910844
-23.16704131810329
-23.16675568063473
-23.166086772663405
-23.163425431191662
-23.165373958925937
-23.170212359369234
-23.17052370112335
-23.170054644901914
-23.17188186350912
-23.173992871132644
-23.17314118343735
-23.17560633705992
-23.173580015114776
-23.17331716728318
-23.174189802389215
-23.169622011537577
-23.173933842829896
-23.18370068255352
-23.187280597088215
-23.188754768105294
-23.188666586557442
-23.190386936624993
-23.186156828576824
-23.19160959237028
-23.185723448923856
-23.186979279951352
-23.18581404053041
-23.18687787148648
-23.188421093512094
-23.18761979699412
-23.179536018363212
-23.179002015645914
-23.177559041017005
-23.18389310202536
-23.180730747372888
-23.18239151168607
-23.176709540287046
-23.176622243320995
-23.16907974960426
-23.176438076646672
-23.175598743871657
-23.17711677136294
-23.177107977920226
-23.175443294818308
-23.170347326149283
-23.16766804274954
-23.16775271900275
-23.165046514110653
-23.167313176972666
-23.16487580390632
-23.165170157197043
-23.163045402121437
-23.16181068898215
-23.158707735188383
-23.161226028852827
-23.16012415797145
-23.161691052870683
-23.161704202823238
-23.162155168259755
-23.160898194040552
-23.161876091382382
-23.159386310378057
-23.159340868885003
-23.16181961996514
-23.165807015026772
-23.166900977507797
-23.16060953485062
-23.151672382978436
-23.147351281721274
-23.150945125437293
-23.1490188638902
-23.147106438571925
-23.1511097687255
-23.153213803708258
-23.153827219436707
-23.15063742696913
-23.148913290568192
-23.149971655524837
-23.146606641222
-23.14458687560413
-23.149996558307205
-23.155569021729345
-23.15682074420152
-23.15782863675208
-23.161614329179763
-23.159198821846587
-23.156251657541148
-23.155690842311067
-23.15308756899774
-23.151659886846513
-23.15240145008213
-23.156083284305108
-23.16146609932117
-23.155602261247207
-23.157402448798116
-23.162422176394205
-23.16446538276555
-23.161695419993908
-23.159083033007423
-23.156521035406307
-23.155842092654726
-23.160383552459272
-23.16361413858515
-23.16453240832415
-23.161253369972414
-23.16350374032523
-23.166995725647727
-23.163298265090162
-23.162827753339528
-23.16164759658359
-23.162845537305746
-23.161995658448483
-23.162407648156314
-23.1578958684441
-23.159197093033132
-23.16404593280751
-23.16551910769617
-23.171280898701436
-23.17201775036476
-23.166785486169925
-23.167798682356853
-23.16212955770002
-23.16237759717851
-23.166639571638846
-23.172248699640132
-23.172820085024732
-23.175771221202506
-23.178224055714825
-23.174676561368326
-23.17091573872468
-23.173529078336056
-23.17278800855204
-23.171979063337737
-23.174742558906818
-23.17655822816802
-23.17522504973885
-23.177803460748947
-23.173261241280976
-23.17228534047607
-23.17748465148668
-23.178241180165635
-23.173866793081125
-23.1720932205815
-23.172274352540022
-23.176723587306768
-23.18019749149575
-23.177737242301728
-23.181862650974974
-23.182308894049026
-23.178007049822646
-23.179316229511276
-23.18147928993398
-23.18600387591299
-23.185395542175318
-23.184142255895473
-23.186291943671286
-23.183869359726646
-23.182914586793625
-23.186731450604377
-23.18639257334094
-23.187798439838513
-23.18761473785081
-23.185062276364665
-23.1865354944424
