-23.18230923769667
-23.18061648701036
-23.175718791422778
-23.175916080450303
-23.174536178415362
-23.175314030541802
-23.171236462603243
-23.166606412163134
-23.16304340758772
-23.158806944886873
-23.161367191209653
-23.164581955379482
-23.158407863696848
-23.15796052435831
-23.161456336412893
-23.154500766582643
-23.156593881953114
-23.146900495965404
-23.15590702600983
-23.15538816028731
-23.156770020902997
-23.160642802334948
-23.161461847512765
-23.15965416433161
-23.154068771603225
-23.157812442057697
-23.16227887967484
-23.16123154307121
-23.161305315984354
-23.15270252926036
-23.158864822274523
-23.158369730224734
-23.155709218881228
-23.157859518748452
-23.1645708946125
-23.16461427973141
-23.163229885258698
-23.15910918462534
-23.155391532798834
-23.155671403541202
-23.15327880180816
-23.157612976086508
-23.153517919463983
-23.158304935310326
-23.153466097748723
-23.15570070955424
-23.14606756129344
-23.139524487679704
-23.139513205073964
-23.149335499526174
-23.14749081955332
-23.14877360967848
-23.151822092651518
-23.15969456310917
-23.155327240581553
-23.15700047667871
-23.150753011922994
-23.154595136767956
-23.15054283060558
-23.154901217358905
-23.151766545422074
-23.155777879268406
-23.15176196130974
-23.14943640364176
-23.144607911711123
-23.14749554910673
-23.144951457094628
-23.135021399993963
-23.143044023934873
-23.150038224318504
-23.14854525663573
-23.14952983190148
-23.140902077597666
-23.147765236191017
-23.14943337550782
-23.14454812361894
-23.148120029344128
-23.14808699143768
-23.15370204815123
-23.151012271499418
-23.145005256289018
-23.141003156519307
-23.137177299036022
-23.13870100663634
-23.13431849073015
-23.13257014335604
-23.128659016110312
-23.12879980646913
-23.1308646419008
-23.13097852385299
-23.127208628869333
-23.130941904749694
-23.137217239235277
-23.13482562419713
-23.13295688445359
-23.138618901320225
-23.13648030390695
-23.135384989232197
-23.13031577961516
-23.129011168509983
-23.130489229609037
-23.137012296466196
-23.132780618062963
-23.14522770268175
-23.15421471551802
-23.14977093063321
-23.148805375985827
-23.146198665388088
-23.147372252068152
-23.149504285983358
-23.157601274655207
-23.147589133270667
-23.155449959683867
-23.15160001740449
-23.144399597010683
-23.151547142111863
-23.14981575790354
-23.15039946456168
-23.150721727442694
-23.14866183825284
-23.14770767238134
-23.144537085567418
-23.1449533300025
-23.143490510452697
-23.132829712425874
-23.14092391888267
-23.15127893724395
-23.154100426593295
-23.16054396842456
-23.15240262988468
-23.15196978190478
-23.15866833502854
-23.15673167704613
-23.14999850823176
-23.14599310312437
-23.13738677030571
-23.14098889557895
-23.13535784857815
-23.13215472838522
-23.133810067946982
-23.13642337383644
-23.135876655935416
-23.13725877303792
-23.141944225452306
-23.149210870828934
-23.14228139837151
-23.14475440700261
-23.143457026200714
-23.140449581343866
-23.134241437607436
-23.13458090001138
-23.14327820407938
-23.138192776388305
-23.148378362910048
-23.147546313419706
-23.14332849159652
-23.149208710255778
-23.148042343526363
-23.148320530588215
-23.149656162085204
-23.15045603378484
-23.155640832378158
-23.16010963907099
-23.16125815327404
-23.15900632303521
-23.15744289045652
-23.150741501355064
-23.148954548227625
-23.150554026461133
-23.15135351565565
-23.14810847287591
-23.150207209115035
-23.148576418993812
-23.147806007125137
-23.146196390796227
-23.14948759619928
-23.154537598840218
-23.153035879293178
-23.149772280471108
-23.150346608389984
-23.142301748747332
-23.1430898474274
-23.141810571534638
-23.136559897510452
-23.13714656198838
-23.138145431535214
-23.14059629887003
-23.135434585424072
-23.148554243419817
-23.165785646709484
-23.16546284796143
-23.16281378638465
-23.156818290623416
-23.15091034742861
-23.156793334812807
-23.156303054798343
-23.151508081986748
-23.15229166333504
-23.157238258288768
-23.14359335268022
-23.146973110166776
-23.143940659869298
-23.141138778041604
-23.12855546060912
-23.12471807764444
-23.11954348117246
-23.124900897829534
-23.133724105122027
-23.13345940632267
-23.137559910326235
-23.139239810686746
-23.14567249258146
-23.148891365869716
-23.142819555131215
-23.14925189697476
-23.15292693420774
-23.149865239339665
-23.14507400116842
-23.145065679676147
-23.13652331846405
-23.13991771186844
-23.139582996467748
-23.14821558598957
-23.151441989248745
-23.147030498427384
-23.15606604041344
-23.16019913828424
-23.157449896367968
-23.170385828723333
-23.16636284224376
-23.152578931786223
-23.148656256207868
-23.157434523942634
-23.16161458571162
-23.16060866342635
-23.159105086399926
-23.15896821481354
-23.1629821494863
-23.159326621305578
-23.15323278240831
-23.150911576979063
-23.154972707544218
-23.159778500085366
-23.15130416610518
-23.152980787743168
-23.146695788102765
-23.15687626371287
-23.16060281126579
-23.15937108774042
-23.166120999674945
-23.159957550284368
-23.161500269719326
-23.163684153949827
-23.160442232894642
-23.163021179940905
-23.163807365641723
-23.16573404090013
-23.170706372910924
-23.162527792412078
-23.159112103421784
-23.160948822588757
-23.160205307955476
-23.15479107614152
-23.155835128521076
-23.158619603436975
-23.15519977041107
-23.152279465490757
-23.15423073590352
-23.154078277521972
-23.149305547150032
-23.143417175661778
-23.143839260239528
-23.139371296664446
-23.139639012140258
-23.141318800453845
-23.140800961632145
-23.139753503872456
-23.13595504347454
-23.13268527252406
-23.134348716318428
-23.13431071758693
-23.133450689475122
-23.13430949984917
-23.133265907813637
-23.132499601863344
-23.131312218217385
-23.141561833409735
-23.143359323942008
-23.135579914670878
-23.135527113495197
-23.140532177655516
-23.141693611491274
-23.13918428192068
-23.13623988362571
-23.142201332914762
-23.140926021181414
-23.139208992032405
-23.138306599640448
-23.142181841484224
-23.14411968472628
-23.13114854608546
-23.138309117302644
-23.13988042360763
-23.152316957373642
-23.15493042783701
-23.15366670187336
-23.1584865426942
-23.159713361255392
-23.164050908543555
-23.16285125986195
-23.159854225416705
-23.15656930547802
-23.151721447029285
-23.145204656407635
-23.142287944656225
-23.146025675567433
-23.137927709791196
-23.142581701601944
-23.147310669778758
-23.151721518684933
-23.15098030960197
-23.152911435164285
-23.15379155303458
-23.162412414567008
-23.1538809094007
-23.160420279936446
-23.166163041672625
-23.160247549944472
-23.155698619403744
-23.155040872364378
-23.158523258868744
-23.158330230728883
-23.162321505188235
-23.164871612620477
-23.149618394519575
-23.141809204024355
-23.153634763622872
-23.151034964005866
-23.1519754734622
-23.15026795863706
-23.14939457076497
-23.146680116722063
-23.141436952207034
-23.141069356963207
-23.141746928379714
-23.14133068442915
-23.138757262008927
-23.143084806692844
-23.13653801270811
-23.14305733724937
-23.13837301903025
-23.141659831844947
-23.14512522851855
-23.141568423247552
-23.14577060714864
-23.141791104771176
-23.139260344968704
-23.134553435031357
-23.127244005247654
-23.1310883637853
-23.13766018757942
-23.13042742723122
-23.13063102203277
-23.127265742218828
-23.134571588322423
-23.138675340153526
-23.143833117553925
-23.149349492159956
-23.14401611550358
-23.136296911893076
-23.14161080308515
-23.14619512697143
-23.14307016058711
-23.141058151450327
-23.137979199551506
-23.14333169595622
-23.14441904943009
-23.139273792689902
-23.139737084450662
-23.131063680884925
-23.11625795726152
-23.11494560598998
-23.113971293966376
-23.117556774618965
-23.121334183479537
-23.12536625857014
-23.121899135490096
-23.122875167641123
-23.123455299903863
-23.12770767641066
-23.124770211436424
-23.116731777108058
-23.122322508389672
-23.11278226076852
-23.114254374310526
-23.119549443710948
-23.12037879935958
-23.117416709918192
-23.120258633091268
-23.126517398614453
-23.137003323533126
-23.142311110249395
-23.152475963657654
-23.15424331911959
-23.14677886963622
-23.143801117932036
-23.149084439899166
-23.146170984961877
-23.138475662443952
-23.14395028183597
-23.14967584152364
-23.147875014518874
-23.149654958321815
-23.14275180481223
-23.14087244974579
-23.14077296755421
-23.143308530135997
-23.141539038638122
-23.150388070155223
-23.153943135624647
-23.153841079986424
-23.146484761791218
-23.14785847604565
-23.142325099782212
-23.139193473232098
-23.142582148424335
-23.139549485892697
-23.13944696377538
-23.138947665941867
-23.131917534814157
-23.136850004334125
-23.140455935244177
-23.139792182211394
-23.13912829817301
-23.137924047378984
-23.132142083675898
-23.130152509281487
-23.123887420591604
-23.12606300348729
-23.120694744359223
-23.120809254714647
-23.122425063147013
-23.122941977495575
-23.119836944215972
-23.12032205616607
-23.11981179834029
-23.12281511464648
-23.125669710243013
-23.128183828571075
-23.127251779708544
-23.125875668174903
-23.116901741579927
-23.119257349734287
-23.118506565643045
-23.119658441845356
-23.116962476997593
-23.121031200501758
-23.125603149993086
-23.128856177248473
-23.12989057828542
-23.132140380052622
-23.136296430897563
-23.137454164911368
-23.138708879077893
-23.13996560037152
-23.141517927572043
-23.141044171621026
-23.146008635110032
-23.141882915283716
-23.13119914929865
-23.126548397359542
-23.129222364406335
-23.130037488910013
-23.13173874960556
-23.1355134035096
-23.13545515732578
-23.138433264096978
-23.134690426747703
-23.136176037817282
-23.137595252469357
-23.13394562411495
-23.133249859942325
-23.140407045036593
-23.14086076427775
-23.144755686822343
-23.142338457776617
-23.142055276507065
-23.13441929723076
-23.130185532182356
-23.129104097139205
-23.13828435869547
-23.13977661697847
-23.14146833112003
-23.13707900194262
-23.14949875653504
-23.145517215413513
-23.148305126471598
-23.149871081516753
-23.1491579398179
-23.153493501288388
-23.15075683119955
-23.148864498566443
-23.146512849584177
-23.138963966880993
-23.136894581951758
-23.130598227070582
-23.134440037760466
-23.1336974516475
-23.13008448047067
-23.138711453615887
-23.14311591312741
-23.13835566078045
-23.133000819523776
-23.13663058500542
-23.138788848563095
-23.13851728985385
-23.14429693827271
-23.139373739327713
-23.136742498585043
-23.128703404029114
-23.135316893357164
-23.132031652376355
-23.135525401041498
-23.13805735624974
-23.134375674561877
-23.13508237329119
-23.14564368499048
-23.150097917135696
-23.153722648970998
-23.15580680924574
-23.152503058828913
-23.165382759228265
-23.161792690814885
-23.161590509963403
-23.16245086325354
-23.16560182981227
-23.16061352640193
-23.159232706542287
-23.15878168321767
-23.16164483828798
-23.157489729975456
-23.154869934729692
-23.15210750819578
-23.15268034686788
-23.150789696349452
-23.157533492020143
-23.160750032875214
-23.158676753002666
-23.169813056765193
-23.165614153940282
-23.166198726759358
-23.16535133772898
-23.168131570796724
-23.171136916325235
-23.17102750043008
-23.168008059167615
-23.165459380475923
-23.162667427988428
-23.157826014328144
-23.153578922404023
-23.151005233006376
-23.152750287503267
-23.15421760659638
-23.142016024221988
-23.13343913768703
-23.137164585754107
-23.138454930298714
-23.14446133131747
-23.14399730175439
-23.14106925173785
-23.148350723264027
-23.1563727010236
-23.158248122986624
-23.157641119696173
-23.15999016616203
-23.157434788780073
-23.159254827477724
-23.160793761771224
-23.16147440726215
-23.16169581525469
-23.16506809180012
-23.158178709717355
-23.154036592597745
-23.160085846022575
-23.157926102810386
-23.159768508165172
-23.158214128970755
-23.157058044312166
-23.151522661484677
-23.151046190095414
-23.153984738389017
-23.15893452710888
-23.16699171202549
-23.166754178430953
-23.170457493469208
-23.159886189979446
-23.164849532305563
-23.15989625975471
-23.16477248500737
-23.16168282099268
-23.15340639882028
-23.160127925892773
-23.16376967645018
-23.166889318333165
-23.15920197110162
-23.159830984929286
-23.156768018275045
-23.151567510454203
-23.151217022853
-23.16058623499106
-23.153799774933184
-23.149866536959117
-23.15257329230108
-23.14955270842636
-23.147136260439762
-23.137942810368255
-23.140060416395794
-23.145005821433287
-23.148249921796616
-23.1483819083453
-23.150377216060374
-23.14359981773971
-23.145954221396757
-23.141362295173252
-23.140064628390984
-23.145739855353504
-23.14446264735547
-23.14421061735091
-23.13685364885285
-23.133483053361413
-23.12709304113795
-23.12736764279854
-23.13353700878716
-23.1348527223565
-23.131525859152976
-23.13515916537676
-23.129482052263967
-23.128803027989314
-23.13021925620716
-23.131273725464727
-23.128173928142072
-23.127972730822524
-23.131049503608992
-23.13416128082251
-23.129163442331077
-23.12371176135629
-23.12334010479281
-23.12336669407918
-23.122045262663633
-23.123688136072595
-23.12455558639888
-23.122550462339213
-23.12705604610762
-23.12983433925001
-23.128388620173208
-23.124926681032772
-23.126405997074695
-23.13287217022055
-23.13468201023078
-23.12221618964794
-23.124308664495235
-23.123378083325072
-23.12553829276462
-23.1240398345727
-23.117668177424402
-23.12203102504673
-23.11633109544184
-23.11123268970789
-23.106590155788272
-23.113570145223935
-23.11558884830324
-23.117905337170804
-23.114070809687632
-23.11540809247992
-23.119356619190565
-23.12003062883921
-23.11839493824142
-23.11920674621644
-23.12560963721988
-23.1269118299154
-23.139885251883356
-23.137821866866474
-23.139108793885853
-23.148767628785496
-23.143880397654538
-23.135592609430244
-23.133150080802483
-23.131001465342976
-23.13435553682171
-23.13304617926448
-23.13074273978739
-23.135871787915185
-23.132222917613465
-23.13165319692458
-23.133484353266567
-23.133327402581767
-23.147197548312697
-23.147299967664253
-23.146308865973545
-23.148779632191204
-23.137242039069587
-23.13468551285053
-23.139805127045566
-23.1432491868396
-23.136688767807595
-23.14344458607478
-23.150990635295802
-23.160280584261155
-23.15622449507527
-23.157506250672107
-23.15348579675594
-23.150349713307126
-23.151888002597868
-23.158213126019643
-23.150763276373322
-23.150181050483397
-23.15142710810901
-23.15250781814897
-23.15016188532495
-23.153717098758353
-23.146876637923906
-23.137780598244806
-23.134655354979405
-23.139415522862343
-23.136580041589113
-23.142000657285404
-23.134496102255977
-23.133707665099394
-23.139254236392347
-23.141316669265127
-23.147499436760423
-23.14605635456144
-23.14999484407839
-23.14784001753582
-23.142600191875808
-23.14576264603262
-23.14345985643208
-23.150664793571046
-23.154839435268677
-23.15390498559564
-23.150951589781734
-23.15369435012011
-23.146448424740946
-23.137605866149705
-23.135391478243328
-23.141619956662037
-23.139502004486275
-23.136070063602098
-23.14365326566229
-23.14287712629891
-23.145775475305584
-23.14443268833519
-23.139450519405504
-23.146687981441904
-23.139480335053523
-23.132600563504756
-23.138062321148322
-23.13143799525031
-23.129045733330752
-23.137281051707856
-23.143461771168557
-23.145947780327454
-23.143653153869952
-23.144815360640777
-23.147166329309027
-23.14887875230637
-23.14257261045979
-23.139901691836247
-23.139343370293695
-23.13811687278771
-23.137556867206946
-23.13269832036434
-23.133133042673165
-23.12175069536674
-23.12671161956474
-23.122801572397243
-23.121952699033876
-23.122629311186813
-23.11842633135214
-23.125562429518045
-23.119975094332148
-23.118332945929897
-23.120103308490187
-23.1237155893576
-23.128274781529807
-23.13288801052078
-23.133802795170105
-23.134182284990057
-23.141475909396853
-23.146773318646527
-23.150807505123
-23.142829592543823
-23.13869256119085
-23.133147104518148
-23.13846009149326
-23.140438038464474
-23.130190123913955
-23.129767031490555
-23.132671178753387
-23.135945017593443
-23.137088740069764
-23.13893350901908
-23.134092501935868
-23.128465726182668
-23.144121415976024
-23.140661890501384
-23.143176845018857
-23.140376352189985
-23.145507439948304
-23.142749990759842
-23.146299503688795
-23.141087325540102
-23.143485878888004
-23.146984528807078
-23.14202498976703
-23.133686621255137
-23.134904722464054
-23.14299610882933
-23.147678999580965
-23.145038225940176
-23.150837484708713
-23.150170538468902
-23.148403036530585
-23.153827902775017
-23.155999390157856
-23.156470238197883
-23.156771841789823
-23.156858939880458
-23.155934933010148
-23.157232854844352
-23.15679824211202
-23.146799065869445
-23.155175564005383
-23.16089953920602
-23.150757872008658
-23.15534869874084
-23.147024665146596
-23.146644518753515
-23.147886493499517
-23.141412272182777
-23.145958727169702
-23.141349622810548
-23.148293434673025
-23.145567875362115
-23.13251913488217
-23.134856326859236
-23.12810980433567
-23.13370257227811
-23.12961072497209
-23.129171410133313
-23.125183082789828
-23.12002421588682
-23.120199683664044
-23.123705679084868
-23.121223914642677
-23.12074082970666
-23.118225035640858
-23.123678267348325
-23.123446908574504
-23.124287973597248
-23.124127857488624
-23.12741546371165
-23.12396752243298
-23.123001089593924
-23.119903059549745
-23.119367082079908
-23.11695725076466
-23.118214411059924
-23.108327323351148
-23.118623381050575
-23.1188955341088
-23.117162599200213
-23.124248236619337
-23.12979514785828
-23.124621215484655
-23.123471763980614
-23.12445248008016
-23.118142690152112
-23.12301482780652
-23.125443007289704
-23.12449538743757
-23.11949004716266
-23.128237089148215
-23.121648454198546
-23.131718062768844
-23.13907930785815
-23.142902048199087
-23.147222185164804
-23.142039797531044
-23.141405821036454
-23.14802684892894
-23.14623678161357
-23.147266851584828
-23.134926755031735
-23.142029403723686
-23.136202927382808
-23.130652344341303
-23.135255034353317
-23.133677428746733
-23.132570539790137
-23.128788417875633
-23.131834106182765
-23.123737739147156
-23.120746471744717
-23.126721588351614
-23.12902017244127
-23.120837568917203
-23.118633525769823
-23.128908827975856
-23.12560460327967
-23.127818529734903
-23.12897051671108
-23.135862423566405
-23.128659603369567
-23.13423953871719
-23.14125305066551
-23.15320059203361
-23.156262066462705
-23.160421834963028
-23.15943729676205
-23.159728176200367
-23.15767373289985
-23.164881622001463
-23.155991970085026
-23.163077942672512
-23.153529973351787
-23.1524641361159
-23.15682705089682
-23.154472243516874
-23.15127306342099
-23.149460322592535
-23.144268795396943
-23.1412526277916
-23.137166676901796
-23.139254400441214
-23.137791095843227
-23.133765097241778
-23.128104928312823
-23.12040061087863
-23.12402574996501
-23.11578767958137
-23.112273601692692
-23.114127122399818
-23.1152425155249
-23.1311892236436
-23.11942892297906
-23.126700129530917
-23.132853097599064
-23.143548216664435
-23.157770572125195
-23.163445747335263
-23.168572218301758
-23.16494544672141
-23.170267326811448
-23.16352756107108
-23.164654833150777
-23.1606981860457
-23.155187589760974
-23.152306607616012
-23.153377418700043
-23.15180563724169
-23.152453574160244
-23.145585286508435
-23.143068631961114
-23.136194817245006
-23.1345198146783
-23.138352065902726
-23.142743019866227
-23.145703282469935
-23.147352255769402
-23.14643135959524
-23.1553360899045
-23.157077211384582
-23.154076366104533
-23.159114709483212
-23.15530570614365
-23.156210619250317
-23.157043019249794
-23.159856092130855
-23.155908450353813
-23.154471607332905
-23.157885000548816
-23.15309839373915
-23.152534410907798
-23.149699186302357
-23.14278820776915
-23.147681679942345
-23.14625513648983
-23.155197282105778
-23.147873037905878
-23.14649173801789
-23.14750627761379
-23.15353820490363
-23.154391315004332
-23.153176216812966
-23.150604864439558
-23.140174912095667
-23.142098034064045
-23.148392478492937
-23.149790239140746
-23.14572626486977
