-23.17686232519187
-23.094636012004486
-23.083821525205163
-23.08574298408211
-23.078107755538653
-23.069960395985756
-23.083381739253152
-23.083118063036935
-23.08468334015361
-23.094346186052874
-23.084640589805158
-23.07931138084324
-23.08727414642102
-23.081726747520566
-23.077271884352704
-23.08162821376854
-23.074761544312054
-23.08694406649888
-23.092991264316403
-23.091573010073386
-23.072026090554562
-23.08234748432845
-23.085232957577844
-23.0877587697849
-23.079527263941706
-23.087303364237098
-23.08156289868902
-23.08250961640705
-23.08019622260701
-23.080483367312066
-23.089900146583673
-23.087117189757464
-23.079822869860763
-23.08041342606046
-23.078223627105526
-23.09618581777637
-23.080325148354095
-23.08439811836115
-23.094439707271086
-23.089400466161763
-23.084075878799815
-23.092592461774107
-23.082662996781522
-23.08208849379956
-23.081957765440663
-23.08691863837699
-23.07316633394464
-23.089595768593565
-23.085130601476695
-23.083758293772902
-23.082508630227473
-23.079989074895003
-23.080086857702394
-23.0787888464885
-23.089314365875214
-23.076151218516667
-23.085120474803663
-23.093950622440754
-23.092112160741948
-23.09072297733969
-23.092566242137142
-23.082644109286058
-23.085809774800666
-23.07747206035459
-23.076749143407415
-23.086092282314034
-23.087886101500064
-23.08807544191258
-23.07806475532967
-23.08943469254264
-23.08547170073404
-23.085135882279264
-23.09519387735679
-23.079142805721467
-23.09090991282802
-23.086533075679842
-23.09386730178207
-23.085680666834474
-23.089317336628813
-23.095653765498675
-23.08755285607792
-23.08584524693352
-23.09504575508459
-23.079692623190752
-23.080190654482546
-23.0912125497843
-23.084692616978167
-23.081295876437796
-23.09731013517388
-23.09258032829124
-23.081199023142972
-23.083207694601516
-23.09320833004113
-23.080677187297535
-23.07452974983535
-23.081533365326468
-23.081370593664275
-23.084270464399896
-23.08512281939317
-23.093475176416206
-23.088711341420897
