-23.063727010142962
-23.056665325377836
-23.049729959938233
-23.04880707638975
-23.039052722557393
-23.034033065250366
-23.028878470391362
-23.0315941250043
-23.035782747766405
-23.033376232036737
-23.028252552186174
-23.025361196448998
-23.021137334424633
-23.020933511389305
-23.029579167981282
-23.024677208595623
-23.02578518073666
-23.017666760341367
-23.015524827533444
-23.020606186176437
-23.022403583291787
-23.014171075581576
-23.008292572913703
-23.00775142749057
-23.0132621692987
-23.019845386694175
-23.01936486691148
-23.009959779157978
-23.013069247715226
-23.003764818182788
-22.9982769038221
-22.99675182896793
-22.99756727114419
-22.988072024775118
-22.993139590916925
-23.00015991962373
-22.999255128965736
-22.99176506403101
-22.99424582330501
-23.004349919071288
-23.002844160994297
-23.00560652520319
-23.000084598499157
-22.999459071708866
-22.998377718996977
-23.004187956923694
-23.00667784130213
-23.00794512582561
-23.002889782649703
-23.00455206372882
-23.00316158231224
-23.00689309812134
-23.013488069568304
-23.008368385106714
-23.002973161473612
-23.001010039006438
-22.999683386955148
-22.999691228005414
-23.000024561185242
-23.006670044838913
-23.003908442136407
-23.00710207587205
-23.009467961488536
-23.016169289383278
-23.017387111078424
-23.013372575605082
-23.007940293764797
-23.00875737287564
-22.992030654952053
-22.995507962625805
-22.992417676790357
-22.98753761361463
-22.989598879527044
-23.000598038930306
-23.007020518326648
-23.004426776555295
-23.004194459220862
-23.002222433523496
-23.01268097231159
-23.007618162685745
-23.004548643766903
-22.995788714340083
-22.990603091111403
-22.98316492949986
-22.978914321642126
-22.980076041061565
-22.981674705428542
-22.99974560649504
-23.00130375935728
-23.008149949912028
-23.014648028430848
-23.016542698198407
-23.012418334943003
-23.006879051095886
-23.008518137739074
-23.00912363377293
-23.007043716385407
-23.00615088565068
-23.001454730524603
-23.004313698244815
-23.000594955326175
-22.99952556124471
-23.002629259359548
-23.00243069465778
-23.005650784762828
-23.010917654729692
-23.00961737847177
-23.01235133265991
-23.00308290270391
-23.011471895906322
-23.006673259410757
-23.004843436228718
-23.006499630615167
-23.002707673633132
-23.00361398630234
-23.004476925447857
-23.00005281576091
-22.993997451023517
-22.996708459738148
-22.997261464421022
-23.00072728107629
-22.998547533927592
-22.998543148549537
-23.002082282415763
-23.001256378728588
-23.005251076303296
-23.006230217457787
-23.009006040512496
-23.01221648625255
-23.008607737515348
-23.009373076311533
-23.005020925922903
-23.010247864398046
-23.012457885514834
-23.016519352905703
-23.021958280987374
-23.01632748402265
-23.0147383467956
-23.01849404884251
-23.01538320658562
-23.018559171894697
-23.015817876291557
-23.014445290006183
-23.00906978779498
-23.012868930229224
-23.014134959034923
-23.02374566778743
-23.016344674643122
-23.018636471034934
-23.016731414499674
-23.02104110274446
-23.014207851261226
-23.009196072507216
-23.011158642132887
-23.015384461933937
-23.019621654452955
-23.017715768712513
-23.017353152164205
-23.019746428946373
-23.018687807211542
-23.007099380219525
-23.00145416437496
-22.996118258834144
-22.999976788174298
-23.0075338283512
-23.014259030444983
-23.01694933458496
-23.022827387124195
-23.020123539192173
-23.028315588333555
-23.02484463433953
-23.01529565915903
-23.00814763531267
-23.005289188679317
-23.002850700657024
-23.002182127339196
-22.99546010254827
-22.989730150924284
-22.997119080493007
-22.993666109903472
-22.9925906444562
-22.99834828192543
-23.00460901193888
-23.00899385621666
-23.006969771952072
-23.01072215293815
-23.003177978478515
-23.00299776275934
-22.993587737101844
-22.99053409618104
-22.983910355043786
-22.983819870134287
-22.983938968450914
-22.992242333740055
-22.995792241207308
-22.99346385819044
-22.99745554398617
-22.990431438866317
-22.986691576814398
-22.993811319843264
-22.998000427162378
-23.001832507036518
-23.002649605333197
-23.00530949203226
-23.006015465472895
-23.0053142714493
-23.008167602601322
-23.019359157905292
-23.016122975551855
-23.013479581855993
-23.009422724521603
-23.013572374999665
-23.015317333728543
-23.016912947245768
-23.018142691216145
-23.017113427904487
-23.01994990329842
-23.009294063116972
-23.003174644005465
-23.006762907632236
-23.011286318350123
-23.008701293531665
-22.99342208067385
-23.00295866970679
-23.001113554201133
-23.006032972405162
-22.997487881008436
-23.003276291484337
-22.999288717610707
-23.005194431080508
-23.00521827237332
-22.998445505338893
-22.990112756848994
-22.99246195324604
-22.99562542461288
-22.98442851699329
-22.97690149065653
-22.990022046790703
-22.999119143535598
-23.003744046245515
-23.009710536290534
-23.016735198041783
-23.015231988116167
-23.016209961044297
-23.014866617541156
-23.01055167642802
-23.005124127344416
-22.998031325084842
-23.00726837132685
-22.995035250312494
-22.99610040369888
-22.991480681501777
-22.986038111828254
-22.99878512009313
-22.99379838543539
-22.99894211987284
-23.00895649795936
-23.000562977453065
-23.015043798821928
-23.009270855061832
-23.00752374433215
-23.00946849439543
-23.007506621431638
-23.00487569172088
-23.004112731168526
-23.011342285539
-23.012911570989747
-23.014664715728568
-23.013488250287192
-23.01269909774952
-23.020031069116754
-23.024525865518427
-23.023929681133946
-23.014328974928883
-23.024315285243365
-23.025865063900778
-23.020814896247646
-23.0185691023647
-23.01472106712421
-23.012347002334778
-23.016022911849113
-23.013773542387696
-23.010587334047973
-23.013503533094728
-23.006881079004987
-23.01513162091992
-23.019259202489895
-23.02343950791298
-23.028894713465487
-23.0272223069124
-23.019863763415575
-23.014234016008515
-23.00874105242699
-23.0070771972352
-23.00828148526369
-23.007711822926257
-23.008580259894533
-23.004882352607858
-23.007732689178717
-23.002597574324533
-22.99268345766714
-22.98748934093737
-22.993690140113902
-22.99247212590873
-22.996834381950265
-22.994197437467566
-23.003368020751704
-23.002348944514367
-23.005678379103884
-23.00844295431065
-23.00986229200879
-23.01425212815328
-23.011835460877673
-23.00938269703719
-23.014997817719095
-23.012829105775054
-23.004444675053005
-22.99725127614897
-22.992106147018486
-22.9920673864836
-22.999272365934072
-22.996086450064656
-22.991611894904995
-22.991036207515656
-22.996759583798774
-22.999638942778937
-22.995787427168413
-23.003750332446884
-23.004914140614318
-23.008994566906207
-23.004526732982292
-23.002300883007617
-23.002342603898917
-22.996428649582977
-23.001824105575338
-23.006067287360057
-23.007763914839728
-23.003432424502563
-23.004770156613798
-22.993080348763563
-22.998579948808374
-22.998477215085483
-22.99904217663754
-22.98988524864505
-22.983006094015398
-22.979704748770764
-22.975149018017195
-22.97904350538763
-22.97634160088783
-22.982948788773093
-22.986884290425778
-23.00151372642802
-22.99715895921145
-23.00522113035126
-23.011903763685716
-23.01413657657058
-23.01331935744172
-23.011787057827156
-23.00918345638647
-23.007834467568863
-23.006157290881262
-23.00215951291183
-22.997780348048106
-23.001212547095797
-22.998352165223462
-22.994494627476623
-23.002720333917345
-23.00732129654568
-23.006257562587685
-23.010695228292626
-23.016373234684234
-23.01698216008941
-23.019468760843477
-23.014476844021623
-23.00946626381021
-23.00467498516377
-23.005947754972276
-23.007960964700633
-23.009273386366836
-23.009464051245473
-23.012192799844538
-23.012868943079386
-23.01365917161297
-23.016434746913077
-23.017652274081957
-23.013764012772278
-23.018832150048514
-23.0254944479047
-23.018736206174992
-23.02399149748037
-23.020228844464263
-23.023982650686445
-23.02125999628377
-23.019592436047066
-23.017909159307614
-23.01313798121992
-23.00851381354905
-23.00144650705917
-22.99631145158794
-22.996175071465192
-23.000084201215273
-22.997218633892405
-22.99981429692489
-23.003987800700465
-23.004065060006546
-23.002396207656957
-23.000557302720487
-22.998684898886683
-22.99632207011745
-23.00575821036982
-23.00178497525378
-23.0063507116929
-23.003675390584903
-23.00747157452718
-23.002896008113268
-22.99911093024872
-23.00004443529814
-23.004123587749742
-23.004856456546754
-23.003219551121205
-23.00567599490294
-23.000678124362597
-22.99483202109228
-22.987553281241656
-22.989884221944116
-22.99470700389469
-22.99009140826446
-22.984156676286158
-22.98324690608045
-22.98733606329861
-22.993588021533025
-22.9817176798731
-22.978968945821645
-22.97703230438806
-22.98184796792269
-22.98348798201967
-22.97964672133463
-22.976025023699062
-22.980450475603668
-22.983723569419073
-22.98362461267829
-22.985694123406226
-22.990545472574865
-22.99001900533797
-22.98222324105527
-22.980712735633155
-22.987481727125296
-22.98918415214191
-22.98315145759019
-22.98339431736536
-22.993284531752757
-22.99975692782332
-22.99701796292572
-23.00192959540741
-23.003850245679327
-22.997614566681698
-22.99700937715157
-23.004979268792926
-22.998034943484527
-23.00361368616865
-23.003288499318696
-23.004647470762755
-23.006654143856696
-23.010512995695198
-23.01909878494057
-23.020433412359136
-23.02620923547077
-23.02624817342471
-23.019907133300805
-23.01458075785557
-23.01693225715258
-23.010062978614688
-23.010671130549156
-23.001030290783103
-22.997335710937957
-22.99535716939198
-22.9889613902083
-22.994156494285683
-22.9951848818017
-22.99091183095957
-22.987264578440676
-22.982229472779267
-22.986294762308805
-22.98736037700111
-22.996893132939643
-23.008871378508207
-23.006724290109126
-23.009911252027923
-23.011378926923378
-23.003914199552874
-22.99937828812554
-22.99862241960348
-22.99322677718725
-22.998362793235607
-22.993677187181
-22.987274725426754
-22.98914720944909
-22.998564485086213
-23.001136073874363
-23.007607951441067
-22.996234652650745
-22.99972066380645
-23.013323151118012
-23.018039279217376
-23.015449500286824
-23.02460580750411
-23.011025142914313
-23.01482270860287
-23.012133310816644
-23.01938517760524
-23.01068924923538
-23.009903806580187
-23.011274424360263
-23.009034147197244
-23.00863509701686
-23.003645049844017
-23.00028698044491
-23.000162550672684
-23.00276162549036
-23.00993874085918
-23.012998098653473
-23.017453290711362
-23.015225801673243
-23.01547699870573
-23.010412376459865
-23.018043578642686
-23.016318089003054
-23.009058781706205
-23.00710123670162
-23.01449952393947
-23.01923434417103
-23.01943536780402
-23.024786817454668
-23.015879520991025
-23.014107876696684
-23.01028587378227
-23.011425504261013
-23.00872657616243
-23.00465097017506
-23.001551256524987
-22.997636051775785
-23.002267865479013
-23.01320455847895
-23.009187861600097
-23.006942617301096
-23.00555948491939
-23.00401287527488
-22.99828668747214
-22.993745997347833
-22.993146857155452
-22.995216963023218
-22.99291421602862
-22.987695574777376
-22.99434463805506
-22.993245891958967
-22.990299998681145
-22.993558485053498
-22.998050178721787
-23.001382955134726
-22.993704808772602
-22.990837843044904
-22.993848094453657
-22.98971545844531
-22.995352205421135
-22.990482919353234
-22.991656779821273
-22.983078761377357
-22.980559465932032
-22.981374277191396
-22.976763690378114
-22.971859123685817
-22.972177519212593
-22.968129021710133
-22.965099422994662
-22.965835901133666
-22.97057836201221
-22.97583526874379
-22.977848121823012
-22.985153157264183
-22.98262270278457
-22.988531234155992
-22.98714545102668
-22.988495314905855
-22.985134540091053
-22.973478653865286
-22.974365403869975
-22.984380627016694
-22.985692223780386
-22.996810258614673
-22.992940422907825
-22.987185914617253
-22.99389099913104
-22.992050699444537
-23.000311234954843
-22.99687863789501
-22.9900736102586
-22.996819509005874
-22.99789308130345
-22.99667049652702
-22.997337744697603
-22.989858799083738
-22.985717714144663
-22.99105119540691
-22.988991778680806
-22.993408323490755
-22.9943256198636
-22.988985517887357
-22.993321278952312
-22.996068302678186
-22.99746547458035
-22.987962937153107
-22.988126840437044
-22.983207963237373
-22.987846786880255
-22.980233831922547
-22.98618379944216
-22.989575287392356
-22.984578342941937
-22.986660681849596
-22.996880349147123
-22.99826078048752
-22.993877704521775
-22.98467842702759
-22.976414859439192
-22.979121257279456
-22.99093437905885
-22.99118789110354
-22.99726256895552
-23.00262306084619
-22.996892308356642
-22.998841321639834
-22.99188380708202
-22.989519652023574
-22.991964795587055
-22.996673109337085
-22.989627551180803
-22.988052432312625
-22.99057390586976
-22.99287597209869
-22.9956157091028
-22.992420767135584
-22.989843008281174
-22.989442358103826
-22.98181738504917
-22.98056492322539
-22.980457099193824
-22.98217140944172
-22.97701247280819
-22.977813198685283
-22.97348882790819
-22.96841474829759
-22.96864863703846
-22.97193609063631
-22.972081177318337
-22.975582627319042
-22.975684180438076
-22.971388025601836
-22.976615355872735
-22.97442245426848
-22.98091997712597
-22.975087503376248
-22.976670240428444
-22.978720042073416
-22.985276214103806
-22.992658353535393
-22.992051590963662
-22.985788609831463
-22.991742545307588
-22.996825067118557
-23.00322323627226
-23.00336258990923
-23.007483558271932
-23.00322922821769
-22.999014096799755
-22.9977417030636
-22.993422597021
-22.99946638518487
-23.007044345006637
-23.010689429441385
-23.001479902653497
-22.99785381254173
-22.99446134864215
-22.99630810818341
-22.994225926535467
-23.001147778832493
-22.996309042113264
-22.988424187800902
-22.983898421452217
-22.986028118304425
-22.992723686134422
-22.994338611491834
-23.002408590752022
-22.999478433395655
-23.004236541939683
-23.008626870740176
-23.003950185503793
-23.00218103002401
-22.996395625008326
-22.994271549670923
-22.995765339495595
-22.992274292525707
-23.004314493086103
-23.006040288340625
-23.012723351487566
-23.00653384354512
-22.9996980415551
-23.00078954182426
-23.002950961460932
-23.005186281751474
-23.00739540293124
-23.006758531254963
-22.997820158086174
-23.005233469541405
-22.997636122247958
-23.001419429033316
-22.996904472556665
-23.00071538567046
-22.999231200237116
-23.000495485255364
-22.996145862524138
-23.005448783134163
-23.008530778696244
-23.009414449971434
-23.002748831253975
-22.99707215824399
-22.995784339205898
-22.99045346381891
-22.997080468136552
-22.999364807436873
-22.999969941127205
-22.990841192756527
-22.995114772423594
-23.002449585873112
-23.00136441830566
-23.00214840763475
-23.001996110544795
-22.998459484053328
-22.995960318700856
-22.991657099441607
-22.9946441115213
-22.990597383984415
-22.988797253186743
-22.988856475665468
-22.99340892601036
-22.999667310541387
-22.99065362989472
-22.98965314193253
-22.992566328513018
-22.98979316699006
-22.993548103837025
-22.997974389233512
-22.996210721567785
-23.000313466260682
-23.00359100873193
-22.993853997845186
-22.99165996478274
-22.992640415503438
-22.995397558240334
-22.998803652202927
-23.006058759883256
-23.01366538909328
-23.021428434277368
-23.020372877778463
-23.02797552119316
-23.02067326122099
-23.010135742861767
-23.007470097453268
-23.006840605763628
-22.9950948486616
-22.996067057947688
-23.00448411087186
-22.999948691689625
-23.00668166375647
-23.014707627519503
-23.01340360999318
-23.008537912543616
-23.005136570082648
-23.014045086956997
-23.018616860351543
-23.019926192318987
-23.010879636789667
-23.00576640581267
-23.00838555053384
-23.015188012136225
-23.014362854265755
-23.01616812959594
-23.016446005930366
-23.01725556911136
-23.022046224218585
-23.02901884086124
-23.02118428705315
-23.018664489727218
-23.01941909253521
-23.018445625775463
-23.013341778970265
-23.011238732476283
-23.00660122840156
-23.00049697030881
-23.003787882460095
-22.99930645554464
-23.007769612326662
-23.005459326116622
-23.000177273778085
-23.007515527611428
-23.008860834723492
-23.020083455371953
-23.013937834184944
-23.01096322446722
-23.010120382091106
-23.011190878909744
-23.01560413863236
-23.016200184135027
-23.01583634661682
-23.015033578346262
-23.00203863170125
-23.0047110090828
-23.00638168763784
-22.998769742152867
-23.008335725355977
-23.0136660274571
-23.015932068421634
-23.0137781074465
-23.016711794516368
-23.018948731495442
-23.010978122594068
-23.020584606254097
-23.01992181843959
-23.014031963024028
-23.008486662430087
-23.013029105583925
-23.011355150029537
-23.01338390611086
-23.015295322719634
-23.011330633513662
-23.020671490706917
-23.02490853546194
-23.031882504076766
-23.030200670032833
-23.01741007618418
-23.01172079104317
-23.012641037923746
-23.00114038089419
-22.998301330670383
-22.99164313058995
-22.984632079978766
-22.989460244328097
-22.99780696414669
-22.99400420465641
-22.994273253191654
-22.997793197042316
-22.999414631506617
-23.001871741799523
-22.99636833979228
-23.00469624402163
-23.004209554510442
-23.002873815081827
-23.008108451758396
-23.008378434227637
-23.006775696327228
-23.00883705137076
-23.010161978895184
-23.021051377772686
-23.0117529230529
-23.01145827485898
-23.002262399476578
-22.995020571602236
-22.986037596567474
-22.98257220757906
-22.9908498182332
-22.995963551146524
-22.997200702314963
-22.98723640345009
-22.990121113676736
-22.98763052118272
-22.981517783560466
-22.984975791114135
-22.987387692246237
-22.993995426199803
-22.990863847465388
-22.986066077959
-22.98488240095029
-22.985147008690067
-22.982089502137246
-22.984614656971
-22.980741095763165
-22.98038597491142
-22.9857821567893
-22.98856411639271
-22.98990402207039
-22.99351926089649
-22.995740861582995
-22.98890031429107
-22.989395981771896
-22.98157309808117
-22.986499080166272
-22.981138362138413
-22.974615586148527
-22.972663497405996
-22.97218689220126
-22.974631280715
-22.980145729374705
-22.979841508092967
-22.981512944067923
-22.988164410575376
-22.977301295274877
-22.983144173445496
-22.98064470605173
-22.977613955870353
-22.98028742942374
-22.985321408865396
-22.98696536445676
-22.99228378289363
-22.991891866069754
-22.98988425061549
-22.9842064605182
-22.987860885392873
-22.991109029564637
-22.98833280708057
-22.993114182543557
-23.001947431583666
-23.000113854727104
-23.012172112401746
-23.007221311902324
-23.00533934661759
-23.003759507774998
-23.002087530538603
-23.00515444640455
-23.006333300406205
-22.99922610049858
-23.002194369420806
-23.011592869555674
-23.008148992485484
-23.005545907106313
-22.991166050748575
-22.996300863214785
-22.99521136665963
-22.99700854704803
-23.00173707111959
-23.001704184848595
-23.00934383505426
-23.01058143682073
-23.012207675762856
-23.015323469898224
-23.011378703630438
-22.999633515361086
-23.00376631740711
-23.006162704525558
-23.008938802201303
-23.007000763259878
-22.997859882872984
-23.002106255421307
-22.995529036820354
-23.002016592177426
-22.995087897252887
-22.993698820704832
-22.998830258297538
-23.008182727470217
-23.001742928837846
-23.00004586305969
-22.999620035623362
-23.00573699956598
-23.013790743312097
-22.999613894487787
-22.99299002676625
-22.993149901662232
-22.99427741528811
-22.992967237642006
-22.99867145837332
-22.999993804245563
-22.988706885823586
-22.996633356937647
-22.996053798949358
-22.995969416406762
-22.984995379920104
-22.98211437835054
-22.987979650498072
-22.99248969686186
-22.99717644271222
-22.998051352466625
-23.00114273443802
-22.993519550839373
-22.995329081137523
-22.989160733930436
-22.9867243002527
-22.99326757727374
-22.996269176204965
-22.993584523162724
-22.997203884438438
-22.996241082393656
-22.99614139452303
-22.998111873874716
-22.996372119245727
-22.99102200457755
-23.0006423854348
-22.999482448077625
-22.996093594410446
-22.996210692780803
-22.998795983075983
-23.01008859495577
-23.01715823017114
-23.019532241097576
