-23.102622968562265
-23.096580289930788
-23.10188365225453
-23.091403725102417
-23.084225991086075
-23.08400366441429
-23.079858945182433
-23.07835182500144
-23.073267325129272
-23.077154654430156
-23.077312793993084
-23.070079340161392
-23.07113861070029
-23.074619113328342
-23.081175284594202
-23.07922927490214
-23.068907159580952
-23.067212720534176
-23.069384731811382
-23.07174964419627
-23.070421983574704
-23.06772061717897
-23.073843932182918
-23.074349812002932
-23.063763061267924
-23.06152436781125
-23.060991626800448
-23.067833051260358
-23.07235361256228
-23.075233376969525
-23.07661429654133
-23.076784718193203
-23.07960936930239
-23.084001966545916
-23.09101598739787
-23.0872311746456
-23.082273173540965
-23.083342722917067
-23.07895383330026
-23.077419671880232
-23.07821063413134
-23.075455588852375
-23.080280252575978
-23.071872386222214
-23.070120097542762
-23.07348723227469
-23.074590007630704
-23.07191062445952
-23.073879977040324
-23.082798129490378
-23.073335249033665
-23.06606145443616
-23.065951603972998
-23.061876861059112
-23.052045142787687
-23.047211453176153
-23.049012703266584
-23.055176550381454
-23.054655816568165
-23.054295093310337
-23.050323627683767
-23.04913939565069
-23.058044739799158
-23.06726593924582
-23.06110350378423
-23.054766495489087
-23.05950532969402
-23.05585388917292
-23.051035153798534
-23.045665487856645
-23.045257052357048
-23.0467946246298
-23.045771353061685
-23.035225760760056
-23.03885784426188
-23.04001252707462
-23.035502606116605
-23.034900017797074
-23.034750254954616
-23.038516101047925
-23.039489692298307
-23.04457016973761
-23.047300900876575
-23.050606730845477
-23.040162413317464
-23.039984578897172
-23.04528539534872
-23.044410926806382
-23.04513847300228
-23.04656962590986
-23.053834532298648
-23.058865067648327
-23.048507635727837
-23.05055206881576
-23.051287100847865
-23.044459002724665
-23.047353113110407
-23.04789759527394
-23.04649505648513
-23.054043869874526
-23.05167103415514
-23.059354731750915
-23.05968451622746
-23.0595906216384
-23.06466164402708
-23.05825823770688
-23.055610195252275
-23.056715804027892
-23.05739184281464
-23.058798851222168
-23.057038936966002
-23.051694059936867
-23.050875029878526
-23.0589019188102
-23.055209150393388
-23.05530408675884
-23.061076536900025
-23.061866168980316
-23.050269339707217
-23.046555340655104
-23.04114332224698
-23.03328221426671
-23.03836193763999
-23.038877683947742
-23.040015621406667
-23.03974081204169
-23.038362799288787
-23.049868243625262
-23.04721095242674
-23.05103389200657
-23.053228192264275
-23.053940566283824
-23.053720099567265
-23.052372682992704
-23.05478906551534
-23.054514074516614
-23.06091209224834
-23.05952721292907
-23.058029483226218
-23.055561578889897
-23.050667667579535
-23.048556575350442
-23.05384290723824
-23.06153354393585
-23.06215197903383
-23.052000680695915
-23.05269486814343
-23.052641064222854
-23.04942036874453
-23.04775878072088
-23.045780554636558
-23.041908592083935
-23.04238786685082
-23.04490180104974
-23.043305024996062
-23.049512443538934
-23.05606516321885
-23.051256728664132
-23.049622915346394
-23.042478478563446
-23.040099296758378
-23.038229251016975
-23.03743859446891
-23.039379346522548
-23.045614695941183
-23.04388219210943
-23.041803815146185
-23.04230759911209
-23.04710333921473
-23.047498322783785
-23.05318236363104
-23.053795291588234
-23.042647851369505
-23.050406977864213
-23.05432728712091
-23.05898406123827
-23.056372965486762
-23.051162809508998
-23.052800578657244
-23.051123725232188
-23.057754268818783
-23.058487271546568
-23.062285577867836
-23.053547354590876
-23.049310308291542
-23.055724267523082
-23.060931183112785
-23.065197496440916
-23.062069512952462
-23.059314066588218
-23.05456515443111
-23.059320738752824
-23.06280841581702
-23.05725883134689
-23.058608109470864
-23.05048501632976
-23.046514959446746
-23.052164462903992
-23.048237082945704
-23.05010260736864
-23.05765360486967
-23.057143547359555
-23.05340333267294
-23.046878602845876
-23.046985647217358
-23.04771726617484
-23.050430996018747
-23.048580216775868
-23.04550004536509
-23.0427976258649
-23.037533642228627
-23.032787135702417
-23.041335627569723
-23.03509842127885
-23.033732707647992
-23.03508491598641
-23.038221472161734
-23.038474948537736
-23.040981331291462
-23.034586022108638
-23.032459029465123
-23.03064842243217
-23.03750257042319
-23.036721942660183
-23.0359686917253
-23.03550432123061
-23.03316149189051
-23.040931696242847
-23.04515282188565
-23.051950494729923
-23.060169455903452
-23.057188267715137
-23.054164098765646
-23.05669833975435
-23.053087617966078
-23.051523145389503
-23.046678596433946
-23.050984770101124
-23.054820183562892
-23.047436291216457
-23.047181161231183
-23.045383314432534
-23.053091319465842
-23.05156839368514
-23.044587572145865
-23.04555951347413
-23.04873930577047
-23.04552380923325
-23.044220795610617
-23.04101167630693
-23.04168743979965
-23.042905970077594
-23.032961128468113
-23.027678648773747
-23.032485318791515
-23.026549839117532
-23.025338927652783
-23.02511549695173
-23.02291169469213
-23.02654532114137
-23.03026419838391
-23.032734349764024
-23.0272233649739
-23.032069663904156
-23.038591859325052
-23.044702403204585
-23.044781449528994
-23.043161278998213
-23.04728487681306
-23.049514034579172
-23.042687982020905
-23.04428525430409
-23.049399104964614
-23.051926019097937
-23.046512678540388
-23.047966115923998
-23.0377739482276
-23.034287649269725
-23.03427672996594
-23.032481281930263
-23.035003397632465
-23.03824904341279
-23.040859483918453
-23.037716995098634
-23.029906753859574
-23.031731087388685
-23.034808656575883
-23.03045858382354
-23.031294060958043
-23.038354802159354
-23.043969731933245
-23.038878530657986
-23.04854054920132
-23.042587066632905
-23.038411984202927
-23.037869156172263
-23.04571549097626
-23.04198448483811
-23.048571166393128
-23.05089866763573
-23.046705233363717
-23.05218642262016
-23.047213475632
-23.041761421047774
-23.039664128955405
-23.037844032917963
-23.03531569389393
-23.033069420072234
-23.031195766599488
-23.03282714633309
-23.0360231477521
-23.041145272999835
-23.041563326533105
-23.041665837869562
-23.043953531370832
-23.04140315761223
-23.044332466067836
-23.053791583493478
-23.052181893275822
-23.039777592561823
-23.044376150811836
-23.04255620714394
-23.048712546151666
-23.045046757248407
-23.03691696286936
-23.046548728657417
-23.05984333867049
-23.062552691627086
-23.056575109099366
-23.05504943475429
-23.05539521865568
-23.06350443564668
-23.050978611021126
-23.048463097716475
-23.056821473482433
-23.052865994869627
-23.051973987919023
-23.055889441863737
-23.04338840389604
-23.04465125635865
-23.042431059000986
-23.03579972918997
-23.035495228545106
-23.037517259857644
-23.034985960640967
-23.034712727313625
-23.036201361246206
-23.034761418627053
-23.04376800623206
-23.03706708793933
-23.03337884765381
-23.043125518631193
-23.04017434567415
-23.04562113941409
-23.059118581065487
-23.05984572121579
-23.06232320050502
-23.061881197663652
-23.0641420894686
-23.078820809292033
-23.0823355903724
-23.087421420580903
-23.086510780554885
-23.086061400516833
-23.0746754795328
-23.071128707423348
-23.069790779778028
-23.06333279004993
-23.063934879881486
-23.06726926337925
-23.066935662133787
-23.0682322810552
-23.063239297692053
-23.068006022134675
-23.06489877138665
-23.060651498880244
-23.061216060589825
-23.05614594697575
-23.055648149924146
-23.063364127935092
-23.062771143751974
-23.065307514998253
-23.06162525265823
-23.05840759375173
-23.053521519622123
-23.06285988915296
-23.064854473019977
-23.068383210116064
-23.066451788272147
-23.061570890966813
-23.058914858455687
-23.05571565826485
-23.061691082510052
-23.06232233775389
-23.059367904579847
-23.04971252015799
-23.041681415557644
-23.043084431989453
-23.051318165036243
-23.04409895980683
-23.04498182803121
-23.049234246913457
-23.04384692149066
-23.045291090957534
-23.047446466002796
-23.048752346449206
-23.04294562376773
-23.04170386497655
-23.037451820042378
-23.04615429807103
-23.04377434204885
-23.039705789056434
-23.036961679498877
-23.037028374230857
-23.04218227527181
-23.039897201213183
-23.04046736971402
-23.039688468776415
-23.049756041302157
-23.038349400917614
-23.042933631416094
-23.054173549591567
-23.05520337822355
-23.0502436154633
-23.048649945620696
-23.04409173082209
-23.041595137991
-23.042091642423962
-23.037832658157043
-23.04045702191716
-23.048710350190877
-23.043380265908667
-23.050054156328763
-23.043111668256614
-23.046775435177974
-23.04344758910713
-23.041188043072047
-23.040021372019222
-23.043196364819508
-23.04685846063288
-23.044009994460392
-23.049557103455076
-23.046379607409435
-23.046674779432664
-23.04009873892576
-23.036033311243386
-23.02971170828853
-23.026297658983978
-23.025229723521477
-23.03048249843868
-23.030896689250927
-23.033803488705296
-23.03660036061408
-23.03585619274087
-23.02357191481634
-23.026009005024196
-23.030232498736673
-23.022866584277708
-23.032413185612942
-23.033019968863712
-23.03205340087357
-23.02881762788886
-23.035265865914102
-23.029909282447992
-23.03059742142386
-23.023386414446517
-23.024403957686015
-23.03266352805241
-23.039145046973466
-23.041755981211885
-23.035707664936066
-23.035182971566527
-23.03261704818227
-23.024862732945717
-23.031460729856704
-23.031202872958765
-23.029359671677078
-23.042946469636895
-23.045638995110586
-23.04686815781643
-23.05195141755157
-23.05188561090254
-23.05473125705605
-23.049700913031355
-23.06479840366033
-23.063731486416785
-23.067126436704008
-23.07260925657946
-23.066779186809907
-23.061444051579482
-23.053871981549552
-23.05007367056784
-23.04586350188483
-23.054552051908896
-23.057091557363616
-23.061431581386486
-23.063077980273707
-23.056232189150418
-23.055012263747738
-23.046051363217252
-23.052967974376482
-23.04385526098183
-23.046407193297707
-23.049029769830177
-23.03535906578185
-23.03993748633275
-23.035883069679752
-23.03659059722362
-23.039203059845857
-23.043384700158402
-23.04987137320262
-23.04330863563582
-23.046380848645537
-23.043985200484734
-23.0392492463618
-23.041093378089887
-23.042431861821
-23.046801779365833
-23.05083345897963
-23.048998384188152
-23.053367922011354
-23.047644689995746
-23.044409461280715
-23.04364796954898
-23.037943853023453
-23.03895938248746
-23.037036062528202
-23.039223318607
-23.03416078203105
-23.034612067633535
-23.03924572869475
-23.037385288023252
-23.04307604463339
-23.04348438641206
-23.04737602036964
-23.046881573181086
-23.04771489218396
-23.04581067304481
-23.052460722455965
-23.053334854341305
-23.060250623877725
-23.06590962303785
-23.062965940842254
-23.056637522324102
-23.054508825015805
-23.055357363672613
-23.054563207955862
-23.054776596692832
-23.05863115413795
-23.0557555660195
-23.05798632050387
-23.05542992360551
-23.046946530625597
-23.058957328730408
-23.05046750205565
-23.047703554946967
-23.047947207482267
-23.04195578806693
-23.042353821928092
-23.03836479943067
-23.04010691361096
-23.045912596518832
-23.05134031196881
-23.058633674075026
-23.063977709749736
-23.064039227614792
-23.063708835039915
-23.05919252344135
-23.061332429003475
-23.057307035177697
-23.06495995861505
-23.06473119797918
-23.05892136435496
-23.051516358008637
-23.042890565926005
-23.044146413880128
-23.037953615451713
-23.039641122061028
-23.038994080715124
-23.038986507460095
-23.040697109624205
-23.03914182500524
-23.047604252293688
-23.047480085220226
-23.048533315078124
-23.057778414167174
-23.04713221699356
-23.048227687738304
-23.055869909525697
-23.058177809614644
-23.064848329746585
-23.0594316265467
-23.044710814240005
-23.04753678542727
-23.04543382149621
-23.044294443084265
-23.039213161417198
-23.03604728640052
-23.039612870274308
-23.035631923793567
-23.038290612123898
-23.049651350807537
-23.0465918967457
-23.04674531731686
-23.041234924103
-23.037848751761327
-23.036303399990285
-23.0382417326975
-23.039307885031423
-23.031672107908935
-23.031511894563064
-23.04425307705022
-23.044783240748625
-23.044607110019623
-23.043879354658575
-23.040220043654646
-23.04857109328217
-23.054613852152105
-23.051473352920954
-23.044772077378436
-23.04232963773242
-23.05112394949145
-23.051924321218902
-23.04683932924307
-23.047945571532832
-23.041707479887847
-23.043836896198894
-23.044410045377983
-23.036089614513198
-23.043881578842765
-23.038579939703748
-23.040385319233437
-23.042481195727245
-23.053380225183325
-23.05540416197308
-23.054803928709568
-23.04671213121215
-23.048283965566444
-23.04237977616944
-23.039014905787504
-23.043723858882164
-23.044945723201316
-23.045663805029346
-23.037113970998494
-23.034806145878154
-23.023347734884478
-23.027420121607808
-23.020057952678727
-23.021823188939393
-23.019863526042002
-23.02053473424627
-23.018292199428142
-23.029663977727395
-23.03730590630571
-23.034578255104975
-23.032262960532943
-23.030931223085574
-23.035753194991358
-23.038669705798128
-23.043699236793362
-23.042103087322236
-23.03684429193763
-23.039000615324216
-23.042411862941922
-23.038391577687563
-23.04585025372796
-23.042670829262462
-23.04469374805865
-23.047147756640005
-23.056898096384042
-23.048600767418463
-23.049132998884925
-23.054052952138676
-23.04654781513102
-23.045500176009647
-23.042276725841965
-23.05055251136808
-23.05224893582759
-23.055907242854563
-23.061568934817508
-23.060588105126698
-23.055623500200426
-23.06235995169369
-23.05350651643783
-23.060699849727907
-23.057012045306593
-23.05438125163156
-23.053929353179342
-23.05629681024669
-23.054711343210332
-23.06089395422807
-23.050569948013695
-23.061691383291897
-23.06575831435992
-23.055669276646388
-23.04333593758316
-23.041535630407147
-23.0486556788351
-23.055547790403736
-23.053536075027615
-23.047478592734034
-23.053656846684017
-23.05307555508467
-23.049247767007156
-23.044354963723773
-23.050144521795982
-23.047567270069784
-23.041296242846183
-23.035708525650705
-23.04001059147547
-23.035714601752495
-23.039286653902284
-23.04237932172315
-23.0392930173048
-23.049018088775295
-23.054862897811656
-23.05004961821125
-23.045109194873387
-23.06114508013327
-23.057658442646186
-23.058733480968886
-23.059535609487725
-23.059822393365753
-23.057642065327574
-23.052761803604678
-23.052898126838905
-23.055849363202828
-23.059093904325707
-23.055078623040835
-23.052239881256337
-23.052729551591106
-23.05475517710287
-23.050299915400988
-23.053376028013638
-23.04857204013905
-23.05598463866462
-23.052905367656233
-23.04440156413966
-23.04987167904252
-23.051854689202546
-23.054701637609732
-23.046059749956886
-23.049034147729316
-23.051399384663913
-23.053790199092983
-23.0447891503567
-23.044515996102906
-23.038576248521895
-23.04046133011243
-23.049294402684826
-23.045860351177918
-23.053774058607058
-23.055396272047375
-23.054711630875506
-23.05354720494588
-23.04830951272273
-23.04780402027002
-23.045994697765707
-23.048209366866118
-23.04997060287214
-23.055310012363453
-23.05200052439374
-23.051836386958005
-23.041574194251556
-23.045189447315096
-23.03941214594145
-23.047107110159118
-23.041269849936732
-23.044559093994796
-23.04187911923747
-23.042706858562706
-23.04502555945725
-23.053836609899122
-23.06339709634666
-23.067197223427552
-23.066625381248794
-23.070408409104324
-23.072745608800577
-23.075675004052087
-23.077858178338506
-23.07600286053277
-23.065867938144724
-23.067761172911066
-23.07077709764181
-23.07649338024735
-23.083658488752345
-23.07857127689365
-23.071974373445556
-23.078631028255963
-23.072556731083047
-23.065868118300283
-23.06247731627728
-23.05800779151843
-23.056201100173844
-23.058918173134018
-23.064593864565
-23.07153917335766
-23.074347259139287
-23.07441967576746
-23.0790092892882
-23.076574907088588
-23.073339034059607
-23.085075057406844
-23.08098770181382
-23.09017271309942
-23.08892292821276
-23.08502118985088
-23.083609807395796
-23.08033727027909
-23.07489687395235
-23.07015668909874
-23.066717651789105
-23.065053019649152
-23.056137246047406
-23.056379639523513
-23.056055680730246
-23.067582249316036
-23.063946751989
-23.052247958507717
-23.061126202882786
-23.065216679368806
-23.062578150093728
-23.06227606908396
-23.06333415421654
-23.053923567929957
-23.05811799929429
-23.053626882385412
-23.057762397026398
-23.05358876450452
-23.056989556444844
-23.055903049219797
-23.057890174322267
-23.060845981228333
-23.064755820811794
-23.056305955855564
-23.061423317554787
-23.063111467503255
-23.064784570640814
-23.076030259887897
-23.08027726465715
-23.08160772598199
-23.069723242906385
-23.07050250775054
-23.07178629065581
-23.06364925255518
-23.060004408802815
-23.06561437659961
-23.056841219195622
-23.057619657951598
-23.052463075317117
-23.04762603208323
-23.04973550286985
-23.06242544268438
-23.054307876034564
-23.053176351077056
-23.05235124549568
-23.05045624854251
-23.044934307674506
-23.047102367678615
-23.054753005314005
-23.05085092799453
-23.045133846242415
-23.041498552584017
-23.040924895047734
-23.042232539683308
-23.042397570525214
-23.040340738508185
-23.044419498562977
-23.047062849980477
-23.055994118361138
-23.05695681177518
-23.062465130229924
-23.05728605370064
-23.05895331228319
-23.053684345521276
-23.055310560927996
-23.04285571227902
-23.043145606928945
-23.047409272573642
-23.053943360605324
-23.05913495637823
-23.05674396872441
-23.059240060052872
-23.05758033792602
-23.05186884615491
-23.053364808409693
-23.056317332375055
-23.062418261694354
-23.05963852515276
-23.061194617666352
-23.05456938663558
-23.052979683532538
-23.05428214733733
-23.047326844236157
-23.04489319092525
-23.047367377504834
-23.047607594850877
-23.05023636551393
-23.050893614245403
-23.05142683917523
-23.04989906505936
-23.048577411349257
-23.049981660224915
-23.05878978305652
-23.056344817294523
-23.05302376389605
-23.047485771705155
-23.04207179110055
-23.04278590946141
-23.042409465619855
-23.052802182522733
-23.055328105889213
-23.0630113781752
-23.06434154776822
-23.06683674410333
-23.07761446723648
-23.076172813000895
-23.079873496194182
-23.089298297078017
-23.094204621470425
-23.087416978156842
-23.081084557669282
-23.086798764997845
-23.08390268056854
-23.07738341140824
-23.072500348160627
-23.067927585918774
-23.062813337431546
-23.057945045097817
-23.05456060647719
-23.047319293467545
-23.045303128124644
-23.051596619079934
-23.058617422894404
-23.054357302896932
-23.051102700281668
-23.048622156659444
-23.041843631508687
-23.03864507539357
-23.03557520862674
-23.035797361994597
-23.039513298396894
-23.037031709157514
-23.03686051136497
-23.039900771673665
-23.04589684913222
-23.038320285745748
-23.041801964407288
-23.04337464964242
-23.036852750306927
-23.034055967595457
-23.034420921170632
-23.027342863749915
-23.031151640251277
-23.038618933298675
-23.03806467935067
-23.045153368582493
-23.042638049984415
-23.044273230289715
-23.049853031746693
-23.04987315498275
-23.049814590017245
-23.046876627963933
-23.050836190853317
-23.055345135056527
-23.06288539156103
-23.0581406525986
-23.054581841342124
-23.061090823817853
-23.065835683099163
-23.057990090864166
-23.05599361993516
-23.05547003786539
-23.05172509077571
-23.04848965334937
-23.05682007756385
-23.05747141394488
-23.060646011710645
-23.066222677498153
-23.07002935297011
-23.064227876711602
-23.06130280904698
-23.062410409147223
-23.063155747410974
-23.075655673227956
-23.077887633753303
-23.071258180668412
-23.065907817196276
-23.06361548160322
-23.063884676924463
-23.057273035352694
-23.046374676368124
-23.05365979623684
-23.05581102150618
-23.06356263668686
-23.064333848047294
-23.061021111255556
-23.067181815253573
-23.072039871356786
-23.0733259751771
-23.063727010142962
