44.0
43.904997106958426
43.80635692888444
43.700063238168816
43.586363303134554
43.45964086110437
43.32481030802694
43.15872619893334
42.990433645393246
42.81143641499813
42.615416650969664
42.40535204562745
42.16951442405951
41.91391415687528
41.63626385876651
41.335127009624976
41.000163365972305
40.631736752478965
40.235671040748656
39.81206723943071
39.36407600750221
38.894137317936554
38.36748593587347
37.80119051702674
37.189343071857756
36.55671229013389
35.88100030315926
35.13472721025213
34.375848893037976
33.569410510763966
32.71495842428407
31.807358057538544
30.87432385638252
29.896539693037262
28.896278425264942
27.865780462024272
26.76373480216888
25.665767590677476
24.505092633309108
23.299795970184128
22.100334745986224
20.90547299771164
19.694163311456965
18.440896257068555
17.19907436351148
15.953753682247292
14.700259965750414
13.42873600992623
12.197832557420083
10.968207582788786
9.727857074701719
8.551386361563031
7.366981453964449
6.25313346988289
5.144923010983823
4.061117795206926
3.0206349523532974
1.994560373686199
1.0037291025703767
0.05450846944782557
-0.8496374593680059
-1.7215281907377886
-2.583291256018701
-3.3879966137669366
-4.162581950692235
-4.865310613972262
-5.578664576970168
-6.238498460436079
-6.84907407042259
-7.434843747508352
-7.998803336735494
-8.551226119338613
-9.069079613837372
-9.556288359139462
-10.000159495117707
-10.437170217928045
-10.861754487734178
-11.254226707290647
-11.611873166570296
-11.975681509494068
-12.305673496328652
-12.600085819274424
-12.882501468306433
-13.151728242973023
-13.408199424752542
-13.648434110912362
-13.868815044158067
-14.102195296652827
-14.316282832226145
-14.515690173914225
-14.707345838213133
-14.885217507126596
-15.05530276391514
-15.206896931036212
-15.350772699911223
-15.492447155937489
-15.629117898004214
-15.750271944708047
-15.871226191270125
-15.993645342757935
-16.10725534679833
-16.213671214411907
-16.314425378945952
-16.414857236048746
-16.5146662765597
-16.60826572325135
-16.68873283010489
-16.765703691144502
-16.846461531839132
-16.93059858536867
-17.013632879562863
-17.07960184915443
-17.14161762738643
-17.20427426128466
-17.27018152086274
-17.322244716380037
-17.377047094535524
-17.43800228806873
-17.49049566355574
-17.54723054636971
-17.59600004766017
-17.650111220489546
-17.6964543400118
-17.741651879155604
-17.785816541426374
-17.83319911117357
-17.883190033776568
-17.923361994249536
-17.968644745778253
-18.009548174378494
-18.046631355399622
-18.078490783626
-18.110518874534073
-18.145921485430435
-18.184487218447792
-18.218583692849304
-18.253983132301958
-18.28781792586102
-18.322998423071404
-18.355443112049464
-18.386463208570127
-18.411676437798434
-18.442470526141566
-18.469862344345092
-18.497323794522753
-18.51978488031236
-18.54260729312139
-18.56669479059959
-18.603575919465616
-18.634310379426168
-18.651173336184943
-18.68371370606734
-18.711508672907303
-18.742200793836655
-18.762801243502278
-18.780898210566317
-18.81315995016916
-18.82651534163689
-18.841859025028384
-18.86653883145988
-18.887223256453805
-18.903190069105456
-18.921245834749115
-18.94196631959676
-18.96469991104925
-18.984741860772587
-19.005632146121332
-19.024837722698418
-19.050337730801257
-19.073311546696885
-19.090798932560414
-19.105981365910363
-19.12049763852154
-19.141842524315354
-19.162277438919308
-19.173647838946547
-19.194234613044323
-19.218521204643224
-19.233800943517263
-19.247462194250556
-19.26447704282006
-19.286245037197723
-19.309994781718725
-19.32218642744838
-19.341899128253704
-19.356206185052955
-19.375419265551248
-19.389490476528287
-19.408477072808594
-19.42156697266886
-19.437262313012702
-19.45403457116033
-19.47257050352665
-19.481605027106458
-19.49739507652933
-19.508494171333965
-19.51962202051434
-19.533830270161992
-19.545939273529044
-19.55736784683573
-19.57834155544199
-19.595667343828197
-19.61327321320266
-19.634019455641052
-19.649504462821863
-19.66605086590248
-19.67664497323527
-19.684565643227565
-19.69359418266851
-19.70009763654994
-19.709105245355904
-19.718517197442154
-19.730309780093165
-19.74461170897207
-19.757118394957693
-19.76887094786227
-19.789148203870162
-19.80132321612101
-19.806024212913513
-19.8161094528155
-19.829596104612097
-19.84805166540976
-19.86239973568894
-19.88086678403053
-19.891833749583917
-19.902109420435174
-19.917953015342373
-19.930803938727273
-19.94075933655586
-19.952797319363924
-19.962059427001574
-19.973695422993917
-19.9821761962824
-19.99241511162066
-20.00622499608481
-20.018960844094188
-20.030639927869984
-20.035920589911044
-20.043299055326564
-20.04606502519592
-20.05792434744008
-20.06496024042237
-20.074480355237927
-20.086244763492903
-20.092242991092032
-20.106306136875073
-20.116495084337775
-20.12547859355604
-20.135904708286926
-20.145496666586823
-20.155865652043147
-20.16710046594333
-20.178062771502358
-20.193122822492178
-20.203092628106635
-20.215671752384992
-20.22546508018988
-20.23577523030984
-20.24310369169483
-20.24985009041829
-20.251574714404565
-20.255117722112146
-20.261271991273112
-20.271449637564512
-20.277138611909205
-20.282993035086953
-20.29292694273599
-20.304327399017993
-20.318848887474367
-20.32920706829553
-20.339484711038914
-20.346307546333474
-20.354976442018526
-20.358965769082737
-20.36578423607641
-20.375698321525803
-20.379599324643436
-20.386373131550904
-20.39514547509046
-20.407337244949204
-20.414894955856077
-20.426102535825052
-20.438467959939832
-20.4479038680575
-20.45845118087668
-20.470228841256368
-20.476542268563716
-20.485483739543533
-20.493391586065524
-20.49884278160562
-20.504536582632415
-20.513340746600118
-20.521057677790413
-20.5281336895616
-20.53447948721024
-20.53951673447414
-20.54995469784726
-20.559996306842283
-20.571088567330403
-20.58223435245155
-20.59590443196687
-20.603998548418442
-20.609708252615892
-20.616883677619324
-20.63001162678048
-20.64001079421564
-20.643087315379738
-20.650891041680683
-20.664755993758146
-20.67826000395073
-20.68716744532599
-20.694028335334508
-20.697251690477042
-20.711209980427284
-20.715642931394658
-20.724106744794728
-20.730019584300997
-20.737102340646818
-20.74330675192233
-20.749650065031073
-20.75368757459578
-20.769204491410953
-20.77802130289471
-20.78722429683315
-20.796222819768264
-20.8114146441545
-20.817127716291687
-20.826638745840093
-20.82969075793385
-20.8383815727806
-20.84933513807221
-20.855439024810106
-20.860336796543073
-20.868825241097333
-20.877952035751036
-20.89000877592058
-20.898749485624176
-20.907852766106497
-20.91057684061516
-20.91848678610362
-20.92623442773556
-20.937324333686664
-20.950597717900614
-20.956245544825578
-20.9655979105983
-20.968814106179984
-20.97460182202164
-20.976314279501956
-20.981708627951324
-20.987286540299092
-20.992929386197243
-20.995344124652345
-20.994690745532242
-20.9987667897137
-21.00385552753414
-21.0126608462056
-21.01961253151213
-21.025209148659254
-21.03241977888874
-21.041389354543764
-21.04549747487934
-21.048280889873027
-21.061795552135212
-21.066083823733074
-21.074774915136707
-21.08068742016056
-21.09249827688786
-21.09826141683824
-21.106465646229594
-21.112195844546697
-21.128358355818328
-21.134932296413336
-21.144157875166567
-21.150706764339436
-21.1576454996446
-21.1628280857399
-21.169378925706027
-21.17155958615248
-21.17447990182196
-21.1847340736078
-21.19519700377952
-21.207661688565537
-21.21479924659407
-21.223537973834244
-21.23265371294632
-21.240293637339796
-21.248011801387985
-21.256008879741454
-21.26532836167059
-21.27284068398025
-21.280810846553177
-21.288034477226994
-21.299421942774284
-21.307717887130753
-21.318206490555056
-21.330736362032898
-21.338109802267645
-21.334198492633664
-21.340492609380846
-21.34416801038042
-21.347609755197293
-21.348698916815714
-21.35355762761459
-21.361658591585442
-21.3661991516984
-21.372881069668775
-21.38333645021663
-21.388319109822557
-21.395679290139938
-21.403590469181832
-21.41213180951614
-21.417611008617364
-21.426521203525763
-21.42974394057583
-21.4302511763968
-21.43887131362893
-21.43661040798301
-21.443432436060903
-21.44829745755229
-21.453027530386656
-21.46250822746796
-21.463137249108808
-21.473657530243056
-21.481663444530554
-21.485648838347775
-21.495191704847958
-21.49838355831503
-21.51238363340128
-21.522690445750914
-21.528643182208047
-21.536559084903477
-21.540493049144604
-21.549263440253082
-21.561872097753632
-21.570979555670732
-21.58046726372756
-21.58188631576083
-21.57824364617078
-21.585380765468415
-21.596789410503384
-21.606233665510885
-21.6100803125252
-21.618643985093573
-21.62917031817437
-21.636062707485504
-21.645395416918767
-21.652363806781604
-21.66324402866351
-21.670089738231834
-21.674075519517597
-21.67386467308401
-21.678227249181216
-21.685154628058903
-21.6952933181569
-21.694002500509857
-21.701576021799482
-21.708760545816403
-21.71811108392934
-21.719214221669134
-21.729118260692882
-21.7385292570479
-21.741893811348426
-21.7462220518826
-21.753560807757474
-21.763060875656244
-21.767743337822793
-21.774352921260903
-21.78139694633716
-21.781200824141422
-21.785697996320877
-21.787498648234873
-21.791226351274695
-21.79662732527334
-21.800422446029884
-21.808953355264254
-21.817763725177524
-21.82800069973576
-21.830445036561095
-21.82834823213981
-21.83229693029177
-21.840311370450422
-21.841867422636692
-21.844067445101523
-21.846200431864926
-21.850867715395168
-21.858562083269238
-21.8610246081553
-21.865367045466844
-21.87010555364218
-21.8766936047056
-21.88708998225093
-21.89684665535
-21.903576545800263
-21.902253647914378
-21.910918317946688
-21.918942777048063
-21.923448701684848
-21.928638134857916
-21.93581116636048
-21.942496692500452
-21.94784693720554
-21.95478351246223
-21.96168852790885
-21.96810156925619
-21.97686301323272
-21.984339412821917
-21.989538614964715
-21.990986202924233
-21.991672628542954
-21.997283358846765
-22.003264593407224
-22.008631564150544
-22.007945320713375
-22.00746692278275
-22.01904838417118
-22.025099303004467
-22.026837808110603
-22.031829632457388
-22.03771867195205
-22.04819767186923
-22.05162821102243
-22.05542814078493
-22.056349145136995
-22.060558114021056
-22.066089974620805
-22.068455298708063
-22.07327854734372
-22.073889224773904
-22.079106164386097
-22.077943742781265
-22.081438031422415
-22.082383173706518
-22.087903205504528
-22.097026217460773
-22.10444989271764
-22.10605915740455
-22.11345791507199
-22.11576214261782
-22.1242819706433
-22.12474968603961
-22.12818800828733
-22.131235302811422
-22.13726040244984
-22.133846966308788
-22.140570066631877
-22.13823263418033
-22.140320788359507
-22.148155769547515
-22.153206769465577
-22.158317520784994
-22.168795857536775
-22.17784677618973
-22.186737499886025
-22.184710883115734
-22.187995848575866
-22.193419600838915
-22.19150132515374
-22.19754828532754
-22.203725852016216
-22.202828306015295
-22.20350048102771
-22.20427469585872
-22.207055352578813
-22.20819412944675
-22.214759461561748
-22.220656851296795
-22.227921844877425
-22.23427285910003
-22.233428859698435
-22.237063309823384
-22.24755726427482
-22.252096890284616
-22.255089583343832
-22.25672639888625
-22.262843812092306
-22.272349045662285
-22.27542545545579
-22.274591981883354
-22.279042438475305
-22.28247595405993
-22.28441171155007
-22.28979101320888
-22.28900804036268
-22.300209741795516
-22.306420938136135
-22.317855142883108
-22.32374803288465
-22.328008406230325
-22.330660402175535
-22.332651914836433
-22.33529117233438
-22.339099847108766
-22.344806986601228
-22.349921294346775
-22.351974636361412
-22.351676623914663
-22.34809849131455
-22.349681320289147
-22.3536734012256
-22.360490088685967
-22.36582382679924
-22.36745138004212
-22.3663527879685
-22.36498603205583
-22.36991638981204
-22.37116388651039
-22.372746418148726
-22.37113848277102
-22.37587805852084
-22.37769524902243
-22.385500552143004
-22.3944157836451
-22.399872743781508
-22.40333551642064
-22.411590901039997
-22.417270906073515
-22.419329580346965
-22.421775883199007
-22.425048455754602
-22.430165061617195
-22.434486160442457
-22.440686558006355
-22.448275403225818
-22.452791491202575
-22.463708892147068
-22.465966473712484
-22.470407697688632
-22.48255647623341
-22.48106866924274
-22.486035480433607
-22.49204803481344
-22.494326398684443
-22.49761746662775
-22.502212097115343
-22.505164208023064
-22.508511155377953
-22.512769563350016
-22.51784916801627
-22.51921036732033
-22.523742649666858
-22.530293575158055
-22.532380046101654
-22.53944632511076
-22.53457121784475
-22.5351324019596
-22.53174629078513
-22.537293281886036
-22.545665584055026
-22.550309284860425
-22.555777632211054
-22.563279600805146
-22.57290771605895
-22.57368422167283
-22.578684977917618
-22.582152891983174
-22.584353543411964
-22.585595730979588
-22.590306363037158
-22.593405348680157
-22.592069924560242
-22.59692906597769
-22.604523155355473
-22.606481654924448
-22.61045112591036
-22.612220741798367
-22.614253637121106
-22.619554248187416
-22.61794352865952
-22.619471306735274
-22.622786698451918
-22.626553373577345
-22.632760873097926
-22.635597641747612
-22.636782627426758
-22.640700408369863
-22.646058300713662
-22.650725558238936
-22.65829944574665
-22.6555598063318
-22.6622396267275
-22.670189088317738
-22.676305692405762
-22.677423662763992
-22.681083159766132
-22.680825079800925
-22.68344882778163
-22.68346604598497
-22.67939718806813
-22.675788576492725
-22.679325079165285
-22.680946768782228
-22.68340432909968
-22.68415876696875
-22.68510480126794
-22.680542735599197
-22.68373454054903
-22.68667070393022
-22.69634284652579
-22.69896113731989
-22.698506582670824
-22.697048560482457
-22.70082596108746
-22.703833397309683
-22.70980108613733
-22.712718215649744
-22.712571620849655
-22.71261033514507
-22.719040299748666
-22.718716221329185
-22.722225340049963
-22.718577750055285
-22.722994671325402
-22.718976024901487
-22.721005795962764
-22.72293117064872
-22.722019487506408
-22.721769626189342
-22.723375328232976
-22.7214035922697
-22.72057817681176
-22.723620184785247
-22.726312498892533
-22.72795314015689
-22.730911701858737
-22.7319305750017
-22.730507914279684
-22.728195070600243
-22.732227699721637
-22.733281149831686
-22.736745452845174
-22.737550142057252
-22.73831895021061
-22.74241557330554
-22.741142563035293
-22.74946754742874
-22.753813670264634
-22.752832870504296
-22.755885312095586
-22.75383528016796
-22.760412851147663
-22.763325915539006
-22.769295320616713
-22.768133185525173
-22.76975100671878
-22.770891755700294
-22.773855210609565
-22.77429369778393
-22.77311235437515
-22.77678893341741
-22.7786214748256
-22.784676892283226
-22.78126462451706
-22.786124109654963
-22.78277698489916
-22.782746002987732
-22.785746688865462
-22.787245395205233
-22.79214042531317
-22.796529595558113
-22.796697739090003
-22.797205318112344
-22.79509327512535
-22.797001125519365
-22.80275049827807
-22.803911756250994
-22.805245502574564
-22.80874053956827
-22.808364734598765
-22.812397428538045
-22.817839469030112
-22.82051468498785
-22.826430527665966
-22.83076105186219
-22.837545883635766
-22.840130647309557
-22.83374347841879
-22.841234501914265
-22.84130171967365
-22.84033035896325
-22.843123447007848
-22.841214749151316
-22.84615937341396
-22.837966196032728
-22.844960602334698
-22.849272311573614
-22.84842966521538
-22.843426767928214
-22.84847449805819
-22.851968482585303
-22.84888507704453
-22.8518445202989
-22.856219998191328
-22.859458206257575
-22.856105046846846
-22.861929888864648
-22.86070427669151
-22.869382602816632
-22.873848548812415
-22.87266845467099
-22.877607365628286
-22.8834402158546
-22.88894254343965
-22.886750879557486
-22.886537697513603
-22.88183030042865
-22.888232000131207
-22.885831241628825
-22.891894761163908
-22.885719249902728
-22.887921472233426
-22.891267994807304
-22.88620883467667
-22.890365327733203
-22.89579813436485
-22.88743734075879
-22.885543557761686
-22.88911586314148
-22.885140930621297
-22.88718617023992
-22.890891124959428
-22.88969108716796
-22.88985183248111
-22.890825501060718
-22.89662539440536
-22.896351386111807
-22.90067255178708
-22.901162476645705
-22.90050079329879
-22.90585347930396
-22.906375436525508
-22.906214365303562
-22.90705537379221
-22.911645437066632
-22.915601776930686
-22.9169908843531
-22.920393832867823
-22.923508640744213
-22.925416435703994
-22.925567038462408
-22.92878143913151
-22.93095677325102
-22.93040634953651
-22.93323984404101
-22.934478089317025
-22.93339836971765
-22.934329990526447
-22.938205313488446
-22.935789448402343
-22.943676628858015
-22.942790583188795
-22.947263825608857
-22.94387406923427
-22.94062292200187
-22.934024441287725
-22.93777090547617
-22.943881676578226
-22.94384589118307
-22.939418025523324
-22.941794863466946
-22.94793209676523
-22.947210029161393
-22.940093898372975
-22.940982596609654
-22.94382258598463
-22.94148375851842
-22.93806579028287
-22.939933247694903
-22.94551124459289
-22.940827984710037
-22.938051294412645
-22.93937253570111
-22.94227853104616
-22.937325669253084
-22.934223232213977
-22.935082086134102
-22.932067887978512
-22.93008286245656
-22.93010826018198
-22.931690318485426
-22.927775730562686
-22.933651131616944
-22.938769380212513
-22.93907630030586
-22.937410234222398
-22.936189591890948
-22.936150536906567
-22.936614178201847
-22.93620751923952
-22.939694846848614
-22.939643784200268
-22.944419706675188
-22.946390476464767
-22.94766913661901
-22.945709340323813
-22.944058973081432
-22.94393539127815
-22.94149704316848
-22.939373648232948
-22.946200843423163
-22.945519986050915
-22.942924089234072
-22.95217341013486
-22.952116460061507
-22.953167749739954
-22.952697997882268
-22.957563947953563
-22.950216700320336
-22.949713359582006
-22.9494130267647
-22.943941366689092
-22.95120044525544
-22.955992267592233
-22.956024631307013
-22.95298524244977
-22.95155877069072
-22.95053307686771
-22.95191347949024
-22.950748962565907
-22.95081308214269
-22.956458413179345
-22.96343164656948
-22.962541897260984
-22.963358778368296
-22.960561317972992
-22.96540368255503
-22.964779747021012
-22.968141036765086
-22.96771048054882
-22.97111385735461
-22.97358934800125
-22.975298136712947
-22.977622314858465
-22.979866657616064
-22.977235522332514
-22.977864814987207
-22.978139715456653
-22.977679752794057
-22.982968892351483
-22.983182545247764
-22.988698751950658
-22.986893782618875
-22.988717035696506
-22.99287654293093
-22.99162536291047
-22.992220834692194
-22.99818055872813
-22.9973622302986
-22.999496309030917
-22.99501981671047
-22.991155838110434
-22.993280964079503
-22.99161933086405
-22.995237655846655
-22.999109788129008
-22.999672873306213
-23.002071450232553
-23.00032449036735
-23.00253110614834
-23.002603990362136
-23.00407363930082
-23.006932236794075
-23.01022510908568
-23.01129092064195
-23.007527825773177
-23.008323900049973
-23.00654215965962
-23.006822352489042
-23.01377348014273
-23.011876393350974
-23.014764502934604
-23.011151739814988
-23.01484625853305
-23.0108484532166
-23.01620858831237
-23.01346983695897
-23.009222407177525
-23.010395884067844
-23.01152962184182
-23.010993862026574
-23.00954885914254
-23.01061993654099
-23.007149426075696
-23.003912341439268
-23.004868993949454
-23.002797812479535
-23.007107566853506
-22.99995243741634
-23.001634116357586
-23.001251459579027
-22.99986074771363
-22.99977399254769
-23.0032454050352
-23.006609936923958
-23.009055284097215
-23.01009833895269
-23.01031615943108
-23.009831190932182
-23.00642524638102
-23.003791534022145
-23.001943801040973
-23.000935395454736
-23.00252755497018
-23.001873196881277
-23.002028737057056
-23.003692394285007
-23.00714541781963
-23.014120113043102
-23.011734194305376
-23.01082212878101
-23.012598076240664
-23.00870177228234
-23.00843594585239
-23.01321635690644
-23.01291274731771
-23.01651606310782
-23.01573018271767
-23.01412525550781
-23.01961580037241
-23.017023759245166
-23.012037867958192
-23.009368238202228
-23.006262595841694
-23.006982072418047
-23.00528201715873
-23.00745101523438
-23.00533600105618
-23.012052827950985
-23.008500833570384
-23.009791515381107
-23.00761144249539
-23.00579153397199
-23.009844907225695
-23.008005993166865
-23.009030122280635
-23.011507832638078
-23.00933462730521
-23.01271089050213
-23.01014643944912
-23.012845667470682
-23.015548914508255
-23.013087975199
-23.01207210052534
-23.013109309123767
-23.01487957079008
-23.01469836215429
-23.011883050304164
-23.01202491014937
-23.01124235923755
-23.01540226587318
-23.009822413901144
-23.00334849019771
-23.00659859411362
-23.00240319826987
-23.00077108169904
-23.000000282533062
-23.001241330932444
-22.997157283621274
-23.00345208725489
-23.006616068795005
-23.00545782881703
-23.002622104229317
-22.998534871801425
-22.999863498963194
-22.998182949449813
-23.002018245720777
-23.00386573324343
-23.00454242870874
-23.012462121566013
-23.017646899433466
-23.016401905172287
-23.011957244123693
-23.008105720282373
-23.00236544567631
-23.002297295973428
-22.999757390345813
-23.002279145944843
-23.001496787435563
-22.99691074946274
-22.998897994450633
-22.99900888984176
-23.004895780646542
-23.00061109563807
-23.001334373247264
-22.995219943367786
-22.99807937369803
-23.000901036695005
-23.00312571436693
-23.00554619090061
-23.0062305444123
-23.00752979862919
-23.009162380750375
-23.01506607600281
-23.02380406303367
-23.024230280775488
-23.018898494784214
-23.019519882239276
-23.01531708699485
-23.018313308727297
-23.019944508261858
-23.017734733548203
-23.021914017052122
-23.010901197272982
-23.011151951857272
-23.013043637646117
-23.01493448081513
-23.01418118620549
-23.009635710192452
-23.00673888103639
-23.008327261295534
-23.009432090995247
-23.007130476021874
-23.006459996767642
-23.007985395071156
-23.005790342866202
-23.0070034241811
-23.014925054147994
-23.01609029798382
-23.016888715767063
-23.017702915804296
-23.022988382435177
-23.025593906971988
-23.018505946884964
-23.012984365537477
-23.014340191772252
-23.016627770607176
-23.017420815576113
-23.012900731847544
-23.013659749186562
-23.017957676236264
-23.014433548406043
-23.011714744235512
-23.011004871418006
-23.014546812161836
-23.017783157311854
-23.012727386932003
-23.012965456259366
-23.009995980995473
-23.010643477687566
-23.00797839652049
-23.015465547500348
-23.017583542632018
-23.01606471847608
-23.012671156879513
-23.018401717748304
-23.01946143264633
-23.021172504740353
-23.03074148704342
-23.031243680099045
-23.03563788267662
-23.029311473949075
-23.02401998447468
-23.017375654184537
-23.017084380795374
-23.01490884566506
-23.01572092339721
-23.016256925437485
-23.016394151014094
-23.0194838798473
-23.020603978579988
-23.029863493462607
-23.031842748469604
-23.032635861892068
-23.03606444240095
-23.035829403276452
-23.034031739367375
-23.031121879897977
-23.02591372451155
-23.022426879433773
-23.02023162086374
-23.020915640822043
-23.028235052276944
-23.031883825388192
-23.032229430375775
-23.032735873941316
-23.03326614300715
-23.03509448609215
-23.035984554608522
-23.037400702478074
-23.04397099790888
-23.046149691161425
-23.041762040383368
-23.0403420146731
-23.042490525942487
-23.04253484268474
-23.04316904411002
-23.04528450422475
-23.03949511345685
-23.040354867251708
-23.048321770285586
-23.043544967970544
-23.039016786223833
-23.042486012003497
-23.042364838368123
-23.033035251916047
-23.029660990614392
-23.033726684867883
-23.031698606762216
-23.032859980866043
-23.035360692533807
-23.040012431892848
-23.037895403631822
-23.042046205136256
-23.04546538097404
-23.047561535669086
-23.048826318292083
-23.045958393244135
-23.047022593404133
-23.04858954286681
-23.048497203304848
-23.049499537628876
-23.053424491560015
-23.053868511724147
-23.059583757906115
-23.058295258356992
-23.058797742169688
-23.054924712596
-23.05263361905749
-23.04692313566528
-23.046766147015713
-23.049394188056244
-23.055724294721482
-23.05483983264962
-23.054817362849164
-23.05728392561819
-23.055037988668822
-23.059591294077048
-23.049828690071262
-23.048637084127318
-23.052641633145655
-23.05096008962596
-23.049777550476442
-23.054139432599115
-23.05586725921528
-23.0580292267008
-23.058895621024792
-23.054336598821983
-23.057381856461895
-23.05622122745946
-23.058464300939846
-23.052595936486057
-23.052004252003236
-23.052304319749357
-23.05166902054954
-23.050467792640536
-23.054807102495566
-23.0561384036598
-23.05872958695165
-23.056690180211262
-23.056964540670226
-23.05603681960816
-23.05291146092566
-23.04993514786737
-23.04623318892081
-23.0475038257922
-23.041543155828982
-23.043547791187937
-23.036232945349965
-23.042935500296313
-23.046183151236455
-23.050952605825277
-23.056683419457826
-23.0555042423117
-23.054810505557096
-23.049319692948178
-23.050598427614627
-23.04004406612223
-23.041832167019066
-23.037029177921923
-23.03595366345965
-23.036216266109182
-23.03728326158126
-23.034732352819567
-23.039406456986146
-23.04191258024519
-23.037166103613853
-23.033145616447968
-23.03742303753956
-23.041732819471996
-23.044975001835724
-23.04282057226928
-23.03955919663579
-23.040271536171
-23.043240655016884
-23.051330100287934
-23.04556658618948
-23.0455300448087
-23.041230022865484
-23.040793515307783
-23.042591217939464
-23.042421032062155
-23.040530184672292
-23.04509681806723
-23.040694832065494
-23.04501911973391
-23.042649803270223
-23.04156769134103
-23.04579599792557
-23.042083648513646
-23.043244449446618
-23.04477092843639
-23.044985684938784
-23.05001087403184
-23.04980205900685
-23.04830199194076
-23.0541211104301
-23.059722520741147
-23.05806834388965
-23.059005967199305
-23.062033265251348
-23.06350332564306
-23.063336565315723
-23.068078391237574
-23.063930239426224
-23.062727511823454
-23.055678390727458
-23.05602747469526
-23.05763793366185
-23.052874452258976
-23.055275493136538
-23.057933627369064
-23.06004063379835
-23.05484787785629
-23.05182515128858
-23.05530254021829
-23.057910847722077
-23.05434518668584
-23.046548182084354
-23.041943360167732
-23.04427799179274
-23.041436210802136
-23.04344699804124
-23.043251344993568
-23.043759305209903
-23.045145974829648
-23.040842587889188
-23.040871662965962
-23.035439732139285
-23.035500956200025
-23.035600669637557
-23.031548556688463
-23.03303021879693
-23.025506244985316
-23.02473864273383
-23.02126521533767
-23.019186051058632
-23.016719447451187
-23.01517157453445
-23.01611461793772
-23.015296089722888
-23.01467102372659
-23.01612006330318
-23.020127427988893
-23.02452466626384
-23.021608888435114
-23.021142006013754
-23.029125089580855
-23.031131465728382
-23.026482147534765
-23.03316297187295
-23.02927388490602
-23.03459772779224
-23.03370800665428
-23.03372233661121
-23.035560753730746
-23.034733144989783
-23.028726112805177
-23.03170719015654
-23.033168611169877
-23.03174743455695
-23.032098697922187
-23.030545673840823
-23.02813159262379
-23.030117335068464
-23.03280304580754
-23.032296227509345
-23.03170999411808
-23.035016345631874
-23.03247847183967
-23.034723751137342
-23.039321346114168
-23.042123016026455
-23.04939771718998
-23.051655112064285
-23.051977940227708
-23.051627637635164
-23.05330784414065
-23.049509239260683
-23.047531557313985
-23.050659647433335
-23.05076570465738
-23.047854462159638
-23.054921618351127
-23.054526200286453
-23.052403040477788
-23.053506816019
-23.054775526006352
-23.053430804872196
-23.05282625320879
-23.045577751251408
-23.039429820984964
-23.044251730097905
-23.046203855649576
-23.0520184406305
-23.051411352439665
-23.050917954994095
-23.04954384486327
-23.05415593442599
-23.052650894518568
-23.05313502748424
-23.053962647807356
-23.051202456347315
-23.053489665914082
-23.043288789231067
-23.044089600850537
-23.041036079157408
-23.03770340283423
-23.034218750069513
-23.029555905783845
-23.019898006848816
-23.024735492227986
-23.027193866737623
-23.032348962555222
-23.031179829184627
-23.03454251536501
-23.033386345904407
-23.035516026029214
-23.034343242417425
-23.03911324577679
-23.04038195935306
-23.03821133703564
-23.03378866869215
-23.03203828814851
-23.026872422662144
-23.02317329162143
-23.022806164846433
-23.025623393642398
-23.02724731029744
-23.02840040409361
-23.026386523565343
-23.02547042959411
-23.02898426537808
-23.03475251435031
-23.040970039258465
-23.040501979724322
-23.04434987170127
-23.042678871681847
-23.045071036337102
-23.04494269809335
-23.045858495034107
-23.049936397896957
-23.047486593758297
-23.04936759072566
-23.05406491273384
-23.049953876986837
-23.049122014565054
-23.05019184837
-23.045666452659116
-23.044255283416952
-23.038690681548545
-23.043581978326294
-23.04745984851757
-23.046228283684897
-23.04858107353282
-23.048870577721853
-23.050836033352994
-23.053288875500193
-23.05337246699023
-23.05010301323386
-23.046151171305905
-23.049710699587834
-23.047729762651066
-23.048365480356264
-23.04625283951356
-23.043433813826578
-23.04205897168285
-23.035769320271676
-23.039707006692733
-23.03869746889113
-23.045137773305676
-23.045018092444465
-23.03952291992494
-23.042570868401196
-23.044655897858163
-23.04701193464637
-23.051806889565746
-23.04865263101725
-23.055234808204148
-23.056943538270684
-23.051626813916688
-23.057339040822214
-23.050607300400824
-23.045283796749437
-23.04327641140455
-23.044529551606615
-23.045689020794278
-23.046179952556745
-23.05061148062155
-23.05328708125931
-23.05720264458046
-23.055275948300775
-23.06102366329226
-23.06536129212825
-23.062723363440643
-23.060934212336637
-23.06606076488289
-23.065916773082233
-23.060556141455187
-23.05729297422853
-23.0564714403085
-23.059640161277112
-23.055155487237442
-23.05007852807647
-23.04957491472344
-23.053209290739545
-23.04999571040798
-23.057126481104724
-23.05821400967916
-23.057958851902033
-23.062202260012867
-23.063088053138042
-23.061227447534378
-23.064419838335052
-23.064432991226283
-23.065074243291527
-23.061751743831614
-23.05794161481909
-23.06165881943534
-23.058041895890717
-23.063380809464967
-23.064565070940105
-23.062567706252892
-23.058223803577818
-23.053672335572045
-23.051348320681676
-23.054999016938478
-23.048919262722222
-23.048864905817698
-23.046545869074365
-23.048553778847698
-23.04607787880628
-23.046608122318474
-23.0490941484338
-23.04823292514286
-23.053533040171835
-23.05478603512258
-23.055242290395427
-23.056109404787186
-23.0496820832427
-23.049234409182482
-23.045143745109872
-23.048994241186453
-23.046717496609247
-23.042162591025964
-23.037235046506677
-23.039652691952096
-23.045979875138574
-23.041256071458225
-23.040452459285067
-23.04121228005186
-23.044540843825697
-23.049324963328658
-23.05142232787709
-23.055705963960165
-23.05403462932463
-23.04723233417321
-23.049468371107444
-23.04513344169479
-23.045902070189875
-23.042011793300524
-23.04113155742083
-23.0404813052306
-23.037868389277918
-23.038560622980974
-23.039545708217396
-23.043668937037854
-23.039041823348747
-23.037241370699725
-23.035562242523547
-23.034477054275484
-23.03513448042801
-23.03664044057208
-23.03560223820991
-23.036231514088204
-23.036600351522143
-23.033596067221595
-23.03184541502081
-23.029866389597682
-23.03374346505923
-23.037698499002882
-23.03668650586823
-23.03779684464659
-23.035347854361472
-23.035666577116412
-23.0331007064037
-23.0425287899838
-23.04770363102939
-23.050202017711285
-23.049863977443287
-23.05328745473952
-23.048990863172307
-23.049667270873197
-23.048030317867845
-23.050489888077745
-23.05071478347829
-23.04316295580549
-23.04233429863972
-23.036044767139565
-23.03177901024947
-23.028900366216888
-23.02983737083793
-23.031424690960016
-23.030804726607013
-23.033328659464146
-23.03128320432732
-23.032268827589856
-23.03330962532787
-23.03149935884101
-23.03743494308223
-23.0330458939733
-23.035762818461
-23.0317594464289
-23.034111418011317
-23.03781838508555
-23.042669843471202
-23.045002052415963
-23.046854417006344
-23.046871572164303
-23.049456172273217
-23.049910252277876
-23.050644513814188
-23.041467258590906
-23.044811913493536
-23.043222756592883
-23.04159467039487
-23.03390197039967
-23.039828641865082
-23.035325766885595
-23.03828797188203
-23.03238112184503
-23.0305350172957
-23.036559427157822
-23.03777449388828
-23.034158139810273
-23.02901371201299
-23.021599538817707
-23.01699528830726
-23.016816834762146
-23.012975680595638
-23.007626662363176
-23.007542291574534
-23.008648142683786
-23.01053532703408
-23.011204335589643
-23.017381052470295
-23.021286101642644
-23.014143906389535
-23.014874210442063
-23.01231529125281
-23.01178249482217
-23.0182524719548
-23.01510813859378
-23.017301808536267
-23.017736148332865
-23.01370008682977
-23.013159664287226
-23.012456459106154
-23.01445790504555
-23.012829314414013
-23.016765226266664
-23.015024057915884
-23.015691827829862
-23.010899033673883
-23.007705066860865
-23.013865694945185
-23.015950000681247
-23.01750640762939
-23.02091739275536
-23.020843184706663
-23.01842097028467
-23.016376572237657
-23.015015989523622
-23.013594367734555
-23.014538332416635
-23.017616898379345
-23.02078077320327
-23.02152738383512
-23.01917302284897
-23.019065049757025
-23.01649270678264
-23.01296717817936
-23.01269965271555
-23.014282120614638
-23.0161025378491
-23.019902097272457
-23.02139703706069
-23.018692758285514
-23.016974080018446
-23.01387326959815
-23.010738893898996
-23.00990723899833
-23.010915331192074
-23.00935194823584
-23.013443115673557
-23.009651866603086
-23.009766755002325
-23.005476768907783
-23.01153417234729
-23.008847004728427
-23.01241058654518
-23.00941802012223
-23.00953655335462
-23.018942657463487
-23.022703640393317
-23.022717816910145
-23.026566320208744
-23.024187409388038
-23.024040172340957
-23.018411544703312
-23.01893774614517
-23.01796333611646
-23.013816629314704
-23.01560845485968
-23.016646346294035
-23.01506101481669
-23.011019922145934
-23.014499722730577
-23.008962544576292
-23.010732991154093
-23.010299711819226
-23.015713793380048
-23.013742832657382
-23.01416718726448
-23.01795504147759
-23.015711410749525
-23.015003182772006
-23.01054173143579
-23.01219438884778
-23.00909429755752
-23.00691330351872
-23.008313622999115
-23.01292458393761
-23.015684619754662
-23.01767496875477
-23.01698932932706
-23.020139596516586
-23.018233831385814
-23.02263077970058
-23.02043684099311
-23.020868569402637
-23.025113211260187
-23.02885793790064
-23.026376493723497
-23.029782666329222
-23.033519318951534
-23.035335966691243
-23.03926210592707
-23.03494496249851
-23.03369032791804
-23.031841421536996
-23.033241948530062
-23.031688999460002
-23.03699900033592
-23.04557381956606
-23.041272776102755
-23.045289833043388
-23.050556076847112
-23.052869724872597
-23.044798077561396
-23.04978897366916
-23.050702300709673
-23.051613322644837
-23.047174692975627
-23.04122100512103
-23.040232000601787
-23.037369453039638
-23.03564599136923
-23.039791244341487
-23.037684640436684
-23.036534600398188
-23.03167107587503
-23.032818805847864
-23.032383691591154
-23.029462067415327
-23.031669089040747
-23.03045646726847
-23.037098825965273
-23.03639452350219
-23.039001590726926
-23.038193570962033
-23.037191686482434
-23.036113654630135
-23.032111571921437
-23.030903061602967
-23.03501603589099
-23.036401742508282
-23.026422165933397
-23.01959234141223
-23.021695886786674
-23.023156222328574
-23.024542047245134
-23.022548894488903
-23.02710857437622
-23.0312915578641
-23.03337007670537
-23.03120393149788
-23.03377490460779
-23.039903158998943
-23.041057314334186
-23.04071802136385
-23.03745631835359
-23.04126652940742
-23.040155973159695
-23.041017092171817
-23.04085890802482
-23.04058487212917
-23.035780275061345
-23.03760104486923
-23.03986379844599
-23.043332743864436
-23.041692652187397
-23.04726701317104
-23.050850195269636
-23.05151902864885
-23.051515642841615
-23.05051471799315
-23.04445656691677
-23.04364208241629
-23.039015272637982
-23.031803173672483
-23.03686245302333
-23.036818636350354
-23.038993545989428
-23.042313271140248
-23.04269646022646
-23.037649102070212
-23.035995512530057
-23.03644345085788
-23.034185677578822
-23.03023447702941
-23.02936523826468
-23.03006371452392
-23.027774197692622
-23.02578048727925
-23.026731678265637
-23.024354195695334
-23.021017366293265
-23.01999438501035
-23.023324872118565
-23.02400254158511
-23.024941625143054
-23.02762161293085
-23.031395088487855
-23.031848277770827
-23.0314242147607
-23.036808732900944
-23.04224198207018
-23.039360775103813
-23.038659078487445
-23.041842520745213
-23.043081213131973
-23.047277457060552
-23.04705347301005
-23.043239977248405
-23.0433319173873
-23.04118528936238
-23.041149577611247
-23.044922528177207
-23.039994129450598
-23.04191036793868
-23.041401158917903
-23.0409037412273
-23.037166279383907
-23.03229169482783
-23.03699323117941
-23.03982363920202
-23.044366955643998
-23.042751583677944
-23.04315852156653
-23.04377171348959
-23.035645911492658
-23.040902410441152
-23.04021649635821
-23.043023220880762
-23.043046738884865
-23.041797504146142
-23.038016405432895
-23.038487812481797
-23.033155727789953
-23.02735743733282
-23.028137030762405
-23.030242140074392
-23.031778042753647
-23.029208747168052
-23.02582344012539
-23.0234587373679
-23.024545779124452
-23.027893361010555
-23.03209993131402
-23.03576957489266
-23.02907427112586
-23.035354550618155
-23.037951862273914
-23.034513485133537
-23.034695295917807
-23.03975187514669
-23.034967827263966
-23.04527592992089
-23.050443919844394
-23.048725597112952
-23.05093309931573
-23.050283385148315
-23.050850083491877
-23.04992106789508
-23.044684832279223
-23.04644105725255
-23.048716988977386
-23.053086045344394
-23.05121059339038
-23.050449089913435
-23.050650634795424
-23.04745595335085
-23.0487685977309
-23.047781178476573
-23.050317074683665
-23.04985775660884
-23.04479734774619
-23.044847755134693
-23.041850154091474
-23.03876848897098
-23.045143251564124
-23.045226949317385
-23.044018876778978
-23.04338390368514
-23.034889206127897
-23.036495905680187
-23.04159914498298
-23.03513795351543
-23.035496050203804
-23.035836681467213
-23.04151627072249
-23.042593617970155
-23.048658830414976
-23.04959189093747
-23.050484878931417
-23.042981756369734
-23.04531746714505
-23.0493486458106
-23.04515145487146
-23.046239343944666
-23.04433013055966
-23.049030957350393
-23.05246703392456
-23.050699049462747
-23.0548333152782
-23.052242913621637
-23.052125201250703
-23.056365684951416
-23.056080979626092
-23.05469193430645
-23.061173261593073
-23.054318388449722
-23.054243718245903
-23.056026363026618
-23.05770157699531
-23.05581902744353
-23.05435200003837
-23.058205291499544
-23.05390297902429
-23.05731621090973
-23.059334573040005
-23.061584614612787
-23.057805553090024
-23.056515798323176
-23.057230713447055
-23.0500030490453
-23.052097626704334
-23.053434503669678
-23.054455990605955
-23.05574492550579
-23.049212939142997
-23.045043289672545
-23.044277369716855
-23.044741326240224
-23.04252886315063
-23.03847385608323
-23.038143195103657
-23.0391027886863
-23.0379300694845
-23.03821516732313
-23.04882611057259
-23.05024831683343
-23.055290360832966
-23.05112929890229
-23.047776704422763
-23.04685006564206
-23.054383967676102
-23.05579853704221
-23.04795554323471
-23.052484217437602
-23.055979142128326
-23.059292290449115
-23.054014554440634
-23.050893180697834
-23.04940257474385
-23.048726956640348
-23.05343672948438
-23.050099605820332
-23.049575691242023
-23.052966064869995
-23.05057588875907
-23.04821375039363
-23.046078018770707
-23.044009653158273
-23.047553127952856
-23.045000176656764
-23.04324828610679
-23.04787946398716
-23.0434245853352
-23.03967466358897
-23.03878465684408
-23.04348643766932
-23.04234287503016
-23.036812698410163
-23.039656642119244
-23.038787910136847
-23.03275595595199
-23.027865660451326
-23.037798054231338
-23.038446007072416
-23.039381346679345
-23.043069760293623
-23.043762913451047
-23.044136125332095
-23.042750196876533
-23.042092718208227
-23.041181228386524
-23.041133273286494
-23.038543689351826
-23.03626136719289
-23.032456567308596
-23.03506455253998
-23.029274598253906
-23.02660564632418
-23.031913798856014
-23.03564967816922
-23.03104580112593
-23.03120612006434
-23.030347190922033
-23.027508848303693
-23.02850150465619
-23.02702904982853
-23.02775333359687
-23.02149596291014
-23.024329408775696
-23.02670163620979
-23.03313575510408
-23.03214175786562
-23.03424790461402
-23.029161684369093
-23.034849166943076
-23.037365122541342
-23.03716712186734
-23.03529072608606
-23.02949338388712
-23.032436168499096
-23.0341016387177
-23.037588577373544
-23.043350768123783
-23.040336118508915
-23.0363041391824
-23.03533301183228
-23.041741926727536
-23.036963295436344
-23.035270161633196
-23.035209032175086
-23.03199719553132
-23.031539387706296
-23.02984062799961
-23.028815132191372
-23.028967109205382
-23.02618351942653
-23.030068985928686
-23.030889665251046
-23.03483269226824
-23.03169983166965
-23.02829666965889
-23.022765786243035
-23.02245879002734
-23.02004954523805
-23.02230756129048
-23.02842015792227
-23.027392125668133
-23.031767831010907
-23.033121761073172
-23.03160758132337
-23.035472930331974
-23.032036329972673
-23.033815538153082
-23.031976640563396
-23.033661345431458
-23.03668565369338
-23.040016000237173
-23.040315737157613
-23.04310859911164
-23.045378336195377
-23.04731573057042
-23.049069216410857
-23.050236832016356
-23.046723030635583
-23.043116261489686
-23.040805359701494
-23.044340768735083
-23.044192103609372
-23.045156098367805
-23.045996976984544
-23.04902011989484
-23.049260977027842
-23.05508491646762
-23.055128409053097
-23.05146707056524
-23.047540595063456
-23.05050436861066
-23.049146145908104
-23.050248570232956
-23.05020422694738
-23.0469336261989
-23.05307825607914
-23.054855014665243
-23.061256960668658
-23.05837609957293
-23.05978809524012
-23.06065740170395
-23.061764790676207
-23.06328321069464
-23.06354765505654
-23.063991892956928
-23.064893460501146
-23.056040026945773
-23.06003136690684
-23.05974320196589
-23.058700344498725
-23.063254528789873
-23.05711433380721
-23.06186950937739
-23.06026553378838
-23.062844168511063
-23.062340967678306
-23.058293876191623
-23.060736823732583
-23.054612475904456
-23.05389923684694
-23.051186002914502
-23.051031784147384
-23.050903163176994
-23.0471684978151
-23.047136788397367
-23.051242555824615
-23.054858335775812
-23.052258547526606
-23.05044448842471
-23.04728293759992
-23.050204845635516
-23.045838589526085
-23.046137496320767
-23.041322227058586
-23.038218731102642
-23.037717389830057
-23.04185391061094
-23.045331084387765
-23.05097012223165
-23.050460391840367
-23.05003835829068
-23.048959200312662
-23.046536742008254
-23.044230218625394
-23.047997253695062
-23.048920570608423
-23.04839071212715
-23.04986602828491
-23.0503837002482
-23.047108271524213
-23.049481701676847
-23.045070904625213
-23.04033007489987
-23.04498693102018
-23.05036932956057
-23.05055303158279
-23.05308806858086
-23.050339197898243
-23.048211729406063
-23.05277468345311
-23.056192612424795
-23.05917042574298
-23.059485540970098
-23.06099566621787
-23.064940423478493
-23.062852175598202
-23.058953060825853
-23.058306612653116
-23.059768867802898
-23.057099088017743
-23.054418452516558
-23.06448114115905
-23.068426751331078
-23.075408877442484
-23.07350930149279
-23.0725327980645
-23.076520359663984
-23.077765872219214
-23.075593500979654
-23.067955192297195
-23.073144683942772
-23.07245143744889
-23.07873546731285
-23.072428676723547
-23.075344185325967
-23.073891859510184
-23.078160032197736
-23.073207535122446
-23.072974627351705
-23.06801293103439
-23.072071015496046
-23.06900903562969
-23.068976511564042
-23.068780338428464
-23.064402911657584
-23.063488576630398
-23.05555880297021
-23.057684544423157
-23.056535154019073
-23.05371927810756
-23.05260138332524
-23.058947161263948
-23.061836899079733
-23.063553233850964
-23.065430109215438
-23.06768960140763
-23.073222672082238
-23.071286064868453
-23.072968606068024
-23.06914791498726
-23.0677567944851
-23.0632894215302
-23.058824581447965
-23.057351219036253
-23.056406580674643
-23.05331789941628
-23.053893995973443
-23.058842270148087
-23.059817749051998
-23.05958411038213
-23.057078302098702
-23.054943116357798
-23.05393984934529
-23.054282688180702
-23.056064318211394
-23.05713613186575
-23.060819260593032
-23.053552112201974
-23.055051849716452
-23.05310426787044
-23.05784017839181
-23.05172144756775
-23.05156986276941
-23.053962865829032
-23.052429068757714
-23.05503475933734
-23.055181990548057
-23.056794493029262
-23.062323716334642
-23.057672575071308
-23.053834994689865
-23.054326903438035
-23.05319501965179
-23.049869180555707
-23.049151043013882
-23.043406993555763
-23.048619222890103
-23.048621931681613
-23.054517707798347
-23.052475086209906
-23.04956196672813
-23.05591736162151
-23.05555294388965
-23.053436935467886
-23.055565398673906
-23.057507207052673
-23.051992473937062
-23.04652603040176
-23.051365571403167
-23.053364671124047
-23.051217091622465
-23.05282939781646
-23.054130295270305
-23.051452248805205
-23.04091472303454
-23.045430111331797
-23.044605561147424
-23.041493764029237
-23.043363719416245
-23.039797979919207
-23.039822795280593
-23.032538521167904
-23.037224596902547
-23.031213006382607
-23.029374887923726
-23.028907713012973
-23.029281792600855
-23.03376338772608
-23.040968631930436
-23.046801992308616
-23.05002460922748
-23.0435904999426
-23.03911660463774
-23.034935889841105
-23.036673382593033
-23.037578123747423
-23.041940929974373
-23.045277794597425
-23.044587734301796
-23.040435148235353
-23.041688729409366
-23.036685800268717
-23.04278861609047
-23.043879926188108
-23.042212066594384
-23.042090551229897
-23.04491648653383
-23.038440678952334
-23.033657547368357
-23.039390541536616
-23.033735042973742
-23.02748019751813
-23.031131092523967
-23.0253840335827
-23.0292357474293
-23.03608828453145
-23.03593288345523
-23.04124393731219
-23.04381657982607
-23.042340777784926
-23.037738006836037
-23.03706677383416
-23.039400290627157
-23.03948250232765
-23.04131740216794
-23.04375045720812
-23.045870860408108
-23.050378432599313
-23.048456709496993
-23.049211882978415
-23.045406342956717
-23.042125062567024
-23.046243243663703
-23.043052048656648
-23.04379406353537
-23.04434488368477
-23.04466449266217
-23.044899430506444
-23.039651000556447
-23.03993663031257
-23.038482288576425
-23.037213885488327
-23.0407776828367
-23.041367397336305
-23.039140809884728
-23.034994534818164
-23.034742872802372
-23.035220813476794
-23.040838882540772
-23.036070005830247
-23.040798919790078
-23.038612938860698
-23.04161641904706
-23.047404438241767
-23.051273700456186
-23.04802962160675
-23.04661544388262
-23.041288754746564
-23.046185219330983
-23.04474024587893
-23.041855809536525
-23.045644277110675
-23.04184336703077
-23.039859325209598
-23.039656207896154
-23.035267838896914
-23.037521177423887
-23.04346073516426
-23.043897579304463
-23.044516552344778
-23.041593180409755
-23.041166756551505
-23.047873723792847
-23.048283443690206
-23.046643200237877
-23.044908601304382
-23.042603397020105
-23.04274522721197
-23.040925333310483
-23.04696397691513
-23.049350134234793
-23.04512153331807
-23.038634358579504
-23.03846961001383
-23.037215576870548
-23.03416203482568
-23.033195702228156
-23.03721000514046
-23.04025262188485
-23.038302672916718
-23.038289543426984
-23.031789828983452
-23.03367178027833
-23.039152428629425
-23.041539523760395
-23.04056382468767
-23.035212257462177
-23.032925494614943
-23.02982838719214
-23.031629704823125
-23.0262433450739
-23.02782349056125
-23.029109867953334
-23.03497949927583
-23.034017725894536
-23.03405050078646
-23.03183681122891
-23.03385507832067
-23.03478719996431
-23.029489189549963
-23.035757950088566
-23.037717975487055
-23.039623307522326
-23.038430480671423
-23.03695038144165
-23.037065262112165
-23.038034082801836
-23.037333948068078
-23.038782281811535
-23.0427536553277
-23.041028677668336
-23.04617652427317
-23.05109817401852
-23.048238458774122
-23.045793681857575
-23.043201548230645
-23.0442605776037
-23.044114842164902
-23.04241834177599
-23.04220230555546
-23.033308176631667
-23.032028020171445
-23.03029010798067
-23.03129259226201
-23.03272042227653
-23.036852348149353
-23.037123825718297
-23.04075077815049
-23.0465615161466
-23.046910798500836
-23.048728700456234
-23.048883359528713
-23.049883784286163
-23.045868769265947
-23.03990861179529
-23.038699651527516
-23.034955725323158
-23.03955366725337
-23.038050193934776
-23.037940407869378
-23.038591248247876
-23.03491572506608
-23.03274554950063
-23.033997762512946
-23.035227883709357
-23.03742168400317
-23.038284194492142
-23.0370529015714
-23.039868449942823
-23.04697108616191
-23.051008352224716
-23.047584903454535
-23.049056717363136
-23.048980119462758
-23.047548920537285
-23.047557733950406
-23.049718165067198
-23.041515347995063
-23.040791200991148
-23.041090975881573
-23.043213783610152
-23.043028952106518
-23.041469419322965
-23.04266256043093
-23.040062372283586
-23.037899363408105
-23.0387890600281
-23.036811003613746
-23.038818629958655
-23.041394015026203
-23.036843994638176
-23.035293371849964
-23.03977208945911
-23.039899526571165
-23.045217812752096
-23.045285348770502
-23.04299673593513
-23.04456314103922
-23.044574045044094
-23.047235164246615
-23.04303571677102
-23.04217477526035
-23.037492644607315
-23.04245683931193
-23.03751014553145
-23.036719734304153
-23.042308946248237
-23.03826526653637
-23.041247321094293
-23.045046443094254
-23.042797863624443
-23.04465148467728
-23.044181433969598
-23.04517662160224
-23.04610297112685
-23.05312106359738
-23.058477610541498
-23.05989792920236
-23.06275539974671
-23.062857261455843
-23.063446419556403
-23.063028360094993
-23.066872048484704
-23.065400072021752
-23.060000014035868
-23.060271250827306
-23.058936830454183
-23.05720206959083
-23.054365349047355
-23.04926746972679
-23.04876406223325
-23.048236175355925
-23.04694028265641
-23.04851899827088
-23.044480970359217
-23.049508438128075
-23.04947025217693
-23.048178349874995
-23.049032697043963
-23.043534486135655
-23.04224364275742
-23.04376734258956
-23.050514721889147
-23.05379533677569
-23.058699571040194
-23.0604795915969
-23.054033729051532
-23.049682403241935
-23.047509903302647
-23.04543381820282
-23.051595891816877
-23.04674443608476
-23.043799620175232
-23.03899803477598
-23.04459214101198
-23.048433909393374
-23.049903394037663
-23.047630131519515
-23.055509856741498
-23.053338016410464
-23.05654791852753
-23.05807167895401
-23.057793912630576
-23.05641481360595
-23.058597720732475
-23.05649266664304
-23.058688590309735
-23.06136931023334
-23.060747563748443
-23.061094278050383
-23.05259926638722
-23.05570755703749
-23.051376064499635
-23.05537223357046
-23.05633121854834
-23.061351397893418
-23.06227957095336
-23.061096121154566
-23.06338467429032
-23.060938861635655
-23.058350084917862
-23.063240613524727
-23.067380812028475
-23.067046943054777
-23.065630050807563
-23.0593944363019
-23.05993601702296
-23.066210389350008
-23.06179268318194
-23.066368753424715
-23.067735239652944
-23.06338879071632
-23.067204868793723
-23.059328531505916
-23.061386179332562
-23.057271909436594
-23.05459195486764
-23.056018175155675
-23.05794517807732
-23.0595657951052
-23.054317889187065
-23.05448023577554
-23.051268883901972
-23.05661985237854
-23.05731658845001
-23.057910213105032
-23.055984826955225
-23.056130513929983
-23.05441980415127
-23.054119911816155
-23.052357751323427
-23.046496422581882
-23.050336934144617
-23.047810146041112
-23.04999674113349
-23.04540818896897
-23.04475482678724
-23.046881490839645
-23.047647868295957
-23.050446210693483
-23.04848539966819
-23.051378129163357
-23.054714447116126
-23.054947269460445
-23.052946240923166
-23.048038550271652
-23.05092283917084
-23.05372657596943
-23.05688773257443
-23.059712474468864
-23.053734624633506
-23.049439903793836
-23.05196789105256
-23.057946383330737
-23.056535828018166
-23.059484427639944
-23.058253095248585
-23.05834963553443
-23.06317133766269
-23.06668617499534
-23.068400774280388
-23.068637448337093
-23.062314510659057
-23.063035723364926
-23.060322002814086
-23.055759465467812
-23.052758731437738
-23.053117228038573
-23.0463445809341
-23.045532942419857
-23.046422101954295
-23.043175287056545
-23.041458314844434
-23.048545839080905
-23.047756112499155
-23.056772502438562
-23.054251273926035
-23.0561484230274
-23.055747096170425
-23.05488954012327
-23.054694170039014
-23.058093777620275
-23.06033792895657
-23.058401768652043
-23.050145268004677
-23.051365364578924
-23.050828521076088
-23.0471883902165
-23.052618513247587
-23.048322248984594
-23.04405144563264
-23.045516366548885
-23.042443524610754
-23.04426690622259
-23.045101803967633
-23.047357393533456
-23.048141860014926
-23.05218396245598
-23.052953079259495
-23.052374197848245
-23.053622402866065
-23.046800240168835
-23.04715420702871
-23.052568251504827
-23.048494425862643
-23.048613762818487
-23.048108528384233
-23.04785188067063
-23.0539739990778
-23.048071407113397
-23.045262100274535
-23.04910544682386
-23.047779314273512
-23.050387604632917
-23.052468145529915
-23.05094973650754
-23.052231015591094
-23.05293451476546
-23.050120968148075
-23.045008492272576
-23.043333709034314
-23.04822820494436
-23.052313086712413
-23.052586205513737
-23.05646140599009
-23.05654158913832
-23.052356066549333
-23.05251659396454
-23.04973521392962
-23.05335743678167
-23.046776553853725
-23.049446952697075
-23.051139132263977
-23.045774068913158
-23.045034799364963
-23.04928955667916
-23.048363797639087
-23.051415121115735
-23.04801454640214
-23.044442568645533
-23.04432013289575
-23.04381170662667
-23.04633991538037
-23.042177193417928
-23.03557780894438
-23.038071987936
-23.04125328444653
-23.04324956680011
-23.042738429128026
-23.047772234262037
-23.047331585577158
-23.050260059548435
-23.043351285919165
-23.041368017267132
-23.038795237058014
-23.043097066445704
-23.041537329679006
-23.04451989789983
-23.041690447060738
-23.04020809637126
-23.036693224776343
-23.044874530013296
-23.044718332735908
-23.040593109832137
-23.038575334038892
-23.033421433871027
-23.03604945102782
-23.036643945165082
-23.035361910741074
-23.032581783857957
-23.036048914309248
-23.033333049478685
-23.038029005793838
-23.037521993081278
-23.038841367026787
-23.034001351932304
-23.03840685840773
-23.045070814339706
-23.047878342405284
-23.041618315252204
-23.03803902304198
-23.042413242768387
-23.045041613658324
-23.04614632846103
-23.04765080207129
-23.044871505175678
-23.04730451240928
-23.049142175099195
-23.047512276928337
-23.045734515474887
-23.044829047387122
-23.054585007361055
-23.058002465783503
-23.056659387593882
-23.0537303338946
-23.049606926374093
-23.0447683364517
-23.044732646503142
-23.044539353395805
-23.036584155111015
-23.03944698990635
-23.038089210982974
-23.04001130096666
-23.05001977868225
-23.043575119239208
-23.046879633283123
-23.049315732896314
-23.04508714711297
-23.04096274208276
-23.03612023619113
-23.034623592401264
-23.035870567741817
-23.035740379635673
-23.037592479236313
-23.036966806336416
-23.039882401655706
-23.04210336048196
-23.045794970382136
-23.050030058932474
-23.053662543797945
-23.04596454993415
-23.045505248159824
-23.046871053223974
-23.048100272844913
-23.044593032511354
-23.044567038831744
-23.0471427456171
-23.045333190641383
-23.045942014528585
-23.051228821082887
-23.04595617392318
-23.04351497840169
-23.04679394144214
-23.051108046974253
-23.049140299925256
-23.046849456298443
-23.044702268618394
-23.047909050583506
-23.048535527039014
-23.042253104895497
-23.03845312596588
-23.03115847017573
-23.033416928168787
-23.029513727344753
-23.028128155268906
-23.025603899192777
-23.029648232298438
-23.02852085827876
-23.027834515278816
-23.03136512560361
-23.038845030985126
-23.0416871716457
-23.039964675345633
-23.04066441972827
-23.03948167303835
-23.036933684119123
-23.037534717424748
-23.039342332182727
-23.03589129415812
-23.039621632259927
-23.03865309831985
-23.040061081046538
-23.043045200905638
-23.053954807768672
-23.05192476668604
-23.04753527414738
-23.050033202608603
-23.04675752463608
-23.04892724007019
-23.045774593774073
-23.040284902178765
-23.040730062226565
-23.046464458415095
-23.045465060789837
-23.03723298706565
-23.038768865201
-23.036216102898216
-23.036548118253588
-23.030715689904966
-23.032406520239213
-23.032149984842285
-23.03610629437876
-23.040291670494742
-23.03781975845965
-23.038652331544082
-23.04046055674463
-23.043488332814444
-23.0423884819446
-23.045909886170016
-23.045476090698575
-23.04012034717078
-23.036650974573575
-23.03798666400474
-23.044463455358215
-23.035762794761
-23.03659125741109
-23.035355291369985
-23.038439427924235
-23.037720473059785
-23.03811510101219
-23.039863679598387
-23.042250455593067
-23.03739586357344
-23.03039965073597
-23.029667614797994
-23.027219422172763
-23.03225092080275
-23.030397345905012
-23.03312710350677
-23.031896561217252
-23.0320711688826
-23.03775518824266
-23.038369764989845
-23.038484872396342
-23.03827489113475
-23.03803095681411
-23.032953242956
-23.035175800156765
-23.03856758395006
-23.038439668997146
-23.040280463261716
-23.037344815496237
-23.035885540464594
-23.036941182206135
-23.037401952579483
-23.038138693809305
-23.042049802366073
-23.044136674424685
-23.045705969083766
-23.048760517444542
-23.04744720203243
-23.053094441443086
-23.05170071270544
-23.04784875706563
-23.047485125089437
-23.04716586553444
-23.046870178370277
-23.054548968091858
-23.05036775267588
-23.050614108461005
-23.051671892869074
-23.049949384759934
-23.04972821838035
-23.04997469775956
-23.047095337217048
-23.04145118945388
-23.043377325192733
-23.045814109003285
-23.039607780049604
-23.043081087848496
-23.0404306419346
-23.036614513201354
-23.038447740777677
-23.039549293615924
-23.041247764241785
-23.039460720863385
-23.03415153947385
-23.03973741006945
-23.036268025029614
-23.037168310744107
-23.040330119898602
-23.042837150707783
-23.037562735627187
-23.03759742867181
-23.038903475420323
-23.03841508541447
-23.045212028740366
-23.045103352234797
-23.05143655601501
-23.04386528145885
-23.045275375627686
-23.044851954137073
-23.041718752664096
-23.037918355240794
-23.03843663344794
-23.042600211252388
-23.041777848355228
-23.03966234115029
-23.039784599779225
-23.04229849150414
-23.041517110948654
-23.0433589062922
-23.04245432691775
-23.046845557151215
-23.045697278276272
-23.04675797491925
-23.048827398431524
-23.044907954788137
-23.041022273925577
-23.044342626920276
-23.041707406145935
-23.040063355746526
-23.035563282978952
-23.03336487552553
-23.033447673370524
-23.033560256702533
-23.030326261985046
-23.03124900880069
-23.034381234468118
-23.035233739566955
-23.037582118503718
-23.033540034212045
-23.02827337814377
-23.032042130168247
-23.03105154841841
-23.032557309279117
-23.032569783224684
-23.030614408497478
-23.03153619116166
-23.033337496273255
