-23.041966360624954
-22.994745256920083
-23.01242753441856
-22.998937097328753
-23.002332075548168
-23.013846937388422
-22.99307838779442
-23.01059681911619
-22.993956114530715
-23.003796570252064
-22.994641596288783
-22.992948574714976
-23.001647504620536
-23.01946287235615
-23.00134067565147
-23.000665451509164
-22.988473387946158
-23.00518390654191
-22.99961538816845
-22.9998392139068
-23.00722285901448
-23.000803314085086
-23.003499493367855
-23.005810735696123
-23.00538275837846
-23.00592618938575
-22.99428767460724
-23.007868997374626
-23.007863478553308
-23.004760470246016
-23.00750162176467
-22.99790699528329
-23.001599105513343
-23.01572464573351
-23.006028266810542
-23.009481049390896
-22.996865490314747
-23.00893990363966
-23.001725676040998
-22.99974652130403
-22.99609500541651
-22.999943770082865
-23.00061107371687
-23.008165887688826
-23.006393249899972
-22.99912849259025
-22.995691684074252
-23.00400987956349
-23.002425994453798
-23.005320605511127
-23.00600109160664
-23.007766917608638
-23.000426667176026
-23.006697549168013
-23.006903044082847
-23.00866843805455
-23.00825487577663
-22.998599112603756
-23.00712907554967
-22.98711677498483
-23.006990139585852
-22.99916123363954
-23.01257407063231
-23.00578737724129
-23.00114537950172
-22.997657781522687
-23.009417622712416
-22.99922543301102
-22.99525200012003
-23.017653901960053
-23.011929062810303
-23.005593298132215
-23.010274417344462
-22.996583350060686
-23.008856833100584
-23.015945913140175
-23.001214034438437
-23.013317237683626
-23.00137727924887
-22.99833849983407
-23.011268595998512
-23.005903112099887
-23.010637829922306
-22.996750013761936
-23.008992799847277
-23.000844217588977
-22.999827334243868
-23.001263424037358
-23.005125327414248
-22.99737289939915
-23.013509297634
-23.006067438609595
-23.002088299843663
-22.999396434214766
-23.008947597096476
-23.005681647273132
-23.011961950267462
-22.99554413146572
-23.004504672942154
-22.99992916583045
-23.02245960756994
