-23.019532241097576
-23.014542522540122
-23.014669134379705
-23.010283166344056
-23.006288998742416
-23.010710578592054
-23.01248076899737
-23.00722396465914
-23.01084854137262
-23.004076760398313
-22.989350589981274
-22.985093565077985
-22.976505621066288
-22.971364932587633
-22.970559274646167
-22.964703492663276
-22.9642858396657
-22.964931269632253
-22.972151473350028
-22.971980287707325
-22.967140207027697
-22.970453934532458
-22.97145998133829
-22.972360053408522
-22.974715133440675
-22.980127061362918
-22.976376612257827
-22.972017358673114
-22.97572670129566
-22.96861685227479
-22.97079757823421
-22.975633346153334
-22.982036590599183
-22.971886484052384
-22.96905082383619
-22.969686200886958
-22.97285660898326
-22.966041795012973
-22.956093620043667
-22.953795234559013
-22.94380206355085
-22.944052860683623
-22.944903069001036
-22.946770872905557
-22.940417621417147
-22.945747691123064
-22.95334262610198
-22.951085666148042
-22.938719797400477
-22.94132108354066
-22.94095624248591
-22.937297547392244
-22.940191779464474
-22.939717357514734
-22.937066112186063
-22.9379092055619
-22.93984156212657
-22.939159206288608
-22.93921486587928
-22.9410223241304
-22.943896834504447
-22.933654823571295
-22.934150666109296
-22.930416389656546
-22.931599884781388
-22.926713096519585
-22.933984722882396
-22.93211130330117
-22.931344205094415
-22.936430198246512
-22.935620444689075
-22.93851164615036
-22.939991566775035
-22.94141062342755
-22.939094333821465
-22.93184965448531
-22.938930488086424
-22.93787926238614
-22.946476591982357
-22.93655422969771
-22.945959487795058
-22.947567338403033
-22.941897442909948
-22.94824405290017
-22.95120436449283
-22.957562201464153
-22.958296983564157
-22.95025288663295
-22.95474924500638
-22.957781960968084
-22.959766000314744
-22.96344370826788
-22.953645407800785
-22.946151938153978
-22.949457846156076
-22.948551996454295
-22.95706367256567
-22.952210891463572
-22.953119285529652
-22.95076756785199
-22.951891311675617
-22.95100874108978
-22.947359778169176
-22.93888524873748
-22.940223104104778
-22.94455810433021
-22.94799777548169
-22.95111261854835
-22.94656890684311
-22.9483161083259
-22.945002031151763
-22.94291748601297
-22.946580226478424
-22.93774819183443
-22.940769453471486
-22.945964435112042
-22.94440720573651
-22.943541300667224
-22.946171190770023
-22.954154979715486
-22.95689240584271
-22.9572046595141
-22.94959151432404
-22.942953996487145
-22.940109045158984
-22.943757156919627
-22.94217921928062
-22.94218717899008
-22.953133294701907
-22.950875268711822
-22.956772248208573
-22.953064698405893
-22.950114492328144
-22.948220740203084
-22.945424732529037
-22.93868739888809
-22.933481661110896
-22.934291546784713
-22.932797956273465
-22.940367894581872
-22.94131635678995
-22.946198000833807
-22.941383263334178
-22.939849186723865
-22.945744234053407
-22.940652184770933
-22.936180506638255
-22.934142413321712
-22.939249212367912
-22.93834305382452
-22.936418039984805
-22.937201640168475
-22.941021807462967
-22.941695298447506
-22.944799942928658
-22.957827436667223
-22.960040426055667
-22.95594271534517
-22.960796694495244
-22.957467441897126
-22.96248887300819
-22.965530506358483
-22.962076336775414
-22.965846836119358
-22.968525828361834
-22.96987658188781
-22.975093875568387
-22.978558593230048
-22.985741634600014
-22.984597497137738
-22.989152852893607
-22.986146180354208
-22.984520046622958
-22.980990600433437
-22.986202242865456
-22.987532875840134
-22.9808570990115
-22.980812163639463
-22.986362074210803
-22.97818347462238
-22.975183300139673
-22.975231006997003
-22.974926768736054
-22.967339861309743
-22.97108705596196
-22.97376426080302
-22.982912488291195
-22.979597443909828
-22.984515016350635
-22.982991824333904
-22.975839079597318
-22.967449176008525
-22.95933751158734
-22.96667813668178
-22.961916226891514
-22.966275637315363
-22.967257100036985
-22.970113439773478
-22.965949404075584
-22.96450844946429
-22.9702578080413
-22.97298930223361
-22.967260746137104
-22.962342843132507
-22.96498376925117
-22.96629487193723
-22.958928438366378
-22.956189988989372
-22.957540496884203
-22.96373990709845
-22.958821920312108
-22.960721844032392
-22.96032334098003
-22.948544088375524
-22.946008505389745
-22.947597063803897
-22.946492058030447
-22.949175296587512
-22.9486374649164
-22.945764273871774
-22.942778113460193
-22.942432343656577
-22.94719243161233
-22.957270418670635
-22.961225524186997
-22.96487785132672
-22.9561143153948
-22.951316363174456
-22.94440800726058
-22.943529121066902
-22.951406833618236
-22.94830079359921
-22.94977286911482
-22.94951298060044
-22.949150099754373
-22.955611821152445
-22.95581133781513
-22.9612015366098
-22.9561549102054
-22.95264830097943
-22.952428017807065
-22.95230560663145
-22.94528051954583
-22.938836121579854
-22.938932142371737
-22.94871724054717
-22.941938499734615
-22.931091926639176
-22.935748038844313
-22.933257674375728
-22.928299123633977
-22.9326631962396
-22.926579078227228
-22.929585328939137
-22.928818024829816
-22.936942895868842
-22.951532559050367
-22.951456339563
-22.95781416946968
-22.949245290642665
-22.95498751310856
-22.947831627404696
-22.949671308129826
-22.95502799094467
-22.957478012678617
-22.95376697485545
-22.952897607631034
-22.951828904287986
-22.945398896386674
-22.945155353787722
-22.947617708963246
-22.945560425007546
-22.929568522013934
-22.93030089309542
-22.932313806591274
-22.935456283190014
-22.95043450835771
-22.950209641085788
-22.954489898221127
-22.952435746178782
-22.948476715839348
-22.94931885040285
-22.946130492808596
-22.947486410218254
-22.947224543473805
-22.949702063189296
-22.941267635611677
-22.94280823962798
-22.94568664122109
-22.94293904735313
-22.93834338163132
-22.938389977629893
-22.939561007521746
-22.93085844491513
-22.929484861741333
-22.927218621630164
-22.918536761252057
-22.911655057740926
-22.916385127095143
-22.910966437714176
-22.916122303285935
-22.91634196172352
-22.92934850372783
-22.934159473377672
-22.9281381956501
-22.934008067971607
-22.933140936496123
-22.937568048570284
-22.932240725982233
-22.930269559663333
-22.92401361538257
-22.92949463880847
-22.930027106521784
-22.924048211801594
-22.921258927447592
-22.923821069385635
-22.935842027007826
-22.939389975011903
-22.942292333457562
-22.940150105967366
-22.93027311114828
-22.925833868464334
-22.928510053093426
-22.924521352160802
-22.935733250405463
-22.936127280821278
-22.951936155761388
-22.961562322495766
-22.95091121044766
-22.954207398349396
-22.951960235946554
-22.9476175826608
-22.949320944611504
-22.94700307043586
-22.95335558434718
-22.954496389653766
-22.947483336011967
-22.94411639285043
-22.94358820421167
-22.93111820539287
-22.92654352278024
-22.924022707885538
-22.921923010382343
-22.920519972166154
-22.922239144573773
-22.92245582688694
-22.919578674224557
-22.92628069430843
-22.933839864832116
-22.939323860956748
-22.945811190926253
-22.955040641590372
-22.95766828513703
-22.955270808746967
-22.95845723912912
-22.963994904189555
-22.97235314358431
-22.982988686826104
-22.97023258792873
-22.970562789014195
-22.968280725009485
-22.976558329565837
-22.966043639352403
-22.964378522260215
-22.96651401123621
-22.956143968382566
-22.95826672966569
-22.95719238336961
-22.954095971573352
-22.958879658088463
-22.951367186145923
-22.95328421069468
-22.952472858133888
-22.952851172826115
-22.954595189262218
-22.950309205815927
-22.94917250616092
-22.953646305972846
-22.954665946072424
-22.959812049426844
-22.965594689368846
-22.962493970341345
-22.962756326584447
-22.958998376622187
-22.96252885383584
-22.962987576659913
-22.959603236761023
-22.965204510043957
-22.962538437270425
-22.957367261081902
-22.96925258689631
-22.969279523520512
-22.966266039851913
-22.968874802516705
-22.96054530363845
-22.966665006629015
-22.971572763523987
-22.96984668761958
-22.95923062983426
-22.970940633796527
-22.965847674419336
-22.9675667134695
-22.96608647953758
-22.96918196277981
-22.970562619696544
-22.969682835975913
-22.970260634111803
-22.954718498288628
-22.95421743478565
-22.956214889006194
-22.95597432974998
-22.95449605897984
-22.956626467393335
-22.952275534487967
-22.947155953870404
-22.942883581225253
-22.941948038563886
-22.945412305731477
-22.953642950228637
-22.952953203743352
-22.947819600965595
-22.945937469151737
-22.949429576874433
-22.951580545152673
-22.954332039088403
-22.95244541668034
-22.9476227311907
-22.947865954491974
-22.944351787359317
-22.94794076337552
-22.93808059713054
-22.93590512108321
-22.935307245356427
-22.934759788057576
-22.937661746112074
-22.932818513503666
-22.933133110550425
-22.930448387639757
-22.93019112172226
-22.93241136506186
-22.928769962123347
-22.919390243054416
-22.91470470178506
-22.917668195917162
-22.91864175588775
-22.923434388791406
-22.92033442859103
-22.92362656329073
-22.92597830725684
-22.929114950833895
-22.937164016176233
-22.941882314889128
-22.946423435234195
-22.947222709480343
-22.948720179617784
-22.953780304653247
-22.962498878824398
-22.95513477123809
-22.955617871332134
-22.95231414712259
-22.94949531096347
-22.94787352260726
-22.94287387747852
-22.941319133000345
-22.94509985319732
-22.939992789595035
-22.94207241813763
-22.945755700384662
-22.95445792884057
-22.94728583953326
-22.954190188481576
-22.95358016368184
-22.95698883869461
-22.957216233620755
-22.95559832076051
-22.95366395237604
-22.948461680427222
-22.947627723709584
-22.949118826940943
-22.962861858519183
-22.962569477956915
-22.9592622307961
-22.95969695149687
-22.9661024698723
-22.97231056752435
-22.967011827410957
-22.967037402397764
-22.967072397043147
-22.96112182283484
-22.95613811958897
-22.953086464998496
-22.9549151573777
-22.94603058593723
-22.946572449328247
-22.950725133837523
-22.952690520013956
-22.955216198701986
-22.960970559602185
-22.95091183467202
-22.951207704519238
-22.957872450129656
-22.968919769654967
-22.96603555620649
-22.971931914916407
-22.970334399102686
-22.972323452916854
-22.962909439653327
-22.964913764691453
-22.97386492818093
-22.9735080456646
-22.971028295656414
-22.971879244715755
-22.970778520385466
-22.97500980650201
-22.973382616351554
-22.967063476985825
-22.968666946961417
-22.96817516000612
-22.972950086756757
-22.97111510815195
-22.96619182810761
-22.96944546580498
-22.966338952476747
-22.963706861566966
-22.963815641400373
-22.974435935687712
-22.971348239587993
-22.9669368174325
-22.97011642738993
-22.96289838032904
-22.966021928896314
-22.976441028246338
-22.96909872058306
-22.965373775230876
-22.956926095423867
-22.955000677824138
-22.953135363981293
-22.951607100281134
-22.947131375673866
-22.938567194785428
-22.94226862499555
-22.937409164809715
-22.93501308971966
-22.936050348950474
-22.919670374488536
-22.920676536537265
-22.92437277197701
-22.932292576690166
-22.9358418079727
-22.939754994049277
-22.945578317251627
-22.93893748762886
-22.95464580726158
-22.95218878331946
-22.951384321213574
-22.94679519600283
-22.938610455490686
-22.9445759869037
-22.95612955845269
-22.94494998545207
-22.94157731548497
-22.93386188721014
-22.93361352949085
-22.94550041994157
-22.940366640760768
-22.94607945452518
-22.948795867948057
-22.943590240248607
-22.94421659678116
-22.943221375126978
-22.94939827748069
-22.949706415125213
-22.950712391137873
-22.95010392598111
-22.959198281062605
-22.962847298646498
-22.96081377591933
-22.958814939749153
-22.961852796301983
-22.968777581557234
-22.968458525746243
-22.962519989417277
-22.95311681732189
-22.955820320111393
-22.952235601854927
-22.950719093753133
-22.951081899649942
-22.95326333743371
-22.94581721132248
-22.951508065761555
-22.946285430584634
-22.950054881427178
-22.957795805976254
-22.950712003105245
-22.953177872492656
-22.946554473195132
-22.945555974698916
-22.948446963444063
-22.94557738850254
-22.94038974977764
-22.94679992433467
-22.94583083266845
-22.9535333267051
-22.959020390941348
-22.954483842099652
-22.951142768889675
-22.954699313942143
-22.95256393099609
-22.95117808932823
-22.954196688360177
-22.960535799504882
-22.97335212245175
-22.977646858283823
-22.978545659462597
-22.98530450591442
-22.99087702715434
-22.99093903864331
-22.985650815316152
-22.990529516810227
-22.992235574906836
-22.986925077327218
-22.979486329558892
-22.97838514537104
-22.983360572902523
-22.9835641280556
-22.980863556083154
-22.97445957923424
-22.97758697009461
-22.969121242636977
-22.96675525582891
-22.967141971322164
-22.96884395640581
-22.95934565977292
-22.95533913506523
-22.956073426764775
-22.95959473502185
-22.97149617782349
-22.96294009879017
-22.961608959950997
-22.950767930481646
-22.946184031680836
-22.950090152729313
-22.950807280004206
-22.945119914633057
-22.943995266866413
-22.94115760292565
-22.93398463196818
-22.936895614624206
-22.939704064749783
-22.94426442004166
-22.940105316742216
-22.939803504081056
-22.941564377052114
-22.947635670451092
-22.9442901696859
-22.943243624437436
-22.943414176683593
-22.94524545832813
-22.954642131342453
-22.950322364717607
-22.951541221184552
-22.957138475894023
-22.955154719978054
-22.948313544470164
-22.94499749795282
-22.941053054782493
-22.936752440723524
-22.93722774897999
-22.93518530663036
-22.93020093686637
-22.92889086591581
-22.93712203348744
-22.932786615762527
-22.93528194244786
-22.949813794490897
-22.943779000886263
-22.945426841785643
-22.938563237198505
-22.93048592258618
-22.92573738941034
-22.94052752982818
-22.94709011598269
-22.947845496312556
-22.946966357779246
-22.946780050116825
-22.94176674891731
-22.95013144536509
-22.957744851811924
-22.960781146666353
-22.95342808611188
-22.947586130637756
-22.941634676660346
-22.950465370337813
-22.94403769952612
-22.943903223323115
-22.94594561035839
-22.952196880188193
-22.951762069904284
-22.93774331443042
-22.937807718776757
-22.935932814128975
-22.932303280072478
-22.935181088953758
-22.93505087401733
-22.941445193657557
-22.940257810265276
-22.93832731191573
-22.930404926655722
-22.924911922401105
-22.926603378320632
-22.939316906151
-22.942481785720187
-22.937029129010984
-22.93654587117034
-22.934346317749114
-22.94289073277593
-22.947692731822965
-22.948057250182647
-22.94254434705699
-22.945871441994775
-22.943859822852275
-22.94490109160857
-22.9489942174912
-22.94925520665305
-22.95013139716753
-22.950232571788344
-22.95888627161864
-22.960909005401454
-22.961120636947822
-22.960289963480932
-22.96058638399392
-22.95453354956776
-22.959609263731004
-22.96083000174077
-22.956704896603682
-22.955334080103402
-22.960315356443395
-22.961227287156714
-22.962516564653754
-22.965081377431726
-22.97270942329188
-22.975279715270613
-22.98730010388682
-22.99054110622219
-22.985171081940088
-22.98573348971638
-22.980688340610556
-22.98305854765971
-22.983743127225512
-22.98044697135513
-22.97241986741659
-22.979279411632092
-22.96882904805716
-22.974715819806022
-22.974398938577256
-22.96855926123256
-22.96855073987701
-22.973880218540614
-22.97191194518691
-22.968151196959372
-22.955894080795353
-22.957796761802452
-22.948764191310442
-22.958695639275078
-22.94643852230792
-22.944913442825083
-22.940028352615695
-22.936373279927075
-22.93863515049914
-22.933102714556732
-22.942307653441496
-22.942234885742383
-22.946642189632332
-22.95331248845756
-22.948831314545256
-22.956983195234205
-22.957274443717022
-22.95645296043787
-22.948348409344973
-22.95021306991963
-22.94977708160944
-22.93945885984934
-22.935017440157893
-22.941553864932487
-22.940325829639885
-22.948844313986758
-22.94659825591449
-22.952561393469566
-22.943981099217073
-22.945272214246057
-22.952385342663916
-22.947326487715635
-22.941038500557447
-22.935376745154493
-22.920024766195763
-22.932184331023883
-22.93621633504888
-22.935425192165837
-22.933250675476042
-22.928425636850523
-22.92728094673078
-22.933228221864464
-22.931355263751886
-22.93116984886326
-22.929170789148426
-22.936953728360777
-22.943228847130964
-22.93259977102799
-22.947595077533087
-22.940634612388255
-22.94328563253336
-22.94383623769072
-22.941590222977794
-22.947800362538363
-22.93912323454108
-22.940819525378302
-22.939319901381506
-22.935230962506452
-22.937579997545786
-22.94168436816121
-22.942341821367492
-22.934147693942073
-22.929543357876597
-22.9309452184139
-22.940138321453233
-22.950399869287395
-22.95010854208709
-22.942453754259297
-22.949353471526045
-22.941903231120396
-22.940307906207526
-22.942244464784938
-22.947840256152244
-22.942004372401733
-22.946723406666525
-22.952201047873487
-22.947372412477872
-22.941435105621782
-22.935533906894587
-22.944308113168898
-22.948644453874323
-22.95565130765295
-22.955822317542598
-22.957018644121263
-22.96104791145401
-22.967375451517555
-22.962002281090374
-22.970803260027804
-22.98059540956678
-22.981713130621834
-22.985065113207796
-22.985245850302242
-22.979289907826246
-22.969387864401778
-22.965093712444528
-22.965828316815013
-22.969562729605414
-22.96670362598488
-22.963960513781725
-22.969987285688898
-22.980080536609652
-22.976430180403636
-22.967552704000852
-22.968081816111635
-22.958828457792208
-22.965336006181154
-22.97107110937666
-22.966193595428212
-22.962743121632574
-22.96896050786786
-22.97008285538188
-22.96483026948768
-22.966953815829577
-22.960459088637265
-22.96440878174049
-22.957455274674036
-22.964830829626983
-22.967972687477605
-22.96472135932584
-22.959044664797158
-22.967553329506305
-22.979604149725784
-22.97398669456039
-22.9762687495563
-22.962974636515582
-22.96436636981586
-22.95928425116688
-22.957813318878753
-22.95794430967658
-22.959399918044323
-22.95525258910414
-22.9550571107764
-22.959863458307634
-22.964132411827652
-22.972500470417124
-22.96983479556096
-22.96897493806588
-22.96955582286797
-22.964821368018136
-22.964213398934685
-22.96626213890031
-22.968371239366967
-22.95763699641687
-22.953501044230077
-22.954526939387616
-22.957915876128794
-22.954767946154732
-22.95691490494518
-22.95174327041413
-22.950919048338925
-22.94785462302942
-22.95024043989632
-22.9523889863938
-22.96313770295324
-22.962560894842504
-22.964655979576616
-22.97066220746437
-22.96682825638742
-22.968298912873
-22.972793902526185
-22.96648490707078
-22.96028706541323
-22.955091747346483
-22.95677258853892
-22.960292085316993
-22.96613480181391
-22.961627697578486
-22.961143860460957
-22.958793675727897
-22.961830453466256
-22.959824141739418
-22.96189711089615
-22.966401619334956
-22.965370181558892
-22.94964721480395
-22.948589766546277
-22.948704150609068
-22.95529780814433
-22.956061902548814
-22.95681284545993
-22.954969580805063
-22.966640276732452
-22.959920308928037
-22.959293922616922
-22.950599338744894
-22.949067732504517
-22.948322040993787
-22.948600580443966
-22.94666874882023
-22.946608178522585
-22.959133683553254
-22.967292156362667
-22.973443700605586
-22.979449463747866
-22.97781960568868
-22.972394684350167
-22.96166538055087
-22.95910587560585
-22.97088591474062
-22.97497904394167
-22.96591391885556
-22.96470654828848
-22.961122910910127
-22.959773116411323
-22.95466391065528
-22.951140972266593
-22.952941997915563
-22.96266490439163
-22.945385894648744
-22.950371688091163
-22.94935913197805
-22.946839906504298
-22.95039989072602
-22.950278838467007
-22.951367327024354
-22.957158916274164
-22.959654189497773
-22.958037158157072
-22.961735684697356
-22.960158936880237
-22.955581351304776
-22.955749184457478
-22.964769263928524
-22.962036575797146
-22.96514480736256
-22.973181968290096
-22.968006545845352
-22.957824349883644
-22.959357958769896
-22.956669818757614
-22.949796546919398
-22.939255595625905
-22.941440774106777
-22.948594871949
-22.949875942447115
-22.948551389193977
-22.95588806338725
-22.954788595718107
-22.95711715582986
-22.954720466739083
-22.956045659532574
