-22.956045659532574
-22.960342412753832
-22.94954119265112
-22.95389283405639
-22.950837332822786
-22.956336742035354
-22.953925466197205
-22.94596548549283
-22.950685945026798
-22.944082062411994
-22.94302585390606
-22.945646964285164
-22.933345683325847
-22.92890802595125
-22.93296589863885
-22.931753729262837
-22.925639154266328
-22.93720860895287
-22.930315727565855
-22.932855639308304
-22.937361154688542
-22.935076148694876
-22.935700919803843
-22.926081041620296
-22.924878986402963
-22.908801368350645
-22.9100495670463
-22.910577212579543
-22.89594241192029
-22.889336454730017
-22.892939545727028
-22.897769642688996
-22.8960553982866
-22.893537407093454
-22.890788332001254
-22.887971108634435
-22.886967686731683
-22.88442479956093
-22.882706453077656
-22.879241605147755
-22.880730171862144
-22.889034129316588
-22.883336853711935
-22.89073632962545
-22.900685683331243
-22.904495258064838
-22.91032369612819
-22.912479824329722
-22.9037494693252
-22.900356938407064
-22.896705191307383
-22.895874680768205
-22.895403385576746
-22.89634071524434
-22.898602897099682
-22.894678731389284
-22.89792038192549
-22.900784585727756
-22.900681448017043
-22.906183076463094
-22.90759194768767
-22.902018146294694
-22.896625127513076
-22.898207851974952
-22.892632110847387
-22.88860286528917
-22.896550294968456
-22.905098195448897
-22.902749976921402
-22.90838134523627
-22.908880800226328
-22.899817130012373
-22.889542388507557
-22.893675315680014
-22.89012794787081
-22.884547142328856
-22.88858162099107
-22.89353438081857
-22.897460142456477
-22.902423601992503
-22.9033783432386
-22.911214319644337
-22.9081110461268
-22.91043185772326
-22.90508668731311
-22.911886567936186
-22.91492237772404
-22.91161049117408
-22.925949556486977
-22.916702528058885
-22.920733919321968
-22.922401044079802
-22.92040600733178
-22.929359627169763
-22.927062298284724
-22.92126165299907
-22.918315411702682
-22.93080731475608
-22.933080846543607
-22.932392553450967
-22.92824637204374
-22.930758918880716
-22.92990852173723
-22.926942626392957
-22.927772066538235
-22.933223345768408
-22.931179628543838
-22.924994402297585
-22.92451690362978
-22.921556719003725
-22.913665149018414
-22.912902817873313
-22.920031517918396
-22.92697524248229
-22.92223329706514
-22.922872179071014
-22.919849386508943
-22.933899152423997
-22.9259378219739
-22.92122742069488
-22.920161618435653
-22.929486999057232
-22.937958303655904
-22.940982520939347
-22.939589225480887
-22.944900941201915
-22.947037671882576
-22.949687835166547
-22.949964193379454
-22.945508410427934
-22.94470302963948
-22.94258967330384
-22.930936427646586
-22.93053330037345
-22.933978827469577
-22.935743782498314
-22.93748021886465
-22.936152850154954
-22.928503910741867
-22.934477103991572
-22.922440828442415
-22.920364919643728
-22.923397299648364
-22.91685680497202
-22.910235770905203
-22.90522960536349
-22.907266754188328
-22.910637644088784
-22.911682261870858
-22.912386668692424
-22.91235653512724
-22.911571950676947
-22.91085555575194
-22.909595460432968
-22.90215555707742
-22.90646785319412
-22.92204950943212
-22.915642942209644
-22.92214455815202
-22.914461499389965
-22.914529076513247
-22.915501827344066
-22.91531655890728
-22.9156919854153
-22.92128184235643
-22.91611908897922
-22.91831669359047
-22.9096733281921
-22.912320596910984
-22.909973817943175
-22.914977529293953
-22.919882008886436
-22.92294670944954
-22.92441936461951
-22.91356624996034
-22.901293206521977
-22.907809487409363
-22.90762419331337
-22.912832146039964
-22.914852096783022
-22.927970601956797
-22.923409593767527
-22.91245687600143
-22.917298801364105
-22.90633333932364
-22.909469983995102
-22.911069078517958
-22.91022103161946
-22.921291838308505
-22.9248827908965
-22.930921712504077
-22.925313934997003
-22.924498527607422
-22.9275156169826
-22.92136993441702
-22.915639441571628
-22.91662873669109
-22.902230011644445
-22.902146352297553
-22.901224461856337
-22.90610229529323
-22.900476186790723
-22.897700826678953
-22.89469750179069
-22.8994121696501
-22.89970789118228
-22.90274859742813
-22.89982731407735
-22.900656107322284
-22.903954827219078
-22.909662328484394
-22.916058916808343
-22.91638665489524
-22.912752177980053
-22.91370590181268
-22.91791718925196
-22.91443689950122
-22.907631298748207
-22.906729417381367
-22.912602750192868
-22.909211296571982
-22.902576294427426
-22.904744369306968
-22.91076488353529
-22.911037897911015
-22.92739050301921
-22.92068002526525
-22.928363402301862
-22.92197281767746
-22.91369599530901
-22.93215169175665
-22.928786786110205
-22.925251718538536
-22.920659216486584
-22.922334538909315
-22.92954832124675
-22.92300640426212
-22.923544798513163
-22.929183246808666
-22.92485275840176
-22.929755180862017
-22.925553660250966
-22.92340531956782
-22.92340416351684
-22.925924181604497
-22.926168249329002
-22.911306647878288
-22.909064765326935
-22.904812794853196
-22.91250834058451
-22.901347435391692
-22.896836599937256
-22.902395076012827
-22.90303416851875
-22.900380301768614
-22.898252824931074
-22.900211342013087
-22.906457760650863
-22.91318091419151
-22.91597432745335
-22.91892654748215
-22.921187751941794
-22.923866634722604
-22.91950398001469
-22.92285114079526
-22.926504477521476
-22.92848398782121
-22.920266423660138
-22.927003224391626
-22.920178296038326
-22.91253990435743
-22.916744869269902
-22.919897984578
-22.919592060144982
-22.925488580454353
-22.921274761707355
-22.92271381364195
-22.92125142698907
-22.924847957466838
-22.917716626661765
-22.924033697360347
-22.92916263035583
-22.93145547558999
-22.929663261142863
-22.92774526441075
-22.93363542986079
-22.928239013785568
-22.924313928551822
-22.931120143927192
-22.919201013583933
-22.917237015848087
-22.9068770876776
-22.901168557562208
-22.910753462488167
-22.908655428679822
-22.914008885417992
-22.916544017657266
-22.9183204481438
-22.91042758293722
-22.89661304797547
-22.89696582053348
-22.901911679805455
-22.906919593247014
-22.91119256973998
-22.905601021698597
-22.90270451343422
-22.90003946185767
-22.901931979387488
-22.90619000550921
-22.90043112575257
-22.902714989739486
-22.905400064430207
-22.902987359084623
-22.91282749438937
-22.91595448743998
-22.915494611565272
-22.913079658016894
-22.919455936109713
-22.92316412501179
-22.92065042883174
-22.92503398872124
-22.922570775674664
-22.91695176710928
-22.922199601528035
-22.92176530467569
-22.921000683062722
-22.92391157681723
-22.91885154579765
-22.923308561381855
-22.92041699978946
-22.909062676693427
-22.90358903908427
-22.906703347997283
-22.91556984376109
-22.91826594211897
-22.91790018998001
-22.925762887294997
-22.930591175677424
-22.936490612038803
-22.936039581763545
-22.92985651721566
-22.929441996736735
-22.924478462529425
-22.924053959368184
-22.919542195303276
-22.91581423797247
-22.91312584128022
-22.91601044468994
-22.91377410622499
-22.919434495146675
-22.91415072064873
-22.909524017563946
-22.905335684200818
-22.904015719219615
-22.89710721231437
-22.89803281966663
-22.891799900467312
-22.890181389016977
-22.887757578427486
-22.8993850221723
-22.893765928586006
-22.894633775166902
-22.89637879637031
-22.893475674855914
-22.897395135475417
-22.896683900844895
-22.899635649001468
-22.894441209643954
-22.89057690044888
-22.88759703549418
-22.892537941209266
-22.891452578164103
-22.900605154197635
-22.892829984488415
-22.89173330291974
-22.890215512311208
-22.89241443723514
-22.89878457770455
-22.89527702272977
-22.899695849582095
-22.898117854019446
-22.897188193550214
-22.906798100536975
-22.90260928992612
-22.9002772164592
-22.901450375099447
-22.911566572585695
-22.912515829226603
-22.9037284413858
-22.907065373868914
-22.90471405011643
-22.90743108987244
-22.905010204449706
-22.89464780799987
-22.892285861482044
-22.88300022549245
-22.881610574967226
-22.89017512765932
-22.901016375556342
-22.901885293231384
-22.90179364252045
-22.90514367657931
-22.906521214154697
-22.911426550471358
-22.9247472965721
-22.926921419942772
-22.92088130139328
-22.92706570528461
-22.930524130631497
-22.936421803095605
-22.930656478787792
-22.926916137813322
-22.928195497493874
-22.93154029279872
-22.928781080217345
-22.916324318900564
-22.917281391140317
-22.91713922455155
-22.91356252259215
-22.921079547684087
-22.917140562131497
-22.90585490314138
-22.906155315122433
-22.90705053635999
-22.907582278481662
-22.90321069689022
-22.90840616890366
-22.90160696234816
-22.906124314428286
-22.900127487931158
-22.896061827082793
-22.89035241332211
-22.886782967796123
-22.890934781443832
-22.89575415195294
-22.89048496351292
-22.89336820706572
-22.89019431122843
-22.88095799168147
-22.886489023856882
-22.887463006542607
-22.891403837054852
-22.894276894171703
-22.900969875141325
-22.904742329194058
-22.896909110457614
-22.890375489531777
-22.879467067313364
-22.883663957726945
-22.89399701678409
-22.893736781182607
-22.899288962275726
-22.899473149282855
-22.900966087995275
-22.90437953943348
-22.905726717207866
-22.90984540974004
-22.91036228263254
-22.909721694499087
-22.904254601327377
-22.895380778777703
-22.901162314905175
-22.911873449074502
-22.91866015105176
-22.916202600042105
-22.912695339064097
-22.91185609165395
-22.902892821417787
-22.90733978199398
-22.90896147401437
-22.910578662968273
-22.904757447048233
-22.903433433032447
-22.910135640134595
-22.917337092067548
-22.920728682398117
-22.914754105991193
-22.921336573030885
-22.914952105606297
-22.910638321323734
-22.917081223628834
-22.92019965307177
-22.914345200078394
-22.912222105548302
-22.90492641661664
-22.911079870376916
-22.91025152996271
-22.918202337220006
-22.922496060378627
-22.924026896836995
-22.917320490139993
-22.916791368664658
-22.918503384875827
-22.921742246394164
-22.919175523560128
-22.9229415918178
-22.926880524738948
-22.93288891358138
-22.939889301650325
-22.939959830688988
-22.933182962132943
-22.93214849306562
-22.92397353617866
-22.926155319688103
-22.921174684730225
-22.927422812788944
-22.9294214225401
-22.931874680922714
-22.93168401288013
-22.932667251755795
-22.93068775542246
-22.923658102331707
-22.91201272563613
-22.914726239818194
-22.91785903856583
-22.923762630401082
-22.9153362300153
-22.916264149752056
-22.9258263063742
-22.923667614823596
-22.925928552573478
-22.916775145990183
-22.92487517756691
-22.928162842005865
-22.926755679023394
-22.929039854467817
-22.93547975628701
-22.93075704827205
-22.941790076129223
-22.93425950702843
-22.929622637568354
-22.9233463915423
-22.932585051381103
-22.92644252081391
-22.931953328508644
-22.93005934436633
-22.92248667042751
-22.921052837620326
-22.930173680267444
-22.93702146727273
-22.944682543942694
-22.932710359610063
-22.918740380133105
-22.915863084056532
-22.91197564058881
-22.917791964337585
-22.922776524922135
-22.916540240398508
-22.914613294225987
-22.930891848570717
-22.93085458504635
-22.921413433965455
-22.926843148626435
-22.929225819208014
-22.93792237043111
-22.93182748936795
-22.93232738484649
-22.929887204763688
-22.92629055784087
-22.9196440918978
-22.918734483235934
-22.924870839490527
-22.92477373685101
-22.919976482814373
-22.9198313527933
-22.91733154699331
-22.916936426777323
-22.91281129141484
-22.909836740539866
-22.90373119052114
-22.905237604157424
-22.904120749978016
-22.906005689577423
-22.912350571320037
-22.910172242323505
-22.906105546080084
-22.906298943766423
-22.90785077153802
-22.91110484031183
-22.911538527416067
-22.91616605432218
-22.918370801839078
-22.911624117559416
-22.915853497072092
-22.921139776085838
-22.91965169175481
-22.926034845018286
-22.93320462126227
-22.93759295446246
-22.927607624611973
-22.927360863292705
-22.923158909815054
-22.924118450681796
-22.92720167741822
-22.921934648656983
-22.921365296782337
-22.921147744272762
-22.93131410691851
-22.92859850279258
-22.92703094102916
-22.93032142804641
-22.923738499925825
-22.924742205148863
-22.924134423567455
-22.920414807063654
-22.920998282146048
-22.92521403467343
-22.929283656429018
-22.930295372034056
-22.92604619473894
-22.93385015350659
-22.939952064403396
-22.9271656064458
-22.92735833346498
-22.929651992641045
-22.92991656335343
-22.9224973423942
-22.923000513276666
-22.918903338160813
-22.914226772145287
-22.921310090915018
-22.921789869288247
-22.9210374693562
-22.9198319785096
-22.912657138522125
-22.91163551937369
-22.918556684159306
-22.918412577423545
-22.92263050002145
-22.922625350693306
-22.915779285419244
-22.91567777375283
-22.916204437403188
-22.912767466437632
-22.9127978254515
-22.919335670538626
-22.918592671674958
-22.917533375045302
-22.920263744680668
-22.91726640493072
-22.922706748753644
-22.914609114369224
-22.91423524051682
-22.912356506442627
-22.913311331756862
-22.90129990838294
-22.900418536466695
-22.9120210387445
-22.920520495628462
-22.9093054725901
-22.904489182858537
-22.906694778855236
-22.90438070235277
-22.905257792848502
-22.9049098034409
-22.905890019038793
-22.89821454571689
-22.904415327557402
-22.903525315132377
-22.902573958365124
-22.907074129856966
-22.90739988766036
-22.906153057848602
-22.90132248608798
-22.901312255494524
-22.90190007117003
-22.89439320147369
-22.902320742572115
-22.89787087380289
-22.905296867013398
-22.90966021638646
-22.911928713288834
-22.9117491898393
-22.914722272455208
-22.921483806194562
-22.91407342093813
-22.914992821711508
-22.911243478978733
-22.913859990367698
-22.91661444972066
-22.913877282594907
-22.920917762919093
-22.92527973739161
-22.91688781305402
-22.913820875186698
-22.90389290080115
-22.90503397675269
-22.911210932209382
-22.908891845396592
-22.90111315327135
-22.911095801628495
-22.911296929174966
-22.921875396422514
-22.918709164956343
-22.91943360841735
-22.925851007778878
-22.92720921878069
-22.92204589169472
-22.924525724484038
-22.931457578310784
-22.929106476612393
-22.91862844059009
-22.92346671059208
-22.924885095265715
-22.930379470349667
-22.925294108337717
-22.922313413879657
-22.913458517002272
-22.919056818587265
-22.91975870609771
-22.924969593310752
-22.926370466901023
-22.923768704214577
-22.924096641552445
-22.916564255982628
-22.921554098064217
-22.925933635287155
-22.926877722699707
-22.933353935767894
-22.93394053237528
-22.93509270830782
-22.93715926169623
-22.938858877021016
-22.93941300477689
-22.932658334373475
-22.93474432481189
-22.93750655964618
-22.94008058361293
-22.939182035891257
-22.931907552336412
-22.92828988485703
-22.92048221667137
-22.921449348733628
-22.923611346049608
-22.925474578613084
-22.925870456269852
-22.928424890295243
-22.930438082529154
-22.932954042522795
-22.926237332218918
-22.92550950771617
-22.918335949035257
-22.91701306516976
-22.922486851678123
-22.92427644789818
-22.932844215197708
-22.93167472708273
-22.925070258318552
-22.913832794559617
-22.923389036243663
-22.927785080007695
-22.926120887521044
-22.92712887160134
-22.924957428764454
-22.92605742940205
-22.91993057767602
-22.917621521018148
-22.922396981369392
-22.910535696262144
-22.91575290386611
-22.921474053162292
-22.91930051550689
-22.921780284521674
-22.919964931279633
-22.91179543883844
-22.908743357962265
-22.90925900618188
-22.911272349067215
-22.91211599669146
-22.912664396825736
-22.915897208471673
-22.90458099074181
-22.902594839898242
-22.906936852196644
-22.910222636580862
-22.905151883564823
-22.90424583539214
-22.90616676463862
-22.906746610712908
-22.91620977069817
-22.922640575311124
-22.920491082489953
-22.919184703138775
-22.924656734172572
-22.92041837851079
-22.918282592267683
-22.911586393873087
-22.9037751608116
-22.919691729143352
-22.930860808049452
-22.935682333956407
-22.934729017622868
-22.92607763185164
-22.915792953844036
-22.913231679940075
-22.90970541335176
-22.910186692275413
-22.905118266958482
-22.90190384844574
-22.897133867668717
-22.888373613453666
-22.895362397918042
-22.893347373723994
-22.89637735601664
-22.905469273444396
-22.907944845519538
-22.90308236803146
-22.898730072226698
-22.90201157196663
-22.902361273554746
-22.8997703348316
-22.894080468353405
-22.89939084371532
-22.90867902163827
-22.90453372844179
-22.896588685131512
-22.894405614763397
-22.89982739990949
-22.900294847373704
-22.90045143230274
-22.900645789563516
-22.897069795140446
-22.896338567537228
-22.89436982574709
-22.8980813090003
-22.89416907279477
-22.892483777215197
-22.89265476811925
-22.88414156591311
-22.89188370470098
-22.883745334909403
-22.896593727671807
-22.895323932483876
-22.893077078308465
-22.898461382401862
-22.894385768392745
-22.898320542501068
-22.916605099013474
-22.917730297600098
-22.925202211666814
-22.923549289022738
-22.93409656138326
-22.93525836036078
-22.934485195034068
-22.939309551286446
-22.93733573118478
-22.93968319142839
-22.937639354636794
-22.93586953077141
-22.924791294488216
-22.916021675436962
-22.913991521870674
-22.911948588161316
-22.91487625897789
-22.912535858824494
-22.907011580062075
-22.902959816503643
-22.90292441081488
-22.90612151295006
-22.902471310058
-22.901774442592806
-22.90151027686088
-22.90196146719094
-22.90475452167501
-22.895264934696215
-22.899684056669276
-22.910005807045447
-22.91615399229796
-22.91692353564266
-22.91739565278825
-22.91335584778763
-22.91962321697044
-22.92420463208435
-22.935892745600665
-22.925542100254
-22.929420973525414
-22.924637304380852
-22.927247112332307
-22.93248511795688
-22.92764445861298
-22.919028896169067
-22.922363197004106
-22.918010729371677
-22.915382195313818
-22.913634866331037
-22.909207423754292
-22.91306784866681
-22.90947871076314
-22.90983165012161
-22.9174876018537
-22.91558917155419
-22.914931522173
-22.92032448697397
-22.92642800529822
-22.92049103290786
-22.92319187419196
-22.9247895290058
-22.91672196251061
-22.91590555782368
-22.907714979941765
-22.90192654357678
-22.90932559187696
-22.91224765971899
-22.909759645227822
-22.916416552867776
-22.924272833347477
-22.925902144825482
-22.922180615644717
-22.93685800572394
-22.935491324392306
-22.92492255514702
-22.911513804427944
-22.90627991928056
-22.898587692510482
-22.910889683456833
-22.904695205357626
-22.905878336369348
-22.907092388634787
-22.89834264591041
-22.89222392691769
-22.897998086480182
-22.901545404998064
-22.88908814521226
-22.888910097463746
-22.895189398916305
-22.900537558003986
-22.909175958596528
-22.90430540734426
-22.913047863677747
-22.922410990157573
-22.923024524306307
-22.926774032349027
-22.93022856037795
-22.93240593789772
-22.92880609782712
-22.928258537273674
-22.920661198203415
-22.919838631751272
-22.92025913739179
-22.929725919749774
-22.916814112440036
-22.91532699254837
-22.923565687971454
-22.918242960290492
-22.916370886099823
-22.90781203985954
-22.907568512028202
-22.90247631976006
-22.904879396978888
-22.905057752895342
-22.901050374310245
-22.90439459835133
-22.91356396987942
-22.913716811454925
-22.909776137470995
-22.9032823933655
-22.900876936523204
-22.899304876893368
-22.900764180419834
-22.901892232490688
-22.910656291633675
-22.91447170093012
-22.912123423011654
-22.910054248661318
-22.90630125732823
-22.906769277701247
-22.922797588883167
-22.92804721497463
-22.92460701368599
-22.928094029055845
-22.924967557046553
-22.92415038913816
-22.925605302236864
-22.92202468548075
-22.9127822550548
-22.914696321277862
-22.914474223965634
-22.90919209047655
-22.91169895983783
-22.91967554868746
-22.935544948665623
-22.938858585922482
-22.933619239325765
-22.935687849659498
-22.92521693015811
-22.92178580751293
-22.91727996215512
-22.90523564926214
-22.913141535905915
-22.91024629794105
-22.914881107957545
-22.915639941251797
-22.918213232775635
-22.910667231490198
-22.914209705526485
-22.917144596022208
-22.92227534372547
-22.932345377192387
-22.930292058454572
-22.92645589290549
-22.915883737511724
