44.0
43.899430815010774
43.78934950222661
43.66904755548966
43.5379780099459
43.39994099946747
43.25576976821248
43.08845656119122
42.91170715339827
42.7050023787916
42.49288385767689
42.264695645363986
42.01067949482483
41.746031785014644
41.45500115513166
41.1294746606268
40.784390975583555
40.4142474848279
40.02067570932133
39.590854636730036
39.115732180978924
38.61949783606576
38.07823188359203
37.50466456857256
36.87855391037714
36.2106114532419
35.509006708019065
34.75452731984507
33.961583461217494
33.13420854693847
32.28456137211981
31.349068425417965
30.430554821874342
29.46672904415503
28.45618654276425
27.4061402298081
26.321049000184875
25.17731402702602
24.05787618849909
22.85663583635601
21.681981177391005
20.49892228022493
19.28513848872512
18.05706010628666
16.775387595551155
15.537278043758322
14.302422760473396
13.079588381879706
11.832357169345137
10.646014434290953
9.448213198890874
8.270371841909244
7.1111517126248085
5.970245072550213
4.866997818239929
3.812486186367253
2.7745328471563253
1.7472999524949115
0.7948496614047915
-0.11854473772635415
-0.9726306760536033
-1.8360454430393536
-2.6528004135268084
-3.443808330486541
-4.197051306666404
-4.9222119980709875
-5.588773589310534
-6.257448579386723
-6.880308075957848
-7.441576151471355
-8.012264068076766
-8.540519011460857
-9.048745609814995
-9.534425715513088
-9.981434381598731
-10.418314600564363
-10.828154103526934
-11.194361775197024
-11.566963958094892
-11.907618226714577
-12.229929577620743
-12.538796638541355
-12.833729692344127
-13.11527204051178
-13.372778535598268
-13.615956733254718
-13.846037023430119
-14.060202414293954
-14.266463147082883
-14.465709240720015
-14.655207926511181
-14.825191288183584
-14.997945112843864
-15.160996206204533
-15.302849335169263
-15.433688435002903
-15.56330713932773
-15.701322559250954
-15.835918008256229
-15.954909044487865
-16.064990165723
-16.17171173824001
-16.26834440384058
-16.36539522143202
-16.458406791747297
-16.549070740880996
-16.64635664649476
-16.73381670841762
-16.809488593468476
-16.88482416430121
-16.95170097321682
-17.02257958038373
-17.097225792032972
-17.163570963565483
-17.22662706322024
-17.29294619111104
-17.35503754061576
-17.418944020849526
-17.46959949086713
-17.52095081853526
-17.57080324854357
-17.619833599849464
-17.660502619041285
-17.707812591769134
-17.75657946474669
-17.803368128378327
-17.840640305667087
-17.884167765628604
-17.92695557812849
-17.96673436327657
-18.00295017449317
-18.04273772052558
-18.07712458703377
-18.11216749782529
-18.147027645717593
-18.17567810039833
-18.204768649447608
-18.233575357734512
-18.267545674782184
-18.302112679881965
-18.336990304343736
-18.376795908019687
-18.406599788342195
-18.438091867814062
-18.467240316851885
-18.486170156573515
-18.516307710824666
-18.53950500074065
-18.565704800345898
-18.59099390039691
-18.613445070697654
-18.64121938865711
-18.665955793111287
-18.694233131077514
-18.712213250555394
-18.73050408694465
-18.75237165026769
-18.774578339527448
-18.79636539981864
-18.81841982985412
-18.837397100722416
-18.862007511742785
-18.877747265133504
-18.89264898381969
-18.908605833095674
-18.929903999232927
-18.950360916850503
-18.96496676666706
-18.977226485232517
-18.9985264014812
-19.019428018627
-19.038799452814168
-19.05133530439087
-19.070413736296068
-19.083549041777015
-19.094474351329584
-19.111619194476983
-19.12624323812022
-19.13902635724777
-19.15488608123632
-19.167350072946384
-19.187880641159246
-19.20663939487261
-19.215588619879604
-19.22816226264456
-19.243535983294073
-19.25559896403089
-19.258760627081056
-19.270425903333166
-19.286901903195922
-19.2993794570913
-19.314968663985162
-19.325854529667424
-19.33610189185485
-19.349143300440584
-19.366077844974267
-19.3807876981904
-19.398063901869715
-19.417978463019008
-19.436936417061034
-19.449060868932747
-19.45581515985069
-19.47026304373806
-19.488296365151847
-19.503111767160902
-19.517217588760182
-19.526756125916187
-19.53600120401873
-19.549979656756392
-19.55249421780577
-19.55827700674872
-19.56474095313602
-19.576315898259143
-19.590355040243274
-19.597195274624212
-19.61098576016645
-19.62721368657091
-19.634795954929473
-19.64786595608956
-19.66020721455738
-19.66820035107762
-19.682741569092986
-19.697726164713128
-19.701502777116367
-19.714046977220445
-19.728080651275338
-19.73895795847899
-19.751045737035074
-19.767032625687044
-19.77889114053389
-19.790844522043038
-19.799469860223283
-19.808463995252815
-19.817931027712703
-19.83242246321333
-19.844942454683128
-19.857836521609904
-19.862224686969626
-19.87522829205517
-19.88175029203893
-19.89425816255149
-19.90584761723858
-19.91580507059853
-19.925792382773995
-19.932002677388315
-19.94132645684823
-19.953056323977943
-19.964132573472767
-19.976102761536538
-19.98454788416934
-19.993918965348893
-19.997183585462324
-20.007965370421648
-20.02206533236234
-20.027175981524728
-20.03366535603902
-20.05039944351744
-20.05839865673316
-20.06890600573002
-20.07788532369161
-20.082052792692096
-20.094690714848863
-20.103003582577443
-20.11298422501877
-20.11702951668601
-20.129399879395248
-20.143380664103553
-20.15165249271263
-20.163655106277304
-20.16498429385152
-20.175119867141866
-20.181157043318457
-20.18801582380358
-20.199029840053633
-20.205325689221926
-20.208917870053153
-20.2157762909311
-20.22543384907348
-20.22637352729682
-20.23556852022691
-20.24556306455332
-20.248449916835476
-20.258456195601536
-20.270097918521966
-20.27637459950978
-20.286860785990246
-20.29356826503932
-20.30025933991128
-20.309234883239405
-20.31280248560627
-20.320835702863736
-20.332390732466827
-20.336726877928207
-20.33987278656395
-20.35095639647052
-20.3569147373504
-20.356231221718087
-20.360913331818463
-20.37260204153614
-20.37895319946366
-20.38181568249374
-20.39427051164024
-20.40291861972438
-20.414917604825366
-20.42215935718173
-20.4287181690376
-20.438586317817528
-20.44341083626156
-20.450596419406217
-20.45723707175759
-20.468388891326452
-20.478066610744765
-20.486694231187958
-20.494915580423452
-20.50154907992295
-20.506412276714222
-20.50805228987159
-20.519284654101824
-20.52491928541515
-20.537321659898062
-20.546272163042662
-20.553135529393096
-20.569454470818176
-20.57828236525945
-20.59167417999953
-20.595835080610783
-20.60346009363629
-20.614246896140575
-20.614764612706935
-20.62055312302905
-20.62521463924867
-20.626837469290248
-20.63279429026292
-20.636477909589228
-20.641100175748743
-20.642160182872846
-20.651387469042284
-20.661574436441782
-20.66526342008938
-20.67766003823648
-20.68466043296704
-20.68561170562313
-20.700831850331998
-20.7110213911878
-20.719567029694627
-20.725229939239306
-20.732656542795873
-20.74361525131022
-20.751898989272586
-20.75539327543813
-20.76225480628989
-20.76771006147215
-20.77615887097927
-20.781176543840523
-20.790445386400915
-20.79697867538763
-20.804100944936543
-20.808361929145715
-20.812021096803225
-20.817624165561032
-20.83006062891422
-20.838795120622994
-20.84220251181422
-20.852862715431407
-20.863128895681747
-20.87006717340227
-20.878926104904387
-20.883543277993883
-20.888718716242426
-20.896875766856184
-20.897210708373372
-20.90136514869124
-20.909690708447304
-20.91474121681691
-20.924052796323522
-20.93133015401543
-20.94285716727219
-20.946287847650783
-20.960999170394906
-20.966663280930245
-20.975970321873042
-20.98266458871391
-20.989328138849622
-21.001924513062892
-21.009673565947494
-21.0126173979019
-21.023881668792793
-21.029755321189022
-21.037869598730293
-21.041891659763998
-21.040849989992928
-21.04111258876177
-21.045186479442158
-21.050886964033904
-21.048822231971712
-21.061151664844257
-21.066295601027985
-21.075417789221007
-21.082211295947033
-21.089729908752492
-21.094114388344213
-21.101769716757754
-21.111207839805928
-21.12550867954618
-21.13073528304622
-21.139720738580582
-21.14002993487782
-21.145561146422395
-21.149394195087464
-21.152988272665482
-21.16042695632379
-21.166222750563268
-21.172660323661038
-21.176020644512032
-21.18046467759466
-21.19240382540792
-21.203321158652543
-21.209763453643532
-21.217197344703788
-21.22413965921063
-21.236417455254372
-21.24377841520182
-21.24922010172586
-21.25313119353435
-21.25541720878917
-21.268976697279864
-21.273304466630098
-21.283102092998142
-21.28760052779459
-21.291873788016733
-21.296058585263747
-21.297994928438552
-21.303567212215437
-21.310302568915162
-21.318364981616615
-21.323901797827055
-21.329119413559905
-21.333793456592293
-21.333923490267356
-21.335622054850298
-21.33518987840473
-21.336776520278836
-21.344329980637934
-21.340921335078896
-21.342196073516526
-21.35136879342369
-21.363885438536087
-21.36898290234032
-21.3750666346144
-21.38288465837649
-21.38808488351824
-21.39802722056725
-21.40132663348402
-21.407854824930986
-21.41181333515514
-21.417296158938115
-21.429181771638248
-21.430321528375227
-21.449154959748878
-21.448029304351337
-21.458944665880882
-21.46536410812187
-21.465436665841825
-21.47463598661117
-21.48761939766833
-21.492340968670845
-21.496082452462005
-21.502531235050373
-21.50523526532656
-21.503704540231507
-21.505438200713634
-21.512859839848904
-21.515274631066127
-21.520637343882456
-21.527546315724276
-21.533308797454765
-21.537266711172126
-21.541311979725474
-21.55190478433851
-21.560803243057883
-21.565314014911166
-21.57234786956169
-21.58043448902142
-21.585053168338145
-21.5888269669013
-21.588329470786928
-21.593066035932846
-21.59862021463129
-21.597716750279044
-21.600108085689897
-21.602210482679194
-21.61492133222155
-21.62344672355811
-21.633208410606567
-21.636675908387776
-21.639791985391597
-21.639510954601644
-21.64444948934051
-21.646361562285996
-21.652791945185122
-21.657117646824794
-21.65935999614796
-21.66344147271554
-21.670463661456647
-21.673152671968918
-21.68324554155927
-21.684452281145585
-21.690246943203974
-21.706775836362286
-21.708730899233604
-21.716588159937277
-21.723660916278693
-21.7273014488871
-21.733767414781127
-21.730355882485657
-21.735049777469605
-21.743271931972295
-21.747282259507124
-21.75602692036455
-21.759895007787712
-21.765406889067634
-21.767598219171465
-21.775710683689056
-21.781132866671012
-21.785244960388695
-21.79727389241927
-21.800760815668795
-21.805136788018196
-21.805602340805713
-21.81943045259966
-21.830833378664554
-21.83909571981059
-21.84172500024615
-21.847519415400733
-21.85184320174338
-21.85706885879018
-21.865251326863746
-21.861528076389483
-21.866356812155686
-21.87188072530336
-21.869545432959832
-21.879428484685516
-21.880993731984532
-21.889836963744678
-21.892317465782277
-21.903168714304602
-21.906934118247015
-21.91776234191231
-21.920978869794574
-21.92693356487145
-21.9342873597436
-21.941531827366834
-21.940641945158532
-21.9432500301152
-21.94911243129766
-21.951813711252743
-21.955122057005475
-21.962933390495433
-21.962705355331238
-21.969173258530304
-21.97924368809232
-21.985208013768034
-21.98730943775223
-21.983478143584975
-21.994229255305402
-22.003174068584265
-22.01048098948093
-22.011366355604427
-22.01253938667435
-22.0203299704249
-22.030244362200765
-22.03408259159594
-22.036606782936882
-22.043452602799775
-22.04664789246038
-22.054674557235096
-22.06319787775343
-22.067859839250644
-22.07369648638415
-22.079146262962823
-22.08467095765292
-22.084668719950155
-22.092226678159328
-22.091756623135645
-22.089005524085067
-22.091741137168682
-22.10039668903905
-22.101945991665247
-22.105377624375233
-22.10833135043849
-22.11282713818198
-22.116201335944453
-22.11412221414802
-22.113341182347664
-22.109593140336724
-22.107301770105238
-22.112004813890568
-22.119897878986873
-22.127749389021446
-22.136328713209323
-22.138409403015352
-22.144564277018034
-22.15432298270169
-22.15834663584959
-22.158468077433305
-22.157771362239362
-22.16365109427069
-22.161171576339697
-22.170319172525012
-22.167758657151914
-22.17143239200577
-22.18085918686384
-22.181704825687916
-22.182071443826405
-22.186232945038405
-22.189838732479384
-22.197221014783544
-22.20065000904554
-22.202938620521042
-22.210966901180477
-22.212097864393396
-22.21939995947734
-22.22301267172484
-22.226080254704783
-22.234226204031213
-22.241039643570353
-22.248694546089673
-22.249414331044783
-22.251637538701353
-22.252056668242282
-22.253642067143648
-22.24775415413719
-22.251406253570316
-22.260133729133926
-22.269346064309275
-22.270959705220548
-22.281973820254976
-22.286809516234044
-22.2865310790084
-22.292973960052475
-22.29858309921207
-22.294161137204682
-22.297716843517556
-22.307983684336868
-22.311669490077005
-22.31731813161779
-22.318907987339546
-22.322964057973643
-22.325546259993853
-22.328271412801158
-22.327597337193968
-22.332643748609172
-22.342946965324778
-22.348444279434734
-22.34669355201326
-22.349029943246446
-22.354799275822312
-22.359871422454148
-22.365019048827385
-22.368300954144615
-22.370465748860898
-22.370276454207026
-22.369514671444062
-22.371817317989752
-22.375161970550863
-22.37836480809176
-22.392447977145483
-22.39393311185936
-22.393651269253084
-22.394572084711527
-22.396580899550752
-22.39874468064285
-22.393448415883853
-22.396355796345418
-22.397598925347605
-22.39849413471906
-22.401611824904293
-22.4030485486438
-22.405213004527983
-22.409492155518638
-22.413992850590567
-22.417721799220697
-22.422538883073
-22.425832279720535
-22.43395638400382
-22.436638256445026
-22.443810940896753
-22.444130462024848
-22.45098560304579
-22.452467588366616
-22.45768834724987
-22.456720562223985
-22.45675379817147
-22.463051447678666
-22.46049565659392
-22.458910003662147
-22.462503958248877
-22.46663470929103
-22.463190653557362
-22.4640936731987
-22.464884965067398
-22.46378722354888
-22.466940979727724
-22.472755499618863
-22.469388298393177
-22.473057789211857
-22.469164161127594
-22.464792000974487
-22.467975779363332
-22.46441620360598
-22.46997719392802
-22.474456193048034
-22.473078182491992
-22.471545644890224
-22.475799690577503
-22.475038039236956
-22.478565672277725
-22.476134314836422
-22.482639788737842
-22.48008010497121
-22.477635548958865
-22.480947630999538
-22.485201650846072
-22.485821444939123
-22.489732055630554
-22.491569479183013
-22.49873547949679
-22.508012213415654
-22.50638382491273
-22.502186208086474
-22.50852312627178
-22.51416344458401
-22.520340928817443
-22.52586047932019
-22.529837761327208
-22.533774616104154
-22.53664732929696
-22.53813786180902
-22.538037451788394
-22.539991275243185
-22.54510329478393
-22.546265463857615
-22.543959592218084
-22.54493794886117
-22.54564539114742
-22.54871888559849
-22.556405763778667
-22.559756330290817
-22.563499017316083
-22.563386442680446
-22.570430734980484
-22.56755605535468
-22.572103489701846
-22.57423369548616
-22.569048018716085
-22.570035116019167
-22.56520334271903
-22.571324852229797
-22.568860146657812
-22.568864894333803
-22.56681721689795
-22.57313968824677
-22.575357347766005
-22.579593314690374
-22.58025024876051
-22.579008896623627
-22.583884394576373
-22.584078332707946
-22.58577444279999
-22.580770715072227
-22.580338126513478
-22.58414207913372
-22.58464987259069
-22.59449096041415
-22.59395799883664
-22.59402675392746
-22.597393157625675
-22.600024729248855
-22.60358538442682
-22.60946777617927
-22.61420792397036
-22.612802978935452
-22.61653030220445
-22.614958973114096
-22.61506680301904
-22.612777994424256
-22.61662948133819
-22.615198921556935
-22.61726263734311
-22.626362088750707
-22.630938432237734
-22.62644709983363
-22.635800917366335
-22.640660400572532
-22.63931902582352
-22.645578186071894
-22.64719861869122
-22.65479765245207
-22.66441769240313
-22.658772242169217
-22.66147888377302
-22.665346486672213
-22.66411949653775
-22.667704608927362
-22.6697142415488
-22.677287285309074
-22.677154668754778
-22.67836325851321
-22.683841952821503
-22.68835249618012
-22.686717340583062
-22.68499376110161
-22.68784023741139
-22.692513745448174
-22.689086880037173
-22.682245392671796
-22.685463904756105
-22.68721527555512
-22.696552483096298
-22.69953739523915
-22.69761630325991
-22.69738656048852
-22.69671909030504
-22.699240987902034
-22.705131570691925
-22.711549000588374
-22.715449943336566
-22.72209183130427
-22.7210054920912
-22.714399256296602
-22.713669094098126
-22.72087460110777
-22.720675969505415
-22.717920181997574
-22.72028180451666
-22.71879749357252
-22.72082594630334
-22.721944533179254
-22.72327748516671
-22.729876333437886
-22.737983451154665
-22.74056800897975
-22.742754465559777
-22.74733555145217
-22.744930721791633
-22.748604599619124
-22.750197411557455
-22.748870894486515
-22.74865956047853
-22.749398949239747
-22.74332669303153
-22.74675110133263
-22.74873255934285
-22.745119185762704
-22.753601113626146
-22.752378718397157
-22.75132230705767
-22.745635853605236
-22.740277910975227
-22.747380316353652
-22.74476069591378
-22.752421105841997
-22.760489336209634
-22.761489640732037
-22.766380638853864
-22.762713265240812
-22.764575365535688
-22.76791466294999
-22.76383048855547
-22.764421590095598
-22.7623794984886
-22.763588554498234
-22.765390660751642
-22.7608945658148
-22.766635435412645
-22.769912982350665
-22.764271826724435
-22.7618747565008
-22.772083512209043
-22.77038562233482
-22.772595382155586
-22.77477775260711
-22.77836552353091
-22.782046340245753
-22.784590115381388
-22.784359084139016
-22.784812178399154
-22.790544189034836
-22.79284971959387
-22.79138709502174
-22.78628378295657
-22.782602569186633
-22.784441412015454
-22.782178999096313
-22.785711284687846
-22.790327153614243
-22.78907432168411
-22.78557023057949
-22.787935300265563
-22.784895127091783
-22.78460281800953
-22.79011740251209
-22.78523865379791
-22.783607981982584
-22.783013314492937
-22.788463869620646
-22.79074304359319
-22.79085250530245
-22.790383535834305
-22.796596643277816
-22.802425301698143
-22.802495040161176
-22.808806810814616
-22.810204507005672
-22.806006146537452
-22.804802642783308
-22.808161070788366
-22.81043388848132
-22.814054690855254
-22.811297429042416
-22.810448454950546
-22.821658890547827
-22.819134416762527
-22.8181438040938
-22.823902489615662
-22.826032283918007
-22.82470707957922
-22.821817281795273
-22.823235609587602
-22.82102274975232
-22.823900411449124
-22.819389597049135
-22.815015587433994
-22.812399400386045
-22.81665307805687
-22.81766167890165
-22.816524588214097
-22.81495722597295
-22.815275199878677
-22.816888233248864
-22.816300472343176
-22.81450201598148
-22.81357829410267
-22.810716833188696
-22.816582018570486
-22.824210208806846
-22.816690045605178
-22.81637989926184
-22.81395666498914
-22.815765778770995
-22.817841170773498
-22.818705295494958
-22.824538115265128
-22.83060680085768
-22.8338872266258
-22.83352071872199
-22.834087990927944
-22.831681320040122
-22.832788326808036
-22.830109066172
-22.84085653978911
-22.839020000398445
-22.838597383029764
-22.84262964078335
-22.842983128414357
-22.839160601351814
-22.841698073135962
-22.842351323681363
-22.847057542155667
-22.839695746812694
-22.834199801375828
-22.83084585075338
-22.826424850829362
-22.82985815733275
-22.828857101639823
-22.8321902071564
-22.834232235377335
-22.836423569887497
-22.842804198671498
-22.84345871756071
-22.839179903122584
-22.839305960604907
-22.84132416831047
-22.84276075326157
-22.844036092267434
-22.84705961435559
-22.851798095725343
-22.856243860657827
-22.86321397269976
-22.85759525838496
-22.86330051538472
-22.861556289542577
-22.8622155968822
-22.863773152385445
-22.86692157926521
-22.865853799640888
-22.864284807865793
-22.865192132791126
-22.871908437763295
-22.877099061311977
-22.877144063987032
-22.875107633207286
-22.878372885793326
-22.875799931003364
-22.877878845345236
-22.884005485920966
-22.887653314941094
-22.889308088584674
-22.89046989852998
-22.89031475707116
-22.889135060507517
-22.889888575401525
-22.89304360479691
-22.884291234848956
-22.880178988795226
-22.879051685610197
-22.87662721140076
-22.87615728184391
-22.868289455953974
-22.868397125736266
-22.87157157580525
-22.876585009168938
-22.888032765376597
-22.884189854236684
-22.88803055999928
-22.89017159232727
-22.889345102943174
-22.886503430109975
-22.885111711869037
-22.88105592451716
-22.882233048190393
-22.887802976838525
-22.89080246648035
-22.897945524305168
-22.89837520006456
-22.89507312189271
-22.897465589079914
-22.89348886397622
-22.8872285598881
-22.89286708657442
-22.89524073349295
-22.89821479737906
-22.894283966131777
-22.894798244446367
-22.894682431232226
-22.893918942587735
-22.89645863889951
-22.894803296065724
-22.891876337241275
-22.89031131690767
-22.880393881421114
-22.883379236078177
-22.88412269230317
-22.880398227107488
-22.88890951004458
-22.893605287225995
-22.894976377721004
-22.89726097587219
-22.895084055120115
-22.895778874574656
-22.892894256366862
-22.89110434565161
-22.892615752828053
-22.89443446951962
-22.89523153698569
-22.897671562287726
-22.902862144531092
-22.902823065756838
-22.89881032413554
-22.89851103708521
-22.89813672493334
-22.891709750482203
-22.892605451770514
-22.89369318013099
-22.88910344738467
-22.891898376905477
-22.89316959353323
-22.902131697204332
-22.902168347663277
-22.90324092112812
-22.900080589812926
-22.902234961208457
-22.902186460280696
-22.899771479405988
-22.898210363034913
-22.895781814822943
-22.893096022520297
-22.895697927822315
-22.894806967039777
-22.88960317709118
-22.892321928031244
-22.897712436547522
-22.897934462115877
-22.900541258180176
-22.89512135425274
-22.896262960802634
-22.901276292315092
-22.895499322979056
-22.895747600321975
-22.900407832209304
-22.898751038216087
-22.90352478006883
-22.90001841907236
-22.90074200517597
-22.899264942262693
-22.901150200635772
-22.898477732220467
-22.907038696583154
-22.90799399699049
-22.913733642359162
-22.916824184475885
-22.912843171326518
-22.908637509137325
-22.911809081946117
-22.913872558400143
-22.91350001521262
-22.914025382826598
-22.9112982350285
-22.912765637792756
-22.908985864421762
-22.909319090504614
-22.914225295376713
-22.91173403256072
-22.91303785116031
-22.911894498490817
-22.913195120365447
-22.91489004799062
-22.920023604263015
-22.92498418235895
-22.929574950562074
-22.92743225961457
-22.929736368326793
-22.9238913480482
-22.922997693626872
-22.92714195799593
-22.92956299975976
-22.927726751558918
-22.931409752760416
-22.931780051671154
-22.92664739317659
-22.92889665874948
-22.927183609667647
-22.92327719144837
-22.928132050874932
-22.927609570088475
-22.925663462362614
-22.926998497824428
-22.931914018840704
-22.92887954680218
-22.926280103679545
-22.927834151980907
-22.927675035806455
-22.921912800863268
-22.92826686602994
-22.92335639032003
-22.92516810086763
-22.9256696030622
-22.924057246172868
-22.925198636870093
-22.921451567781574
-22.92037722497326
-22.922435980993544
-22.917742001152853
-22.917848584355877
-22.91494501791698
-22.91272958192053
-22.91099972188526
-22.913646576839735
-22.912475286004597
-22.91629377484639
-22.913869540082164
-22.912953327714604
-22.909113406203634
-22.90724527527765
-22.905421286039985
-22.9040353839684
-22.897563939462852
-22.900010688277508
-22.898476556158492
-22.897156013672507
-22.906075174761288
-22.901251790361826
-22.905304894816037
-22.909144719156938
-22.909803268105698
-22.906940647722685
-22.911852652215323
-22.91118551349469
-22.90995471990277
-22.911089332103757
-22.90832666194386
-22.907020377461617
-22.906696338772022
-22.908102495206176
-22.906749806002964
-22.91103292615988
-22.909522077525693
-22.915856988864636
-22.91245811154068
-22.912790584080962
-22.911187150408306
-22.909986206455155
-22.909604801610662
-22.905565685545437
-22.90534059179201
-22.904798993416183
-22.90770734621388
-22.901431427720773
-22.90715122247315
-22.903191813729485
-22.89789174481908
-22.89888636368231
-22.89728692571446
-22.89046909729904
-22.89550502622352
-22.898374748418913
-22.897148797159026
-22.900137188746648
-22.897397755197527
-22.896620832578293
-22.90141512543203
-22.90820325665031
-22.910801223961144
-22.912494543029855
-22.91193973144598
-22.9114522909454
-22.91703981575916
-22.91864811470671
-22.91911813122605
-22.923883872435432
-22.922256739809956
-22.923185201246405
-22.92596313012588
-22.923262980341885
-22.91784815631711
-22.915347975685123
-22.916476940024864
-22.922117679325535
-22.926810104997735
-22.92384835234156
-22.918634749874006
-22.916857076091958
-22.910700778218253
-22.915673327404704
-22.9141281022347
-22.915280703599585
-22.912329760839583
-22.910987663595503
-22.91069322906091
-22.917058051069613
-22.93260605843697
-22.930538921382432
-22.928791465425576
-22.929604234051226
-22.931323878772957
-22.931653437219662
-22.937247044390833
-22.93515166898475
-22.94050154841461
-22.943571302667678
-22.939425376501752
-22.93654861910687
-22.93146796685642
-22.930567684317452
-22.934783364559838
-22.935409205888885
-22.931188169684468
-22.934695523612376
-22.934074426671852
-22.939293630308764
-22.941058752056318
-22.941406923027113
-22.936194429289575
-22.935934316409387
-22.935885465855694
-22.940591603263645
-22.937539304798886
-22.937972945976348
-22.935474283597863
-22.934083643639937
-22.937360857672534
-22.937592991572107
-22.935380321802253
-22.936829886976486
-22.939000076818232
-22.932770160075936
-22.927254306262416
-22.934951203321596
-22.931643644375555
-22.925929604220133
-22.929067457772067
-22.931694298384286
-22.92898962917858
-22.926761400367837
-22.92711156222883
-22.93293067823316
-22.92677681117513
-22.927190905062716
-22.92660864776143
-22.927355015742304
-22.927229085086424
-22.936761331216285
-22.936330791313004
-22.93833496084612
-22.938912304363686
-22.9405643199187
-22.94608263870363
-22.94609069770664
-22.940978323646934
-22.93644059972637
-22.94248080758963
-22.93887050451697
-22.938460898230055
-22.94123368582218
-22.943317190766088
-22.945173709343248
-22.93503348399308
-22.937294400171197
-22.93662483974491
-22.940465884834172
-22.943540988577727
-22.946799639729182
-22.951798037757364
-22.947372481984242
-22.95236865717252
-22.95463663470263
-22.94962381425054
-22.950789667603335
-22.947626637664662
-22.955028127322663
-22.95434584577678
-22.95609282306121
-22.95645594960875
-22.953120641898185
-22.953650083513807
-22.949465907315364
-22.948779242880914
-22.949134074948063
-22.951943971150428
-22.95911081301131
-22.966532898054535
-22.971557394620525
-22.971843431871243
-22.96106737341359
-22.96413937756718
-22.97096095790932
-22.968165543911798
-22.966070064353783
-22.967491235806925
-22.970237638227932
-22.960737374982767
-22.961730187197936
-22.960702721855185
-22.963048142694923
-22.96229738619044
-22.95289224061734
-22.952832494259077
-22.95085727054778
-22.947212357817527
-22.94930883262795
-22.944001220152888
-22.948069637165204
-22.953356472694146
-22.952460689040812
-22.954088779428716
-22.948754362912297
-22.94751860872029
-22.954966600804955
-22.953417637464177
-22.960541198160335
-22.961559705749284
-22.96115513436687
-22.95597261096526
-22.950228642529904
-22.951689460197706
-22.95024715049437
-22.95017287015807
-22.95247005795175
-22.953439222988052
-22.957722705312925
-22.95779773921027
-22.96652250721993
-22.968968032734573
-22.964719099655834
-22.958226371408674
-22.96467654097256
-22.965062578821456
-22.961455441748928
-22.960245590212715
-22.95808993687844
-22.958251946101726
-22.954804860992972
-22.955059316112518
-22.953809918774624
-22.951563057563682
-22.95089833648856
-22.953596444512737
-22.95211525557123
-22.953592419103654
-22.952931984901472
-22.940640771162123
-22.941108840408873
-22.94368083254657
-22.94623069873052
-22.948394504098445
-22.941865726200128
-22.94698962143847
-22.94848895880644
-22.947073906526427
-22.943754095209624
-22.943459016672787
-22.946041869304054
-22.939904166204222
-22.93942754910384
-22.941220195469583
-22.94758737717264
-22.946727167466285
-22.94459065496546
-22.943485301219127
-22.94668869239796
-22.93812234482826
-22.92926298018777
-22.926869801092256
-22.92380655871196
-22.92912901093277
-22.93183460451577
-22.927333830278457
-22.92532524236277
-22.92477970459965
-22.923102290436738
-22.920904104033426
-22.92330668466805
-22.92334935703616
-22.92636759248198
-22.93205468742263
-22.938332950782392
-22.943430724888707
-22.938248601066633
-22.932697666818505
-22.92669146621296
-22.928965696484557
-22.933940090994334
-22.931223102008413
-22.935330606420393
-22.937652508210512
-22.938750655171336
-22.940370064091006
-22.943491441137287
-22.94232112873065
-22.940269413934384
-22.940872695357896
-22.942517788413436
-22.9390776514754
-22.9442929103517
-22.943740840626468
-22.944757644625458
-22.940466109980274
-22.94025516309465
-22.9403976277481
-22.937015992655628
-22.940636391151717
-22.94780440896336
-22.94565138842634
-22.94409218972703
-22.93931116743765
-22.941587808889828
-22.940591425263854
-22.94340095092719
-22.937908766536804
-22.928566996258738
-22.92983690284428
-22.931359827190892
-22.930678812954557
-22.922525993709993
-22.924183564189534
-22.92260871417246
-22.928150500999816
-22.938025824301036
-22.937873873603284
-22.934220606451287
-22.93189448143497
-22.9355305410125
-22.932880636505597
-22.92871824098125
-22.92548360567075
-22.931195119674253
-22.929206442846997
-22.92559368827376
-22.934494812866248
-22.932755917972578
-22.93001580878587
-22.92858121102209
-22.929408547270558
-22.929311883933135
-22.932068464436867
-22.93716538425751
-22.933550149934067
-22.934876718402727
-22.93290089817689
-22.935577105240277
-22.936532085756888
-22.935348013941542
-22.937516904221425
-22.929240120312695
-22.936848122258866
-22.93320128503608
-22.92285725281832
-22.919966745305995
-22.918669989007743
-22.9235390619231
-22.922235351068583
-22.91518789667834
-22.91611694084748
-22.912954888367864
-22.91830265905299
-22.911908630586645
-22.911316394093795
-22.91742654093342
-22.9156931261589
-22.91168255717706
-22.90886875052617
-22.91642602509819
-22.91856267565095
-22.914132960537515
-22.911446075309073
-22.91618041441865
-22.91875972534914
-22.914824215551008
-22.911269357409072
-22.91357387560256
-22.912762162122156
-22.914673398334703
-22.914064348028656
-22.91596545465556
-22.916895951169963
-22.921351497926022
-22.926293776763536
-22.926726765788974
-22.924822773899237
-22.924234788782428
-22.926694739982644
-22.9244959883254
-22.93103106565955
-22.931209440891376
-22.92818164864627
-22.931912999446485
-22.926210153622467
-22.92142095465304
-22.92360832018287
-22.927813870115244
-22.927114726496843
-22.9287636847819
-22.92837191136566
-22.92578117370209
-22.926007654016157
-22.931363163587648
-22.932423671973336
-22.929764638534525
-22.934079407676954
-22.933372038479547
-22.935884652195206
-22.93695872265688
-22.939480053871968
-22.94072524404034
-22.939178654034954
-22.936623987995947
-22.936325460236215
-22.93521463861146
-22.932259942175016
-22.931114837857685
-22.92955145134064
-22.922151535244108
-22.924684085654885
-22.926185213516664
-22.926872350211017
-22.928466435583182
-22.92886881697903
-22.926663144933446
-22.929308855956346
-22.928176856518093
-22.923085558011202
-22.925639942166228
-22.926992231652815
-22.924530678536446
-22.926880065158958
-22.928162992584078
-22.92423653754356
-22.923174206705752
-22.92570285725733
-22.924445245187684
-22.925312609490494
-22.92403803160588
-22.926884572630623
-22.928759352644178
-22.93162767479825
-22.935001894271693
-22.930792941751054
-22.92847578922353
-22.92447598795479
-22.921414401432283
-22.928522510034277
-22.92920776576683
-22.926571319594647
-22.92068892258513
-22.916056288012243
-22.91636625318511
-22.917078966725768
-22.916874954128186
-22.917927115017722
-22.92566226534918
-22.92718751989916
-22.924042522162402
-22.925061320515322
-22.91921792787641
-22.917767408049077
-22.923358419140367
-22.926808349136063
-22.929919574494516
-22.931690814601687
-22.93755308059302
-22.940693645805084
-22.94254041276334
-22.942574202440575
-22.949676661669418
-22.94931175880947
-22.95315958847292
-22.958172263245842
-22.960829061013634
-22.95373508921848
-22.94913722560167
-22.94473194319371
-22.941564537900867
-22.946287358869707
-22.94342125514947
-22.939221417935183
-22.936477781851032
-22.93377927393405
-22.929424802710137
-22.92789293806056
-22.92613922192226
-22.936116188991036
-22.9371642535206
-22.93885860859934
-22.935236449956413
-22.938716062104884
-22.93790453239846
-22.944418141811596
-22.946008923436153
-22.95481239175694
-22.95575890570576
-22.951138762596948
-22.955816696820442
-22.956639625484737
-22.959648590930147
-22.95909120388598
-22.956323813651412
-22.953030111222837
-22.954751338412713
-22.94794123039688
-22.94856248087959
-22.949215081732767
-22.950486375952604
-22.956346150183403
-22.9524899657215
-22.95803061271896
-22.958747036366475
-22.95518173379698
-22.957597167762593
-22.96174135661747
-22.969505608451154
-22.966184737404365
-22.967272145517768
-22.96370841526282
-22.968901643230875
-22.973968609564608
-22.977095117029503
-22.97767556799834
-22.976386359942893
-22.97521113102852
-22.97097700812745
-22.964006231412498
-22.966758563198656
-22.97228752274107
-22.967955676522262
-22.962860924430316
-22.960248813981014
-22.961317681468298
-22.960772564277157
-22.95909951679283
-22.9609724065932
-22.961230572548306
-22.963772215000496
-22.968315232634456
-22.96473261124301
-22.96815821415859
-22.970599320331313
-22.97172434934064
-22.968150773490724
-22.96339638371151
-22.961723662857263
-22.955029002350717
-22.956876184086653
-22.95802647331551
-22.95620372060566
-22.951427777762227
-22.94236595431438
-22.947440343808086
-22.95280342936564
-22.95683619349077
-22.958709911833058
-22.96054657994326
-22.967088667842297
-22.965946170812547
-22.970599479610286
-22.974015918680777
-22.976105295426592
-22.977127269009248
-22.981830744836444
-22.97356109513431
-22.975203596992085
-22.969097828973933
-22.960800590832736
-22.955048895494787
-22.960422860628668
-22.956842981067386
-22.958112688838415
-22.955675965372496
-22.953934570852073
-22.959204819248267
-22.96022357407841
-22.95806727802309
-22.96160357330692
-22.960589105986337
-22.960298101882458
-22.96549971839679
-22.966541554900914
-22.967396947463758
-22.961727629180622
-22.960267248785463
-22.962703980861594
-22.968464431535732
-22.968397302935884
-22.97062272982744
-22.97206962253934
-22.97412780792902
-22.96859679317642
-22.967456158579267
-22.96320345445663
-22.962071966388617
-22.962664001783377
-22.964411433359516
-22.963314302167827
-22.95857538156557
-22.955501852776727
-22.961365549030308
-22.96344011583147
-22.959737008304398
-22.95958145534965
-22.9522054626802
-22.95106515072216
-22.952904945774492
-22.952653422149336
-22.95157078966048
-22.954302072230618
-22.95235339614798
-22.953394269216528
-22.954116408243937
-22.959466944134363
-22.962713709542175
-22.963324626387074
-22.967556068653607
-22.967710323061002
-22.965234006341394
-22.96135332325771
-22.968666461427205
-22.969936467442267
-22.96980998818484
-22.963269884949995
-22.967684921634536
-22.971030629863737
-22.969867118508905
-22.97551525154
-22.96964616834355
-22.974400490572428
-22.96559932000642
-22.95470844573059
-22.960834710633772
-22.96314948478907
-22.95780473285783
-22.969239283278785
-22.964815489245908
-22.961674229686917
-22.962522493915486
-22.960888047964612
-22.958608127671376
-22.956629579242232
-22.96055392524857
-22.96020171766386
-22.96333673935724
-22.96105341716867
-22.95823203665791
-22.96125900978439
-22.958503635497024
-22.952638598521165
-22.952025099461398
-22.94943726928303
-22.94952218824089
-22.94573903108453
-22.942461285757908
-22.949833167396974
-22.955298530729884
-22.95348873134031
-22.94832597603887
-22.948368681104498
-22.95052654600457
-22.95133688042567
-22.95385193026213
-22.95720626940903
-22.95392310662414
-22.948482086160073
-22.952558845606355
-22.949668529885432
-22.944610370621174
-22.94325213776992
-22.945428502737812
-22.94589243921619
-22.94143480921907
-22.94409072682529
-22.952999902472236
-22.95642912793954
-22.954106780849767
-22.951419736577204
-22.94653850104259
-22.93807463740486
-22.937952815824918
-22.9417899236189
-22.946297742530454
-22.944963514157713
-22.952683649098514
-22.951718466904698
-22.952769653004133
-22.94696655425459
-22.95031320474084
-22.949368769853017
-22.948964499650234
-22.947900089066945
-22.9486379070813
-22.94704641909848
-22.944030290402885
-22.934710440641346
-22.93721467299844
-22.929798526804902
-22.934582772854135
-22.932100101787473
-22.933851344457818
-22.94124764968968
-22.945036751052147
-22.939841714602508
-22.933129638365052
-22.943943199718532
-22.937973882418003
-22.93637418989498
-22.940130917292898
-22.93575773409855
-22.933302348261343
-22.932228934135424
-22.93100661639557
-22.936020567512923
-22.932945922877604
-22.933413623585366
-22.93616993172708
-22.94357426360839
-22.9470579449244
-22.94459425212421
-22.942732452688116
-22.94022034124121
-22.94557275561134
-22.947659188872937
-22.948841608141837
-22.950982898530537
-22.951971266176624
-22.95395822709626
-22.947891575654104
-22.947677154091156
-22.948843909306827
-22.95067597595765
-22.953424322032642
-22.96108189126483
-22.962545076667272
-22.95892389588458
-22.96007054707863
-22.958804820173707
-22.961897347559677
-22.955577013290682
-22.950455609672733
-22.949003920335766
-22.957289975319835
-22.95602935147797
-22.94933608626261
-22.949221408613276
-22.94822363981211
-22.950152457029656
-22.94759870341269
-22.938920553171204
-22.94012076727095
-22.948093473585637
-22.950125870762644
-22.944503286169805
-22.944139509586034
-22.9386578817086
-22.933377805641964
-22.933729119130884
-22.932436478143387
-22.929546784703298
-22.9329675212215
-22.93329044836555
-22.93537235553037
-22.938255347811722
-22.942990723011064
-22.94539448386583
-22.942854419711104
-22.93736884626756
-22.93964551769476
-22.93654580073369
-22.935489936421682
-22.937121586814285
-22.937552947587125
-22.942094158541316
-22.943756953332358
-22.94981314486017
-22.94848582624267
-22.9477346032687
-22.940112075905247
-22.93897971715617
-22.939341566400127
-22.941112924722034
-22.94708477201508
-22.946291457354832
-22.950797274148933
-22.945944439041774
-22.94729116099482
-22.94795429285557
-22.95002295755453
-22.957513321164072
-22.95762137994672
-22.94917242259875
-22.950738418315474
-22.952951832163254
-22.95603944447559
-22.949105175844554
-22.94375596262257
-22.940619436393373
-22.939132477544035
-22.940724891721292
-22.938325285106067
-22.9358745119856
-22.9387590146034
-22.93569722823383
-22.939448837630184
-22.940138336009
-22.939285722794562
-22.94393983449288
-22.944457434128317
-22.94291102280986
-22.936405711194297
-22.93754057055416
-22.940242007886265
-22.9380383765492
-22.933739482332573
-22.93035868982556
-22.93379427710484
-22.9401751114746
-22.9327453873944
-22.936697105901477
-22.934546042827304
-22.93909948444885
-22.938677469957778
-22.942992624608333
-22.943958206780565
-22.94214938410675
-22.942928576148685
-22.939570829800743
-22.944598289815097
-22.941932190603758
-22.940702106257863
-22.945790050080177
-22.94699537086891
-22.94690172427884
-22.95009047203614
-22.947879258164733
-22.949400272884272
-22.95042955602912
-22.952449352480922
-22.952808919124074
-22.95089218768756
-22.950699264886442
-22.94985774544174
-22.949406855751157
-22.950007326177587
-22.948851840515598
-22.948865607166038
-22.948818034525367
-22.944268568931378
-22.94367999172934
-22.947499754114784
-22.94538322605003
-22.95063630076034
-22.955460658104613
-22.957251813783532
-22.956243124979945
-22.959823156447673
-22.959647966034044
-22.957805364975304
-22.9587727841221
-22.960639496242397
-22.95227062392116
-22.9519795622458
-22.950824056754417
-22.957973608160458
-22.958455871963196
-22.952645761377358
-22.956655627774694
-22.966822795222846
-22.96965042516839
-22.96613373694342
-22.966024733368503
-22.965259910535238
-22.96031635263917
-22.96152096316824
-22.959485243391665
-22.962518903288107
-22.96417474639076
-22.958287580130612
-22.94983475474098
-22.948289728058185
-22.950198176452574
-22.949923041524425
-22.9520138750903
-22.957580792261584
-22.95833556247115
-22.96092098588971
-22.957781934978104
-22.952604451210156
-22.95391748470422
-22.956763594607082
-22.95910841358475
-22.960672759699552
-22.96045188708302
-22.965224367117127
-22.96815648954614
-22.969574417541
-22.968448704653692
-22.97036229524976
-22.97252375092863
-22.963212721087217
-22.966544275033627
-22.974708372599107
-22.972650458055266
-22.973986349674657
-22.97139097174334
-22.96464514952975
-22.96440478192727
-22.96002955670035
-22.965618236980962
-22.962121186087614
-22.96794395998594
-22.967172443510606
-22.961221005644063
-22.967554941339614
-22.964422949947682
-22.962944056369704
-22.958971045371236
-22.969055498521435
-22.9729785761279
-22.97672770088053
-22.97358253394445
-22.970647306884757
-22.964592922761156
-22.96754330498833
-22.967333716156013
-22.965819148566027
-22.966569093844765
-22.973534813523543
-22.972849950035997
-22.96654377457976
-22.96556507195122
-22.9711065161901
-22.972337824635986
-22.972972924439667
-22.96831672276597
-22.967523282678947
-22.96377775705074
-22.964662191563008
-22.966034270877614
-22.963108263534078
-22.958938692457448
-22.962508796025634
-22.96596582575259
-22.968455700195104
-22.967410264726738
-22.969554398342986
-22.974082970427368
-22.978855517746343
-22.97657118228268
-22.97464396016369
-22.974882234922557
-22.973076589235923
-22.97217377295789
-22.974243037344497
-22.969792281391648
-22.963399259797182
-22.957416658051347
-22.956261597593564
-22.950415760956258
-22.94612678047556
-22.944331576487315
-22.943006556020233
-22.943920508169025
-22.949244069138945
-22.9486741733354
-22.95546808561838
-22.95320864445257
-22.95072540287406
-22.952063608155587
-22.956718149298872
-22.95755980367936
-22.956517536262545
-22.958305075816526
-22.953079503983776
-22.950711138277914
-22.954710242817644
-22.957412499309942
-22.957619883090427
-22.957297112932018
-22.955804933259685
-22.95503504622892
-22.956839168162645
-22.95625221736136
-22.954854862723938
-22.953984675740212
-22.958375970156826
-22.962343763425398
-22.96864315237743
-22.96330506765083
-22.961596947485123
-22.96219275593814
-22.961898187204064
-22.961960665343863
-22.963031094223957
-22.961511339943293
-22.95887160678151
-22.956130380374386
-22.953181917587738
-22.956229358033895
-22.957622681696684
-22.95103202390108
-22.954849855802195
-22.952484907799537
-22.945234214610807
-22.947635041737502
-22.950336384172395
-22.948675122454205
-22.950321335058053
-22.949756210220148
-22.94971965153223
-22.95106561246999
-22.953029425157084
-22.951393590758887
-22.946156748851962
-22.954312283561066
-22.951991131630358
-22.951692045166997
-22.94728873681685
-22.949091266398643
-22.949711185449146
-22.951247684110857
-22.950410596454077
-22.94675691621392
-22.944981256930834
-22.94613758414473
-22.94938900254755
-22.950752161738276
-22.954201966190194
-22.957327790067865
-22.958352239702894
-22.956136969847325
-22.9569791577575
-22.954742246891307
-22.956458855238395
-22.948321666463034
-22.946609017871186
-22.941709404294205
-22.94109724689686
-22.946271142432344
-22.947613778843852
-22.951762080660846
-22.946989548352708
-22.946639762660816
-22.94981487840044
-22.951312824996307
-22.953392925827384
-22.955122116171292
-22.951406123131413
-22.952807704914242
-22.952943334492915
-22.94985463996759
-22.951066524917966
-22.95224157528154
-22.949457501532144
-22.951701380122614
-22.949260111755866
-22.95210310364261
-22.956696743604695
-22.955556554635812
-22.958119151579368
-22.96151800661814
-22.962091528141112
-22.959900699841622
-22.957681822711827
-22.95454187848998
-22.955415157855732
-22.954862630209412
-22.955381988663387
-22.94818193736361
-22.94944165863813
-22.94663826563733
-22.948121009918275
-22.95049379179603
-22.954749712620412
-22.94560204854121
-22.94524677299776
-22.95323432660295
-22.948772903731648
-22.956415244483942
-22.957355737465363
-22.954396248869386
-22.95076722419441
-22.952807071269618
-22.95494012278
-22.954783411480573
-22.954817270773454
-22.960084616251788
-22.957124403688237
-22.95499907650844
-22.953001180824504
-22.956897453348923
-22.951911576167525
-22.951380132189982
-22.954008629725244
-22.957638684412192
-22.96134157762698
-22.960576467829178
-22.95919094393874
-22.95406314808188
-22.949639644320296
-22.951119390903145
-22.95282641859551
-22.956039249217117
-22.95567881481549
-22.949718333860705
-22.951150036170205
-22.944346988406735
-22.946052547068927
-22.94241100949572
-22.942013420047815
-22.950526050272583
-22.95132224958262
-22.95126225109607
-22.953970819568234
-22.952705534137653
-22.94964505222198
-22.950283701194717
-22.94847737648856
-22.94432960134179
-22.942158121001516
-22.946659461382673
-22.94640628471826
-22.94616233584648
-22.948768219556246
-22.94405263940771
-22.94840664871013
-22.947595569953588
-22.943729978159595
-22.937136848648294
-22.934718984584585
-22.93251584449457
-22.932943919997093
-22.93826100449111
-22.934164352832678
-22.93753868407197
-22.93748675919389
-22.937135725855875
-22.941012471049383
-22.937221278873967
-22.93161783728458
-22.929827329376373
-22.92671550917909
-22.925253260269475
-22.92899751252712
-22.931222161634814
-22.92644898611143
-22.92801261597671
-22.93010272363277
-22.931449123033616
-22.93477983283966
-22.93270786249419
-22.938069138030016
-22.944893624245708
-22.952452727819217
-22.953594587552654
-22.953110274368402
-22.95066884779198
-22.946915151454697
-22.944433945502034
-22.94699992178555
-22.94759782931816
-22.94401619805333
-22.941287271527795
-22.941415502513195
-22.943958673895732
-22.939908614208935
-22.93938237437679
-22.938643591264402
-22.943004740722486
-22.943329274607677
-22.94239000189403
-22.949504613795543
-22.949825245794262
-22.951755740524543
-22.954076774444157
-22.95214854842829
-22.95103644287685
-22.95040052644656
-22.950903952859036
-22.94687429264456
-22.95021367769172
-22.947563682544995
-22.948571704928288
-22.951804362314967
-22.95174646135891
-22.948899630315914
-22.94668555106287
-22.941209578152794
-22.947505606760302
-22.95126317731938
-22.953092416239315
-22.95354241438793
-22.953249215003925
-22.951433616164127
-22.950530710810828
-22.947799383446384
-22.94575157408329
-22.947198801107728
-22.944948392348813
-22.948075348231143
-22.947076560868922
-22.94216885530757
-22.941572536921814
-22.93868746183035
-22.936339823451675
-22.933895097950515
-22.936178721168933
-22.939888213525577
-22.938612364649455
-22.93773016808613
-22.933251911158454
-22.934872911863035
-22.932582135793282
-22.934053310762994
-22.93257733987172
-22.942103759300657
-22.939440877617795
-22.934699698169865
-22.93828686097753
-22.941804846692072
-22.945047099604942
-22.945016043419777
-22.943158256620926
-22.94265971302006
-22.94512346846599
-22.944493051036233
-22.950261073223384
-22.954568821865138
-22.945872005160208
-22.945753342096
-22.947313838247076
-22.942290755395874
-22.94713023061601
-22.945277562852432
-22.9498319589874
-22.949511508023726
-22.948743219823694
-22.945545853450543
-22.946366217769977
-22.934996393019965
-22.94033544360382
-22.936745015680938
-22.940160372944884
-22.944244935179956
-22.948264216199775
-22.947230506006164
-22.950253516153168
-22.950373474187263
-22.952375024895886
-22.953840564397012
-22.955480064464133
-22.95826438280492
-22.955717840540714
-22.95708691583591
-22.95393783920342
-22.958822540694513
-22.956968542644088
-22.96037095185134
-22.955070366687657
-22.960099512143728
-22.960679993528025
-22.955772793237085
-22.94960568686208
-22.947122686756607
-22.951822853633676
-22.949786053396217
-22.95521170083505
-22.953773228094594
-22.94639342019994
-22.94829941159156
-22.948160648852674
-22.943713663555375
-22.950495620186867
-22.949326297520155
-22.94843681457873
-22.942744032280082
-22.941152866423224
-22.935969592362888
-22.932113043935146
-22.92982577280588
-22.930193990887606
-22.93061693390869
-22.93546873777571
-22.93278600911625
-22.9316092205558
-22.93944916859591
-22.942978962368628
-22.94682530482433
-22.9474492927611
-22.950290327123074
-22.95484244878917
-22.951626108505856
-22.95054457852191
-22.95179228706039
-22.956808665272433
-22.957437660333017
-22.95254627239035
-22.950867646753693
-22.95242084831408
-22.95506226693308
-22.95836874615237
-22.952188879958936
-22.947853521785493
-22.952504694281764
-22.94939717332906
-22.955604833103877
-22.954389261399857
-22.955056517893
-22.952389684162885
-22.949297833421248
-22.94369953945497
-22.939126212477298
-22.935318053788826
-22.94313778106287
-22.946764644820853
-22.94852937746656
-22.950592071035558
-22.949106996624398
-22.949083014048185
-22.94982735055613
-22.949197564984033
-22.946147313427392
-22.937573427215057
-22.935610478094265
-22.93872262726953
-22.937798746081484
-22.935011447532425
-22.92883005137607
-22.928763649014098
-22.9306961939849
-22.92928427673335
-22.93096192063354
-22.929725456021625
-22.93326985550583
-22.930763921047713
-22.93179844526588
-22.928605347101406
-22.9248492308666
-22.926200476985365
-22.915328918452772
-22.917351220793794
-22.92459056773591
-22.923664920485955
-22.92259832317377
-22.921837521477837
-22.917750417566335
-22.916424142273815
-22.920030370071657
-22.918936419725316
-22.924489241167443
-22.924565667167016
-22.917622264814945
-22.911639623644678
-22.914534536792615
-22.916186038965975
-22.921080731003627
-22.923060967768894
-22.92975410195028
-22.931410454846432
-22.937655481774485
-22.937218163619967
-22.930975130173046
-22.92991326678319
-22.923327295533884
-22.920958145181153
-22.92456416666448
-22.92269961125116
-22.92346576521719
-22.9201151951484
-22.91725793580336
-22.912202009129924
-22.917751002410604
-22.9195141815881
-22.921827286720465
-22.923574455344113
-22.928965386323135
-22.9343762730764
-22.9358444085243
-22.93375210342016
-22.937164843197433
-22.939651467859388
-22.94216147716577
-22.93948512455825
-22.940067434871562
-22.94324514587574
-22.941584737160895
-22.943080278151232
-22.946488938274637
-22.947019575304232
-22.946647942535908
-22.94587030441782
-22.946844681183155
-22.944467268062155
-22.945114619535683
-22.944776955898295
-22.944417520680414
-22.947124719043103
-22.95117975912153
-22.95034145170506
-22.945430680324037
-22.94194016199287
-22.943051593845723
-22.949692529329823
-22.95265532191999
-22.953735696585657
-22.958403812450843
-22.95924146658566
-22.957030280064377
-22.958141454253177
-22.96543951451632
-22.962350258621395
-22.959651433425776
-22.96227194040261
-22.96111505183991
-22.960690959248545
-22.96398821014123
-22.963665563052164
-22.962591952835954
-22.958175792228456
-22.961797525851587
-22.96487614570772
-22.965207078599654
-22.967025409693893
-22.97244325076012
-22.96941972335124
-22.96886572439123
-22.971241973718996
-22.966240753547442
-22.962298593310692
-22.963049451947626
-22.96570256671939
-22.967798729925367
-22.97131329844095
-22.971605626509902
-22.971528316028024
-22.96356374891336
-22.96671721980243
-22.96138569287608
-22.9597843283877
-22.959119232858715
-22.960556636032916
-22.964796129529727
-22.959592092883852
-22.959840911747847
-22.961752259614506
-22.96130723019345
-22.962721091626104
-22.96539159143886
-22.97230075257512
-22.96429209031552
-22.964484198238633
-22.95981338929655
-22.9620299531547
-22.961736166389546
-22.96803112648676
-22.970065918047492
-22.97171137886258
-22.974613508467108
-22.973505247210205
-22.968795735873965
-22.97078972527817
-22.97321886522238
-22.97916940549782
-22.979654720176146
-22.977825603320657
-22.97581472271145
-22.97564147607379
-22.972698664366455
-22.968606606828804
-22.971274660182157
-22.968682204483045
-22.963259354689193
-22.96141523515782
-22.962395339726534
-22.966911033380086
-22.967432379782466
-22.96367446863324
-22.964820678196492
-22.965473360678704
-22.96777324719488
-22.962028922851555
-22.964088562803475
-22.964036062487008
-22.968376789316633
-22.967678263022577
-22.967825459756916
-22.963296674314687
-22.95978845704569
-22.95721444387666
-22.955929085552082
-22.955678584909236
-22.958464219329773
-22.952161482952384
-22.955186376861302
-22.96300474336476
-22.96258753216311
-22.965021104771925
-22.96722882999684
-22.962838116997585
-22.96067377892984
-22.952080140192592
-22.955040066477647
-22.953239551814992
-22.94723954052742
-22.941002955668175
-22.94581328988784
-22.95184945975574
-22.95454009307795
-22.953415698856485
-22.947619172045304
-22.943735259166495
-22.939741558785943
-22.93998953780728
-22.94396825537833
-22.94457667072639
-22.95014244002736
-22.951678935563347
-22.954552262752244
-22.949401955543777
-22.94850201332456
-22.940538740698088
-22.937419474244894
-22.937203216557368
-22.93613477692423
-22.930303707410708
-22.931700146684538
-22.93912401277659
-22.94417570563402
-22.946599340189255
-22.954941179959576
-22.95616749314265
-22.95512032847519
-22.956402876844507
-22.961760577958085
-22.95862394627933
-22.95873848184344
-22.959263091110632
-22.959791068270864
-22.961989018755144
-22.961336062990455
-22.959479690481082
-22.96006447271795
-22.96041889830072
-22.955757790140172
-22.956942079132272
-22.959941781728645
-22.959685486852337
-22.95834204931074
-22.95269520956818
-22.9549280537506
-22.95763582430266
-22.954564985045582
-22.949787853570694
-22.95265969947417
-22.949980792344277
-22.95038025390501
-22.94791077373742
-22.946711467194568
-22.94679725026954
-22.942021710821603
-22.94352500926135
-22.94865341465656
-22.95350723761353
-22.949647416859086
-22.949089927439587
-22.94689954984215
-22.94046541566343
-22.93886680251547
-22.938063216214136
-22.93995316250479
-22.93712910664217
-22.936847491622522
-22.928852973805494
-22.93087984386797
-22.928234238508743
-22.930707380630555
-22.937159055545226
-22.93969905725694
-22.940010267997803
-22.940327542968078
-22.938311085641086
-22.934979155339178
-22.94009027304401
-22.9417233272004
-22.94006474569427
-22.94361969480263
-22.94049838457559
-22.94576408911862
-22.943554032478605
-22.946730602881058
-22.947704479935638
-22.946846234648294
-22.945365970269943
-22.950399611240137
-22.9518003844909
-22.949793588612287
-22.9466714278334
-22.946302351531926
-22.944989804868943
-22.948487078313033
-22.947860688866868
-22.94605802862908
-22.943694355815282
-22.940383397419964
-22.93659323172919
-22.94264792115013
-22.941196894018255
-22.940390710982957
-22.93736913590121
-22.935498701646573
-22.93447844396164
-22.938161089723934
-22.932795464170777
-22.93263300517881
-22.928552608037084
-22.926809629909474
-22.92767337533724
-22.93103866381325
-22.93672721114085
-22.941149354342997
-22.946902490392766
-22.943404259575495
-22.944003157082257
-22.950428392716784
-22.94939530619755
-22.94913100731511
-22.94791064409005
-22.942581865916896
-22.948010037452622
-22.939784247366486
-22.940175527769274
-22.937230230705136
-22.933555998721562
-22.931843248355417
-22.924984214856572
-22.92947108384059
-22.929902594096202
-22.927230680684026
-22.93059897666768
-22.931123965985236
-22.93412410022933
-22.933894059073822
-22.935891469181783
-22.941973068872347
-22.94574165045262
-22.94067984290794
-22.943046683818864
-22.939431677220135
-22.940284783057823
-22.94044241182668
-22.943407764137845
-22.944575180756832
-22.94720408354015
-22.94356512656554
-22.947669151235445
-22.954417069205487
-22.954431984089684
-22.961388780301494
-22.964897561795443
-22.96706474632238
-22.962008523819637
-22.965960020330684
-22.959788780146248
-22.95880851090906
-22.956698545772
-22.952708658881274
-22.9538091724214
-22.961011167190488
-22.957825178331603
-22.95989411907642
-22.963061164000802
-22.965313662555342
-22.970174855517264
-22.971459078818857
-22.97114550351423
-22.975714138560416
-22.97435670903198
-22.97298267354493
-22.975249314582836
-22.969402338872005
-22.961341229214643
-22.96271280860762
-22.963430662428237
-22.96022902423607
-22.95630976498398
-22.95638408728712
-22.951473163372125
-22.955521575841672
-22.948698598789747
-22.947904738179986
-22.944087583697886
-22.938004699918633
-22.933997995212003
-22.934346385668544
-22.935825796867803
-22.93217834082936
-22.934950731760495
-22.931991123554624
-22.931971287202156
-22.936161811040485
-22.933475389151887
-22.93394309504252
-22.934557297523437
-22.942283692501896
-22.942783005164138
-22.942146285906322
-22.940258286607847
-22.939345588460995
-22.940328656768408
-22.938222407528098
-22.93517332725347
-22.935976468407063
-22.939317507042027
-22.938419500496043
-22.937508809236824
-22.933780294034886
-22.936793141894128
-22.936791862053948
-22.939751263803878
-22.93723861832485
-22.93883449029075
-22.940578674232064
-22.938631463494538
-22.937850957829564
-22.936730522916527
-22.94057421807699
-22.93619316690452
-22.93705881593754
-22.93670708122118
-22.935618273429046
-22.937260172374565
-22.93890592580735
-22.938626861313693
-22.941989916652886
-22.941461052834015
-22.943914073247054
-22.9404844854618
-22.934302855008788
-22.93585891961592
-22.943345152372295
-22.942722384991473
-22.942649056998874
-22.937025470910545
-22.934145934614612
-22.9368973434079
-22.93964076013207
-22.935296768353847
-22.942566689363524
-22.94324237178336
-22.95018576851234
-22.946022147506834
-22.94088316113695
-22.942001291295124
-22.937472128136363
-22.9346164416211
-22.939264127335882
-22.936703254209004
-22.937160379785805
-22.932711910364578
-22.9366447548564
-22.94038482752234
-22.948820045773633
-22.950757223806665
-22.947517237451294
-22.941566370970566
-22.940150024115564
-22.938070547853826
-22.937343596688525
-22.933957200023844
-22.929184336952524
-22.93134508285275
-22.93328107087998
-22.9331124366519
-22.93220137946714
-22.929373903257495
-22.93430527601585
-22.929670762876576
-22.930621176618764
-22.92280868633865
-22.924737684541515
-22.921658377520874
-22.92967452780842
-22.932282428607447
-22.933613609118044
-22.932953014724703
-22.93812786024526
-22.931178484803443
-22.92723274749715
-22.927290756253385
-22.93142543772765
-22.932205123290146
-22.940306976799462
-22.93885214344141
-22.93742356977661
-22.940012638046067
-22.939926247387827
-22.94005507689706
-22.93279579954432
-22.931719493055517
-22.931978139743112
-22.93052304909345
-22.93501737650517
-22.93704378251376
-22.938262943563245
-22.936527173496632
-22.936769150618897
-22.94153663603183
-22.942471694992282
-22.94333469238273
-22.946695327017494
-22.94631933103608
-22.941317280096204
-22.942871886817642
-22.94135137028575
-22.937320051026546
-22.938849674284732
-22.940808276375417
-22.946092260883294
-22.944973917536206
-22.945640237861838
-22.945738285367543
-22.944478773525486
-22.946129252406948
-22.946642834078123
-22.95257275401834
-22.950718550406226
-22.956567316715795
-22.95531124517791
-22.95436190917347
-22.951075029175342
-22.9521969595033
-22.954047746948486
-22.954889320972697
-22.95551956303339
-22.954348334773393
-22.95040592823615
-22.954910255632058
-22.9445408012339
-22.949846645897324
-22.95137641464196
-22.946409474548148
-22.950959254269396
-22.94946275207354
-22.95226092108102
-22.95413811961665
-22.952536386839512
