44.0
43.98146391335201
43.96149792424215
43.938063461294604
43.911918318768535
43.88471901025723
43.85454150150665
43.82116803269052
43.783595302577744
43.74337778809976
43.69787300407207
43.64938975215535
43.593843416978245
43.53347558599677
43.46685015756824
43.39414751860284
43.31109606410726
43.220175520542384
43.11757952579275
43.005312030554485
42.87876529748904
42.74249393418176
42.60034903946334
42.43244120535809
42.25511663623155
42.05604029699411
41.840780102359005
41.602166331019376
41.34089803759469
41.049012530321946
40.73325141933092
40.389193477458086
40.007710632939755
39.59420621545969
39.142367894132846
38.648777306839975
38.11767565663058
37.54281869538105
36.912066161488745
36.2408126625339
35.51196212220589
34.73587601814651
33.90616923801607
33.014102258314104
32.07558453283632
31.076489578902525
30.01673002135473
28.89895689750128
27.715544088904917
26.49065844541446
25.218565039472992
23.891791634555435
22.537100644461297
21.12734379031057
19.689896765325262
18.227931980412624
16.745062004805952
15.24068595601113
13.732903221106259
12.220345062979383
10.704539447544166
9.19605164747296
7.704492221608613
6.23763387900735
4.802048370018739
3.3965851619863887
2.0239609313230553
0.6889267100209364
-0.5930535471370993
-1.844402287013689
-3.0447648314357383
-4.191233824436211
-5.282511481828933
-6.3211357604791365
-7.31109166491701
-8.251579740030843
-9.143761514886409
-9.989326958012082
-10.783397440447501
-11.53024773165542
-12.224280216868843
-12.883212316342298
-13.496248461945902
-14.064943280129006
-14.601370311144713
-15.097956811480747
-15.565457253407759
-15.992673533237038
-16.39071553391099
-16.765848781470577
-17.115834167500346
-17.4416827474334
-17.741964705136272
-18.02114517861436
-18.281586141847026
-18.522817006213586
-18.74770020102191
-18.958133652887884
-19.151388004394757
-19.331125780114206
-19.500678761265544
-19.661580936724565
-19.809127206573066
-19.94492386263771
-20.073284253706195
-20.195766287385254
-20.307783288482796
-20.413238558036582
-20.51290253544535
-20.603030229800513
-20.692223234032042
-20.77780318115183
-20.85490631929112
-20.928920990454145
-21.000999768527215
-21.065403678380978
-21.128133862235423
-21.191861086426528
-21.25175738019318
-21.307830537907858
-21.362147560449397
-21.414618669251507
-21.46475244398111
-21.510947520353948
-21.558456414531353
-21.60303791035951
-21.645099494255565
-21.68622456051289
-21.725754730064537
-21.764371021501432
-21.801584423999437
-21.83715679410101
-21.873504280860026
-21.907774701342674
-21.941530994889636
-21.974535829983637
-22.006393913279986
-22.037916489502127
-22.06812760812993
-22.09656144208384
-22.12520110671727
-22.15406721898312
-22.18221525976197
-22.2080243946279
-22.235227583142947
-22.25958095933342
-22.286783405708892
-22.312556387560157
-22.336588356456566
-22.358972808415945
-22.383276415475542
-22.406627711461788
-22.429482446421876
-22.45261324701448
-22.474821548336063
-22.494700465060916
-22.51890417753066
-22.539365164699564
-22.55903248961408
-22.578355003222786
-22.598367160800294
-22.616334794115946
-22.6354447963068
-22.65487141718341
-22.67310695456582
-22.691823300373283
-22.709108054196083
-22.72717078043383
-22.747017732532324
-22.764531336560406
-22.782447253705033
-22.79739272649294
-22.8139129083204
-22.83144400884366
-22.84647343676443
-22.862050010776745
-22.878147040990672
-22.89271349203794
-22.90632673219374
-22.92151920108782
-22.935075479162695
-22.949408279259732
-22.963287951731218
-22.976580012130174
-22.990271994719823
-23.002949416633847
-23.015316337846443
-23.026814671641507
-23.039426302031874
-23.052106839231826
-23.06421890305191
-23.07565908513692
-23.08799052317283
-23.100046322743072
-23.111892548421675
-23.124314372234128
-23.13718631550895
-23.14807178048997
-23.158862827489287
-23.16938316191103
-23.180259186194547
-23.19060959200984
-23.199658443431577
-23.210694891235548
-23.220650925603124
-23.2305022060815
-23.23924954681227
-23.249518127799647
-23.25849940416198
-23.2675716595569
-23.27671406594032
-23.284929380880477
-23.29381291913472
-23.302538762192704
-23.312177343760396
-23.320379884179587
-23.329279387055145
-23.338235557884357
-23.347111536951516
-23.355180267596438
-23.362971267503006
-23.370656791053484
-23.378379481808285
-23.385751743639506
-23.394211450360835
-23.40051234196798
-23.407910711436745
-23.415534157026585
-23.422651356571617
-23.43088407010934
-23.438755141560538
-23.446072961267774
-23.45261217079812
-23.460302290730652
-23.466217913296433
-23.4734598069863
-23.479964108572645
-23.486481314760486
-23.49383306189189
-23.499406257761578
-23.505441705539575
-23.51225652821575
-23.51765834503052
-23.52343157305188
-23.52962832949411
-23.53582896409639
-23.542350634757923
-23.548496823721596
-23.553984265361034
-23.55959984596808
-23.56579885473257
-23.570594821098226
-23.57699415671341
-23.581953411205273
-23.587879012627678
-23.592914522877685
-23.597731001460286
-23.60266795706512
-23.607464710209165
-23.61273543786897
-23.61748596613966
-23.62291264405207
-23.628624662137355
-23.6339117604453
-23.638704844635395
-23.64488815025003
-23.650178844107437
-23.65526249654129
-23.6594860728065
-23.664048279447318
-23.669036547570276
-23.67416160373688
-23.678149759011905
-23.681975060580736
-23.6864487509044
-23.690271167863745
-23.693974438800765
-23.69843988868182
-23.70382358769117
-23.707311511783388
-23.71124391284752
-23.714340479361084
-23.718593118614017
-23.722492887992928
-23.725788929843393
-23.729871415205483
-23.733834045252834
-23.73711304034444
-23.7405840074354
-23.744108218257807
-23.748147634208596
-23.75130074509881
-23.754235272403108
-23.75749203451601
-23.76123788417985
-23.764931397775804
-23.7680762887568
-23.77097379145714
-23.77355776163709
-23.777053998351292
-23.779922297164866
-23.782432367308928
-23.784490314556066
-23.78644000699595
-23.789261283825777
-23.791546325698626
-23.79380639836452
-23.79642872365572
-23.798607141081884
-23.801244624883488
-23.804315870240504
-23.80666441495258
-23.808494848855386
-23.811152363159128
-23.81392688212594
-23.81562566100768
-23.817396866779617
-23.820230851616447
-23.82283265689037
-23.825842749402486
-23.828791977094667
-23.830973652338514
-23.832917800468028
-23.83415823855515
-23.835050029869652
-23.83722316294694
-23.839169160494183
-23.841307609933533
-23.84354329179699
-23.846318304482427
-23.84805736841242
-23.849524561336946
-23.85122234880993
-23.85273227316033
-23.85539793720873
-23.856582196348118
-23.857958393882786
-23.860208521291185
-23.86235269156943
-23.863468494617912
-23.865713210454025
-23.867490828633713
-23.868684455479684
-23.870403792143584
-23.87159016931107
-23.872363485997987
-23.873691801829537
-23.87446246872454
-23.875635350282987
-23.87699627751632
-23.8784031741095
-23.879993850965956
-23.88110275103546
-23.88270661465907
-23.883624087397163
-23.884184097476815
-23.885185299621167
-23.88684349781805
-23.887587468255067
-23.888686714589927
-23.88947471301991
-23.890401520503463
-23.891334107953536
-23.892854180572765
-23.89426111989803
-23.89458687904442
-23.895757653334222
-23.896857355021186
-23.897634021595394
-23.898265326097007
-23.90051511647016
-23.90114836744383
-23.90237879226401
-23.90348669199705
-23.904762883178762
-23.90579628258648
-23.90690730447073
-23.909038996871
-23.90942626656121
-23.91102574111508
-23.912120262657922
-23.913061037595533
-23.91383912997006
-23.914154647110102
-23.91488966597529
-23.916412127092084
-23.917551098049834
-23.917927583253217
-23.918469469885096
-23.919347139541184
-23.91974222169345
-23.921082062947875
-23.92234301146056
-23.922972805595666
-23.923806023698397
-23.9245520837275
-23.925837346033514
-23.92703947936521
-23.92751666815714
-23.927816126164792
-23.92851361380664
-23.929298552098157
-23.928835222044235
-23.930150060508012
-23.930451293840147
-23.93148900939737
-23.932206704842173
-23.93255638665353
-23.93314343098971
-23.934084179019212
-23.935243556888903
-23.93580843663478
-23.936083590223394
-23.93737800246477
-23.938322772081683
-23.938617733207863
-23.94001191676809
-23.941122796135613
-23.9411660812986
-23.941703645628024
-23.94224505185784
-23.942086761845527
-23.941928234412305
-23.94219313143911
-23.94285198121076
-23.94313401473214
-23.943791474168492
-23.944233478629666
-23.944897286153733
-23.944956730927935
-23.945177468287987
-23.94615695667266
-23.946795840855224
-23.9485116936819
-23.948575370819878
-23.950057416455515
-23.95062847628065
-23.950953720371572
-23.95194631469863
-23.952354991940904
-23.95245042514393
-23.95276364857243
-23.953504868230734
-23.953716545963683
-23.954164070361486
-23.954113535896745
-23.95381197653421
-23.954619271476027
-23.954720758640427
-23.954078469353174
-23.954389252578057
-23.953804800889035
-23.953891150242182
-23.953122012771406
-23.95353104540749
-23.954004106873576
-23.95554106018277
-23.95606535585536
-23.956378649050002
-23.955693452768127
-23.95520320554392
-23.955280688703635
-23.955640947368057
-23.955466356291073
-23.956009704997
-23.956283605585792
-23.956116247307225
-23.957117454623212
-23.95686755769943
-23.95713682694938
-23.95676562273263
-23.956330492389313
-23.956888521158806
-23.957463877817283
-23.957453534009854
-23.957935033993582
-23.957523446318383
-23.958300333953655
-23.95897923690978
-23.96048857264376
-23.96058372000852
-23.96056230986235
-23.9605945853776
-23.9612477205805
-23.9615786031903
-23.962050497172843
-23.961698189382187
-23.961338670285652
-23.961988159868966
-23.963075105697293
-23.9635611416258
-23.963210820494357
-23.96357785464203
-23.96349098535074
-23.963935685400447
-23.964512848929388
-23.96493464846222
-23.965067508945864
-23.96505401523717
-23.965337095699514
-23.96596999423183
-23.965758013809694
-23.96519756445986
-23.965789791646056
-23.965395660024637
-23.965305865145478
-23.966086816843017
-23.966338489268654
-23.966186607060756
-23.966015353893244
-23.96615666598698
-23.966482560035423
-23.966439829147728
-23.966934925517993
-23.966991943567827
-23.967280737831263
-23.967437924572952
-23.96749403259094
-23.967325968482687
-23.967669152551814
-23.968085555612273
-23.967706472199055
-23.96777357185145
-23.968101770790714
-23.96825266432786
-23.96881304735817
-23.96910151911189
-23.968747510750813
-23.96830157970956
-23.967835316191767
-23.96899024152382
-23.96929444202787
-23.969445585159104
-23.96956466981221
-23.96917662649873
-23.969111384275436
-23.96929815307668
-23.969936409003804
-23.969909940463552
-23.969655879170876
-23.96967335964166
-23.969479224337423
-23.969779165233245
-23.968962672355826
-23.969490375045602
-23.96962731480739
-23.97026005610452
-23.97015023235853
-23.97043756702918
-23.970557929472818
-23.971007856984574
-23.97111642262012
-23.971039128397376
-23.971249638496488
-23.97186132069801
-23.97186121975722
-23.971712162346737
-23.972209622245288
-23.972533615658133
-23.973232490044023
-23.97351490698111
-23.973753779546943
-23.97364810149377
-23.973896549917626
-23.974288906479448
-23.974435411503876
-23.974072116081537
-23.97394539201949
-23.97397787491067
-23.974069840176323
-23.97376007639151
-23.973850650461788
-23.973985034438588
-23.973265300818188
-23.972830283351367
-23.973407053404735
-23.97340103809916
-23.97459553633499
-23.974791317848776
-23.97424040898886
-23.974273420434855
-23.974565970356156
-23.974588362485967
-23.97521011815781
-23.97542008304986
-23.975636142710428
-23.975127718808388
-23.974275807349652
-23.97405037290669
-23.97434318493155
-23.974034998227456
-23.97445755651737
-23.9754338731617
-23.974977954812005
-23.975118535066056
-23.97557826979658
-23.976162826226187
-23.976030943465844
-23.976627451629074
-23.977419815863364
-23.977202493751427
-23.977841034669414
-23.97811871865145
-23.977969830550183
-23.978179750221486
-23.978843843267963
-23.979086844011444
-23.979023730824455
-23.979356173358344
-23.979877618401556
-23.979748775408765
-23.98022598911823
-23.980422959046084
-23.979914580127065
-23.979910362951326
-23.979841082642654
-23.97954583748703
-23.97988667479958
-23.97990395921372
-23.979575607229947
-23.980129712917538
-23.98031081303828
-23.98067262431834
-23.980668043734
-23.980741896405622
-23.98023765872616
-23.97998060489165
-23.979697393177705
-23.979711017744457
-23.98024434791444
-23.980722143101776
-23.98158307677587
-23.981078643026347
-23.98109648568115
-23.98131978321306
-23.981264931188594
-23.981577833116376
-23.98168850248456
-23.981657685700295
-23.98191828595573
-23.98192147278856
-23.982137422763874
-23.982836897215694
-23.982775608874977
-23.9828196922364
-23.982739781869647
-23.982587922183928
-23.982858644761784
-23.983196269744212
-23.982889022219403
-23.98294867589935
-23.983397365964247
-23.98397800609202
-23.98441869203606
-23.984266278346507
-23.984042859524337
-23.983309399837065
-23.982720306281507
-23.983500838149393
-23.983472391609197
-23.983573945592617
-23.984155039407963
-23.984659556976446
-23.984997159597487
-23.985762439568465
-23.985442703827577
-23.984663557780003
-23.98453915039513
-23.9847949759523
-23.984630659998235
-23.984619986286948
-23.984523992514713
-23.98401436281481
-23.984118072645263
-23.983663618763384
-23.983568413893476
-23.98392609952828
-23.983790981405793
-23.983832760318773
-23.983335881310268
-23.98287762720336
-23.983131413807783
-23.982426452762834
-23.98278470669725
-23.98273418835462
-23.983299726525154
-23.98312194414128
-23.98311216189375
-23.98327281884129
-23.98278241912363
-23.98262474276492
-23.9829818814797
-23.982429940045527
-23.98259752100284
-23.983087968614612
-23.983624488927987
-23.983766654583494
-23.98450841771087
-23.984130880947017
-23.983648161546718
-23.98369661427934
-23.984192497324553
-23.98401309184263
-23.984500491712414
-23.984256993654757
-23.984550608000454
-23.98393935802534
-23.984163121608017
-23.983605796178793
-23.98382928283413
-23.983379273407895
-23.98465813922258
-23.98445885375671
-23.984292966932944
-23.98507766864676
-23.984519093072066
-23.984944479900957
-23.98519789439972
-23.985100593704207
-23.985101682353292
-23.984722225229117
-23.985111835808286
-23.98504242651549
-23.984387092782782
-23.984461998478608
-23.984562505232468
-23.984994067603065
-23.985005591318828
-23.985004002611564
-23.984291659447514
-23.984637891700928
-23.985072747926164
-23.98598869698864
-23.9855433564621
-23.985049285272535
-23.98497771852316
-23.984585528759133
-23.98504259195128
-23.985866910428662
-23.98607063154425
-23.985924450077125
-23.98581905816385
-23.986287314186598
-23.986369807305476
-23.98572696790449
-23.985068582835297
-23.98437904269418
-23.984979669703627
-23.984310138769498
-23.98493956208402
-23.98500777300351
-23.985010189448204
-23.984894123745846
-23.98570366960175
-23.9851780244018
-23.985123765307396
-23.985423050884517
-23.985517353974096
-23.985402326453393
-23.98481583456856
-23.985101590757512
-23.985674436790465
-23.985478108032087
-23.985767280398516
-23.98608944657762
-23.98647762135602
-23.986782365776897
-23.985960377363746
-23.985619957148323
-23.98493057562685
-23.98563175714522
-23.986308441024637
-23.986162643837783
-23.986148783550636
-23.985895366822152
-23.985762820266633
-23.985509286660534
-23.986088029392917
-23.985951410553835
-23.98596479589945
-23.98634652105887
-23.986698878796357
-23.986696982271418
-23.987085026514745
-23.98689860632608
-23.986892445698874
-23.986666962246414
-23.987267775285257
-23.98697718641098
-23.986230209162407
-23.98675352487757
-23.986736813510486
-23.98733110810696
-23.98776542042072
-23.987341734241976
-23.98728011227466
-23.987520415651964
-23.98831185867016
-23.98817644049828
-23.987508192353783
-23.986674947512352
-23.986312003512975
-23.98543643359954
-23.985705651679897
-23.98594162354949
-23.98525395550257
-23.985155959212612
-23.985816646100883
-23.98550944103392
-23.98537611361855
-23.986127167162863
-23.98654421224028
-23.986840883718276
-23.98652181347762
-23.986757043212958
-23.986967593548563
-23.986674120846025
-23.986792675175224
-23.98618445885295
-23.986910973030888
-23.987061883485097
-23.9870092782782
-23.987149435350915
-23.98716433425067
-23.98728521411416
-23.98755884548837
-23.987481944625177
-23.988096365091895
-23.988369607962255
-23.98887241431785
-23.989220131317264
-23.988950336498405
-23.98912544242681
-23.989172189225897
-23.98872215480611
-23.988422301445773
-23.988716364257094
-23.98790634985984
-23.98788410108207
-23.98778957464898
-23.98791872660064
-23.987459006972205
-23.987090968924093
-23.987269528835295
-23.98606016587033
-23.985767269801585
-23.98620771928142
-23.98631848735255
-23.985917452463404
-23.986105178065195
-23.985970643927562
-23.98661072651657
-23.98634950138899
-23.986377151226257
-23.986451436676266
-23.98708675630411
-23.987143657711318
-23.987767837449
-23.98711335451957
-23.987456057891198
-23.98691699335144
-23.986315192112492
-23.986602026741334
-23.986273743412745
-23.98697494661458
-23.987393026953917
-23.987577084962833
-23.988035278253964
-23.988402218199305
-23.98801721407851
-23.988133380854034
-23.98771099192406
-23.98791305683421
-23.98752908754402
-23.987339373973903
-23.98685890473613
-23.98711797494309
-23.987630354808253
-23.98689612902052
-23.986583408587943
-23.986804695288196
-23.986908537365142
-23.986626028670628
-23.986509501712966
-23.986455932764525
-23.98703174546484
-23.987709671969604
-23.987653279677243
-23.987645436526826
-23.987120777532574
-23.98705630665839
-23.987346863690085
-23.98756207544305
-23.987307490047836
-23.987578365639987
-23.987580925999076
-23.987481227105707
-23.987604639815753
-23.986788218062173
-23.987006126990526
-23.986919436610584
-23.987552144846244
-23.987462331328764
-23.987602172068964
-23.988243146852078
-23.987709654002142
-23.987100024457913
-23.987409891584797
-23.987271880663226
-23.986868242873058
-23.98591720600585
-23.985584160438258
-23.98584382505178
-23.985863502486055
-23.986112743822627
-23.986931418280204
-23.986611272537203
-23.986089672824495
-23.986136196716373
-23.985893083172712
-23.985558627559808
-23.98639771803854
-23.986383823191243
-23.98638330706263
-23.986512804457384
-23.98689034633798
-23.98698535839949
-23.98670259664211
-23.98676126535242
-23.98639570690093
-23.985427321658594
-23.985704386558698
-23.98579729008411
-23.98557959599173
-23.98616927882078
-23.985961396818986
-23.986010426736453
-23.986323361850932
-23.98620330592096
-23.98639292157353
-23.98710230156234
-23.986971878274893
-23.986269999354857
-23.986339542787235
-23.986574130285295
-23.986467971701334
-23.986672089349216
-23.98680702116296
-23.986546502352752
-23.98654686830392
-23.985862526643427
-23.98587401122277
-23.986198165502575
-23.98569972662118
-23.985746812714662
-23.98623151605144
-23.985178858629865
-23.985864112569057
-23.986313410870615
-23.98700680608181
-23.986363500946688
-23.986604495992303
-23.98641262685894
-23.985954143974446
-23.986100266020713
-23.985857599093666
-23.985615279407575
-23.985549866404973
-23.98584194682462
-23.986483591899734
-23.985962104375364
-23.98568069359052
-23.985287351434774
-23.98449793622806
-23.984112899920348
-23.9848382475826
-23.98475968214505
-23.98549380737339
-23.985020595116975
-23.98451909918546
-23.985311496716477
-23.98487586641608
-23.984951611419778
-23.98507499364097
-23.985769047070885
-23.985785573897914
-23.985507740823167
-23.985445142315893
-23.985672227966493
-23.985229496196865
-23.98493597290226
-23.985200546818177
-23.985099816055612
-23.98506528799552
-23.985139579443572
-23.985640915129338
-23.9857965008123
-23.985801889798385
-23.986367719988074
-23.986347069984458
-23.985938904542703
-23.986169912831098
-23.98563792579847
-23.98625804858788
-23.986604373240457
-23.98647978660912
-23.98691735013861
-23.986758278105327
-23.98657615653003
-23.986942813903475
-23.987451369537325
-23.98751402072053
-23.98739636088613
-23.987235155517375
-23.987024137138416
-23.987111980247718
-23.987008853300704
-23.98708268505933
-23.987898878892626
-23.988318668374905
-23.98828441505148
-23.987777343962502
-23.987378416625685
-23.98753642220315
-23.987775041577823
-23.98768311229406
-23.987866339715644
-23.98764136362084
-23.987789638236308
-23.98747612678304
-23.987227802944574
-23.98686877407151
-23.986746815038725
-23.98771700722375
-23.987672697464504
-23.987852429538208
-23.98834682548209
-23.98749583513145
-23.9871848709651
-23.986931843815228
-23.987084066882467
-23.98706407284349
-23.986901768534214
-23.986558821591753
-23.98660383809554
-23.986009325245824
-23.986148690325276
-23.987247085336087
-23.98719393155026
-23.98725590104128
-23.986829251968942
-23.986698449304434
-23.987036873901065
-23.98701978493646
-23.98720668988261
-23.98762676997899
-23.988154852971963
-23.989292808664935
-23.98863961731313
-23.989012082965427
-23.989322879513676
-23.98924984734965
-23.989294944304692
-23.989734437578385
-23.989202724367257
-23.98906759047124
-23.98952141701542
-23.98943541495675
-23.989698563243497
-23.98934019268545
-23.98898510787154
-23.98881021034845
-23.98838443960954
-23.988750488183317
-23.98887356229992
-23.989708100485
-23.98960321582418
-23.98945847931339
-23.98998539484213
-23.98965081006181
-23.9904886100522
-23.989711731194294
-23.98985787343377
-23.98973427560315
-23.990001066978298
-23.989408925288775
-23.98920976447665
-23.989339310306356
-23.98948710479969
-23.9894140075375
-23.988809661382163
-23.988632289642897
-23.989796561658046
-23.989779713090844
-23.989275592519316
-23.989331942372598
-23.989296003731756
-23.98993378736871
-23.989972181938754
-23.99007863623446
-23.989895254577352
-23.989978269653786
-23.989431955506433
-23.98983253210399
-23.990299879380164
-23.99075238201514
-23.990385884357135
-23.990132634910594
-23.989835700687298
-23.989075438489945
-23.988881419125228
-23.988874663206854
-23.988730860644566
-23.98830984324729
-23.98929981090632
-23.989237778331837
-23.988770933150874
-23.98841337378806
-23.988662428543872
-23.988685065445402
-23.989301383317194
-23.988610732659744
-23.98868033837966
-23.988617007973946
-23.987971514568166
-23.98801550731919
-23.98743215862731
-23.987016201104232
-23.987060284299687
-23.986712977197506
-23.98683074167464
-23.986905460614622
-23.986686210181833
-23.98641046689536
-23.986240485072393
-23.986666219335127
-23.986296964889476
-23.98673884287713
-23.987913500724186
-23.9877416293642
-23.988149435062507
-23.98783577401075
-23.988284091951627
-23.988344421945882
-23.988380012378485
-23.98835331047914
-23.98861261960481
-23.988767232685408
-23.98888531708719
-23.98879403105291
-23.988934378792983
-23.989333253217243
-23.989043208606756
-23.98955477953302
-23.989087105878575
-23.98940690275847
-23.988285903432352
-23.988827126933938
-23.988490315552045
-23.988009310575965
-23.98762255802497
-23.987997777347342
-23.98846319330607
-23.98884626050873
-23.98886620891751
-23.98893778092086
-23.989054037187366
-23.98935600470747
-23.989516810631034
-23.989447306709398
-23.98891623904372
-23.989028965466954
-23.988460445262614
-23.988704289329856
-23.988537278001754
-23.988348368326058
-23.98806676243142
-23.98789710270599
-23.988680450587943
-23.98848259169614
-23.98834478352911
-23.988441868837988
-23.98887889123936
-23.989010889060673
-23.988583952798177
-23.988939856829273
-23.98885760359613
-23.988727115311427
-23.988815853644592
-23.9886678397958
-23.988748443199192
-23.98880529896173
-23.98836716649463
-23.988088829331392
-23.988630746352964
-23.988727063130806
-23.98876109191383
-23.988842188316372
-23.988814570750367
-23.988823524009227
-23.988621214371037
-23.98880324262845
-23.989005757370727
-23.989367128664774
-23.9889218488251
-23.988936211058018
-23.98931175313506
-23.98955675104854
-23.98963724755108
-23.989129647641903
-23.98850402155486
-23.98867866319474
-23.989040879707787
-23.989249518067126
-23.989095576441628
-23.988800120404818
-23.988437449335297
-23.988780281580663
-23.989004736955533
-23.989547402442156
-23.98900802834907
-23.988536826489042
-23.9878146838335
-23.98807993237367
-23.98791793543214
-23.98746175516064
-23.98841851907419
-23.988642548988526
-23.988327546195908
-23.988222129537245
-23.98779765811189
-23.987462035600274
-23.98658733406965
-23.986802758282685
-23.986783311972097
-23.98681878564614
-23.98733219640642
-23.987098871138482
-23.98733536887965
-23.98719229348551
-23.98709956658346
-23.986711637691776
-23.986586988274603
-23.987649044834228
-23.98732143820155
-23.98787134330802
-23.987792113895246
-23.987880012996264
-23.986730876155555
-23.98618156046126
-23.986294466727546
-23.986332663638258
-23.986628652281134
-23.987102722365286
-23.986970186055288
-23.987994256923166
-23.988223980726772
-23.988173193676907
-23.98794278883446
-23.98772019960745
-23.987260566333784
-23.986941717963198
-23.987283858853903
-23.9874918170802
-23.98739124158875
-23.987568489367945
-23.987325282777167
-23.987541200718773
-23.98799115517534
-23.988222006070636
-23.988646567394706
-23.988366976062572
-23.98795035998331
-23.988068156911577
-23.988111367193593
-23.98872963000768
-23.988351769140664
-23.98882895626769
-23.988564371565836
-23.98847781602414
-23.98882279278923
-23.988812355959805
-23.988298123356753
-23.988457809361712
-23.988066557660183
-23.98823251490628
-23.988961635977336
-23.989362168162938
-23.989862240211895
-23.989594289708734
-23.989152825959092
-23.98960379199585
-23.989728304628844
-23.98974218640797
-23.989332305254525
-23.989466208397427
-23.990082527376508
-23.990582276335196
-23.989667364837807
-23.989337700512344
-23.988857906689802
-23.98826126910454
-23.98927835029855
-23.9892575537141
-23.98946979482371
-23.989183365084923
-23.989658406600906
-23.990594599322403
-23.991180815513413
-23.991485621228335
-23.99130429184783
-23.990068800894
-23.989375080885036
-23.989539731016546
-23.989848019964725
-23.99043112699314
-23.989571160681166
-23.989358823712625
-23.98891523373562
-23.988567438804843
-23.988001493516027
-23.988339091842285
-23.98906195127683
-23.98913655572496
-23.989654359314585
-23.98959758235199
-23.99034105347078
-23.99059738284508
-23.990134439772035
-23.99062464687276
-23.991015008863936
-23.990510533484258
-23.991236530021744
-23.991052989336307
-23.990683145307166
-23.99050009073144
-23.9908434482259
-23.990768695243702
-23.990816525764156
-23.991081383579147
-23.990818204387846
-23.990819827028957
-23.991558099848525
-23.99216940449183
-23.991651533977866
-23.990966905940677
-23.991352350958405
-23.99145969258871
-23.99120049654594
-23.99079696145662
-23.991454662332934
-23.991184995918715
-23.99136146370784
-23.991302867477877
-23.99117674906312
-23.991435121237863
-23.99172699219271
-23.99196456284361
-23.99123724802393
-23.99087690948099
-23.990509057299423
-23.991119313762585
-23.99094898088981
-23.99081743127503
-23.99106884702469
-23.990947653986325
-23.99103617308231
-23.991419875950527
-23.99075749344231
-23.990323035857525
-23.99015532214719
-23.98951325606908
-23.98927040401314
-23.989183892889137
-23.98873695673691
-23.98933468812067
-23.98871339549522
-23.98937341535392
-23.989479002352166
-23.98975434395337
-23.98955572727513
-23.98960723465347
-23.990097363308113
-23.989498079232092
-23.989955358369166
-23.990366682823584
-23.990576909567395
-23.991051910049585
-23.990982439226798
-23.990811147089406
-23.99067594518669
-23.990124969618478
-23.990289754347913
-23.99055500834931
-23.99032944276857
-23.990343800921433
-23.991117081881228
-23.990626696972306
-23.99109337392672
-23.99054218238408
-23.990392649531056
-23.989822830395063
-23.989224765234045
-23.989470048083735
-23.988899558636092
-23.988615826733593
-23.988645686670043
-23.98877409902408
-23.988770786205446
-23.98867149120892
-23.988099015284075
-23.98815336323031
-23.987809440719357
-23.9873952197903
-23.987389622192513
-23.987059263908435
-23.987169795199385
-23.986969832304148
-23.98698968740825
-23.98717314161291
-23.987105935430005
-23.98786186746894
-23.98818782264394
-23.988183822092633
-23.987933646972426
-23.98878901549304
-23.98847905935872
-23.988673400269278
-23.988573439375735
-23.988839428359512
-23.98865499980669
-23.98877784834372
-23.988417959613457
-23.988549799259467
-23.988432602631825
-23.98815288499696
-23.98820334542925
-23.987981164218088
-23.98823030980509
-23.988203261424598
-23.988703213693334
-23.98948582358548
-23.98951084889341
-23.98921919785084
-23.989392402582613
-23.989662970192636
-23.989439210560302
-23.988887271742
-23.98945779383836
-23.990550338445438
-23.990150637753196
-23.98980628169867
-23.98940888466039
-23.98939980394342
-23.989184264388758
-23.989691329181184
-23.989584633198007
-23.98942595057887
-23.989052302287046
-23.989334568695757
-23.990186345114854
-23.98975854577043
-23.989601326222342
-23.989764712862982
-23.98947728187634
-23.989342766159645
-23.989190910560442
-23.989499381570745
-23.98916604572886
-23.98991043427922
-23.99042107788331
-23.990502065585403
-23.989715623691627
-23.989344694489997
-23.989629160759304
-23.9893273885048
-23.988962793207783
-23.989545723063205
-23.989264809427553
-23.990165610087438
-23.990106678200572
-23.99034393297508
-23.990318040216884
-23.990271661558694
-23.990611671699206
-23.99046823615148
-23.990323838912154
-23.989908142756853
-23.989888398072413
-23.99036006809933
-23.990629282482402
-23.990833406476966
-23.990849156910404
-23.991171148218314
-23.991122891833957
-23.991436854116102
-23.992411490047846
-23.991743080757765
-23.992152088369505
-23.991963226048505
-23.991379429117554
-23.99106897908142
-23.991035373712574
-23.99108956336308
-23.991103442715914
-23.991534666564007
-23.99053867462709
-23.99083645042321
-23.990527601848594
-23.990578037823415
-23.990871422435543
-23.99107310723325
-23.991590458697903
-23.991081161389246
-23.99086019954794
-23.990573391278286
-23.98981710256764
-23.99014596993324
-23.989899922135127
-23.989663704877177
-23.98845480457513
-23.98814677314653
-23.988417180603065
-23.989052937637727
-23.98835216783862
-23.988961387586514
-23.989007909088688
-23.988944131884676
-23.988775650823538
-23.98939225503558
-23.990017302771037
-23.99035074940894
-23.990313670925307
-23.990195144394615
-23.99053726469432
-23.990444205661074
-23.990084325946746
-23.989816110053006
-23.989793040909763
-23.990551675362482
-23.990169610421944
-23.989998623638133
-23.989371052999502
-23.988578341004732
-23.988423739659417
-23.989441341603072
-23.989768451923332
-23.990216777438864
-23.990211645449207
-23.99011680742821
-23.990415486488015
-23.99098388232644
-23.990919140323424
-23.99034867690546
-23.990342779778405
-23.99028042752935
-23.989536148070695
-23.989987000006767
-23.99005025869401
-23.9900048819283
-23.989911559937653
-23.990811952716783
-23.99042756937501
-23.990207773920634
-23.990049082806326
-23.990632061050945
-23.989900178975834
-23.990641342539423
-23.99068277921615
-23.990927449267396
-23.990713023112253
-23.991152607313218
-23.990776777931675
-23.990471022282495
-23.989991617149105
-23.989463562873663
-23.990039755812756
-23.99000631172077
-23.98980314128899
-23.989132226551977
-23.98879158439986
-23.98874959810101
-23.98835542721698
-23.98817026497357
-23.988332833586956
-23.98836416871729
-23.98944129783793
-23.989451346003925
-23.98940081237032
-23.98904743272953
-23.989457134434936
-23.988819274556594
-23.98923075274029
-23.989894458488795
-23.990014672691288
-23.989735840278627
-23.98995672498731
-23.990356570945774
-23.99044516849475
-23.990496634967403
-23.990716338342295
-23.99023445636646
-23.98987419014001
-23.990202577588857
-23.98960673521572
-23.989626423135856
-23.98911299480405
-23.989154626133633
-23.989021641936123
-23.98953397972619
-23.989673010736386
-23.98958211316837
-23.99022636845786
-23.989971439723647
-23.989653253493234
-23.989659104788355
-23.990155927483514
-23.990074720945184
-23.990345553584614
-23.99059782500677
-23.990886615037002
-23.99077790523158
-23.990783182767075
-23.990488777101884
-23.99116094839464
-23.99141743661137
-23.992095281150526
-23.992168478330882
-23.991913605802438
-23.99113467974185
-23.991102428641028
-23.990812340504956
-23.990527474270543
-23.99005819400681
-23.989688466473766
-23.989941154630287
-23.99006292441784
-23.989950608822195
-23.990275303058407
-23.98961009226829
-23.988637601517347
-23.989141593494303
-23.9893468615194
-23.99011816188012
-23.9904191250112
-23.990442734365107
-23.990767600494696
-23.9904467971178
-23.990596346415657
-23.990834348950127
-23.990223727566345
-23.990047194903113
-23.98972264079952
-23.990066094104545
-23.9904533118297
-23.99014304234668
-23.989660690737793
-23.990578489496524
-23.99120621917777
-23.991368514669947
-23.991378349280723
-23.991606726638146
-23.991416947024735
-23.991426646574507
-23.99164937651272
-23.99160251109119
-23.991162615142187
-23.991765181290106
-23.992145973065238
-23.99150100059273
-23.99164066432783
-23.991502869530038
-23.99222218897384
-23.991926306725407
-23.991615254523218
-23.992065958674534
-23.991851994367444
-23.991248408609245
-23.99065773887303
-23.991129819486332
-23.99116443940133
-23.990910676369364
-23.991451508744575
-23.991877585773157
-23.991776055426605
-23.99142482801558
-23.991015666834013
-23.990687584398785
-23.989841016707555
-23.989764226933968
-23.989742583396374
-23.989880265926075
-23.9900448393374
-23.99046760673082
-23.99116021785896
-23.99113657459645
-23.991117996405727
-23.991209363737916
-23.991657116767055
-23.991267991276462
-23.99113028826803
-23.991229282670318
-23.99130326366563
-23.99215344351228
-23.99225422013025
-23.99150146408446
-23.991034676733005
-23.990514170959962
-23.990514527810802
-23.990543610338374
-23.990663709940403
-23.990857453787246
-23.990952842527015
-23.991131846630104
-23.990967380068263
-23.991317533334268
-23.991599655017858
-23.99221683826397
-23.99163200819711
-23.99118658433979
-23.991129881865742
-23.99170808738565
-23.992303924663418
-23.9922337429433
-23.992223008685183
-23.993053543963104
-23.992756597064005
-23.99354708003551
-23.993261618388583
-23.99372225338497
-23.99319036851607
-23.993661072340075
-23.993339886324605
-23.9934505310959
-23.993291786055952
-23.993851736479026
-23.99388835204541
-23.993294226925126
-23.993347813137927
-23.993217151603144
-23.993303604791414
-23.992944424960466
-23.992770478108753
-23.99274513039423
-23.992415727676477
-23.99255294793187
-23.992410465871078
-23.99198955106484
-23.99210735481916
-23.99199591680072
-23.992007412048793
-23.99248446025005
-23.992704496188505
-23.992468260122415
-23.992408066887116
-23.99236869345917
-23.992770565494137
-23.992842213594493
-23.992602022955676
-23.992441301205254
-23.99247185442054
-23.99211996702317
-23.99207864770397
-23.991811947671614
-23.992087019881005
-23.99226087316773
-23.992360370120586
-23.99219532061158
-23.991980705985576
-23.99192219028112
-23.99144152485382
-23.99164906288244
-23.992085813056722
-23.99245803857403
-23.99220711302873
-23.99200967888021
-23.991710866200666
-23.991966480240972
-23.992482516510613
-23.99244836103319
-23.992708476497782
-23.992160365123887
-23.992188200413285
-23.991533255525642
-23.991790284676217
-23.99178115744407
-23.991460511408196
-23.99145419070322
-23.99196282609854
-23.991457518067325
-23.991444392959604
-23.991492777597827
-23.992268052386226
-23.9925423982484
-23.992086787527825
-23.991733872726847
-23.991545432263308
-23.99086440522895
-23.990932252624404
-23.991065445438565
-23.991107890756826
-23.99104522668998
-23.991621369658343
-23.991848709597814
-23.991555573599083
-23.99174703624937
-23.991917151975517
-23.99154767306835
-23.992056019014953
-23.991904214014507
-23.991928642525618
-23.992551368282367
-23.992653865831937
-23.992968581535422
-23.99292545786926
-23.992553184404763
-23.99229827644862
-23.9920730905779
-23.991806515519098
-23.990973340650612
-23.99142263339103
-23.99130746986072
-23.990492006647877
-23.99071039333367
-23.991144581522075
-23.990864526116823
-23.990482282487267
-23.990395959299693
-23.98998378201633
-23.989007547756778
-23.98913181900075
-23.989493750083703
-23.988761592265725
-23.988907736233035
-23.98875975732746
-23.9889316637487
-23.988738149548976
-23.98887439060583
-23.989285058117517
-23.98987050727202
-23.989875504602644
-23.990046540693463
-23.990149708536947
-23.989970914965152
-23.989890518751178
-23.990159577089667
-23.990094248303247
-23.99026908915464
-23.990152026140077
-23.98945304481919
-23.98915301969592
-23.988861514775397
-23.98970603327881
-23.98977512819781
-23.989456944112725
-23.98981155938142
-23.990337472832923
-23.990271011635503
-23.989922473696815
-23.989936364539496
-23.98981963080839
-23.989727817607676
-23.989161086288586
-23.98936669962535
-23.98908535677226
-23.990012964638318
-23.98963801915422
-23.989561368289607
-23.98965996584239
-23.989557212480342
-23.989089088707477
-23.98963098035152
-23.98976527853493
-23.99010277619617
-23.9902989881367
-23.989462776079044
-23.988572957336167
-23.988759899075326
-23.988695569183783
-23.989311091351944
-23.989436796287716
-23.98975830462089
-23.990248212631105
-23.990369791973013
-23.991025277296263
-23.991814325536378
-23.992165855874475
-23.99221546344643
-23.991546400152767
-23.991692587210082
-23.992206431232635
-23.99226386954871
-23.992476679197722
-23.99237038010946
-23.99208617672208
-23.992695140417528
-23.992534792319248
-23.992348893344072
-23.991708040371282
-23.991853713559408
-23.992301553545584
-23.9924617455677
-23.991650779965095
-23.99198446814422
-23.99192575494448
-23.99188607355286
-23.991502089879457
-23.99178893021521
-23.99156892565267
-23.99227246246938
-23.991896238983962
-23.99206069875569
-23.991780250524457
-23.99200009555507
-23.99144530413641
-23.990959276612685
-23.99141590010295
-23.991391496175524
-23.991339295095713
-23.991869522091882
-23.992297332320362
-23.992949620745726
-23.9922970462207
-23.992435193169683
-23.992613095741874
-23.993268412494718
-23.993436560540722
-23.99333418322332
-23.99252418077107
-23.992633727096187
-23.992905856471612
-23.99298946834207
-23.992110398046282
-23.992898287219123
-23.992661065902972
-23.992204909911777
-23.992468499697218
-23.992362339709953
-23.992677203546716
-23.99235580258278
-23.99203749369664
-23.991953480219777
-23.991910455598518
-23.991859343199394
-23.991919054987182
-23.992910120355905
-23.993173590731388
-23.993158019373013
-23.993778183092807
-23.993972115694312
-23.993361901822947
-23.992880923553876
-23.992366497786296
-23.992265995659814
-23.9920707110579
-23.991719691511925
-23.992346419698322
-23.9922873092031
-23.99258675717546
-23.992341816702762
-23.992317324349134
-23.992099774454324
-23.992334488451633
-23.99224354212688
-23.992132040364254
-23.992815533459627
-23.99295370718131
-23.993661207063223
-23.994072823742677
-23.993862079629235
-23.993127795850466
-23.993219812521872
-23.993678505100625
-23.993391709319994
-23.993175767477457
-23.992901202088063
-23.993566793565698
-23.99313766925148
-23.993369136128152
-23.992622622972394
-23.993101733089
-23.992841758986838
-23.99284784971187
-23.992570565035578
-23.991647669378978
-23.99149412634462
-23.99129019027714
-23.991114665319703
-23.991143735030562
-23.991852333568207
-23.992697709110857
-23.992149598458834
-23.99248540424236
-23.992797059182546
-23.992719507505388
-23.99297225277974
-23.992756174426486
-23.992843000896986
-23.993186388022018
-23.992997506618657
-23.99263584349476
-23.992243284667033
-23.992076936391904
-23.991953337087384
-23.991477064490176
-23.991170975841946
-23.990998896568353
-23.99092840405238
-23.990269621499873
-23.990811915826953
-23.991074835926046
-23.991386469991646
-23.991089104258155
-23.990548307303378
-23.989643024565666
-23.98970822931868
-23.990048897826522
-23.989676853860036
-23.989746087375533
-23.990242514298288
-23.989995211179572
-23.989797632269035
-23.989055973522007
-23.988820799900946
-23.989664380835414
-23.990288285552698
-23.991854771218687
-23.99149086637637
-23.991672851973956
-23.991833763309142
-23.991915380699385
-23.99075310586373
-23.99104997398341
-23.990394144057767
-23.99080821798712
-23.99029294789621
-23.990686368059183
-23.99076802794305
-23.99152808578658
-23.991209668387754
-23.991124778199364
-23.991361677038796
-23.99060543050349
-23.990662064086948
-23.99076088320671
-23.99075902360718
-23.990963142480748
-23.990666510690765
-23.990426492633556
-23.99086337784174
-23.990671299467966
-23.990680995616643
-23.990238727950523
-23.990094704511336
-23.989410487477585
-23.989337709236345
-23.989687037390148
-23.990161325630872
-23.989678943407547
-23.989792087795628
-23.988982150070367
-23.98869428456311
-23.989127207363303
-23.98912632585364
-23.989205276384958
-23.98929441633172
-23.98941502406524
-23.989593996190568
-23.98918385876238
-23.9888593506213
-23.988712251728625
-23.988970760376443
-23.988753631188978
-23.988078306165143
-23.988217179534953
-23.98848739205078
-23.9887281993506
-23.989000660719103
-23.989091160405373
-23.98900820353041
-23.98925488345092
-23.98896276967662
-23.988507916121016
-23.98843201472132
-23.988709544477196
-23.989488577037086
-23.989593975777233
-23.990400634365333
-23.990619408832586
-23.990745775048858
-23.990488542396346
-23.99002753280272
-23.989927501945143
-23.989960927439675
-23.990087523993388
-23.989621275361785
-23.989790175426695
-23.989669802380728
-23.98964662015314
-23.989679002205367
-23.9901485455162
-23.99011232176843
-23.990088867107406
-23.990015400888872
-23.990175279147078
-23.990083435375702
-23.990140091331885
-23.99119371083044
-23.991124838874192
-23.99156298378212
-23.99144201286994
-23.992001225820346
-23.991926454341638
-23.992094795435523
-23.99190998266997
-23.991896522469936
-23.992303028276456
-23.992640423191762
-23.992362466695848
-23.992458830396018
-23.99286335881049
-23.99255274792645
-23.99283240988238
-23.992692292432015
-23.992900346272545
-23.992698039656407
-23.99172605619904
-23.99177405401017
-23.9911259012769
-23.991247483631753
-23.99166443357597
-23.99121391447168
-23.992331076791366
-23.99263551673049
-23.992933240471665
-23.99302898013017
-23.993304002841395
-23.993219248937216
-23.99297134672569
-23.99252411955764
-23.992987913614282
-23.993172419854343
-23.99331067666269
-23.992687188577015
-23.99337136683973
-23.99398442408138
-23.99373891076311
-23.993609253628858
-23.993460401906084
-23.993573015897528
-23.993490188345806
-23.99325593088892
-23.993222538036274
-23.993621423817913
-23.99410621628385
-23.9940809642469
-23.994095147313438
-23.994092653767208
-23.993597512894056
-23.99330832611604
-23.993741122655162
-23.994212863362876
-23.99452330922188
-23.994290879067865
-23.99420742727259
-23.99387149294246
-23.99356124569161
-23.993326859047283
-23.993449393465315
-23.99320084792692
-23.992982401775066
-23.993032155688205
-23.99291246127844
-23.993588499515628
-23.99297806129219
-23.99304693790542
-23.99264896945211
-23.993321686432004
-23.992768351209165
-23.99305247085824
-23.99332919630836
-23.993301319537938
-23.993507841868322
-23.994276828326772
-23.994159954403038
-23.993869227561103
-23.99381819229658
-23.993932463616243
-23.993951617990653
-23.99456833521931
-23.99422442387572
-23.994096112345044
-23.994486011958564
-23.994454921571187
-23.994701014143327
-23.9938955402265
-23.994295919014185
-23.99453168678038
-23.99480383113054
-23.994823277835906
-23.99432238072257
-23.993814051869006
-23.993666116276753
-23.993944715624476
-23.993987500073633
-23.993081204738786
-23.99277502164864
-23.99281647344991
-23.993526522419575
-23.993181786238324
-23.99317864572861
-23.992820678421513
-23.993388127388368
-23.994092160143925
-23.994111043580524
-23.994358129661737
-23.993570159265666
-23.993165330020183
-23.99324655722979
-23.99327424570366
-23.993365480800154
-23.993619283021218
-23.994049810589583
-23.994022783034342
-23.993816146626173
-23.993624770176364
-23.993039258040522
-23.992694462029622
-23.992809240324547
-23.993354062772827
-23.992825876659793
-23.993247058815307
-23.992572673283725
-23.992695283534815
-23.993290070041137
-23.993270580562278
-23.993711148856537
-23.99386498192652
-23.993956294941082
-23.994072189856336
-23.993688921544624
-23.99340768252186
-23.99402479903655
-23.994215005362886
-23.993647360962974
-23.993273180053258
-23.992855949997946
-23.993171373050338
-23.993347539744466
-23.99377910749204
-23.99389396970227
-23.99377819281728
-23.993570191915662
-23.994072269515602
-23.993383879625846
-23.99286600617284
-23.992962954714358
-23.992826251281006
-23.99362962431968
-23.993544876333686
-23.99291953307388
-23.992643597790853
-23.99193011317689
-23.991949040960353
-23.99243727115914
-23.992656151226637
-23.99250003935626
-23.99222888599366
-23.99224386545834
-23.992319474320777
-23.991656186701622
-23.99110178218717
-23.99138226223038
-23.99162087335561
-23.991972747335566
-23.992085437051994
-23.991947095658514
-23.992458399000615
-23.992868359880145
-23.993211731071703
-23.99319685525108
-23.99371500289907
-23.99396878249152
-23.99446793263582
-23.99446570487484
-23.99365023946335
-23.99407308760589
-23.994290686635924
-23.994506083817722
-23.99482610225234
-23.994861200691698
-23.994607228354752
-23.99502874457183
-23.994578600243504
-23.99477217088208
-23.994651444044383
-23.994960235017977
-23.995078946883392
-23.995079809620048
-23.995623841068834
-23.995388660101572
-23.995584842669967
-23.995341227740617
-23.995171837959546
-23.99520707179105
-23.994221225538972
-23.994203157896962
-23.99405066007748
-23.993940500640182
-23.994072729689723
-23.994235133556764
-23.994511017089703
-23.994709411675586
-23.99523581201645
-23.995037258149008
-23.99463339149779
-23.994189063440682
-23.993992790672383
-23.994180924768894
-23.994810705198052
-23.994603727977637
-23.995080239319833
-23.99512091940104
-23.99507467107111
-23.995038118444626
-23.99524933082944
-23.994557896920945
-23.994116887362107
-23.994503050644944
-23.993823970491153
-23.993983644778087
-23.9932852932597
-23.99376894424577
-23.994009313578037
-23.99421572985515
-23.994026677543935
-23.9939131076094
-23.994592241273764
-23.994390875584642
-23.994450010942035
-23.99500229053609
-23.995789269778324
-23.99539551632857
-23.995325202761574
-23.995498120411906
-23.99584669032214
-23.995384153993694
-23.995921774586424
-23.995673345937156
-23.99516123911487
-23.995334563818325
-23.995415608675508
-23.994996688785374
-23.995086295156096
-23.994924667918156
-23.995125712807482
-23.995132214023055
-23.994906260035442
-23.99531460284723
-23.995438769735905
-23.995494615747692
-23.9950210658072
-23.99521339521624
-23.995690936295865
-23.995558179726928
-23.996111286077966
-23.99662796661856
-23.996604248333764
-23.996306207484277
-23.99599188913656
-23.996274364551844
-23.996246608257017
-23.996041096707465
-23.99650982155405
-23.996917911890787
-23.997172570250257
-23.996834006611937
-23.99729424969051
-23.997250974458527
-23.997262700302368
-23.997111741191656
-23.997008087460628
-23.99620723720323
-23.99655940300707
-23.9965892190616
-23.996316888285552
-23.996429591554456
-23.996247276152985
-23.995148472642537
-23.995217778317894
-23.994927615647004
-23.99563091348305
-23.99587049424125
-23.996589887642926
-23.996829068392213
-23.996335290653924
-23.99586817361321
-23.99573831883697
-23.99542077285924
-23.995301540218353
-23.995061785687962
-23.99493761622788
-23.995203584520244
-23.995224695857996
-23.99498543249629
-23.99414915084334
-23.994192170856348
-23.994431619839197
-23.99363144134698
-23.993420994017857
-23.99366423460854
-23.99370159930919
-23.994268385746047
-23.994233437197988
-23.992977674193515
-23.993177727318162
-23.992740122816404
-23.992216250896018
-23.99223061392617
-23.992200030954812
-23.992778959154876
-23.992543286572555
-23.99229443537232
-23.992803826023053
-23.992983430729577
-23.993018850611893
-23.993206131078942
-23.993351341248683
-23.99337219316924
-23.99338890979787
-23.993955979149153
-23.993934380573258
-23.994766335795035
-23.995271096564668
-23.994624882491248
-23.993827519240458
-23.993632616139703
-23.993456622125098
-23.992942572177302
-23.992954052453587
-23.99309495662743
-23.992767543852104
-23.992206840634626
-23.992809837208284
-23.992801730487272
-23.993314824890827
-23.99287644015486
-23.992887895046042
-23.992946304863008
-23.992777779805994
-23.99320998563671
-23.992896413766836
-23.99330293294949
-23.993360701630284
-23.99363677082914
-23.99422529820476
-23.9942648439376
-23.994065852373833
-23.994069684208757
-23.99468298064261
-23.99540706323024
-23.994973061042664
-23.994894917885805
-23.994836051947974
-23.99505137805137
-23.99547704903595
-23.995636101987095
-23.995542360451434
-23.995260941522872
-23.995371821993597
-23.99453397224372
-23.994457779295374
-23.995082563260645
-23.994719641505927
-23.995180916958933
-23.995252402943457
-23.99566963879277
-23.995747913923818
-23.995614236000293
-23.995308213221396
-23.995759431959193
-23.99550914183218
-23.995529661557036
-23.99553589455941
-23.995624924428817
-23.99525014525365
-23.99506873660506
-23.995413320912068
-23.995750839017123
-23.99578012350419
-23.995096543557565
-23.994530998744068
-23.994115392265616
-23.9938216829124
-23.99480524738145
-23.995098651776733
-23.994799899163823
-23.99487975402432
-23.99505008244896
-23.99507533248206
-23.995205004130856
-23.994856723566613
-23.994724378297438
-23.994412771702553
-23.99476649061679
-23.994935698896303
-23.994659374442907
-23.995115939837607
-23.99474278472663
-23.994601798083874
-23.994572457457764
-23.994284195840315
-23.994416264903165
-23.994424441177557
-23.99377662117361
-23.9937526785168
-23.993392958146334
-23.993319748164215
-23.993352250836967
-23.99413070131717
-23.994436111985713
-23.994119500949825
-23.994194994464532
-23.99421789429539
-23.994502350930002
-23.994735908604856
-23.995695014961637
-23.994952966273633
-23.995104730905016
-23.996028526007528
-23.996013469523604
-23.995619883866507
-23.995272028677867
-23.996156441252182
-23.995866599708066
-23.99622842742295
-23.995818429199577
-23.99553781425993
-23.995970335847876
-23.996968555017
-23.99635095930701
-23.995907187414783
-23.99603049951348
-23.99600590094128
-23.995715235096988
-23.995677195228303
-23.995349063406834
-23.995867758074194
-23.995963649110394
-23.995454936984476
-23.99559437988162
-23.995854530771236
-23.99585621623554
-23.996049643346716
-23.995636186551838
-23.99623788692819
-23.995868684698493
-23.995670881341244
-23.996366889402754
-23.99717316643792
-23.996887629046174
-23.997190027429244
-23.997102060837232
-23.997417703722835
-23.997948755518564
-23.998333746177455
-23.998788073528065
-23.99866427393561
-23.998259808173714
-23.998393785577523
-23.998057166698107
-23.99777351528943
-23.997828938171615
-23.99754704767933
-23.99701916531063
-23.99740555915238
-23.99695656178699
-23.997166720290622
-23.996740730809563
-23.995766575806
-23.996068474949425
-23.99652993797632
-23.996120896017924
-23.99663760372636
-23.99654505038962
-23.996219751711354
-23.99651993753455
-23.997085463388068
-23.9972667897848
-23.996859758725467
-23.99678759091092
-23.996416796485423
-23.99630583767662
-23.996838103312914
-23.99721449398564
-23.99748375460537
-23.99604594763566
-23.99567131717159
-23.99546063369214
-23.995067236897498
-23.99487366096731
-23.994472009963097
-23.994117770301585
-23.993957582932687
-23.99409354349209
-23.994110858576683
-23.994483068621214
-23.994576807754385
-23.994844196236187
-23.995474842251685
-23.995039343318467
-23.995123328582643
-23.995155900386123
-23.99500205064468
-23.995563550785132
-23.995556327487073
-23.995978673134008
-23.995541366194388
-23.995943788939474
-23.99544967847832
-23.995867852557993
-23.996064847152706
-23.996308359490563
-23.996621196006043
-23.99722367725607
-23.996905097030787
-23.996682002842903
-23.99627623914345
-23.99668052866105
-23.996722175157323
-23.996776823834235
-23.995774507883425
-23.996004753543676
-23.99639761245733
-23.996746338259772
-23.9970096270339
-23.996250482831787
-23.996115126727144
-23.99624901227411
-23.996664716266203
-23.99627797448114
-23.996820841375378
-23.99623924257737
-23.996757181037175
-23.997046497504705
-23.99712516392836
-23.997534250157432
-23.997501648848424
-23.997787446321798
-23.997086009599517
-23.99634111392707
-23.995767991952434
-23.99652682342667
-23.996468084327116
-23.99670976364208
-23.996715686975424
-23.9962901035899
-23.99635116680253
-23.996191568077986
-23.99620537660077
-23.995805762641908
-23.996255606432612
-23.995636714504315
-23.995721349222634
-23.995283367774988
-23.99511533847856
-23.99544226931802
-23.995151070396734
-23.99428617848222
-23.994324186182
-23.99534803345924
-23.995613910188663
-23.995996330253455
-23.996409265729135
-23.995817045760287
-23.99554482028276
-23.99555728008842
-23.995112615340044
-23.994630799699895
-23.99437312884499
-23.994169654157623
-23.994443788095044
-23.995131173814464
-23.994647519225428
-23.995004675215558
-23.995171554237302
-23.994681259973174
-23.99401794740149
-23.99367898030082
-23.99409971477128
-23.99402533396245
-23.99389856442937
-23.99379897922126
-23.994050656064513
-23.99485211754827
-23.99415082744704
-23.99400060737337
-23.9937248576667
-23.993362632841922
-23.993680166325415
-23.994267534435565
-23.994867768650934
-23.995154718926084
-23.994647015949358
-23.994832646447588
-23.994773291354242
-23.994724803690993
-23.99480702420845
-23.99443725731756
-23.9942500395913
-23.9928830680592
-23.993598967366104
-23.993427319694522
-23.993324269495005
-23.99281920330036
-23.992839420358067
-23.992734752749847
-23.992759169845748
-23.992749638878518
-23.99279798708242
-23.992755640843228
-23.992797330886514
-23.992516477933087
-23.99242721117007
-23.992915904717783
-23.99285744109369
-23.99326012069678
-23.99277375282784
-23.992664750269988
-23.99259073249306
-23.992081698290995
-23.992442281696274
-23.992592838955687
-23.9929940010238
-23.992918343642888
-23.993521712982183
-23.993804114961
-23.993869690105484
-23.993137096346707
-23.992857785105105
-23.99346025815845
-23.993372998441895
-23.993253385927982
-23.993241825146097
-23.993292752213808
-23.994026882818112
-23.993997028976032
-23.994243976063974
-23.99411225883198
-23.994310198893356
-23.994445037938394
-23.994398281191607
-23.994789765893724
-23.994759379344345
-23.99448031470398
-23.99515656269769
-23.995672021608826
-23.996239115812745
-23.99732164431071
-23.99794508989598
-23.99821719704555
-23.997510864410263
-23.99732488656459
-23.997422631537088
-23.996981917790436
-23.99683175251927
-23.996797353701282
-23.996811200092694
-23.996531531431874
-23.996602619256436
-23.996191993001826
-23.99620446878367
-23.996771934820796
-23.99649814211406
-23.996752175116296
-23.996588402363514
-23.99628858537761
-23.995804991854847
-23.995348236317035
-23.995065934968416
-23.995189354266
-23.994651888669086
-23.994625022489608
-23.994632183028553
-23.995095173783614
-23.995464049387827
-23.995189789275596
-23.995771813224085
-23.996908965107625
-23.997028145225013
-23.99690698588366
-23.997017856583632
-23.9963515362032
-23.996111537590888
-23.99629677417382
-23.996441706114414
-23.996427360366415
-23.996159985719217
-23.995440960458396
-23.995784843842905
-23.995732099522375
-23.995859815767442
-23.996346948780854
-23.995775570286945
-23.995993906372213
-23.996727745758356
-23.996905930155705
-23.997365981937445
-23.997070817559468
-23.996195077219436
-23.99583923925143
-23.995785450310564
-23.995705125607753
-23.99465031582685
-23.994867798366464
-23.99484975033801
-23.995265457008585
-23.995048711439875
-23.99589947784565
-23.99670523637459
-23.99741775303245
-23.99724327892818
-23.99777830305415
-23.9976353194369
-23.997761148043015
-23.9973536445281
-23.99682652762758
-23.996571891075696
-23.99572607490645
-23.996163548995785
-23.996139568055916
-23.99644917264573
-23.99658688174993
-23.99655231744907
-23.996672358631237
-23.997122101413947
-23.99744587714289
-23.997753715194467
-23.997585970905366
-23.99741859148632
-23.997634132998556
-23.997917184920382
-23.99869324421286
-23.998050258889613
-23.998611133639624
-23.998635577699556
-23.99914407423878
-23.999481688426034
-23.999220014066204
-23.999766287000263
-23.999756721038654
-23.999562841757786
-23.99970430009103
-23.999957659564153
-24.000338341054007
-24.000825871991736
-24.000954136645923
-24.00029873257689
-23.999967408497398
-23.999222136114867
-23.99908874609072
-23.998490503290498
-23.998866826176474
-23.99818915380473
-23.998397002651984
-23.99827402707032
-23.998072413723193
-23.998016013448222
-23.998610777940627
-23.99871926593444
-23.998440242868405
-23.99831385341315
-23.99842157416575
-23.9984031752457
-23.998592200056766
-23.998542886037274
-23.998801057472445
-23.99843143611368
-23.99821744332246
-23.998345471465683
-23.9985446919423
-23.998030488762993
-23.998304225338405
-23.997824599591585
-23.997009385068793
-23.99721457378179
-23.99752895493713
-23.99747486740913
-23.99709920865027
-23.997563900979692
-23.997829522421867
-23.99695947151165
-23.997489537224293
-23.997450820929558
-23.99732004240702
-23.997439903930147
-23.99780259481654
-23.99785939467022
-23.99800062897026
-23.998707467308126
-23.99886952469845
-23.99878827261589
-23.9990148355437
-23.998010033706517
-23.998489693415912
-23.99859179229198
-23.99904399823744
-24.000165718221723
-23.999895687039285
-23.999988082004954
-23.999744550002266
-23.998707149217356
-23.998740474055243
-23.99815390246717
-23.997891342742484
-23.99735660838099
-23.997563813570395
-23.997454693701314
-23.99692379058814
-23.996905347392158
-23.996504445835228
-23.99669899626011
-23.99681791602044
-23.997077929504584
-23.99723432256754
-23.99807673054711
-23.997602369367144
-23.997125759639758
-23.996745101816096
-23.996908769051178
-23.99676274160019
-23.997446383167194
-23.997644454152525
-23.99738642655679
-23.99695547287374
-23.996532188101593
-23.996644606690026
-23.996517878335343
-23.997721458874057
-23.99729172835531
-23.997195339879
-23.99753502241288
-23.997867266629886
-23.997646434077268
-23.997386427924017
-23.99780529253465
-23.99754684365251
-23.997593915599722
-23.997983986511418
-23.997360183443423
-23.997003601851546
-23.997859081121543
-23.99846072072681
-23.998540713937917
-23.998790040132548
-23.998758907882472
-23.998835181556963
-23.99896630693932
-23.99941592350971
-23.99911526352037
-23.998812723141928
-23.998231708694057
-23.997926404125437
-23.997882142608223
-23.997461246215124
-23.997202701337603
-23.99674692070584
-23.996646909957025
-23.997180013574564
-23.99728696480846
-23.997188440612813
-23.99716144587467
-23.997433875733535
-23.99733433076074
-23.996266388739834
-23.99611722541515
-23.995490676749185
-23.995270317563282
-23.995918457599284
-23.995629370443666
-23.99560011941444
-23.996175354284983
-23.996373239391165
-23.99566477707885
-23.995999056177354
-23.996536870459703
-23.99657442447206
-23.996567273816837
-23.997146364875448
-23.99778273714189
-23.998351598248178
-23.997794288372788
-23.997882216513595
-23.99806195368923
-23.99853344604237
-23.998400705327303
-23.997925545863566
-23.99818798861673
-23.999018137955645
-23.998632549602085
-23.998179435388646
