-22.915883737511724
-22.913717599731648
-22.909204646215674
-22.900949208031143
-22.889299645366616
-22.882171632156705
-22.88452081752847
-22.889588480781672
-22.888143733496815
-22.880876142853065
-22.881831770640908
-22.872685324591778
-22.872924573352147
-22.873750680314398
-22.865807637854733
-22.87064365571682
-22.870220439076572
-22.867655496876807
-22.869143442301933
-22.87010630806702
-22.87596279806076
-22.86185509438063
-22.870078725343898
-22.876025732589433
-22.873468027413153
-22.871384446148884
-22.864811911443628
-22.874130633483134
-22.880850011620737
-22.867962707797894
-22.86484556928532
-22.870278151615736
-22.874468344616083
-22.87154369340392
-22.86534241957625
-22.871569501945956
-22.870386574877347
-22.87200765591081
-22.869139926145333
-22.871238444258413
-22.869195047435227
-22.86869921338105
-22.867369636566043
-22.865056240727576
-22.875313699997815
-22.879804211338467
-22.878556494344718
-22.880318829646747
-22.885925325277444
-22.880226100089494
-22.881964661751418
-22.881515638414363
-22.872845283795613
-22.863364027135514
-22.87496903723386
-22.87825504226632
-22.87725978697424
-22.874970979490637
-22.874556564959036
-22.880795991488746
-22.883148539457167
-22.88581081521561
-22.886500750237502
-22.884400892252994
-22.879674225714943
-22.876527632774753
-22.883396211876196
-22.877872683766544
-22.874390164832484
-22.872665306028104
-22.87742482161356
-22.880699030714993
-22.87176227249183
-22.87061092382915
-22.87285254070761
-22.868839657479338
-22.868221604193636
-22.878977530269296
-22.879610351279435
-22.883431715877144
-22.88465048328594
-22.884347413093852
-22.888291397637126
-22.896355503569062
-22.88963854052197
-22.898624550020248
-22.904230918704297
-22.899393405865617
-22.891515077008588
-22.89148448456058
-22.89495820482011
-22.899137559770963
-22.88596463880688
-22.891526503413605
-22.892954003767617
-22.896002862757715
-22.897242932259005
-22.895204415114975
-22.89312668090781
-22.898759720978966
-22.890032370331753
-22.89113988127172
-22.887332044648343
-22.88736226755846
-22.887000163323346
-22.884322270691122
-22.881995771036227
-22.88231477799129
-22.876950652046897
-22.879338929641627
-22.88571758964133
-22.87585561067629
-22.869889284308243
-22.86459153833962
-22.867370215575306
-22.874759686652506
-22.877826994392706
-22.87019341050908
-22.869066248315704
-22.871248355944683
-22.87346205332473
-22.8597657882246
-22.86628990612572
-22.872323028030006
-22.882874766919265
-22.88192644920891
-22.877695845971193
-22.87966644500089
-22.87876331986161
-22.877597083655598
-22.874912282859444
-22.88096122450663
-22.87882115286814
-22.87035175102224
-22.8679727375949
-22.8637753227
-22.864795909110953
-22.863289346363196
-22.87398289682994
-22.88357182197714
-22.894450927246584
-22.89582362791382
-22.887091965495657
-22.877763811856482
-22.87736022572948
-22.87769494260625
-22.87014569479639
-22.868401623597617
-22.859142974643785
-22.857539817256143
-22.857802708358697
-22.861391136177122
-22.866178144805026
-22.867771773636782
-22.863373103765998
-22.85821631685229
-22.869643658297896
-22.86764417710957
-22.870574708220147
-22.85649611887935
-22.85197306422761
-22.857793431798157
-22.861076329335006
-22.861072341355037
-22.855249450337325
-22.858533886712873
-22.864433510357397
-22.864384308072363
-22.864313375045295
-22.858258608645013
-22.866895483341068
-22.86324487684708
-22.85154653483857
-22.853108034477135
-22.8488318952844
-22.862015431324206
-22.86063615425081
-22.86268422296945
-22.856327491897034
-22.851157624716073
-22.851713725022876
-22.848477897541315
-22.844555542113998
-22.844791507201613
-22.836663790804025
-22.824686911311396
-22.82434482312765
-22.831151841833314
-22.8359412024359
-22.833586519608755
-22.839732219976796
-22.83610734736795
-22.84160337551912
-22.83402012908783
-22.834539764005637
-22.83692104322323
-22.836361997554544
-22.838807745422663
-22.844519160438683
-22.83414031270667
-22.83992887739887
-22.836362325023625
-22.83936385608892
-22.84223634811523
-22.846970773308215
-22.85349018635607
-22.86012859441549
-22.857908288965664
-22.854720730226454
-22.85968600640387
-22.851361825369324
-22.84779553214369
-22.83909475922683
-22.841520849030143
-22.847180899058436
-22.84584236942382
-22.85003513480105
-22.85735530350936
-22.855763521317197
-22.85893730449584
-22.865265449017834
-22.870722050716072
-22.867320967409558
-22.866117842945712
-22.85967598648402
-22.867880624940394
-22.86872781001456
-22.86603162628127
-22.86774888206603
-22.871250586576313
-22.866650573954466
-22.861572484210015
-22.86749363468336
-22.863181747726514
-22.867891376584495
-22.867058435166186
-22.874528732598908
-22.86579076722544
-22.866307535526786
-22.85734172938888
-22.848275414471868
-22.852792411090913
-22.847166099425
-22.84910402922652
-22.84812358446795
-22.846996550044484
-22.858006330318744
-22.857317459899086
-22.852480110079497
-22.855330554133346
-22.8647677427801
-22.864663773617472
-22.858403310126427
-22.846290498945972
-22.841303872791066
-22.84645826907248
-22.855581875998705
-22.846239609464686
-22.848407548232906
-22.848807998678385
-22.842023494329474
-22.85205908649014
-22.850568099246203
-22.847207197576335
-22.841394949454802
-22.84300141519625
-22.838823174553365
-22.839984823482897
-22.841664378019903
-22.83974283471955
-22.845180040086507
-22.842670076177143
-22.846921869413116
-22.845203997017624
-22.859692213011154
-22.857476690383972
-22.85291222375895
-22.859205291057112
-22.859103039972357
-22.863931354033546
-22.860594441420545
-22.86930848922546
-22.88465457360461
-22.88552572792202
-22.883219729535927
-22.88941494906428
-22.879650119827822
-22.88568839044015
-22.876987374919466
-22.883374892693727
-22.885210768119794
-22.884282833208538
-22.88524919163536
-22.87819329276224
-22.87319547261412
-22.86681613579103
-22.851954353544123
-22.85902745286674
-22.850697486816742
-22.849472667588778
-22.847003834294924
-22.85073425266554
-22.860582422133064
-22.8582200065518
-22.8559011980497
-22.85531382268282
-22.8597262794735
-22.873995817790124
-22.871362158911133
-22.887688348212606
-22.884834953556634
-22.89168409008772
-22.895245994435673
-22.892955865299065
-22.890487798599587
-22.90566952938648
-22.90116404049439
-22.895815753505616
-22.88902236661383
-22.88974920830261
-22.89716729883264
-22.896507044771404
-22.887917958733542
-22.886167292600728
-22.886899450999522
-22.880083657880952
-22.8763521846606
-22.886882265598008
-22.88127343850701
-22.873697966103524
-22.87430658359931
-22.874467676641903
-22.875751155330455
-22.877555567275287
-22.87239602346109
-22.87650199125371
-22.879521186863286
-22.883126354835507
-22.888582789787083
-22.88681917364067
-22.88901883804845
-22.90034390689947
-22.894441763826052
-22.885026623147887
-22.877045581652975
-22.884047531832156
-22.887028782377513
-22.8878958777578
-22.884136172991937
-22.884846332373353
-22.88584632332374
-22.88502597816185
-22.878001190533706
-22.87851328651149
-22.87059441549391
-22.873669540945155
-22.87000323464655
-22.86374682946872
-22.878813102673774
-22.88780528770042
-22.879033295186744
-22.881067838159634
-22.883545054466072
-22.89158949141316
-22.89423870079288
-22.88691032335706
-22.892786265129875
-22.884741058962508
-22.876736102461194
-22.882829837309917
-22.89769752752402
-22.898892567584745
-22.890820834280447
-22.883116723043052
-22.882948321435542
-22.878893332444235
-22.878281365498367
-22.884711970139534
-22.882878057472134
-22.882507491712534
-22.878403824704844
-22.876711360682062
-22.86220207460919
-22.8534553783769
-22.848356300879622
-22.840567016707972
-22.83883517133331
-22.837720663973236
-22.843869716532765
-22.84706994268408
-22.848107939224782
-22.857232090095675
-22.854349079995785
-22.85603985950069
-22.859279661245406
-22.866045772483645
-22.859032063814997
-22.868826344849694
-22.867202173099553
-22.865493834592417
-22.88266591901451
-22.89113451819385
-22.895452559433814
-22.89364441833213
-22.890482963031285
-22.893519004983368
-22.882857930072536
-22.89003500413384
-22.89857741584565
-22.89757358436672
-22.893816274697066
-22.894374142016478
-22.887992857900723
-22.876586346567603
-22.87719228663857
-22.875859165887242
-22.883302127301274
-22.883421582904926
-22.871565223129913
-22.87391822088949
-22.877457783495714
-22.87690224642855
-22.881255768520486
-22.870666700028107
-22.869026751462943
-22.87538298864024
-22.873143370446098
-22.872568226271014
-22.863860617548063
-22.86281552223695
-22.8568789083876
-22.85344794460544
-22.853725023707337
-22.84621658786827
-22.846084495412338
-22.852344125904573
-22.85711580714535
-22.856640207247622
-22.860226134765053
-22.853438136674143
-22.84411037603109
-22.842453494925877
-22.84708201957533
-22.854044915867714
-22.854048183312656
-22.866007381249293
-22.859284459911535
-22.85207436522006
-22.852594830520317
-22.847901214879272
-22.85127132387857
-22.845896432660684
-22.842931965131953
-22.840886525587333
-22.84973699675346
-22.85853487943179
-22.84972359904545
-22.853099787351937
-22.856028552905123
-22.852151853572792
-22.85875429070183
-22.868859693133903
-22.856694567947763
-22.85502413363135
-22.864457336975804
-22.860126248876384
-22.854814497762884
-22.85709092940373
-22.86185125565651
-22.856498020954117
-22.847590849219586
-22.844875506861534
-22.847987947883723
-22.859790217264013
-22.863070748098046
-22.865420436865254
-22.86378545914159
-22.857459288894198
-22.85396836574998
-22.856219001523627
-22.858470578388037
-22.86440475286632
-22.870227644538385
-22.870621723348528
-22.865289839005325
-22.861113414412422
-22.869691007794994
-22.870859527085322
-22.869047401557207
-22.872890442576768
-22.873325569827735
-22.870608770925685
-22.877093679212727
-22.882483774422575
-22.88511241242367
-22.88376281135092
-22.88311205554326
-22.882063609116766
-22.87467607259012
-22.873452307612794
-22.873909351362464
-22.868677113937565
-22.861938806829123
-22.86825172654827
-22.864937565156136
-22.872684130912674
-22.863532356563606
-22.86902772924423
-22.865692319225886
-22.876351043147412
-22.880969537481405
-22.880158219730557
-22.869442335476243
-22.864682831974758
-22.869394659538965
-22.879508588848402
-22.871035872468358
-22.86417118592816
-22.85800802016051
-22.859097267103934
-22.859512218251776
-22.86253408030946
-22.865098798890756
-22.856990228909513
-22.85874737251311
-22.85383668170946
-22.86240814738116
-22.8585919943203
-22.862903470952528
-22.870884983554653
-22.863901960187583
-22.867659896407524
-22.863766835548343
-22.868005525964954
-22.863218452919714
-22.86087444044491
-22.867643166407266
-22.8660485000594
-22.862556497312326
-22.858259456175382
-22.857370980161328
-22.859324781551855
-22.85552778803216
-22.851673278092957
-22.852711570825022
-22.85656310472538
-22.860212016011545
-22.866056235791515
-22.861543091509404
-22.852956777455983
-22.85682425947077
-22.856340761211445
-22.857796590402994
-22.855176611961827
-22.8557520912452
-22.85434117505403
-22.840798246563452
-22.843721487068382
-22.85158419546226
-22.858906280106634
-22.846492553421054
-22.850731591297915
-22.860385038717023
-22.858852157362794
-22.8565039475453
-22.855288005861723
-22.850998776404523
-22.850060983583138
-22.851845920549465
-22.853628770018865
-22.857414002879352
-22.858488965163605
-22.85733860254192
-22.85388027573071
-22.854507899346025
-22.85220027998845
-22.857496940655444
-22.86090581752788
-22.86032761325485
-22.85236345017175
-22.85181856336572
-22.855519484139617
-22.859282517011668
-22.860865178564982
-22.854469716088694
-22.847432183620086
-22.854725045877643
-22.85534012893661
-22.859216745029194
-22.856326370628953
-22.85273071922682
-22.849534846487607
-22.850379062229507
-22.841433390657404
-22.843695687799453
-22.849668953790626
-22.83449049111002
-22.823511053983488
-22.81960970446844
-22.824369159473413
-22.82298377903353
-22.83247341725324
-22.829063077837326
-22.826284111208512
-22.837418442974265
-22.83252466420055
-22.833851276778883
-22.841207734575203
-22.842406796678436
-22.838293537951717
-22.84922752793765
-22.8502458742694
-22.85031787079874
-22.851965458548097
-22.851719569830543
-22.845899852545102
-22.847537156966727
-22.837346064126567
-22.827931262412125
-22.829776994325094
-22.831310673609213
-22.832910852715806
-22.830442205564722
-22.839719544949116
-22.841573786477266
-22.845686958899343
-22.840338193607167
-22.843879078560764
-22.84829270499708
-22.847216140756938
-22.84782320550817
-22.848005834128166
-22.851644768473363
-22.846819340714525
-22.84770644075995
-22.84500285154617
-22.84699805171868
-22.84438384740703
-22.844633016284117
-22.84358311856879
-22.842730708265453
-22.83492469558403
-22.836311791927823
-22.843219909286095
-22.847635245619163
-22.85319708728285
-22.853984990515585
-22.8538983084245
-22.846869552209
-22.84342864456536
-22.847108968453444
-22.84335340521201
-22.850319479070404
-22.85308035428719
-22.84649970249496
-22.844547577904166
-22.84190803964942
-22.835232925941995
-22.848468216325006
-22.848463484961687
-22.84260037378602
-22.835255974185046
-22.83117076120375
-22.840155394982055
-22.845758703135374
-22.85856579282718
-22.860164048237642
-22.8688347422985
-22.87204796436012
-22.866125627302416
-22.866580411425907
-22.87424641183931
-22.874399312652486
-22.870248448324823
-22.86800299038146
-22.871585627298092
-22.867281174149337
-22.86089782324054
-22.854848151116464
-22.85511004839957
-22.858407418385962
-22.861169917949788
-22.86238521387523
-22.864650341005394
-22.87053224126128
-22.86458533642284
-22.867417501680507
-22.85983865340241
-22.85630424547592
-22.861070936679415
-22.860652170479934
-22.864330848481863
-22.859722056164458
-22.85257986194964
-22.85037907245895
-22.848723591832233
-22.855811233660436
-22.84365124082169
-22.857617884207237
-22.85544948021993
-22.8562475120193
-22.86163882098218
-22.862289378660826
-22.862860315599136
-22.855063308975982
-22.85381781644544
-22.862593171012854
-22.858400551372185
-22.861228608042417
-22.86521755218798
-22.858236970480675
-22.85758147990738
-22.86263105480304
-22.862635685053906
-22.870210105701616
-22.872209529953288
-22.882003587784265
-22.880487226261273
-22.888444724308997
-22.883050157307554
-22.87643678964067
-22.880716367184394
-22.887866156759156
-22.878836990816396
-22.88939681118717
-22.890620062201524
-22.894512163821677
-22.896156106157402
-22.892404552210508
-22.890479030360513
-22.87973255008222
-22.875210651489738
-22.879240816993814
-22.892149563382965
-22.885510511338186
-22.89330104759348
-22.892364901652126
-22.8966817797683
-22.893598585354365
-22.893852028444847
-22.89043011466487
-22.89104818859241
-22.885809799536016
-22.887997745320156
-22.90224958613721
-22.90226319875722
-22.904956651406007
-22.903355222512015
-22.89926237591435
-22.89440323082356
-22.88962772702184
-22.88856643583854
-22.89361605234894
-22.886354394209192
-22.890572547230015
-22.891748259399087
-22.88770721331302
-22.88683187085998
-22.887240973846254
-22.872155097648296
-22.872863939517778
-22.86479263587545
-22.868378732110102
-22.87599499223422
-22.881666954269914
-22.882214650346253
-22.880231962314316
-22.88093658521474
-22.87661248268867
-22.876955878128452
-22.874408452952274
-22.871046255299827
-22.87000909487603
-22.869320847056727
-22.863796763544556
-22.858377499106492
-22.851707500569205
-22.8500921923365
-22.857329750695143
-22.857279612795654
-22.85726201410384
-22.854898270605887
-22.85094656976335
-22.860514150037936
-22.862816058789594
-22.860493298825034
-22.862665433659224
-22.856115377732074
-22.853637017023516
-22.853455604062443
-22.839283706153672
-22.842512459081096
-22.84853440277032
-22.846115456006928
-22.852805347758867
-22.854480511506964
-22.86475193643795
-22.864636510787584
-22.856930290233855
-22.857015455345547
-22.853639959658583
-22.8585363929058
-22.855714850494408
-22.850822464233225
-22.847400839177727
-22.84716249225523
-22.840740301073787
-22.84229839374733
-22.835556791141705
-22.8432227594246
-22.843508976116354
-22.838613902889453
-22.83016671042132
-22.841444898634286
-22.843791065259722
-22.85261606669755
-22.85348351466791
-22.850584671991815
-22.849229647849516
-22.848438193131955
-22.848255031720687
-22.85130348611734
-22.85084504565777
-22.860041956443524
-22.866938323002174
-22.873531534472505
-22.869451280988898
-22.86199277820448
-22.855205313121992
-22.860024391896573
-22.854107891159074
-22.856890452093403
-22.85051496172858
-22.84350232466132
-22.842926924590977
-22.849348674091413
-22.84656543851617
-22.842386722006676
-22.846406210416625
-22.83786225724356
-22.84049555592139
-22.833095625278013
-22.83610801214437
-22.835297513824045
-22.837645179078148
-22.846638479760788
-22.854569778067926
-22.858502830261884
-22.859271354187246
-22.85424051885302
-22.86474126764984
-22.855642607570974
-22.860208708933833
-22.853488702308045
-22.868287346858413
-22.872594885810464
-22.87619755199326
-22.869633079958348
-22.858376692947207
-22.86218875787476
-22.85700074635085
-22.86708021784959
-22.86720859682764
-22.865384278351552
-22.86432726795599
-22.866034693388663
-22.861496638851143
-22.857369021143644
-22.865335414735824
-22.862881556766762
-22.850899470982792
-22.855326094464004
-22.853411330717382
-22.853492013751374
-22.84877526066252
-22.848841576206606
-22.84605106201143
-22.847192545125267
-22.843451311307593
-22.850989605267888
-22.84220992033097
-22.835633613261713
-22.828632760960758
-22.837331643998407
-22.845157573073518
-22.841525474536414
-22.853146663217
-22.850213027425326
-22.84857006657711
-22.854477332773826
-22.857969380752944
-22.852279050986777
-22.847467479831746
-22.84795509603253
-22.84382515713502
-22.842941066858188
-22.84172897425447
-22.833533788056798
-22.83662679297541
-22.837343412234993
-22.847483817167543
-22.84588375328434
-22.838358416676247
-22.840350853167187
-22.84501775677401
-22.858616167340273
-22.85858800406106
-22.861233308827142
-22.858304035386283
-22.853815406923985
-22.85827132052245
-22.857126465311293
-22.857648605143215
-22.863085377536525
-22.868139600799207
-22.861649782003816
-22.8630293611577
-22.861471439834034
-22.86163995052192
-22.85620659172304
-22.860014705594455
-22.864878765677155
-22.872340366810356
-22.872940100372738
-22.86973987174086
-22.871207723063417
-22.87837778766818
-22.876112095949313
-22.86533065969802
-22.864974293335926
-22.8555231796827
-22.850823277142396
-22.851055670821484
-22.841528349347236
-22.838182882464416
-22.83620824050441
-22.84504294409877
-22.846950831688627
-22.84634077323297
-22.840965690739626
-22.840187240568824
-22.85537765745362
-22.861577529855353
-22.866783027486253
-22.872602951723778
-22.87927511225167
-22.87348714828749
-22.869859689656977
-22.873795272636386
-22.876813445724807
-22.875377483760087
-22.87686603939421
-22.87259303159585
-22.877627734484342
-22.870333044797178
-22.87737793184513
-22.873568055021373
-22.880914715246124
-22.88236679512426
-22.882024260713884
-22.880251429706234
-22.8852510811058
-22.876726581379277
-22.880564696694034
-22.871614488579972
-22.873521820549605
-22.873466304227208
-22.86541522607171
-22.861876470411907
-22.865435524366415
-22.85663087914745
-22.857359688819606
-22.846753710112846
-22.843340883649986
-22.840600476883004
-22.854611194854034
-22.859306559999606
-22.85708731360828
-22.850802755346123
-22.854834202299894
-22.853933652125164
-22.856386472016943
-22.859108225580623
-22.862923896811527
-22.863154024522245
-22.854577443669218
-22.851049662763003
-22.851294037438695
-22.85930367779053
-22.857005979610307
-22.85673404320412
-22.85655440763035
-22.86511687091458
-22.859590934437914
-22.856709567393626
-22.865881853476107
-22.855482761212233
-22.854487614501263
-22.856789943477366
-22.856866242492508
-22.853930047585532
