-22.7676424081401
-22.745665550087537
-22.739294930101117
-22.72699351409591
-22.718012262857503
-22.72243991089326
-22.723685379247332
-22.725545276040318
-22.731296854282345
-22.738163032304758
-22.734926466650325
-22.7339781770455
-22.729728738475192
-22.732857223422883
-22.735108575450596
-22.73105299727073
-22.731150358316064
-22.733772913317704
-22.741788378457155
-22.741480948774665
-22.744027768229138
-22.73939944051376
-22.73548959860635
-22.731355178717898
-22.734040385457003
-22.732842913960457
-22.73710851237441
-22.734670365869626
-22.73302172915357
-22.73997033620423
-22.741008008412457
-22.73587366458002
-22.732610386190583
-22.732496378993016
-22.735079424509575
-22.733330096910162
-22.72932933643674
-22.724205349478723
-22.733795099676804
-22.727941679859843
-22.72270954620812
-22.722490617270292
-22.71633423730572
-22.729329488615036
-22.730868866337996
-22.717789666963995
-22.723762525034537
-22.72730343322637
-22.727256754676272
-22.724479914982208
-22.72790594057648
-22.724185428909326
-22.715178467272313
-22.72042114388729
-22.719813461185485
-22.715649042820925
-22.730811991584467
-22.720738851619334
-22.728873307790003
-22.730024933841776
-22.73091273151844
-22.725926495936307
-22.724259047366196
-22.72681722437098
-22.72573206994595
-22.73772755580379
-22.735385145714776
-22.721031555804895
-22.719103502396276
-22.723106112260822
-22.72068879710549
-22.7271925920067
-22.735533875815108
-22.730382796672345
-22.728733653289964
-22.731944978686816
-22.728336120342004
-22.71867055957183
-22.72515041778628
-22.7131028252443
-22.717900701326837
-22.715465267084276
-22.722126413178394
-22.711865678400873
-22.719357474184534
-22.726922973698354
-22.72627960524429
-22.71852787855513
-22.716782878454918
-22.723238432856082
-22.713855677001405
-22.71163620464679
-22.722460857741243
-22.716995718278177
-22.717256523448377
-22.71416364177016
-22.723717181613242
-22.72595067496749
-22.724507138267256
-22.723057160623203
-22.72037470871871
-22.722766163836567
-22.71821892262043
-22.714447971890237
-22.721234395780225
-22.723700468549435
-22.725413287649875
-22.726402375044746
-22.7312940278901
-22.73621391725978
-22.731345485281974
-22.735412561357684
-22.727355860534754
-22.724649802015445
-22.723011596181372
-22.729004445993763
-22.74121637450761
-22.742450957920305
-22.742156781439018
-22.739555859775937
-22.74067915329389
-22.745646591569354
-22.743097505089857
-22.72995491420559
-22.728396090808797
-22.726286504200374
-22.73854423617193
-22.72978515673701
-22.724640338146376
-22.720680094567594
-22.72734142576504
-22.716068428670514
-22.708853034775583
-22.7089689969732
-22.7152779548343
-22.709997501040785
-22.719227772208004
-22.720888519194578
-22.733676007527333
-22.740844341626445
-22.7452048746881
-22.75558899707885
-22.74101066409828
-22.73092363241541
-22.722379903481286
-22.718164128216955
-22.71576022275403
-22.714497439589504
-22.712167667890252
-22.701056022117122
-22.703485735425527
-22.705644637569918
-22.717585192699207
-22.724372782955747
-22.72141497872676
-22.723176360293298
-22.716561938581112
-22.721226754863736
-22.72055080792837
-22.717842844918607
-22.724902643942077
-22.721781893656324
-22.72469518495292
-22.723625631691387
-22.71983670783874
-22.7164696864555
-22.710997791553616
-22.706100082291385
-22.71086742001624
-22.7067523830929
-22.698483339801353
-22.699556457090285
-22.703109174832072
-22.697865676714176
-22.69986812731674
-22.693235559407622
-22.708119310239283
-22.716828764741564
-22.716281827792002
-22.710488717187157
-22.70731174921259
-22.70443038745136
-22.703771922851896
-22.70210813661138
-22.706970637930322
-22.710978746732366
-22.715199194720533
-22.722382306219103
-22.730369818196582
-22.713127607412076
-22.719469593157847
-22.7258670679536
-22.730243709489798
-22.727391603978578
-22.733724932309507
-22.7319177892695
-22.736824660947164
-22.735757318704394
-22.730472333511955
-22.730444751078032
-22.73824602334242
-22.73953521165344
-22.75982732194181
-22.772499618878463
-22.76012278757209
-22.759608329900754
-22.746126277410994
-22.750275741088398
-22.752022473884963
-22.75219439356907
-22.748393466968363
-22.74982063335402
-22.747812467780086
-22.751998020117387
-22.758544028191935
-22.760967313970657
-22.766282281239956
-22.76251853033083
-22.759630265293968
-22.748647106536023
-22.740258250660418
-22.741873559294408
-22.7443251621416
-22.745445102868818
-22.755304206820266
-22.729506151162692
-22.738254487275114
-22.73558776288051
-22.740442040730805
-22.735850966253953
-22.741875638563933
-22.73511983740159
-22.73382829480734
-22.717954281308288
-22.720267935720923
-22.709643601912596
-22.7151453356406
-22.708126587881118
-22.716990665606062
-22.716851691557036
-22.71197783735262
-22.717366641094316
-22.717682731370928
-22.715428313139913
-22.722103229258675
-22.71898823919123
-22.730054795554985
-22.73181963884448
-22.726260672546708
-22.720735540761794
-22.715911526053606
-22.71544741673161
-22.7121797567199
-22.721547706309188
-22.719229749950564
-22.72793231823776
-22.73442224711353
-22.724880317842953
-22.715234564749526
-22.70878366716508
-22.716321453813652
-22.715359318707172
-22.710895985191467
-22.70733355814203
-22.69781477395556
-22.698542226546284
-22.700686172229922
-22.706670761550686
-22.702287911157484
-22.699971384627176
-22.713079788284183
-22.71337280318063
-22.71692469820233
-22.719156842356764
-22.72077970362331
-22.71430315237592
-22.710995353755916
-22.70546230581571
-22.72246776807399
-22.72136427460679
-22.722250253995703
-22.715178013730842
-22.719418581963012
-22.705486568485046
-22.704921816531556
-22.700838500395832
-22.709261010514176
-22.718536419828617
-22.7235907226738
-22.716537781714756
-22.709977355134026
-22.708883762252675
-22.714783970825835
-22.712458860202783
-22.714449825521964
-22.716735036931002
-22.708386358152712
-22.711970806532193
-22.72139842858119
-22.71959697267591
-22.71818345973718
-22.73492249086618
-22.73596829964805
-22.733992470951527
-22.740642336281944
-22.74241030408568
-22.73558368835254
-22.727448110713688
-22.72349239170249
-22.723719394538726
-22.718782008936387
-22.722353694094725
-22.72279236196084
-22.728368875532645
-22.72504357082285
-22.727735590131555
-22.73216463802313
-22.730260013471295
-22.733420827693617
-22.747322115325986
-22.749203243913794
-22.745017689430878
-22.745984592388528
-22.746737133623387
-22.739904722073117
-22.726005045981843
-22.738420371883546
-22.73931692893333
-22.739842974151692
-22.743142221784787
-22.745349390641017
-22.73801848361548
-22.741139800181234
-22.739234555940694
-22.737336932828278
-22.73742298111476
-22.72856172652227
-22.72774682063568
-22.72890212933003
-22.736640626999346
-22.7349414148213
-22.737809164709866
-22.7334038927249
-22.741604851502597
-22.742599208874623
-22.733309319320707
-22.736332065847748
-22.733319267874244
-22.728043559233903
-22.73202232343079
-22.743316468596767
-22.74263212462802
-22.73839276926407
-22.75100833207243
-22.742378001876606
-22.744207756264267
-22.744186834592824
-22.74423303069409
-22.746733578355244
-22.742973785779967
-22.734938566654932
-22.727637408942748
-22.746315230072508
-22.742424147706856
-22.748204993727335
-22.744510342177247
-22.74099960030868
-22.72989033860616
-22.726642040816838
-22.725057955567138
-22.737809433298825
-22.732190802028963
-22.73525056929891
-22.727434349428734
-22.724951601844523
-22.72800646997029
-22.720543299756258
-22.72229509789172
-22.722461840363145
-22.72066634928524
-22.730392509369995
-22.73436023678823
-22.729697855116495
-22.730267581217475
-22.726482080461775
-22.720775937706247
-22.719205463732564
-22.722180550700198
-22.73002867883686
-22.72355221353717
-22.718895418944747
-22.72587426934344
-22.718731892931768
-22.7133419384453
-22.720412422049797
-22.722969569586255
-22.72807268498552
-22.730769701163798
-22.736184550651803
-22.73689750141721
-22.735029043184415
-22.735408858142424
-22.733044457081064
-22.73263215828052
-22.73560055583345
-22.74124697754557
-22.734915727013856
-22.73464452217047
-22.7358345295328
-22.734191782812015
-22.72976917578
-22.733535080190634
-22.728874728807256
-22.731821435219196
-22.73338818093145
-22.730525850043005
-22.728590172431797
-22.722830941449192
-22.71927466144586
-22.7149208724106
-22.72424061057536
-22.725717600487155
-22.723947503190796
-22.72162272772089
-22.716430953006423
-22.71903368472013
-22.7227923190241
-22.728982581576986
-22.73452232866315
-22.74318552423679
-22.73953342042233
-22.747043195160355
-22.742486642146517
-22.745192687694928
-22.74038613369295
-22.741558576433192
-22.74373339197082
-22.739803939728713
-22.743997731317872
-22.74433956261147
-22.734769276219332
-22.737348454004046
-22.73005785293424
-22.72847530981887
-22.725015344716457
-22.733518477089493
-22.737246093399
-22.739535452941805
-22.74526146329061
-22.73969065096276
-22.73609571870589
-22.733529802269466
-22.728291008614665
-22.71696266310994
-22.716154260557957
-22.72396680331581
-22.736303993293358
-22.737620202311895
-22.739511029014167
-22.734390063563186
-22.738432616479873
-22.734222954294026
-22.731985804248765
-22.721977926472203
-22.722398523798464
-22.71984745010185
-22.715837082294502
-22.70327093180071
-22.69579677076221
-22.703458443984697
-22.70419128455171
-22.711676536133112
-22.703248713641567
-22.699035234161055
-22.699407396453296
-22.690298121827905
-22.69242725512342
-22.70223541057044
-22.70139111779758
-22.701977645868105
-22.700855187008944
-22.71456250965997
-22.7194869890859
-22.716254620220504
-22.717184004096897
-22.71099189868151
-22.710746443749084
-22.705239143154927
-22.70815662575777
-22.713731362500596
-22.713472100559827
-22.71397091601432
-22.708255410830958
-22.708597245385537
-22.706964155280506
-22.715363828788643
-22.701943009301342
-22.707192749800118
-22.701338925789436
-22.717328692128753
-22.720839075691533
-22.72337063368247
-22.70743116273934
-22.71289753312759
-22.714761420080823
-22.714029878327548
-22.71621689353392
-22.713005878217835
-22.700136909764897
-22.698467354492582
-22.697731053683867
-22.709428527259714
-22.717290264959733
-22.712884303139
-22.718644373026933
-22.71456730436157
-22.724528300761143
-22.727516342738515
-22.718403308943785
-22.716414317068978
-22.714115100965742
-22.715038804553654
-22.709203499753503
-22.712874895857958
-22.705743980736983
-22.711250050182375
-22.704772465488347
-22.713247183871207
-22.715984291025407
-22.714958398948156
-22.712020053138534
-22.725347962219125
-22.72304825426542
-22.723830388370462
-22.728066417752036
-22.72861119435551
-22.720518918359215
-22.714482828625517
-22.718771675957345
-22.725605300926667
-22.722728386161748
-22.725321612869905
-22.7297710017561
-22.714944684723562
-22.724854110863554
-22.723846809527963
-22.731956018112
-22.74124000880166
-22.735093441335856
-22.733398419777537
-22.73404372060375
-22.743821126671453
-22.738156780731895
-22.739072359438374
-22.744755353951188
-22.74328648223596
-22.746033635454662
-22.74604807513629
-22.74512726058613
-22.75188809383477
-22.7492662364788
-22.739124455328586
-22.741367455636873
-22.733860540834243
-22.7348185160288
-22.732051953687517
-22.722896640824587
-22.71078546237208
-22.720129082133806
-22.715246679885855
-22.714419501547074
-22.728512227557285
-22.72344889685623
-22.72661472164816
-22.72457639646426
-22.73705989557142
-22.743798524711107
-22.73640740426546
-22.74191808583718
-22.74274633205504
-22.742821364993354
-22.73524024225843
-22.73680853618573
-22.7327796553539
-22.72480855762623
-22.722947068052132
-22.739344984829245
-22.744348125916613
-22.74631169054826
-22.732127238766417
-22.729771109339932
-22.726038203367533
-22.721435608656
-22.72729151696035
-22.730723775186224
-22.732938793737144
-22.73601280551504
-22.73072209629503
-22.735807205396835
-22.742065200221987
-22.736502910432147
-22.738422156093574
-22.723565294156153
-22.73766965405315
-22.738334761029904
-22.738674032828953
-22.739291911506474
-22.74097093117425
-22.742405381577793
-22.74478515652977
-22.741665050637575
-22.74058487158616
-22.743667510218742
-22.743311418155788
-22.74939680090432
-22.744127118915163
-22.74799806942475
-22.74811027694789
-22.74086443035484
-22.74130989571045
-22.74262741297955
-22.73716277243764
-22.73593941363743
-22.73424358367697
-22.744170834682883
-22.747221749066387
-22.741278160945363
-22.728128144221
-22.722640957267473
-22.721818047607655
-22.715455944084656
-22.711654311888136
-22.710833534318102
-22.709896952540138
-22.717783301638747
-22.71862717154524
-22.723031631237838
-22.717963173908103
-22.735421723336426
-22.730386343064744
-22.73032300167863
-22.732985248612746
-22.741686988029887
-22.736166781297594
-22.73326301390182
-22.73649555056253
-22.731903729630382
-22.73204471681969
-22.73331666236166
-22.741000228784422
-22.7386175952018
-22.72696715673438
-22.72113050817858
-22.71478386928744
-22.715669489854804
-22.70462911426652
-22.707507808147962
-22.707784301458464
-22.70928030987398
-22.71438549721148
-22.714672756380594
-22.71618919587252
-22.720821486907838
-22.72719998565723
-22.719787891975624
-22.724955449886753
-22.73074308754144
-22.723796638022428
-22.716758777884856
-22.72239037928305
-22.730733008084446
-22.728014507561888
-22.723375669621042
-22.72230461318566
-22.72702157033923
-22.73739611724663
-22.74251527250573
-22.744953896660164
-22.74471248228888
-22.739244908981977
-22.739505301653757
-22.73594719758122
-22.729236174852367
-22.74966817356992
-22.74547246175312
-22.74023260670999
-22.74140476612058
-22.75038462449623
-22.741304153031184
-22.748660972402874
-22.73876317253759
-22.74145667967077
-22.745160693475032
-22.73933208435477
-22.733158754029613
-22.73946600660129
-22.745520468874904
-22.74580415646487
-22.74704637968051
-22.746989658435226
-22.75074826883567
-22.74543028379707
-22.744927773116228
-22.749317228291755
-22.752618499285333
-22.753098310128014
-22.736696550692923
-22.74736860935494
-22.741619978938925
-22.737777583991345
-22.733971186742853
-22.727493523055834
-22.715735679577218
-22.714229914608527
-22.709876378603457
-22.70091879071516
-22.701920462443663
-22.694732556491957
-22.702705893418617
-22.711496004683482
-22.71327392394572
-22.720512567385402
-22.726932940082186
-22.72498285352875
-22.736355736506226
-22.736193736375586
-22.730969108325056
-22.731333149674636
-22.732474295999562
-22.726863509690848
-22.71614727739909
-22.71414350548981
-22.712832038801313
-22.712570776801883
-22.7291274008504
-22.713888432785065
-22.72048397539267
-22.724363645632817
-22.720853852516
-22.72350748862951
-22.730098592049096
-22.73260164349907
-22.73793289100978
-22.72936295407485
-22.740506942337067
-22.737222123601192
-22.73741159921946
-22.755252320911126
-22.74461407383212
-22.729284808570938
-22.73831768017431
-22.729916120324773
-22.72040751524716
-22.72731398795888
-22.71904737477929
-22.707085515539436
-22.722727241680673
-22.7105580209957
-22.71063103063142
-22.710083246982038
-22.715782797620584
-22.72160062777079
-22.723312777300432
-22.72847686343753
-22.72063543764228
-22.722367100956912
-22.722902199111672
-22.723760638496664
-22.72508324809789
-22.721076687653685
-22.717326853967037
-22.717624081247347
-22.72356090786926
-22.733759044996013
-22.737039475673672
-22.731813904008593
-22.72597656407709
-22.736797477613802
-22.73612013630318
-22.72875139815009
-22.723581467728355
-22.72457996700843
-22.728794435700554
-22.736661656074535
-22.73593042562345
-22.746093379670214
-22.74570333694088
-22.73799436741958
-22.7456066050272
-22.750180759301745
-22.742364480102438
-22.742426601619215
-22.74432512812119
-22.74811482127198
-22.756566675461396
-22.750661531442926
-22.74836775014431
-22.7577676922071
-22.749956557249515
-22.74419321835738
-22.747725503927672
-22.75117010365514
-22.745836339502013
-22.73517964676268
-22.73074312947231
-22.721791757300736
-22.73160034077565
-22.73977640580207
-22.730647340883298
-22.733265301844696
-22.73990017204923
-22.725213769652814
-22.72202445247612
-22.722789492621537
-22.73476163853053
-22.747197507233405
-22.75073702650613
-22.758692466529578
-22.754667696344477
-22.765380622303933
-22.755815000076563
-22.747398289214352
-22.753049598829357
-22.766978708301764
-22.768419089775865
-22.76802940332871
-22.767282059251407
-22.776633025432556
-22.773045070369744
-22.77193846773561
-22.77380642107642
-22.768701636308467
-22.749131308356358
-22.76125008226824
-22.755249745318213
-22.755031118586597
-22.752289092301325
-22.744637406622953
-22.732917918743286
-22.724623954858465
-22.726852748706253
-22.728117069224744
-22.71965303971772
-22.72474368978522
-22.734347748068455
-22.73944587268913
-22.74113034092107
-22.73879031244195
-22.728718452749433
-22.73303430083679
-22.730299919372555
-22.723950014359406
-22.723285042694766
-22.719188158943087
-22.731026086333117
-22.72732593073795
-22.73761150190919
-22.746681022641354
-22.74715855951251
-22.742335294453554
-22.75073994476619
-22.74813857403123
-22.752306311994726
-22.74229855968893
-22.747720116060773
-22.747026945619858
-22.74554386995338
-22.729331292935886
-22.73697569409928
-22.732835206090815
-22.737572481923824
-22.745679536208524
-22.75581995683085
-22.746183660898367
-22.738206899245448
-22.745967074341003
-22.752206507919734
-22.731098376083178
-22.7298704480923
-22.72452682049367
-22.72098340801562
-22.712914864223514
-22.72104709239108
-22.725803192759322
-22.733340254583503
-22.73084743428929
-22.73324603078038
-22.740950821386093
-22.745089672141518
-22.74751780168159
-22.73793240037386
-22.729676149377696
-22.724414846801263
-22.731961770005974
-22.731678287192743
-22.729677880476846
-22.72593248412985
-22.729909743767223
-22.73770207575704
-22.734616643277747
-22.737934368984632
-22.73860230984032
-22.730682616077097
-22.72641084928338
-22.720175619248035
-22.72319922456681
-22.71226240557748
-22.72230110305025
-22.724191210737107
-22.734503044638416
-22.72602986147434
-22.72374049312377
-22.730782985864508
-22.736215942632015
-22.73570571829786
-22.735236052183588
-22.72805470732894
-22.73475144856316
-22.73068261350467
-22.72910837204953
-22.72698164196728
-22.73607345248337
-22.737587311392208
-22.737075777916996
-22.73774233529707
-22.731860678182596
-22.7410398255913
-22.742263544977973
-22.73585669691443
-22.74269548748261
-22.734607341230838
-22.740383839147317
-22.739603738828706
-22.737362148227007
-22.73333410611384
-22.732863907796084
-22.730922608209355
-22.731576794849268
-22.730390078323822
-22.719376012772564
-22.71951560268447
-22.729642523468154
-22.724909428821633
-22.724645737133425
-22.731469295766896
-22.72638768966593
-22.72192598592165
-22.72884492977919
-22.73607840914446
-22.733871073585373
-22.724762023654304
-22.71620876294576
-22.725349628845652
-22.721506376574883
-22.721726994530304
-22.727303398093543
-22.729672587561602
-22.726481744198583
-22.72102372826879
-22.7140434056065
-22.70971828541123
-22.714991508687863
-22.72579163209335
-22.722939335135816
-22.720186781221706
-22.72103583767086
-22.7170588362088
-22.706637126738023
-22.711818833150616
-22.711293345655825
-22.713169081779295
-22.712002030273112
-22.717838261442193
-22.725698012629007
-22.723925340971896
-22.713829575200954
-22.71067155163606
-22.723256579471315
-22.720278314152495
-22.731155389833642
-22.729503246175735
-22.73972359177598
-22.738985354102123
-22.733717570279243
-22.72478466539429
-22.730853270335963
-22.72536926121559
-22.721621999218364
-22.72293060629828
-22.721390106320033
-22.726271642606477
-22.725501257071457
-22.72348544392561
-22.726134035518065
-22.721059974674375
-22.731128864506772
-22.73397030070016
-22.73773573521595
-22.740593908825275
-22.745991242677714
-22.742105350557335
