-22.825216947595017
-22.821648386478326
-22.82105766235293
-22.822606392728858
-22.815372142541914
-22.814071749969862
-22.80411205867597
-22.79854258663354
-22.79648802924777
-22.802387091502013
-22.812917812186676
-22.804873753658935
-22.806140078397032
-22.803110228946654
-22.799830251443435
-22.79420651413251
-22.793926885266792
-22.79769546071826
-22.810723489449863
-22.80495858621471
-22.80505447297923
-22.808537214207046
-22.809066645670413
-22.801834548442905
-22.794450909941407
-22.79058434965554
-22.78361216911044
-22.780762228040984
-22.778872265816247
-22.78120378621475
-22.788232514546845
-22.786750742670115
-22.78130382071438
-22.782452901523328
-22.783352169788223
-22.786482009445393
-22.78778289426223
-22.788556129613973
-22.795411304046567
-22.786414889328515
-22.77933523425804
-22.77618317473482
-22.777613269122366
-22.78257976903121
-22.774429654733154
-22.77941784654859
-22.781758023287793
-22.78263410466354
-22.77828201404639
-22.7655978550581
-22.759942853608443
-22.77037976242462
-22.768407449746263
-22.766750353282937
-22.76543675307002
-22.769868529613642
-22.77166515231606
-22.764562480706477
-22.777787898813457
-22.774256521462767
-22.779661279655283
-22.791646930674364
-22.798229909338534
-22.786972422424423
-22.788862587174933
-22.801800372653947
-22.80222106649245
-22.798559025661334
-22.797071567404853
-22.806050188756803
-22.813542544308525
-22.81553303929777
-22.813948804744914
-22.813947230302645
-22.804897440096973
-22.80306708153147
-22.805953039667916
-22.810948346038398
-22.810045193622976
-22.808319533195515
-22.800095617186116
-22.78998452844865
-22.791144506928305
-22.792906332109904
-22.783803596517682
-22.79343511519521
-22.804829081046716
-22.804114860106587
-22.79593376502534
-22.788267487834624
-22.790585712858707
-22.793547873775278
-22.803353003001817
-22.811712536514495
-22.81198262290044
-22.80735297595861
-22.810601142441577
-22.800941924663707
-22.795520250522923
-22.795446066063143
-22.79118419666806
-22.793905848713067
-22.786547484734996
-22.803878216701886
-22.810319951223537
-22.800596818419347
-22.806663907943474
-22.80954445721736
-22.812578998838553
-22.809931030069762
-22.812558507398226
-22.807186629634508
-22.799118595083034
-22.796393707328996
-22.790462546554842
-22.776064953946268
-22.776233845206285
-22.783433190390692
-22.789155591134865
-22.79628213482737
-22.790102923460964
-22.79502367971111
-22.790353655945292
-22.783016366751713
-22.778175516974226
-22.77676905430264
-22.778633516876152
-22.77699416063329
-22.784383715534943
-22.771806109784162
-22.75811092282598
-22.748547751133756
-22.756860066897442
-22.74885671514972
-22.75845574165649
-22.755247175260763
-22.756537367771266
-22.762371462212727
-22.76305677315176
-22.75463808087661
-22.7424311098314
-22.749352288574162
-22.753411176900883
-22.747616322669643
-22.74835682323345
-22.75689924443327
-22.75726367936271
-22.752172197395502
-22.74516497996581
-22.75497097902222
-22.747913966221805
-22.7522842285025
-22.742864506081947
-22.745142184075174
-22.746357891777762
-22.742911956622013
-22.755124258727225
-22.75888244420529
-22.747727113649834
-22.754531947681258
-22.769350386001797
-22.762941875433583
-22.75937444861752
-22.751460453777288
-22.75639582787256
-22.75332702276684
-22.769147813483226
-22.76709510934148
-22.773476107176872
-22.774400558440387
-22.779057895314548
-22.78073347948253
-22.78701568406148
-22.782036259190445
-22.77363282370767
-22.76702073149019
-22.76588583222849
-22.764109163982866
-22.764546790170783
-22.7643659621747
-22.754130192261144
-22.751207634257113
-22.754500314831304
-22.761408867234078
-22.75502045785454
-22.762879646738654
-22.762932057685838
-22.76083844687793
-22.76152399176189
-22.755450500431273
-22.750837864681827
-22.754941603779002
-22.752067478652588
-22.757768976970716
-22.75372924905555
-22.759027813104094
-22.763421993156342
-22.771810861843587
-22.778863029774445
-22.778309662947752
-22.77731731662801
-22.773343203866464
-22.77537845684294
-22.7837004962035
-22.780192359237986
-22.775408734819543
-22.773847264524065
-22.783412624753563
-22.790315122978473
-22.79099374853239
-22.782509092723366
-22.77439855561711
-22.772004609223938
-22.7773606767085
-22.783633650093048
-22.788224058571352
-22.7927265452262
-22.784471809807716
-22.786387200399837
-22.776629743713194
-22.779269133538094
-22.775850625536453
-22.773734826641984
-22.779877002592148
-22.77173234391128
-22.774772701404093
-22.76855079480176
-22.7634618273775
-22.774439828325463
-22.780778347462547
-22.770033658362472
-22.76904665135557
-22.776004946149012
-22.776215854865494
-22.77310411172876
-22.777008655539245
-22.777792435220086
-22.773345265442437
-22.782340286295486
-22.77655962258443
-22.770010661871897
-22.769157509063636
-22.77571689951916
-22.76967044457372
-22.765963986104435
-22.766030575923217
-22.762656167885716
-22.762251365073702
-22.756615073457393
-22.756727221489104
-22.758271401289623
-22.751573405589216
-22.7562027704234
-22.751002428407674
-22.75094025547433
-22.755469135147337
-22.75738835083231
-22.75069341606833
-22.750762936824874
-22.75837478329387
-22.758428452455753
-22.752860113357297
-22.764817078681276
-22.762961365619525
-22.758428896753497
-22.7657956641437
-22.77404119721536
-22.76810928933517
-22.75426225779867
-22.75445407983915
-22.7636748173722
-22.759695626734732
-22.75911374487972
-22.757324238995995
-22.7539970546218
-22.752362609302356
-22.750103426388282
-22.75997273084511
-22.760769884105258
-22.76136096574065
-22.760379529757273
-22.767439177319343
-22.77102505337446
-22.759169033418324
-22.757476570425883
-22.7547928102496
-22.749114151774766
-22.74379303359961
-22.746699531004495
-22.743892686393856
-22.74316833825561
-22.74550483597564
-22.74053963090013
-22.741088757904418
-22.74226797452635
-22.738377217451784
-22.742948227332125
-22.747015883043876
-22.7467593655724
-22.75306418556824
-22.76255974222845
-22.76881217296726
-22.781480433998166
-22.778954480596642
-22.77875317707412
-22.769267604225515
-22.760441071121814
-22.76270331420863
-22.755214814505827
-22.75613716034022
-22.760235638001262
-22.756595409814032
-22.76035340472175
-22.75522676783489
-22.75529668987426
-22.75833416901233
-22.770471513188195
-22.78279097171707
-22.779244653989526
-22.776813363797594
-22.7752507799909
-22.784653805201547
-22.785515061071656
-22.78177596110095
-22.77833262253764
-22.774699474343468
-22.77887202940812
-22.771711592831835
-22.767022576867987
-22.762546897990344
-22.759144492205564
-22.774584352607395
-22.77906715401233
-22.781929207818145
-22.77785398088321
-22.771959751543015
-22.773609737794928
-22.77573543314195
-22.772028700503096
-22.778590795463085
-22.76746301926101
-22.76206675835129
-22.768730038667936
-22.765939443704355
-22.763970153812433
-22.7598195596771
-22.767103408251117
-22.766727606685386
-22.771380633960504
-22.776305531203512
-22.778040424605656
-22.78084563241749
-22.787077950891618
-22.784522961614112
-22.777888854267324
-22.782804205100994
-22.775309020971616
-22.775713267043507
-22.770149589251826
-22.7697108130914
-22.76760083802997
-22.767922298743905
-22.7704649800636
-22.7803716836247
-22.778027540202288
-22.766069280275353
-22.765097042012815
-22.76328922794783
-22.76482063554308
-22.765749260165546
-22.766612614995744
-22.771031805077772
-22.77445669525999
-22.77309168031688
-22.77057036873125
-22.762885497694935
-22.770044033360502
-22.763456695720087
-22.771389622329707
-22.76767701063137
-22.76475766529549
-22.768735342524366
-22.7794631577845
-22.778985629537885
-22.790078045157127
-22.786451113521515
-22.785381449865103
-22.796411309878323
-22.794647558511134
-22.78483848568709
-22.776588087062738
-22.777433957137287
-22.779176176316717
-22.76857748010794
-22.766950779395522
-22.7614855627467
-22.768718107286073
-22.758560101512078
-22.758670312805528
-22.766092985186837
-22.758770026722154
-22.764623721309807
-22.749237749792865
-22.757974384076615
-22.763802355112194
-22.757534954338805
-22.764854334219265
-22.769118631761486
-22.767650302901124
-22.767549393410242
-22.775249082256057
-22.782168432337677
-22.785434142383913
-22.781920155928322
-22.78451368401385
-22.787098705109653
-22.789093524726287
-22.78428001306081
-22.786220942513683
-22.790743096086242
-22.783464442922217
-22.780070316289734
-22.78473915137985
-22.795446350668364
-22.788010272399763
-22.788274229086856
-22.779494752039877
-22.775092241516585
-22.76968247784646
-22.765711608218872
-22.765386045822776
-22.768513575389008
-22.775347266700265
-22.78107244068326
-22.767881525552816
-22.76800864660421
-22.767967104755463
-22.76466547626431
-22.772065738279903
-22.767116035090403
-22.774016851008025
-22.77506562888992
-22.77731952920694
-22.76593183498867
-22.76799617747279
-22.761391200044105
-22.757540004501774
-22.769396001945168
-22.774685874125957
-22.77133393781131
-22.76582803958063
-22.75962194141901
-22.76398723751942
-22.7688886543164
-22.766080166754406
-22.772879459840585
-22.77559955701492
-22.778452087083235
-22.78053563957306
-22.778155677298685
-22.76882994287142
-22.770776744142903
-22.778231307082763
-22.771673534453534
-22.774226176429035
-22.770166798627674
-22.766797457536843
-22.760195433510802
-22.764967883816634
-22.763253084694185
-22.757120467762135
-22.75265998372497
-22.757522592901072
-22.752521008904957
-22.752228536671797
-22.752333183633887
-22.756763553755096
-22.75704765540188
-22.745781663918855
-22.747882794541233
-22.747305980255454
-22.755583952952666
-22.750062260059043
-22.748326816952723
-22.754607581737233
-22.764399443261475
-22.769596764577248
-22.76738818102425
-22.769764500920836
-22.76787454642999
-22.759976933535366
-22.765048882020803
-22.767455781635594
-22.766898578369187
-22.784270298375404
-22.78388227717693
-22.784298031058373
-22.779849987259162
-22.774476701594192
-22.776292813357063
-22.776861142148796
-22.773045707951717
-22.780004559699396
-22.78119052874715
-22.782463411478265
-22.78487111435331
-22.78361249812422
-22.788218780211306
-22.777083878964007
-22.77395894672357
-22.785212834011052
-22.78532663292368
-22.780273977146038
-22.774995158264108
-22.770464895321133
-22.768683708686268
-22.784441157938005
-22.785638517251275
-22.788118814005333
-22.78428828678361
-22.783895392899517
-22.78537972524438
-22.791007205967258
-22.79421757898629
-22.785275456408037
-22.781187518219646
-22.776247661002884
-22.783741080091016
-22.78839102110581
-22.787853898816927
-22.783138214979548
-22.788300109613818
-22.794931340875824
-22.79808745909151
-22.792468531551464
-22.79195277852476
-22.79519128284875
-22.792279566680563
-22.785596376635393
-22.78557896387913
-22.785832381325704
-22.78681025982476
-22.78753745393351
-22.78741300411062
-22.798498817575123
-22.792826816588637
-22.78725564516077
-22.78595716582498
-22.783324384274977
-22.77822107543048
-22.773396120691427
-22.782036315164987
-22.77696878734164
-22.77250764264549
-22.768242946718324
-22.771146542112067
-22.7669753851271
-22.7837033654354
-22.789190824775176
-22.780281644339382
-22.776344734240134
-22.77173336946273
-22.75665244047817
-22.762466319718122
-22.754491640579555
-22.758440494209996
-22.74767975457407
-22.745026345716276
-22.747866726255996
-22.739663449724798
-22.73970781016594
-22.73399140091662
-22.727157401063582
-22.730173414261213
-22.735538906491815
-22.737425250483888
-22.74608632919261
-22.7519421612461
-22.74569616997592
-22.748664051338732
-22.74744002433427
-22.75206472338668
-22.74638104618789
-22.75367006921808
-22.757965758424398
-22.769534474495742
-22.769564971417548
-22.77058453648306
-22.764339056841763
-22.765510254205275
-22.771701194269035
-22.77287698988415
-22.772328936805675
-22.773965353652585
-22.769546721864206
-22.753708905470642
-22.754379075816296
-22.749142718228853
-22.74683184986679
-22.75098066406938
-22.75523792658142
-22.749324182328646
-22.752078421846953
-22.754481596042055
-22.760691335386824
-22.765338800193366
-22.759355297070137
-22.760903575959613
-22.77120468702156
-22.766400941357862
-22.759158358741864
-22.75992348960298
-22.759378493118597
-22.7686190714273
-22.770236185748523
-22.766254707752733
-22.76322212535027
-22.764953073923678
-22.772664155091693
-22.778224950671454
-22.770910687859192
-22.774859621642634
-22.78292147671397
-22.779437317986154
-22.77863603237226
-22.77867898270461
-22.784579414076237
-22.787058982681433
-22.788079575787588
-22.77975017928997
-22.78086866612322
-22.78102325907838
-22.776581123636827
-22.771523287450226
-22.773414909725517
-22.780545818735447
-22.788272352608907
-22.793269775943088
-22.794049026680227
-22.783300249385473
-22.77843732270674
-22.774104934430326
-22.78082337440141
-22.774989237531987
-22.776845703778037
-22.776807759639407
-22.776769560787127
-22.77295287146167
-22.77789030582037
-22.782348130627067
-22.76896067055324
-22.769091676577887
-22.757263385350747
-22.756906734107737
-22.757508914292185
-22.757374870395335
-22.760595378245263
-22.762206065624962
-22.757259551865044
-22.761581595550467
-22.765955925115804
-22.766573637988813
-22.76271680886947
-22.760176714157765
-22.76857117758276
-22.76484522553289
-22.756420573408857
-22.7616971289879
-22.757928008038753
-22.765329048608496
-22.769589176110898
-22.76471341389664
-22.762276004968765
-22.75661619004829
-22.74419078615706
-22.74433405231668
-22.753353175059825
-22.760323831847135
-22.764359978924347
-22.764788062797987
-22.754900893092852
-22.756236049266445
-22.756137444071502
-22.746286639523646
-22.758880077932325
-22.756419982529415
-22.751087317555733
-22.749043907784944
-22.755029934646235
-22.75506801683723
-22.748312669333526
-22.752548999417748
-22.753700253592992
-22.753434875693888
-22.759213860281637
-22.762734503283475
-22.767501698020933
-22.76801193966076
-22.76944601630114
-22.769947576776616
-22.764070141108476
-22.770495633075885
-22.772953697292856
-22.770040814276253
-22.77406529856629
-22.76903263040697
-22.754033319743723
-22.75503962532898
-22.750726053269652
-22.760956159809307
-22.75790017739814
-22.758414569051034
-22.757800285042727
-22.769896724493716
-22.763117538077193
-22.772053046031363
-22.76438715384314
-22.762488020053365
-22.75959675500211
-22.76776869669848
-22.769319764932316
-22.760538214696894
-22.765864377952575
-22.77175860173124
-22.775560951063014
-22.77786018813033
-22.77384966949033
-22.775643080710363
-22.78290743561022
-22.774594759445034
-22.778795769454863
-22.77394749668602
-22.774045886921176
-22.773373017219622
-22.775157826057484
-22.78193779161536
-22.77577699570632
-22.77283937958823
-22.76391403110512
-22.76143630227271
-22.770512255481204
-22.779409736134625
-22.786521893097245
-22.7850829525134
-22.784043286088387
-22.79388854287258
-22.788083874052496
-22.789663196239545
-22.791298656226132
-22.78239518824662
-22.787301964655068
-22.782776714860145
-22.785053585091397
-22.780622559053047
-22.78651909354078
-22.796674978893854
-22.801107016513683
-22.806038437251807
-22.791709018531638
-22.786721553756927
-22.78723954853745
-22.782369461443583
-22.786939491951347
-22.78846872649182
-22.787972430575866
-22.791671425758057
-22.77516866970019
-22.77331216803519
-22.76935840289985
-22.771368632385723
-22.76847828126566
-22.780997982122308
-22.7822433576075
-22.77053810641824
-22.77573675882749
-22.775866114221532
-22.778856174032207
-22.77963082979688
-22.786715598123635
-22.78775883604767
-22.78884936728452
-22.78754280290783
-22.77667331350455
-22.783688566978423
-22.7963841514192
-22.795570490649123
-22.800878907679596
-22.808831553533242
-22.80413920652558
-22.80119164627019
-22.800221366589632
-22.7998963567671
-22.809203806477786
-22.8074742526867
-22.813231328517478
-22.821795927116025
-22.814896659211595
-22.805992626962883
-22.794184187184463
-22.797358881556804
-22.798956462229945
-22.804149220194347
-22.80079477369473
-22.805674239807047
-22.818916844619316
-22.803367390529516
-22.802111695598626
-22.798566181415488
-22.799513370518
-22.79961919281218
-22.793980374132442
-22.78753098632957
-22.795095453602567
-22.79785573331803
-22.78233722518075
-22.774973712863694
-22.77197206139225
-22.77148679044648
-22.76598461618706
-22.776781314177672
-22.780550573076223
-22.780843328709196
-22.78588396084358
-22.791792271990687
-22.791662048395093
-22.788343563704196
-22.788588555153698
-22.79474455444023
-22.800002479355665
-22.78655314014537
-22.790752259828487
-22.784078111387572
-22.77380857623112
-22.77525449075334
-22.768008269521697
-22.764029315505447
-22.765544538382713
-22.76353790218474
-22.762459658950878
-22.760287628412897
-22.762398450028467
-22.7660686398373
-22.77046431272413
-22.77630743635746
-22.7650078662589
-22.76552811560927
-22.770923303324004
-22.771594672208863
-22.774814904379667
-22.772468389351737
-22.763546451813056
-22.76186074034036
-22.7640975625935
-22.765299884644133
-22.76707044600186
-22.771901713567328
-22.772619618727862
-22.772608355539496
-22.77152069327665
-22.781440964400154
-22.787988566085865
-22.785222162816112
-22.782776535310408
-22.7828625789845
-22.782611378766962
-22.777709582877193
-22.76582405819958
-22.768522454239214
-22.774192685262673
-22.777986680094596
-22.779388937182965
-22.77417117880453
-22.768965696174366
-22.774241581304608
-22.77520237891592
-22.778788104924693
-22.77559681474912
-22.77105931522813
-22.76909192646696
-22.75967845276904
-22.766956714983827
-22.762602271188573
-22.76899141805649
-22.770608676347827
-22.777456718908045
-22.77311291765347
-22.770721246071616
-22.772731835183663
-22.76722067388361
-22.768862463225553
-22.77093599745017
-22.771504517419988
-22.778320842265803
-22.777175699280072
-22.76424975567426
-22.759782821575513
-22.766583655837312
-22.762478749831274
-22.77030779757376
-22.767806525335313
-22.774149195508905
-22.77105711564006
-22.767708239428565
-22.762909576648738
-22.76802600699337
-22.78688056781422
-22.781447967548626
-22.774860505847506
-22.778694156918423
-22.782715382531762
-22.77605945110307
-22.765278939324375
-22.77519014131674
-22.78418079610412
-22.777654852201245
-22.777583732425153
-22.77757663063781
-22.780977230349276
-22.78215088345579
-22.78308211955745
-22.78137239632775
-22.775981081129522
-22.770882680026276
-22.780940339824618
-22.77598749201196
-22.770158817655215
-22.76229318695161
-22.752452703845712
-22.76124683414218
-22.76555912048377
-22.776059132222212
-22.778577490459956
-22.7826850157366
-22.780727203914594
-22.775078760588688
-22.772528243329354
-22.76903512880035
-22.777399135663888
-22.779411066754044
-22.780520094118486
-22.780187461840963
-22.774652914606865
-22.775113046638538
-22.77864833005679
-22.773568544948336
-22.77614695432657
-22.77805605530285
-22.77776065240626
-22.77739451110593
-22.776176989053702
-22.770166645731486
-22.772916510000037
-22.777915840289236
-22.770518056403745
-22.78783844954651
-22.786790624177303
-22.782997700268126
-22.779950701882864
-22.781380671951048
-22.778256466938174
-22.778865266688083
-22.777721104854987
-22.77555049545203
-22.773567231814354
-22.776509873042666
-22.778061677795243
-22.77380707774083
-22.77297634088843
-22.780028866765022
-22.785783163198477
-22.77788061583607
-22.771017154316326
-22.75772245231314
-22.755690513814663
-22.760270751713747
-22.764139737384053
-22.76523110682352
-22.770927363758815
-22.770766162159067
-22.76846298572417
-22.771222021495824
-22.769696040107778
-22.771212086100324
-22.764223850543992
-22.76575104667178
-22.770143104428545
-22.77637759640141
-22.783777930005833
-22.78058894952177
-22.777915830691324
-22.77438288452149
-22.783169367942243
-22.781540886494113
-22.784186400221476
-22.790650360483127
-22.791670582610614
-22.80019671609226
-22.804936316615397
-22.789628088192416
-22.783471465009693
-22.7676424081401
