-22.742105350557335
-22.739756909284782
-22.732699845187625
-22.72413893858373
-22.712484012681557
-22.720469856112526
-22.72849934998299
-22.728120134073695
-22.733300756935122
-22.73037767996358
-22.726057947710572
-22.721306457749726
-22.71819515337898
-22.713116684274578
-22.712440712414487
-22.716207946125856
-22.715308103119714
-22.70615977455685
-22.71008610693879
-22.70710595202621
-22.69672871448252
-22.697562361108783
-22.691447995830263
-22.679598522292245
-22.680140818759273
-22.68987196959107
-22.692926619069492
-22.70882039864247
-22.717327206993918
-22.71214192226804
-22.713381930274316
-22.707594169293266
-22.71019091564588
-22.706932485878692
-22.708616052100126
-22.713425606008844
-22.714245864307077
-22.709692474114256
-22.710478683742043
-22.712800091370397
-22.71010462081024
-22.719506297444322
-22.716786033282617
-22.713897975628953
-22.701265711974973
-22.699846663451606
-22.70217231776175
-22.710690136939217
-22.71245057160209
-22.714284735034763
-22.71479665785967
-22.706446959204868
-22.707615213187715
-22.709952653805516
-22.711000064694137
-22.709049784318193
-22.698210387587846
-22.697535589329167
-22.700896196833774
-22.702407539147345
-22.696598829842117
-22.693699086974345
-22.703031331914975
-22.711344936536317
-22.720426294592574
-22.710799595491963
-22.70447930251796
-22.699513956895032
-22.69230301499809
-22.681804060245206
-22.67708576203016
-22.673665595621085
-22.686185086481807
-22.68796891353194
-22.696285644292136
-22.691885313398153
-22.6957543385193
-22.705039368377612
-22.711065798663963
-22.71035191005251
-22.701139912834066
-22.690871912504875
-22.690031978923603
-22.694440934788723
-22.69252711604782
-22.69215390285943
-22.686918896089878
-22.696315135590226
-22.6934808229668
-22.69640697056218
-22.70068599827788
-22.702197041651548
-22.69665641654841
-22.69996974020529
-22.693466928440387
-22.691876230103407
-22.695892977543338
-22.6995713380115
-22.698976421294805
-22.692067507299463
-22.685988918909842
-22.695088100421025
-22.698409970400856
-22.698964021752307
-22.698473957168947
-22.703426588950588
-22.7011894411952
-22.69875220504367
-22.709300471272158
-22.710531964731654
-22.712154668048246
-22.710052559224966
-22.71090785717658
-22.71779041420025
-22.70997445500212
-22.711557841296134
-22.707972492317804
-22.717270746794867
-22.716456703883527
-22.713858725144437
-22.71453250815954
-22.701438171956287
-22.706855219010528
-22.69766104550466
-22.710315064727286
-22.69960723943817
-22.693882060264976
-22.691644003255394
-22.69043873913464
-22.682949471175533
-22.693772094099014
-22.68680018885118
-22.677952339131913
-22.683928685114676
-22.67723909600875
-22.68110716605987
-22.688623195557188
-22.69014085377
-22.69927231348144
-22.716070206275763
-22.710960297453973
-22.705850998490167
-22.698711899565915
-22.69882501057607
-22.694693489058498
-22.693117857029083
-22.68495777250899
-22.680168015508226
-22.6882010055259
-22.68598813627073
-22.668464924025635
-22.658133263087016
-22.66478424495293
-22.665201786599447
-22.679382607213366
-22.68031965615767
-22.665522993022932
-22.663857672324024
-22.67915790190279
-22.67493196940405
-22.685658409667486
-22.687372260948276
-22.693228412345174
-22.69115005390774
-22.6852452634519
-22.68449093955937
-22.695133081202012
-22.701555169675093
-22.702975314114813
-22.6958411207779
-22.69945781537188
-22.703982673000564
-22.71192091777113
-22.71829053216406
-22.7121580370091
-22.70862624329147
-22.706569169923302
-22.715569097888807
-22.71178468806688
-22.704906162656414
-22.70442392172199
-22.702218099317847
-22.68698346389858
-22.687878347622927
-22.692542630353024
-22.699459472131938
-22.698684813319858
-22.698006999767344
-22.699920742423885
-22.69846147227125
-22.710205735329726
-22.6945905191704
-22.692848720925152
-22.689899710423532
-22.696896172378686
-22.689781619967967
-22.69483836585551
-22.69192057599023
-22.688864216462605
-22.690893443084086
-22.697605070330184
-22.702539379443675
-22.698193715125324
-22.689289550885025
-22.66931764228243
-22.67491485409208
-22.67245191842779
-22.66676070478487
-22.682347807247886
-22.679162528215837
-22.673375856979824
-22.672823363619077
-22.67871520549806
-22.66988971853476
-22.662835058511373
-22.669583091290345
-22.660025073300375
-22.662923567025228
-22.66019644614405
-22.662242466673757
-22.66319243086647
-22.670465308981377
-22.667158683970776
-22.663661560835767
-22.674909126156628
-22.674062981431728
-22.67916326868106
-22.676839602238733
-22.675855873865302
-22.681761529821596
-22.68590185299217
-22.706680861036016
-22.698847426299622
-22.693519326221917
-22.683356202676126
-22.679665943557964
-22.685781178027778
-22.680066441797727
-22.690626980658696
-22.6989165848377
-22.69471318836025
-22.69997509364356
-22.69829083753299
-22.709245612811205
-22.70901286538321
-22.70462210590764
-22.710647318297553
-22.708013769016734
-22.704590780089646
-22.692099744088313
-22.698863488828955
-22.70134907090612
-22.7011291893502
-22.697764871342812
-22.691465134258955
-22.692716035857078
-22.699653356296352
-22.709678101185162
-22.71282702095248
-22.703484225084516
-22.704780283820018
-22.706516382522263
-22.71844282554361
-22.711563248379345
-22.71602151776028
-22.71891094304028
-22.713976548563068
-22.707887678442653
-22.706817787297926
-22.694908133569953
-22.695602097982274
-22.694291513617877
-22.704504878288002
-22.708369313555124
-22.71041191687985
-22.711585657828838
-22.709385921862705
-22.716896269968064
-22.71339785676514
-22.71575850760865
-22.706980484394013
-22.696816587565518
-22.700842384251068
-22.701229119670522
-22.69591814496182
-22.689791002484103
-22.687564073183093
-22.696471681083622
-22.694736064938578
-22.69319205229614
-22.696636039562748
-22.691388506430716
-22.69807536328074
-22.696643793060215
-22.70546790793424
-22.699938895772
-22.69767160935055
-22.696379778909513
-22.70685067839849
-22.699172957155664
-22.69861420038474
-22.686500395411297
-22.685275631168725
-22.67709731752889
-22.6813033996835
-22.686858165998252
-22.680998516839775
-22.67638772235587
-22.675298160775284
-22.676916093355036
-22.676771022980354
-22.672210694013927
-22.669180884302563
-22.67576836666418
-22.66834704493318
-22.66747739718887
-22.667482587809477
-22.66555586776042
-22.655849189323447
-22.66504192686176
-22.671100405205923
-22.672193104929097
-22.682082623475694
-22.678303396038984
-22.673275844318542
-22.657280047613618
-22.658123506113125
-22.64824441351182
-22.646021120663253
-22.65932720315342
-22.66220722238909
-22.675112920008033
-22.67049651714034
-22.674492696703126
-22.673185447202734
-22.673162610409392
-22.668631536883762
-22.675749752289118
-22.679472978942123
-22.68244222737607
-22.691373642713376
-22.688153297038028
-22.693050640656715
-22.6949578263214
-22.688252449073993
-22.693224823926272
-22.683364130914175
-22.68810986157749
-22.690433321572673
-22.68819438232001
-22.674489823272015
-22.67189945940483
-22.666528966788032
-22.680665863275863
-22.68167324871356
-22.70312053754336
-22.698972118842217
-22.70308681975312
-22.702494250393723
-22.698346615419005
-22.70273076844917
-22.69527452294074
-22.692163957331168
-22.676145576488263
-22.677554314376813
-22.671584127106073
-22.675936150691346
-22.668454908334308
-22.671119296102773
-22.678469549170927
-22.672374160828408
-22.675364946457293
-22.66832287651922
-22.675164551741283
-22.66844912273808
-22.665436334293563
-22.665850302225223
-22.672669935469365
-22.67913463531958
-22.683563753808937
-22.682862789399227
-22.682197122755724
-22.68840678908862
-22.686502748185625
-22.69972329436945
-22.69653977617076
-22.699597684224155
-22.704927892585797
-22.702077185915645
-22.69043300442379
-22.68626309929072
-22.682395272003976
-22.68468556744632
-22.69748512825539
-22.686271815728688
-22.69973633790741
-22.69972424959671
-22.694737507709988
-22.693670653036992
-22.699320344797435
-22.702059449306528
-22.70333571953075
-22.68513552384014
-22.690811234101893
-22.695095628882605
-22.694276904426946
-22.698679767421478
-22.700950364885127
-22.70876561586659
-22.707529111078102
-22.719961907165988
-22.719437509518666
-22.720197864352293
-22.72648253957337
-22.75074183700202
-22.748356252541175
-22.739230820683677
-22.728458207608718
-22.721872899510387
-22.72187914994659
-22.71053546562156
-22.708129906819273
-22.713803694081594
-22.712544818584455
-22.707651474276233
-22.699467249197266
-22.712386812552214
-22.718366760291822
-22.714669196478468
-22.70983763166161
-22.70921429637677
-22.712222147773733
-22.706458890808424
-22.70619020061483
-22.707886709800686
-22.69766811225036
-22.701570595393147
-22.708709576567472
-22.714207908390822
-22.72206992998692
-22.71344603837324
-22.70786444022508
-22.708600341098826
-22.707555759797792
-22.698753282703105
-22.703466291758488
-22.705031730452752
-22.701219722067094
-22.70472433523087
-22.70688287909466
-22.72405796423801
-22.72462278544723
-22.729656511432825
-22.71191593241808
-22.716969612774818
-22.715874491013775
-22.704622503751217
-22.68967256267369
-22.690830025047205
-22.679799620248346
-22.690882677230817
-22.689201462163886
-22.689045604511655
-22.693577289182436
-22.69918566293641
-22.697108660429173
-22.685867344791127
-22.676753464673077
-22.67880151487069
-22.67523303797286
-22.670823833669324
-22.66521680348995
-22.6703083159536
-22.66266365675116
-22.658970166362387
-22.659995626955265
-22.665808792067455
-22.669435599604032
-22.67372210023369
-22.672584294685652
-22.67858784787649
-22.67284872539261
-22.671880228123143
-22.668194892488916
-22.678565902040397
-22.67141473030128
-22.67536779656031
-22.65715094051379
-22.657219139406077
-22.664610594074937
-22.65336440174085
-22.65345633467938
-22.658491226754453
-22.655820527706762
-22.658712980978745
-22.66291172190405
-22.668007261440682
-22.665481042078405
-22.676766049431528
-22.676792792686676
-22.673491958218534
-22.676781630055622
-22.682529050214
-22.677093433216957
-22.67859723670401
-22.681150000829373
-22.68130817512695
-22.678201233479836
-22.671006675055487
-22.666843464277576
-22.667654400560956
-22.669824321570587
-22.656159227266176
-22.641230582390758
-22.65208355062665
-22.6506917830428
-22.64719648184814
-22.647809073692727
-22.648033360827
-22.65754254846745
-22.659947162428256
-22.655242488799885
-22.659877773863748
-22.664455250505277
-22.663845985473465
-22.667566088258546
-22.66937965511219
-22.672033476275153
-22.677738722733828
-22.677788069489306
-22.688871301087037
-22.688094709924165
-22.683427815306736
-22.689156813996807
-22.687705820176514
-22.692598943258247
-22.690378206978803
-22.692030331644403
-22.697747917240527
-22.701383825387314
-22.707199476889087
-22.712254778999164
-22.698061240839163
-22.694012441682045
-22.696326308773955
-22.694803732418045
-22.686056088304035
-22.69111270349479
-22.687902270238897
-22.684162958896945
-22.684341519223203
-22.6828275716475
-22.68480695425533
-22.68943911097866
-22.68325554456278
-22.676864350567556
-22.68060804503309
-22.678923604303744
-22.6795880867244
-22.688185765711804
-22.690218060150382
-22.691718082964332
-22.687883516617752
-22.688928629722415
-22.689219134846383
-22.693852355461804
-22.691057041717258
-22.684962466923835
-22.68685379850155
-22.694628690137744
-22.697337313882933
-22.69005689112017
-22.69321434408686
-22.70650641389204
-22.69971107192358
-22.69199690494568
-22.687665902096757
-22.675326833477854
-22.668830941739586
-22.66695905851891
-22.67473093705501
-22.678908721262243
-22.675895332395832
-22.66760292618225
-22.675840611561103
-22.672830078354938
-22.68232163371704
-22.682623703957805
-22.683223027202164
-22.688672558021548
-22.67280764094318
-22.68420908054296
-22.681637857235234
-22.684977979696466
-22.682756728004797
-22.684328088006872
-22.688475023297187
-22.68770779847328
-22.684968382574095
-22.681242240324103
-22.69464489313534
-22.690801670465156
-22.684671808768368
-22.674379747539124
-22.68399232599223
-22.685582419569744
-22.677392038901164
-22.67984580545477
-22.673942812125507
-22.673922872104416
-22.671984016815408
-22.657206239416716
-22.666017283397373
-22.669055246808842
-22.662016688269702
-22.668900993995855
-22.66364503517697
-22.65876194673013
-22.670502201631866
-22.675849910980897
-22.66700116924049
-22.675762202123458
-22.6801626850796
-22.68209399716621
-22.677464397798644
-22.679918764247937
-22.68899150610271
-22.690313211794898
-22.686292175125484
-22.694078305901968
-22.688328484717054
-22.68417704383396
-22.687441171298115
-22.69237778462418
-22.68032689045295
-22.681047723256786
-22.68326412236745
-22.696235857301946
-22.69591337512865
-22.698963790418983
-22.69568037335883
-22.68949284475895
-22.684441609216748
-22.689340243922242
-22.68213641362107
-22.684708754612988
-22.683044185668646
-22.68024460769412
-22.683151539290964
-22.681963394479606
-22.67877753342422
-22.678102676674527
-22.67039989769187
-22.66643246733446
-22.664784449878297
-22.672392373457733
-22.669671976830784
-22.667756715467696
-22.670476697936923
-22.683097698194214
-22.6912505365604
-22.693817296497432
-22.69081933795582
-22.689749280738734
-22.68864603857214
-22.67998623566074
-22.684461004967932
-22.683089087853666
-22.685314359465696
-22.691059733063767
-22.689974314563948
-22.695205481921963
-22.70059936652177
-22.69497283736698
-22.691580486498555
-22.67842026450662
-22.67297301217278
-22.680168528204085
-22.669950888278223
-22.672050492487095
-22.67799212110084
-22.675315220869933
-22.679423600342485
-22.68406422506674
-22.681356936872724
-22.67270866295955
-22.665330079086925
-22.66971110547044
-22.67401110462992
-22.672871719786297
-22.67094084494495
-22.68636068173908
-22.68907704213985
-22.683212307491498
-22.676902758260216
-22.661062011910666
-22.658905327549153
-22.658536416911517
-22.656071578027895
-22.657139076995197
-22.666038763736974
-22.66796836545311
-22.674323995075618
-22.679217080016098
-22.68010267385741
-22.683176877778962
-22.684090573907323
-22.671957777174725
-22.668745251169206
-22.667219500385812
-22.662763477217805
-22.660038998077646
-22.65521211166703
-22.65457773855691
-22.65055147529825
-22.655454317713225
-22.65177849769054
-22.654410053896406
-22.652670260545552
-22.652228596445667
-22.658755842622543
-22.65325151919944
-22.652269785588196
-22.664291570600327
-22.658911390371593
-22.655792197110735
-22.659930227240718
-22.659131905609257
-22.66102895336829
-22.66311007386666
-22.661292760778423
-22.670908378244796
-22.673908922173506
-22.66774798662247
-22.667889149712366
-22.673768851247534
-22.675758603887644
-22.67465719542304
-22.677153292345196
-22.669283990405052
-22.673766469757975
-22.675506586941356
-22.678381764356484
-22.67222642905081
-22.66086843254095
-22.658103221864287
-22.664200922607254
-22.66599841693711
-22.665395567766183
-22.662777707591495
-22.65792373360975
-22.663623644059335
-22.660930890973727
-22.672845200449093
-22.682079037250755
-22.672254899135336
-22.679502891621603
-22.67756053902059
-22.674382950888866
-22.67065475328346
-22.67910830949734
-22.684572117071653
-22.680585394981097
-22.68342776529393
-22.68901536974837
-22.697811034932514
-22.682512684644045
-22.673646135446123
-22.67908298305481
-22.672143339610024
-22.677222643055647
-22.685911615061258
-22.69137220331895
-22.703571758198997
-22.71411763756752
-22.711409845846433
-22.716674888812097
-22.708445238478916
-22.704615761493695
-22.713492610182563
-22.71871593000847
-22.726265604560925
-22.712581746077813
-22.712438869860332
-22.712048858683893
-22.70049766048432
-22.701762358866272
-22.69492516821026
-22.694710596140464
-22.70001210939476
-22.692441228804743
-22.68702484716896
-22.697056359724694
-22.689679018406
-22.686024433848832
-22.69196715203808
-22.68936960574553
-22.70556184010083
-22.70918328286131
-22.71656026868925
-22.721380898803503
-22.703456956139895
-22.694577614154685
-22.697763733781496
-22.700396779262757
-22.700336841940363
-22.69763650197483
-22.699505387586346
-22.6887999121281
-22.68555665778979
-22.68172284212564
-22.69434893977013
-22.688705404847884
-22.68235824108506
-22.68110701205164
-22.675917656018015
-22.677852023098893
-22.677482569752605
-22.67310476143465
-22.672939330422103
-22.66735546617835
-22.662880016626442
-22.661390260691107
-22.654060361784836
-22.65661783145307
-22.66408332892499
-22.665114208922052
-22.671320273226158
-22.683533305742444
-22.699038880909978
-22.70533191714221
-22.690405308898505
-22.690030020201753
-22.688953582009393
-22.690954380180003
-22.688281122962696
-22.692506926851546
-22.692937382137274
-22.70129291143921
-22.704837441765697
-22.69959114437387
-22.69158062052277
-22.688434386596644
-22.674897434115145
-22.685807965815336
-22.690121908096675
-22.68545683881575
-22.687100347356093
-22.685478174660954
-22.696738522188344
-22.70362578516721
-22.700900804459604
-22.707336751950738
-22.719834385320556
-22.717190718621616
-22.709510150788944
-22.708946193297482
-22.71319523478887
-22.70268665226449
-22.708689463039914
-22.70796454988375
-22.696199960324567
-22.70455931084788
-22.688522825728334
-22.691696400486972
-22.70211773114966
-22.699621073644337
-22.700558660483136
-22.697200156462813
-22.69692132622024
-22.687425138259762
-22.688944814084756
-22.693220537351063
-22.699304538070567
-22.70397647320594
-22.71285493422274
-22.710152075302727
-22.705783380962206
-22.710189186752462
-22.71541866104227
-22.70301851724695
-22.69211572218479
-22.688102616451346
-22.68983786764591
-22.692470982778932
-22.695574831125523
-22.696308431791376
-22.69187237919357
-22.69795139786869
-22.680223882826596
-22.685444918964027
-22.680079242653157
-22.673230409070687
-22.670768979585645
-22.670336140058648
-22.66568547516719
-22.663015703727847
-22.65982135533985
-22.66594332782573
-22.651794055088434
-22.65153569213304
-22.65084644103138
-22.669093789130425
-22.67126976397516
-22.679274581765963
-22.674125556861455
-22.684341039469324
-22.688740101203535
-22.685903607923912
-22.681966271503548
-22.67364978516281
-22.682559127658774
-22.683983405082913
-22.696084174772718
-22.685932234421465
-22.684356296868728
-22.684846311232583
-22.689331082128863
-22.683351421798534
-22.69030210693658
-22.683742615311996
-22.679588790244296
-22.67551876451908
-22.6688072007675
-22.668128960143274
-22.665681391942584
-22.66784853748104
-22.67127612490129
-22.669857339534676
-22.683506493994336
-22.682038025407596
-22.679335831377273
-22.66843401141181
-22.66674856438997
-22.669394285537212
-22.680651419148603
-22.686802047630056
-22.686175243146792
-22.692955856767924
-22.693472215156394
-22.69175977591897
-22.685312526676604
-22.684943787128365
-22.682630440415767
-22.689555854734802
-22.68001601546997
-22.678457795527226
-22.682243126790723
-22.679729689134156
-22.668385639418954
-22.66810179167938
-22.660168359316145
-22.6707057791217
-22.669202487335294
-22.666198921263536
-22.663393822645933
-22.66533263825006
-22.665454423112788
-22.666138566262788
-22.670885139389735
-22.67505117918901
-22.68346448049851
-22.6786920856025
-22.675510188116068
-22.66813671211471
-22.66158035851704
-22.655245186908175
-22.65017243860691
-22.642478256558665
-22.641452912242503
-22.64051153637657
-22.64474527152232
-22.64967139717705
-22.65895044199341
-22.655873073832662
-22.662262660374203
-22.667108454397567
-22.67576865118593
-22.66949528917354
-22.66685059978876
-22.66316250295444
-22.65914720825941
-22.665126249682316
-22.67937581238585
-22.682965696088555
-22.690618141394122
-22.689248991906766
-22.687396567098506
-22.683789586702794
-22.69067667926796
-22.699554441660112
-22.698887943308673
-22.706543165094455
-22.701473985419916
-22.71399929275051
-22.711092665873547
-22.711727648866425
-22.70927153412684
-22.722821631203633
-22.72141590181384
-22.716016414482294
