-22.619666984818174
-22.617557556129245
-22.606334087200015
-22.600226980339595
-22.596056345917436
-22.596611121742054
-22.596548720123785
-22.59366130214696
-22.60397672982967
-22.592660795710593
-22.57991622178204
-22.57635227009356
-22.57820957845354
-22.58669407417633
-22.5951397560854
-22.591540490094953
-22.603280721989044
-22.589765118899802
-22.585590824638867
-22.580735671789906
-22.56878671207856
-22.572401224701355
-22.575781134625593
-22.578881112701854
-22.57925067276646
-22.582784173472284
-22.572725490926533
-22.571756415988038
-22.582129721790384
-22.578003910232532
-22.5815150038328
-22.588158274764464
-22.592900582602976
-22.588618349481848
-22.58422846423199
-22.592062024023853
-22.593014491359895
-22.598761222135835
-22.592764063086108
-22.589587707925393
-22.585052260241838
-22.5808871980358
-22.592289796463906
-22.58430014576258
-22.581738462039016
-22.57390002858496
-22.580277462814262
-22.576949821610388
-22.577389518245404
-22.575546481567834
-22.575954112178604
-22.575694419715116
-22.57905844614509
-22.58690393630908
-22.59334417097747
-22.58323915972249
-22.574890287743685
-22.5856840566393
-22.582830297065176
-22.586018294845612
-22.58748409375954
-22.589265587611663
-22.595986776176833
-22.602980240145715
-22.601594880877403
-22.5956004468658
-22.59051841243429
-22.591299241848997
-22.58935790838103
-22.582860256705676
-22.577608309473444
-22.585771573572554
-22.59023468847478
-22.58414225369394
-22.5623688693727
-22.557806015582127
-22.56056119956969
-22.555875265506494
-22.56642345724202
-22.561958666295514
-22.577669238185074
-22.584992722165243
-22.586212864213792
-22.591939778260198
-22.590134081204866
-22.58229653164889
-22.588775299371328
-22.58341700489392
-22.590393974090095
-22.59197920088229
-22.58386181309188
-22.582259055550473
-22.578461973639907
-22.56559689124115
-22.556811026140487
-22.570320404358082
-22.581015705841605
-22.568948966452165
-22.557543510941475
-22.554374463303688
-22.54827980858563
-22.557824714351558
-22.552674055472185
-22.56022734878393
-22.564267400904402
-22.554711355632417
-22.553443368142016
-22.54864629230413
-22.561834040994505
-22.55349221063267
-22.55480149596809
-22.55155360147966
-22.54669737959692
-22.55393025770052
-22.55609086459742
-22.556501296366662
-22.54875840721813
-22.554450496521387
-22.54625978618312
-22.55255936440329
-22.56047597256413
-22.55646992063187
-22.560297794155115
-22.554918987886495
-22.564870504740146
-22.570204406669813
-22.573760994879247
-22.55728987585497
-22.552611843540756
-22.558361046352676
-22.55526028737972
-22.539058935382574
-22.541119383371807
-22.54622420976155
-22.542050516494015
-22.552709481678832
-22.555830340038778
-22.550189717144725
-22.554067387499146
-22.56328966459962
-22.55426275317611
-22.54966632761646
-22.55974920940874
-22.569485612834168
-22.565517723326387
-22.566145489709054
-22.568365350956526
-22.563043527609832
-22.560082857697147
-22.566935199610295
-22.564833877671607
-22.56276462487856
-22.54937765058178
-22.550793591771555
-22.547159427137586
-22.54333597952132
-22.54624161346468
-22.543966413842192
-22.556751270901476
-22.560932086612873
-22.560763934759333
-22.55975924836186
-22.566686313653552
-22.559901106827574
-22.55394143230052
-22.553589789624443
-22.54380015019442
-22.548311560106697
-22.54224644833849
-22.564693320607834
-22.568928430810697
-22.564915988267316
-22.559772480971805
-22.55756635710342
-22.55799805568084
-22.559544861009368
-22.56346454418004
-22.550786281466603
-22.555542173534544
-22.55971079880457
-22.551222354726505
-22.552407204821236
-22.559247975628747
-22.556647047848696
-22.55399837307094
-22.55665966378109
-22.54474144025577
-22.55478773572297
-22.553859569554138
-22.559715290543558
-22.555982157236553
-22.54933900156139
-22.5464376916315
-22.535828635193674
-22.54085507261526
-22.54001974440125
-22.550477059209687
-22.546828956755483
-22.54733958722002
-22.55179215154699
-22.55262243650926
-22.55263553642469
-22.546100107082413
-22.54370326140201
-22.536721391866116
-22.53468700540711
-22.545570927107207
-22.545067632990158
-22.541729805331226
-22.530774060644447
-22.537790898699257
-22.541703735055297
-22.53786670514496
-22.542878834086057
-22.54589953142841
-22.546997288860513
-22.547832840852283
-22.556495147136662
-22.54464483914235
-22.56788137954133
-22.56791247011133
-22.55810881958397
-22.562494229593717
-22.56464946899745
-22.555567328403246
-22.555605178467776
-22.548318577736183
-22.54562785265415
-22.546205315721604
-22.540146351870526
-22.526934303686375
-22.519613935935194
-22.529983490617063
-22.535303854761807
-22.532983273542197
-22.52565655191638
-22.515834287065147
-22.51560209258364
-22.514277055111467
-22.51548521075421
-22.510286460765986
-22.52924675885913
-22.539456592146575
-22.53363550618706
-22.525720417656224
-22.521493223614712
-22.522520329194396
-22.50336200848
-22.51377149928377
-22.523010916630362
-22.52024655240174
-22.522587103281413
-22.523230217601274
-22.51846385732697
-22.53139782024631
-22.530652606699807
-22.545647432375212
-22.546866376202367
-22.551052634884865
-22.546568418774026
-22.549925467259094
-22.55311165095477
-22.563606908741125
-22.559460812600747
-22.558297049614836
-22.55041237346637
-22.535612040931372
-22.534390083345272
-22.538763394108578
-22.53324584952881
-22.54218450296404
-22.546753558130412
-22.546373427225287
-22.552501111421186
-22.547783410443195
-22.550645606253426
-22.557296445227813
-22.54545315725637
-22.540913781490232
-22.532024101039713
-22.533448043247258
-22.542767317680507
-22.53732941954131
-22.53940434844317
-22.54739490807281
-22.53979357687214
-22.538757181604065
-22.535036101971972
-22.546590643495847
-22.52724107498935
-22.521871057553064
-22.51572000057099
-22.512650196234013
-22.51593005587116
-22.511795485830334
-22.522917785327497
-22.5268617557291
-22.53006728826715
-22.521415522384853
-22.520667252406685
-22.527978031235648
-22.53160220968155
-22.53686098807861
-22.544586979167363
-22.547415501012697
-22.54032865548672
-22.54767230730004
-22.54013622179321
-22.54556786281047
-22.5437505663699
-22.549016238111555
-22.542714770463945
-22.535953261549064
-22.532801602839466
-22.53679287143485
-22.53487098963432
-22.541640498887997
-22.5460491004452
-22.55323798220328
-22.565284817722237
-22.570244505371654
-22.568338764943686
-22.56353635774651
-22.569854229964236
-22.55891293128324
-22.550276590454754
-22.5445493680792
-22.54054324280462
-22.54751824285378
-22.536259070461597
-22.519518097611787
-22.52611524586939
-22.53205231100844
-22.53725857939503
-22.542146630599788
-22.532524812672776
-22.526506601305957
-22.525094924153723
-22.52672827138206
-22.52828770414783
-22.52981317644592
-22.544911367510938
-22.547909888540133
-22.55735819886651
-22.554520355490123
-22.553313747443212
-22.55628763275604
-22.568009870217562
-22.57223311175648
-22.57196895090749
-22.57398765279926
-22.567990946443302
-22.570076141249125
-22.57952884000781
-22.58448852180347
-22.598339346383774
-22.614361809549894
-22.60694283613415
-22.604306900913723
-22.589278007340237
-22.599359763071668
-22.595846518138682
-22.60222013752102
-22.603105551958212
-22.59909431674273
-22.601389713691784
-22.59946727532046
-22.583065163937686
-22.583916878043357
-22.582398196528032
-22.582996743845065
-22.573701266566022
-22.56749535531117
-22.57293184698996
-22.57683134285298
-22.578279390524596
-22.574705863157572
-22.5757279238301
-22.574185623859677
-22.56276768372025
-22.57840173940246
-22.579790920788454
-22.572831413936687
-22.56499052824567
-22.558448568231082
-22.566923729280465
-22.576870770031576
-22.57263902072262
-22.579480143623723
-22.58117118734725
-22.567935058515758
-22.570541309603193
-22.56732152473094
-22.56785729836177
-22.559396346799627
-22.56518833937265
-22.555982738745655
-22.5534974052022
-22.55308788263973
-22.542046204559504
-22.537276113186266
-22.545400575822317
-22.5462755980479
-22.536810056983565
-22.530259186948708
-22.536285498424213
-22.5278476410413
-22.536976015628934
-22.543993375718316
-22.540041527437758
-22.53946915321518
-22.541044656920462
-22.544713232858538
-22.53887112225256
-22.539705333375515
-22.53678454099787
-22.533711792235817
-22.543211821851216
-22.554459676323365
-22.550366171139128
-22.554150339663174
-22.56144153877425
-22.568752501879253
-22.55607195717797
-22.554210428519912
-22.559505324704734
-22.56534307042237
-22.557948161171144
-22.560042738741295
-22.55061363198703
-22.554451341319606
-22.549016698858775
-22.55553714417016
-22.55968137924678
-22.563089942003852
-22.56278099075309
-22.54753506306376
-22.557620947797837
-22.557490128764393
-22.56987561682397
-22.559428586071338
-22.561642721521707
-22.574928135266546
-22.571137534606265
-22.568494281798735
-22.564991075574905
-22.559041486727942
-22.54828618395302
-22.53950358635452
-22.541647916825195
-22.54367374319645
-22.548622228136004
-22.535239768972115
-22.53863476594314
-22.545593929489517
-22.5488524063948
-22.55386142286229
-22.552399637732943
-22.552539473503384
-22.5486799983991
-22.558116807272736
-22.563369105145625
-22.562942550514773
-22.569157664730362
-22.556726549495767
-22.56064557119295
-22.551606659307033
-22.54712000331215
-22.55215092812638
-22.553613284699786
-22.55052157122458
-22.537324011383287
-22.541122804490307
-22.55231503462727
-22.549520314785166
-22.542043809373464
-22.545153598497624
-22.53506575832176
-22.5300033345349
-22.538016306477203
-22.537302525728006
-22.532416711879574
-22.542713730227046
-22.540178007554925
-22.538404101780525
-22.533046646816608
-22.53669698510606
-22.53873330530603
-22.530920332886865
-22.53425642531194
-22.543868486982475
-22.55229964876755
-22.53943540714833
-22.536890101815036
-22.55045886378161
-22.551032486121567
-22.541185110090247
-22.543846058410793
-22.55038633877717
-22.54074834404175
-22.538307997547133
-22.540757131891795
-22.53967982686512
-22.55179104380126
-22.552504428395274
-22.547347202587293
-22.54745826164183
-22.545125541681866
-22.547926762146272
-22.55137696902458
-22.541704298311586
-22.542307976733486
-22.54633677835851
-22.541322765983054
-22.537539992283836
-22.53538602789116
-22.533013854778506
-22.550642952803834
-22.545585709156523
-22.53922474656459
-22.53293060787925
-22.52815800939052
-22.540162840188664
-22.53953236696045
-22.53276837924584
-22.52850154929812
-22.53114973824418
-22.51569238933085
-22.513863126846793
-22.520640154814238
-22.522713392149925
-22.518039490308627
-22.53137867921393
-22.54185282235959
-22.54999364844202
-22.551479163019906
-22.55510794719814
-22.549146526144913
-22.554697285795402
-22.556300878084226
-22.543739456273276
-22.545113197106218
-22.564331961642463
-22.558851143424675
-22.55310742860328
-22.54745682787302
-22.548747556571396
-22.536330768179425
-22.529821604259823
-22.523907458012662
-22.51126630075267
-22.51117422570977
-22.51481163744171
-22.513544574784746
-22.512033626349794
-22.510377900962858
-22.52327811089544
-22.5236876490305
-22.52811350220312
-22.514589492343905
-22.519856092801206
-22.52787482653562
-22.536541820068262
-22.54329028367518
-22.54034707743472
-22.548138831178445
-22.544421045082828
-22.545213201302367
-22.536836610811516
-22.536789091681705
-22.53045384544
-22.52474593377403
-22.528366382086624
-22.518480297071882
-22.523519917546093
-22.512404714360226
-22.525051096035725
-22.518276876180064
-22.523311252254345
-22.527909534622104
-22.53136174699694
-22.5318674292027
-22.52962698574797
-22.526494201357096
-22.52718270123392
-22.530459311781307
-22.559464626052595
-22.562369086763866
-22.55775539046787
-22.54755920636604
-22.55437785391941
-22.555235342324288
-22.552218511145053
-22.554203508818414
-22.551081781528637
-22.541918028404368
-22.553679251303638
-22.554341712091578
-22.548680015198446
-22.55371570214711
-22.54530551524812
-22.53641909553644
-22.52836406390863
-22.532652626456837
-22.52686007526869
-22.523188832749003
-22.534517424844076
-22.533606678522
-22.54394934105526
-22.5353532701082
-22.528965343828553
-22.52722692558717
-22.52154692721899
-22.516984272141467
-22.520553131356987
-22.512583284189965
-22.505541201494605
-22.510646170881685
-22.503286531643447
-22.504401198114625
-22.502847029210486
-22.495440379203142
-22.496886059918026
-22.48375501898978
-22.49211791544036
-22.49508098808438
-22.483971771876675
-22.480577343986216
-22.498468771454093
-22.489910695484255
-22.490605335253782
-22.48916515439281
-22.50329738096782
-22.51067630365648
-22.510352924234436
-22.510802441449854
-22.51388596083002
-22.520653462736586
-22.511164333300854
-22.513240627740522
-22.51945208005077
-22.527029234569707
-22.536318090777424
-22.531279139124592
-22.52816309864938
-22.523290575341658
-22.526246790496888
-22.517533378548755
-22.51226413406625
-22.51129474061684
-22.5122748412943
-22.51496471168516
-22.50876532454795
-22.49851544873161
-22.51378302486271
-22.519648021834133
-22.508175267093453
-22.50504139836733
-22.509863511615997
-22.50668189867906
-22.51585101276934
-22.513846789413904
-22.516953576532366
-22.518669306305377
-22.517388210414303
-22.52081317545252
-22.523009227215848
-22.529311848504733
-22.53296488820002
-22.520740308461647
-22.50826026642732
-22.522530829781278
-22.52192131507952
-22.518831897023027
-22.512540369249066
-22.506210448397255
-22.500236673354195
-22.51485780662235
-22.53237979951643
-22.52267882323589
-22.522265385411497
-22.524930593293714
-22.528801582384983
-22.53454014905624
-22.545164943974832
-22.545306499157455
-22.53973757162083
-22.53615892614322
-22.545312038587912
-22.54604426646104
-22.545072683690968
-22.543083303545778
-22.543042104254596
-22.559591119836682
-22.567536884767033
-22.56739057086756
-22.564936865491056
-22.569891033740976
-22.565610930343247
-22.559959327937474
-22.56198166814676
-22.563440107368752
-22.570807166159952
-22.562555340551462
-22.55943698768558
-22.550922506444657
-22.5431680556761
-22.55017676953234
-22.54405262932986
-22.53222792808176
-22.536314458314543
-22.537645397972877
-22.53732070649592
-22.53933092812252
-22.537858068853136
-22.54082715876715
-22.54900939138463
-22.55223865102651
-22.54667554917348
-22.543172875787015
-22.540060870937754
-22.53688756475647
-22.51922918313397
-22.51816035566146
-22.525949106147795
-22.53680308911954
-22.546807841999676
-22.54951455934408
-22.538632783506586
-22.55111118267784
-22.558250753544012
-22.560290718756253
-22.558506477364368
-22.544455948679968
-22.53321376980658
-22.540116609207384
-22.536291868031263
-22.539919811989755
-22.540311862133432
-22.54370169382163
-22.54299329267609
-22.548876279406404
-22.557318536315577
-22.549543738368765
-22.550646870016518
-22.564760267549808
-22.568372262755307
-22.567026956963574
-22.549199748609276
-22.554742956141464
-22.550380254815206
-22.553069943537725
-22.557551275626388
-22.54921446613501
-22.542213730428998
-22.54902473095223
-22.53690252146959
-22.52207274660745
-22.516285447913397
-22.512213982788655
-22.504628483553525
-22.50115039863545
-22.488930651055338
-22.49250411389603
-22.50472973466585
-22.514891328596452
-22.51423892165745
-22.51836296176154
-22.51324060110055
-22.506123140423558
-22.507706807948125
-22.525715567561807
-22.51578207312255
-22.51773749367071
-22.52777776193382
-22.53559680870941
-22.534079524418296
-22.52715572998283
-22.52539424724574
-22.5161401768899
-22.50787880929832
-22.504616265085524
-22.513852748099513
-22.50793537450959
-22.51133281595363
-22.509247627157183
-22.51546692445347
-22.515315590274835
-22.514332719030453
-22.52002524677842
-22.528224284137227
-22.52005368737297
-22.529680833024724
-22.524015035482872
-22.544243149826087
-22.54652873124715
-22.544972682257928
-22.548347256592795
-22.551434566069155
-22.543828508250886
-22.55327401517657
-22.556012732212555
-22.55333695344631
-22.55546106457001
-22.545637736161556
-22.54116059351187
-22.531505300784204
-22.538674836237853
-22.540351827902835
-22.541885018091495
-22.548138106396433
-22.557082510777832
-22.551845428768026
-22.551992776392048
-22.552133330654193
-22.546207817738647
-22.53253501171255
-22.530451944258825
-22.543814073636035
-22.558245400547662
-22.549529551383383
-22.5601233748851
-22.565740050818086
-22.565289769795097
-22.567925907383383
-22.572035941188158
-22.56967392227578
-22.568944353071945
-22.563059417266203
-22.56458938856146
-22.567446274276698
-22.576676068587535
-22.571936759161122
-22.575316854913957
-22.57941433385014
-22.56627668515952
-22.569223530698164
-22.57088617607163
-22.57814093216643
-22.578906472707676
-22.570214479584884
-22.577076167469222
-22.58321595647834
-22.579461181527403
-22.581659615207016
-22.578842125054813
-22.57593236669286
-22.56950994426875
-22.562379365074456
-22.553478985792328
-22.54906948002578
-22.543824835135624
-22.54396326792873
-22.5404268540576
-22.547114479496273
-22.54476498433108
-22.548937848780444
-22.556726995109745
-22.555029092609537
-22.555001649862316
-22.566735244493824
-22.570195440713846
-22.562610442511705
-22.561202195561243
-22.556239343390402
-22.566170489905925
-22.57428383560845
-22.57619626568269
-22.585631695609056
-22.575282767633993
-22.557884203528733
-22.561982412115867
-22.570663279034502
-22.569099342795898
-22.565021716453323
-22.555913770598973
-22.55839347072663
-22.55273489702198
-22.553861932619178
-22.54358920528125
-22.543318445350106
-22.54286233885156
-22.544682075709506
-22.543942925010295
-22.546268368493966
-22.54425277969808
-22.54844964444975
-22.550758855186498
-22.552875041346358
-22.565405130868776
-22.561805578592686
-22.565561511243434
-22.564508958866718
-22.560200523917594
-22.56193392655288
-22.560881996117708
-22.5667400529744
-22.581457524070206
-22.579139657452817
-22.577591065851042
-22.57002653406116
-22.558425966799273
-22.541211015804603
-22.532972610350182
-22.532958480253555
-22.53634485061585
-22.529839862509256
-22.53623043998701
-22.54793530903644
-22.544170477539357
-22.545601163447554
-22.539714473885784
-22.554207499639254
-22.542844687604003
-22.538985733643766
-22.53444151711515
-22.533231630668404
-22.531241739399213
-22.541220155157873
-22.535169119895798
-22.522444706523874
-22.52281092209767
-22.54765558019727
-22.540524427132492
-22.546186942470275
-22.550917981587617
-22.5546682722782
-22.55489273997185
-22.550942000246703
-22.55069947011286
-22.536377838932687
-22.530473487953667
-22.53549822828903
-22.535232043030618
-22.53221599451063
-22.548020669910816
-22.54355999958052
-22.535488770532762
-22.529814024276355
-22.523571298371614
-22.542869257698577
-22.542809162749005
-22.539751770299894
-22.53334460423803
-22.538099312307825
-22.5367866306885
-22.536441734607973
-22.533549238890732
-22.527051323626313
-22.53059574502268
-22.521917055564497
-22.532989846551228
-22.53486383356937
-22.53926129936392
-22.534177921625634
-22.532315577866914
-22.535811288823574
-22.542033111983145
-22.54289620215707
-22.527940177906476
-22.536004330789495
-22.547698386540418
-22.540172821814117
-22.530087880814282
-22.530719454150976
-22.518502869985962
-22.518780349666635
-22.525505739229764
-22.518261353386148
-22.52511744803066
-22.534723283549134
-22.542563886522206
-22.54745572878892
-22.542709775166113
-22.553315822374362
-22.54156963912582
-22.53448471882147
-22.553854149936264
-22.55705633798022
-22.551406199396183
-22.548322984565765
-22.540515403717514
-22.546932194268933
-22.553175296731943
-22.56069435760096
-22.560311737708275
-22.549220543431247
-22.553173589835364
-22.56159796110166
-22.559388412070987
-22.56325648180203
-22.566293062430056
-22.557963434605682
-22.56330304076894
-22.552799179509424
-22.554803472182122
-22.554609783337447
-22.556912426869516
-22.561523639112934
-22.565005756623567
-22.564145543100107
