44.0
43.876425419491525
43.73151082621101
43.58107450337162
43.41413945162588
43.23063866051511
43.03523597134675
42.825634422928324
42.60583900190475
42.37865322966206
42.104209479119305
41.819958897933546
41.49440677574522
41.14270682544427
40.74810693180944
40.3492083836342
39.906893096691824
39.431288274273875
38.93562956162386
38.397470103184844
37.82421541982276
37.23054230340427
36.569503196631395
35.857582803008206
35.11635937481043
34.308954910085994
33.46764667869897
32.57019248688033
31.66443000813398
30.70086853804184
29.700152412008688
28.679866774711016
27.60849139635846
26.509405781287647
25.38130300388197
24.244281171483788
23.046991986305095
21.845497470363135
20.65252588109938
19.411018887075866
18.170165178182305
16.9458478604024
15.725312260943541
14.472650962186316
13.255309331232183
12.067212818129848
10.899402707831449
9.724116161377305
8.594366994377307
7.467042168965514
6.354848514733711
5.280210254528476
4.20380767732043
3.192495220642511
2.179269375391902
1.2236408920934807
0.29594134168509106
-0.5640935136130868
-1.4310067015962658
-2.238926342095598
-3.0092254294828296
-3.771303644835182
-4.465216331002522
-5.132287451605046
-5.775866483600284
-6.4117537446885775
-7.005608002433474
-7.556488899439482
-8.108175774673912
-8.637408043620791
-9.112083850765933
-9.554963577280082
-9.989928317783862
-10.40842128256684
-10.780879477878724
-11.129507407115579
-11.453565808837006
-11.794466207832563
-12.118521139417062
-12.40432997025714
-12.685424319913947
-12.953861112135714
-13.193048218522561
-13.426898491707739
-13.632304164540676
-13.846588018960183
-14.025616163001644
-14.221044274658878
-14.395265255782663
-14.563424604427299
-14.717700762605297
-14.87544075997608
-15.013911153952535
-15.144577013417159
-15.260234315134394
-15.387649185438764
-15.494221699582868
-15.604260690746413
-15.713260311560537
-15.820052923171145
-15.900878627109424
-16.001975683119035
-16.11318949510301
-16.195731968418702
-16.280547008926828
-16.362255913259364
-16.45015013675293
-16.515215656750726
-16.593656561601204
-16.65970457397957
-16.718475826206927
-16.793803054949258
-16.85171355909107
-16.909774470547227
-16.96682498960532
-17.036859848689133
-17.10322761626795
-17.158101521939994
-17.217954804057115
-17.266324549773646
-17.307761871858183
-17.349466037755118
-17.403151024872123
-17.44546462146611
-17.48894365552956
-17.523214592997185
-17.562882433671025
-17.611987707179498
-17.644506205289975
-17.680126624903796
-17.713691066734643
-17.74850193235582
-17.78496698546614
-17.821572896014093
-17.851971687848046
-17.878473671011502
-17.914509557507596
-17.95150090808022
-17.979615222018335
-18.01283329804274
-18.041608493091346
-18.0640929944714
-18.0935926860779
-18.114344422569147
-18.132476998877394
-18.150380642016632
-18.16872892429444
-18.195798082363325
-18.221605552992262
-18.248710055606658
-18.270233483904946
-18.293840659541136
-18.31723675337694
-18.343668045953812
-18.36559713061404
-18.397338583454097
-18.415748487898835
-18.43104000040801
-18.446189552213824
-18.46252861717148
-18.4889586169981
-18.503689984713468
-18.524380866622526
-18.546699071369144
-18.56956922283028
-18.59166794945143
-18.61187054784714
-18.613342980205633
-18.627523605030223
-18.65607193154789
-18.66703467294735
-18.678870277180884
-18.698441866190453
-18.70924693930488
-18.7169731660421
-18.73632544724228
-18.754369758039417
-18.771229303020753
-18.787685435569543
-18.79762692337921
-18.811030577693206
-18.826365256568376
-18.843240020024858
-18.857870308796233
-18.880186231516166
-18.90161165927771
-18.924127106799617
-18.940540135967808
-18.955790846191363
-18.967674388673068
-18.985820771131205
-18.99656076718596
-19.000799102915373
-19.01050563195552
-19.022127091980085
-19.030545785330027
-19.033117577309973
-19.040260326418338
-19.049727308150377
-19.072633445510125
-19.076690076769356
-19.07922764475053
-19.090204836006134
-19.104841480488087
-19.111758347806894
-19.12646893247229
-19.133696182737634
-19.145050001256504
-19.158856442122122
-19.1641766936237
-19.174113533536566
-19.185181937926775
-19.198869484916305
-19.210065070710083
-19.238040040356577
-19.240783772264816
-19.245809223470985
-19.25067378237886
-19.2605926305929
-19.27555360187775
-19.280345697448283
-19.2914063846094
-19.30462822221344
-19.3244603809805
-19.33296529686615
-19.34367502795846
-19.356978439488167
-19.3660038135931
-19.37853708379509
-19.393953427819664
-19.407053050081206
-19.41647170122805
-19.423595565964483
-19.43475193493801
-19.448093631191586
-19.46272865654688
-19.47004760575007
-19.47923762860643
-19.488882148755735
-19.495220151720762
-19.503973013426098
-19.515091109323794
-19.52239916198226
-19.53380198637455
-19.54476619007931
-19.5540537226077
-19.56212540015948
-19.56657504518464
-19.57040974471869
-19.571430617658283
-19.58503694907755
-19.59407457546479
-19.605484781489697
-19.61161962258251
-19.620491895618482
-19.633936629706486
-19.643292864269263
-19.656034488899582
-19.673411575837484
-19.685655188931225
-19.68411791818203
-19.68807264188527
-19.69711411825036
-19.708119877358
-19.725086025373628
-19.72841702615136
-19.735507477183248
-19.740125342177574
-19.7519148806589
-19.76875717623402
-19.769533088173432
-19.77823550565398
-19.78073801768196
-19.7971024179297
-19.800945889690695
-19.81122457440976
-19.816248285067836
-19.820092644797803
-19.827306494345155
-19.835475307360714
-19.85171868060492
-19.86837718432339
-19.87182760427635
-19.879308609438638
-19.882884586009038
-19.890742262750035
-19.891104763516793
-19.892655144062484
-19.901728486933994
-19.906213994694163
-19.916616374241787
-19.91611229250754
-19.920673501750862
-19.92949161288025
-19.934619776775666
-19.94476261942642
-19.948687285218003
-19.95419572285254
-19.965290293779976
-19.97179805398878
-19.975208775363917
-19.98307208025969
-19.987339577316227
-19.9958824518932
-19.996962452084922
-20.00810610783528
-20.017703669432354
-20.02717698987152
-20.032933616759355
-20.042827732322756
-20.056128652563878
-20.062708131465136
-20.06267118144748
-20.0790859764
-20.088980549674915
-20.092108645413866
-20.094748414917188
-20.10607498489753
-20.11941748632529
-20.12556777339491
-20.124251610745567
-20.13511480166471
-20.13971619424544
-20.144997163330718
-20.148233165637606
-20.155846047561656
-20.163183885018878
-20.163576686013595
-20.175294636102237
-20.18214217747472
-20.185317501877265
-20.18877444448898
-20.18736612111616
-20.19182719440461
-20.19495697244404
-20.199115205249097
-20.20395670612204
-20.21313821833186
-20.216745839642012
-20.225742415076333
-20.23223490160114
-20.244135721404582
-20.24991122735588
-20.259668732063577
-20.264105372520486
-20.26647400841621
-20.271661544108824
-20.279047387905972
-20.279765876599996
-20.28663612030769
-20.297804774469174
-20.303038562467606
-20.30844765454877
-20.32140584144762
-20.323256476673226
-20.321659845802554
-20.329035917849808
-20.334919293225088
-20.33873508277507
-20.339815997531655
-20.343626173010087
-20.34268519813654
-20.34591988831483
-20.357645304981926
-20.3606866375998
-20.371426938273668
-20.37388392312877
-20.37236544454041
-20.376669124110144
-20.377832286067733
-20.380956200576602
-20.389550271057978
-20.3965570412744
-20.3877034438959
-20.391749261409014
-20.407289576729756
-20.42059435129147
-20.42869819285861
-20.43617890509693
-20.43809381881295
-20.4407423775333
-20.449146308183998
-20.448457237841406
-20.451787271226134
-20.451589381239263
-20.455915060854455
-20.461968194425403
-20.461352271425795
-20.470210302475724
-20.463297543574907
-20.47251583363463
-20.48505102096677
-20.48570661276078
-20.49352927877258
-20.502547846837484
-20.504791841837985
-20.52194593611451
-20.52765073799145
-20.537801957882092
-20.540414759979363
-20.543217439736946
-20.554017333956807
-20.560429355301157
-20.574599221095006
-20.577012180578738
-20.577595877888385
-20.582473149580704
-20.58083395671415
-20.584849817944665
-20.591603100103633
-20.611810895115333
-20.610533521019445
-20.617494226551475
-20.62559861873165
-20.630385762238813
-20.62752390025952
-20.63170059739345
-20.63908575113787
-20.647703139453206
-20.655542740004567
-20.662243629830268
-20.662387737518046
-20.664749670546627
-20.6693198222417
-20.67485153755367
-20.686609468371294
-20.68536497858039
-20.69513729647462
-20.69816306181734
-20.701626460541526
-20.714418444187004
-20.719196737052698
-20.729865414639743
-20.735865745361547
-20.73968296862342
-20.736436195171375
-20.736669097821828
-20.741576980618856
-20.745695465092414
-20.754693285258956
-20.769947048355718
-20.771006802081583
-20.77749145602147
-20.784116193705643
-20.78779743303241
-20.795830813216206
-20.79602741686587
-20.799432006945743
-20.807911394519525
-20.809885741104488
-20.810839592003422
-20.813075035520338
-20.812005971677348
-20.81600595879137
-20.819059767173215
-20.827105357113496
-20.82920941718174
-20.83233742078656
-20.833530034040326
-20.84169546026153
-20.83997768289382
-20.846886848163734
-20.847759405556378
-20.849226495740854
-20.843937187572468
-20.857064261004307
-20.86516472423526
-20.866313567274567
-20.866842445828162
-20.872416304388704
-20.87449298416755
-20.87852169103528
-20.881717001714204
-20.888381259552318
-20.893320139669918
-20.902791890039712
-20.9095403310253
-20.919878418654704
-20.923191863774665
-20.93928997312712
-20.940837617421238
-20.94286873438544
-20.948299865506023
-20.96083332969024
-20.957957669845246
-20.966209470380765
-20.982287069743577
-20.98732260884329
-20.989393654573067
-20.991414488441666
-20.996486489881576
-21.00133433371234
-21.002886325688273
-21.01359410377341
-21.0196582171652
-21.02521473804404
-21.029992762106406
-21.02935567779456
-21.049357689256823
-21.05086947571621
-21.05892743925311
-21.060002040256027
-21.060951732736743
-21.05924051412473
-21.060599448350164
-21.059625100802215
-21.059740311584235
-21.060853143336278
-21.069810121318806
-21.068163830254402
-21.06482802323926
-21.072635952082592
-21.077970789140863
-21.071926481611705
-21.081231871583245
-21.086645081442718
-21.087891514440066
-21.093958920255723
-21.09727492682464
-21.10064937054812
-21.111798536847058
-21.12042306541521
-21.125971821892936
-21.139411993989754
-21.141855983860513
-21.148178302191095
-21.148773866313512
-21.14449402101355
-21.147033959524684
-21.149915531858138
-21.14963072334166
-21.149527283384913
-21.163359736829182
-21.169692487762227
-21.17172324186231
-21.176980719991747
-21.183771764225167
-21.194561441276296
-21.20951296741854
-21.211164171958703
-21.21171375929014
-21.21421305647727
-21.218271665190397
-21.2293811831985
-21.23171657529288
-21.235094974546676
-21.235935881039687
-21.248906153018595
-21.245135885445247
-21.24244796654584
-21.254285152553503
-21.252404845465566
-21.257387347961778
-21.25800786871513
-21.267623315967633
-21.275786655140294
-21.285274434107993
-21.29098398928683
-21.297321328567772
-21.304835545724597
-21.30573272301758
-21.303248665723384
-21.298090927312643
-21.30564531936127
-21.314348056691532
-21.305420715820148
-21.30716038808998
-21.311236555408176
-21.319929701857127
-21.325958344917577
-21.3289898266646
-21.330460842784415
-21.33731058172404
-21.33266710166682
-21.342530451589226
-21.342645004936692
-21.34244001199553
-21.350039130073174
-21.352531203835078
-21.362904355933047
-21.3649639790104
-21.366069729207084
-21.36925447242882
-21.37476482242794
-21.375074606844322
-21.37130540896754
-21.37305202944578
-21.381501488762286
-21.382505190104467
-21.393294308077923
-21.402629900835734
-21.40141569149819
-21.40277039595165
-21.405469404788963
-21.405556389582717
-21.411848255787756
-21.417517059271564
-21.422655897905255
-21.42821928015216
-21.43292209367122
-21.43816675736808
-21.43285563222332
-21.434481832326725
-21.43668054178514
-21.447593501809727
-21.441168668454953
-21.441206094649853
-21.441612406412276
-21.438518450419686
-21.44273289891324
-21.44342453731791
-21.44752776019031
-21.454440136091034
-21.461170037151806
-21.471042161314028
-21.474788246946666
-21.483885486928866
-21.490441204907857
-21.485879465968534
-21.487798160241727
-21.49710519741879
-21.498293131281095
-21.50793777887079
-21.508329278058916
-21.516698995033334
-21.520173627658075
-21.519639316794873
-21.526286083562827
-21.526519208451777
-21.54290131449094
-21.55135384996279
-21.54575991100111
-21.550919672278578
-21.557700852391328
-21.55876325338649
-21.559444909412957
-21.56206906337896
-21.55827331269259
-21.5578052322546
-21.555141646339003
-21.558352791897033
-21.56106908993331
-21.56439770521242
-21.56926679181754
-21.566630883872683
-21.578947103954096
-21.578981658835406
-21.586405086488032
-21.59139834410608
-21.60102175090923
-21.61175283032612
-21.61198696210111
-21.611061827770463
-21.62156407204984
-21.63315360316122
-21.64455782816102
-21.6476059416126
-21.651180431090715
-21.660448823014836
-21.659451269012035
-21.663931783546616
-21.66477411686661
-21.665710068307803
-21.664339874208917
-21.664653023997616
-21.6770095748836
-21.691687194269967
-21.688775014194103
-21.686311541464026
-21.686354461973448
-21.69506066631263
-21.692584116671238
-21.691689175891316
-21.693156133396144
-21.69609023419858
-21.693247324227663
-21.70180312647765
-21.70266809085999
-21.704374220030843
-21.714161032537696
-21.717796391417938
-21.72203335940466
-21.72540055591688
-21.72448207873231
-21.725581380530777
-21.725313113674275
-21.719150691942726
-21.727835977489853
-21.732611092969208
-21.73802219991874
-21.734958959685063
-21.734888066967468
-21.72662722976481
-21.733727638751564
-21.736555990206384
-21.74650715548426
-21.749481315848023
-21.74463805140371
-21.747269890513202
-21.750702990222035
-21.746983752102647
-21.749815499979153
-21.755152883543946
-21.763060998519666
-21.759619985731455
-21.762994745618254
-21.76187193063436
-21.769818332547242
-21.76868463680281
-21.775869575884844
-21.775994683314657
-21.784671958752174
-21.787363674862068
-21.786811790540987
-21.785718330004883
-21.785142795443395
-21.786661628760857
-21.790441646121714
-21.80119831292409
-21.80794300074664
-21.818864836160895
-21.817562408292307
-21.82620215141623
-21.82534952751476
-21.832995937084913
-21.84591050809806
-21.846052275778902
-21.84838845223588
-21.852144000081687
-21.841555091295778
-21.840027776812178
-21.849907081608013
-21.85133472076781
-21.851117774707625
-21.856790589353253
-21.860536720285637
-21.863790537879325
-21.864271175501617
-21.864659675368827
-21.864962121942142
-21.865036428977206
-21.858880305291358
-21.872108982482906
-21.878511311627342
-21.874337469476693
-21.88339512486129
-21.8830113767852
-21.886748494739496
-21.892266240779932
-21.898392008933516
-21.891840629134037
-21.89464191099001
-21.895821826515856
-21.88941200858605
-21.886421962245958
-21.8908905504691
-21.893019090982534
-21.894581048149327
-21.891396261609756
-21.890082988351995
-21.89151229976476
-21.892447620995792
-21.89555332823252
-21.89554081821362
-21.901589557022394
-21.912623817274525
-21.918091339898638
-21.918108381155704
-21.92262142700235
-21.93084633786266
-21.928074246634335
-21.929508591303208
-21.927517260976785
-21.92561849699926
-21.93144435994446
-21.93497353457066
-21.945408764608004
-21.944626939146257
-21.945488572769005
-21.948929487965238
-21.951774391373927
-21.955760857347588
-21.957498045637514
-21.954700229230735
-21.951803975143264
-21.95960550036451
-21.956342710524765
-21.953113502461427
-21.946554479006636
-21.948115308925637
-21.951479166383415
-21.95557060949302
-21.96244976812419
-21.959930455213122
-21.957890337576043
-21.96023773217989
-21.96234221374328
-21.972833807452474
-21.972738672747855
-21.98270149958494
-21.992885957125946
-21.98777508013465
-21.98654418662347
-21.998139719372332
-22.008206186498448
-22.00658526876864
-22.015626596293423
-22.0182198097211
-22.01023577810634
-22.018257173154367
-22.01915356528088
-22.014846441052423
-22.018517680479835
-22.017445785269334
-22.010920523447478
-22.01501054433386
-22.011460846591625
-22.02009201986338
-22.019008213088853
-22.02341373304239
-22.0251273153306
-22.032252367269834
-22.04275672282735
-22.041185561135755
-22.038631972393016
-22.04187849118695
-22.042666339200647
-22.04218566419562
-22.040415479508265
-22.04124238920417
-22.05133485793113
-22.057176469596264
-22.054866268618674
-22.048022665950906
-22.047744878949924
-22.048947956329773
-22.05548481528477
-22.06232510017382
-22.073351771367307
-22.07889225101563
-22.0794906814715
-22.07865122478475
-22.07582823597013
-22.079127833523135
-22.08206361552501
-22.083328536071626
-22.087119133634506
-22.0777434660663
-22.086981037222678
-22.08705738814177
-22.08913106447461
-22.0867934995094
-22.086288099579864
-22.093558904555156
-22.094664498876092
-22.101574899788645
-22.095568999909347
-22.106524440311542
-22.116098719564214
-22.116049314347393
-22.11000976468348
-22.11322577414602
-22.113324845342355
-22.110411848224032
-22.108634836510785
-22.11185582091288
-22.11555236285434
-22.119713733927558
-22.126789071394466
-22.12802594858708
-22.12615666399792
-22.120831950989956
-22.1273189056303
-22.13004617813311
-22.129586739625083
-22.128298603516434
-22.125193513828766
-22.123312819242585
-22.130634470424862
-22.13034249178292
-22.12509711634446
-22.125625492507293
-22.125211601158288
-22.126695110974456
-22.125720838189682
-22.131870816712844
-22.129560427534347
-22.130888484709192
-22.132955432742538
-22.136494725781283
-22.13728691158468
-22.135150625279334
-22.130797590896748
-22.130551569053324
-22.135246757245632
-22.129853486450656
-22.128004863747535
-22.12444153968072
-22.1311294667541
-22.132595817960645
-22.133672255133284
-22.13870876231631
-22.142210940287157
-22.14652908020905
-22.145794571735625
-22.146188436095454
-22.141063481915527
-22.14287955928511
-22.146433154274945
-22.146247036165914
-22.150285951303974
-22.152295378778298
-22.154828768149194
-22.147694518649324
-22.147806352128832
-22.146194902129583
-22.161148434072572
-22.163546815731653
-22.166090374657614
-22.172249909096838
-22.17256362951784
-22.182034955672524
-22.17816117129159
-22.17352526979003
-22.17600716333047
-22.176225420840446
-22.175634387031668
-22.178545605088434
-22.184254426903998
-22.188466880937543
-22.187471217864744
-22.19166633426465
-22.18739613838173
-22.190482919592835
-22.19381895589442
-22.194278675188663
-22.191156553886657
-22.199088537085917
-22.191613574466007
-22.19351537419043
-22.19841627136143
-22.19486313735269
-22.196327858877787
-22.19555167986686
-22.18812532528185
-22.19206866407275
-22.186029704568732
-22.18286258343297
-22.187599710349048
-22.195446806161375
-22.20311251203312
-22.194588924733704
-22.204517677998535
-22.2158031107849
-22.21055477118832
-22.20707815352599
-22.19408287277671
-22.203550568019697
-22.200571986588688
-22.20009484380462
-22.19996571727949
-22.208160970774227
-22.204573208076113
-22.207955465553265
-22.20391108668055
-22.20576340830365
-22.20252198648007
-22.20313109322761
-22.199055493065345
-22.20280274402831
-22.216202018560864
-22.215363915304334
-22.208221742082564
-22.212969859492322
-22.21962326040431
-22.215868819032487
-22.219235449332206
-22.21558458179316
-22.21858787175361
-22.222560284729816
-22.225763622673433
-22.225233813119218
-22.2260214883106
-22.224178200303783
-22.227704307260936
-22.229253594907302
-22.23956871635377
-22.247154170518073
-22.24410498184813
-22.24871415055333
-22.251627461525313
-22.253156765464176
-22.251479376702164
-22.2486164560571
-22.254736915270417
-22.255039073260246
-22.252663859884073
-22.252575303309488
-22.26004837722205
-22.257270666688758
-22.260443384477355
-22.26986787813466
-22.270264689637923
-22.272344026719875
-22.27616412524617
-22.27598016583691
-22.283580552408033
-22.291281893108238
-22.28493120072402
-22.284703836150438
-22.285020209664832
-22.292902087518108
-22.29448002321532
-22.29588025607488
-22.29779141206327
-22.290124827294008
-22.29493212147392
-22.29771813926338
-22.30214382001531
-22.295425793476557
-22.29840218576292
-22.290167172360597
-22.293421359812044
-22.295843682831432
-22.303055777126975
-22.294148698384436
-22.295350866966
-22.294857245129844
-22.286597931384573
-22.295712536287503
-22.300876698995392
-22.30849255306195
-22.308718795787453
-22.317013297578256
-22.31388588552639
-22.3208044136449
-22.320065904716074
-22.30891787068812
-22.31452846820385
-22.319111394294854
-22.323244440828862
-22.32691896422639
-22.320314855688434
-22.32211854090357
-22.323405643950785
-22.318733387737954
-22.32651830759894
-22.335526704908123
-22.335280786186424
-22.33919263046527
-22.34207382706618
-22.341454686114172
-22.334458550557706
-22.338563824090834
-22.344034183402176
-22.3487186151494
-22.350547024646414
-22.348250835067002
-22.352322452840568
-22.352838165322645
-22.35515290839469
-22.35702590109169
-22.363277839802333
-22.367920967187786
-22.368291028854035
-22.37554580681054
-22.371503361499247
-22.374432230962675
-22.377764531893632
-22.37147416595844
-22.365614032032592
-22.35787678021827
-22.35789919293866
-22.349391782450212
-22.348861331206514
-22.348654687016413
-22.347797495831806
-22.34664683708316
-22.33708689092032
-22.34551941987519
-22.34364602133138
-22.337074570422473
-22.337668434101236
-22.33842494095005
-22.343528831672284
-22.347879785183302
-22.346393487419974
-22.35548776246775
-22.35211090129491
-22.340003255844003
-22.338205175748556
-22.34013512915187
-22.335563450972543
-22.33733840250025
-22.34924676665807
-22.36161653618124
-22.360850764948587
-22.36316949927041
-22.36338818692606
-22.366733919903865
-22.366664962509162
-22.38176215525115
-22.385459706439807
-22.384314031221844
-22.385924257055862
-22.381375395857948
-22.380640004103583
-22.38119511451264
-22.38042357723633
-22.380571760592673
-22.378506813236616
-22.37817645044625
-22.37075803366337
-22.371738401083135
-22.376606184517847
-22.38436438598914
-22.377964467606503
-22.376180260760336
-22.371329787987076
-22.376942226534506
-22.38146200741648
-22.373845033153163
-22.357955236858285
-22.355219213399074
-22.341681430325032
-22.339507474568112
-22.344326672753215
-22.353723586746707
-22.351740973023812
-22.35104824676203
-22.35934818100118
-22.35549920186704
-22.355368459532563
-22.35035462318986
-22.35382982055154
-22.359156177570224
-22.368181832854013
-22.37661236769488
-22.38238752858597
-22.378432880698526
-22.377796154920922
-22.383648806166082
-22.392159017526374
-22.395509793155625
-22.393952901038286
-22.399091991467543
-22.40066088248775
-22.39500274589379
-22.389438231846057
-22.3860543912058
-22.381087409051464
-22.385424994838584
-22.385725622567588
-22.3906865514612
-22.395164205055863
-22.385801327224105
-22.375069895116198
-22.385231400143095
-22.39161395603295
-22.394886906841233
-22.402652603579376
-22.40716913713217
-22.408669915900568
-22.41409777604307
-22.410127132062502
-22.41548811159081
-22.420071691797197
-22.42184916215499
-22.411600577715983
-22.41637783697796
-22.40878411668654
-22.409524800841464
-22.41305823129385
-22.410407318789172
-22.410730935210555
-22.408753913406127
-22.41877016916653
-22.423860330913154
-22.424674423168224
-22.431231862725998
-22.428956944883264
-22.427833062837593
-22.43420250083758
-22.436416046175793
-22.437013433594554
-22.432648316338447
-22.426201380319377
-22.425357519642265
-22.420302748968847
-22.421149252980808
-22.422267180991728
-22.421583027758466
-22.413064180839747
-22.41028619961387
-22.407528680390673
-22.40973566351776
-22.4153732047901
-22.416072558995232
-22.420797290702488
-22.429196138696437
-22.427371994915237
-22.43045889094027
-22.433853654217526
-22.431308480055147
-22.424388251902478
-22.421322464730544
-22.420655159344687
-22.417584409336808
-22.42636185011107
-22.431825838153575
-22.44237819546104
-22.43390746369885
-22.425232275810984
-22.424817619234695
-22.424905160317337
-22.425684685455433
-22.430220177322216
-22.428675707386365
-22.422828192091174
-22.42055827021305
-22.41218116124035
-22.4120541890889
-22.4145923839738
-22.408905967581923
-22.414213230767068
-22.42192776999203
-22.428545259305803
-22.427248842558857
-22.434879850746995
-22.43302396490116
-22.430842855284222
-22.437880136883106
-22.447493968796266
-22.454250345978327
-22.45523252073244
-22.459288717482853
-22.462928228605392
-22.461889530145985
-22.46636776098484
-22.467561413344114
-22.466164513952737
-22.462282959131365
-22.46302167539741
-22.46034002232664
-22.467439798928417
-22.467029558840938
-22.465486626339075
-22.457550615638635
-22.452919140374668
-22.44897427080586
-22.450882518350074
-22.453876917430026
-22.458706957450396
-22.46137401082916
-22.46236106514262
-22.463450721784348
-22.463280475200794
-22.461802325265833
-22.464485576263247
-22.459114041880003
-22.454342766336143
-22.45618162267485
-22.454522643239223
-22.445053765476253
-22.439497457371626
-22.44261827487306
-22.44889491773477
-22.445582267033448
-22.448516229589604
-22.45356273133699
-22.452371574768247
-22.458731728664706
-22.462904953143894
-22.459115770469268
-22.454319555284744
-22.45765446442623
-22.460134809928977
-22.45683676928753
-22.464966251439463
-22.463655411181563
-22.462601846120123
-22.460894567729156
-22.46141825971348
-22.45955966686966
-22.459601937631177
-22.464247657080733
-22.473457992420453
-22.473233773488598
-22.477213182080646
-22.47104333575105
-22.469745399904305
-22.461916100293188
-22.463421323958567
-22.45936392552016
-22.458081120329076
-22.45411438904628
-22.45309902598744
-22.44990308032013
-22.453194181984774
-22.45705153077798
-22.462024325765913
-22.458318130103617
-22.456006577395843
-22.455717074158965
-22.444865091242512
-22.442393843982146
-22.443667576797758
-22.45035426085699
-22.447301053989282
-22.44538854626605
-22.43665492353987
-22.437883032731623
-22.441135548957327
-22.438304400054413
-22.448736668745028
-22.452608195348905
-22.459897548890343
-22.457239779032108
-22.45414436880047
-22.45841404374039
-22.46384130777133
-22.467955513536662
-22.45854723923422
-22.45009868909215
-22.44726951210486
-22.442803115279872
-22.453511096441584
-22.457157795878445
-22.456975174937956
-22.45355324179824
-22.458271946222624
-22.46338694544509
-22.480609877760056
-22.480631093572327
-22.471253557140844
-22.473807065556173
-22.46401390816444
-22.46138055374027
-22.463824014794326
-22.465462128795927
-22.46240675048674
-22.47283878187319
-22.471530003340046
-22.475053548225745
-22.471738246256997
-22.47803285686929
-22.47948358955893
-22.47430410074548
-22.466106951552288
-22.466674905752768
-22.464428480787713
-22.46068022705726
-22.469402436370373
-22.469439218987528
-22.470515846986018
-22.4682130972614
-22.470406119179444
-22.465188897600125
-22.458072092638677
-22.46289244644245
-22.47042063803945
-22.466248964754016
-22.46334015437987
-22.462537203777863
-22.466931799761145
-22.466132470408485
-22.462737087338073
-22.46494602639371
-22.46309940093153
-22.469259011125718
-22.472917204609338
-22.472733339665808
-22.468557682176264
-22.466164550686642
-22.467521790049524
-22.473782956452023
-22.47551076973368
-22.46398491727888
-22.474418047815664
-22.46711896056458
-22.463729089928908
-22.462917763412676
-22.45930725949908
-22.464762073267828
-22.472494815482655
-22.463159424896364
-22.462979688433247
-22.464405295531094
-22.463300368740256
-22.463547609309497
-22.465317495505744
-22.46410550204168
-22.464266076695278
-22.46678343565044
-22.465549874279535
-22.467593116745373
-22.473057596901505
-22.46748508877007
-22.468064454030017
-22.475027983277364
-22.474461051352712
-22.472985157793122
-22.466601757759793
-22.47257450718511
-22.47369404435256
-22.471957600280952
-22.473669550434014
-22.47666482056164
-22.477861108188936
-22.478041923520617
-22.474543865168446
-22.47502188502313
-22.47635690385895
-22.47970761163243
-22.485393925627932
-22.480004214377846
-22.47516290956756
-22.471855768404446
-22.472148113959822
-22.46407905951616
-22.45603697814735
-22.448902444163867
-22.449364624866096
-22.44399951612231
-22.444921254231843
-22.444624977151292
-22.442631429605946
-22.446428193729187
-22.44974579428726
-22.448993783960013
-22.452662966144427
-22.44787536992572
-22.443700725080177
-22.45131602970876
-22.45304576344109
-22.453545608946843
-22.45744721859898
-22.45808077504606
-22.459037980081998
-22.457413287343847
-22.45387955737573
-22.45873407365459
-22.462784100412044
-22.46399429284448
-22.4600246135296
-22.46209704739064
-22.462664047865907
-22.464924422509
-22.46503725646082
-22.466086150356357
-22.470152483341675
-22.47559550344407
-22.48095771861965
-22.481643552622167
-22.4779478751286
-22.47999542553737
-22.475321437566567
-22.473677753282473
-22.47796828685749
-22.484064767938627
-22.48892080233637
-22.498031718568257
-22.511256286649353
-22.510632691059584
-22.51541193873667
-22.509112882256783
-22.501807481115577
-22.506351408496133
-22.509332055732504
-22.508732121226018
-22.508294138523357
-22.506140920982563
-22.508119035611823
-22.50433123981193
-22.514813663686528
-22.512428104485227
-22.521291152871378
-22.52547290932152
-22.52348933470074
-22.52220934967035
-22.52022941440853
-22.515842856692025
-22.5068692716816
-22.501984635554614
-22.497848741790044
-22.503738007323996
-22.500403777354464
-22.50152725204888
-22.50000790184949
-22.50087313096481
-22.504431106297975
-22.4981637547679
-22.502300510800413
-22.502939275678358
-22.5101386568255
-22.505141026136997
-22.50052524929343
-22.497614674440467
-22.503365067077585
-22.51399223025366
-22.509142295587782
-22.52311457535973
-22.5320332372397
-22.53102944091795
-22.52772574277372
-22.528228381380966
-22.52736059490018
-22.51964577783826
-22.518775061833708
-22.518623499270536
-22.509417401748642
-22.50650721632091
-22.500050807737594
-22.49555485379249
-22.49971078727162
-22.506408833767534
-22.503027510933233
-22.512742455492013
-22.506889160504336
-22.504617656667936
-22.49886984934109
-22.495787970308573
-22.486896949449328
-22.493824250746584
-22.483869935405565
-22.481018802139825
-22.49198443931638
-22.49647667131286
-22.49838915552372
-22.50357592656965
-22.503903017443434
-22.496885074441828
-22.489212426910264
-22.49327145632556
-22.494909702262632
-22.49447650555618
-22.495376529239397
-22.4947160807037
-22.491268108791708
-22.488764687930427
-22.48939056963876
-22.495990100148756
-22.49806728930726
-22.494213184695777
-22.481451655102045
-22.488225929398077
-22.489110238307223
-22.494088909313618
-22.486342488302537
-22.486293060121923
-22.49286018314296
-22.490448846234667
-22.492155782569185
-22.487008270676508
-22.48377498311363
-22.477338393979053
-22.4826329986492
-22.47739871390688
-22.48089325955063
-22.482453085626794
-22.490853737124677
-22.488783996265393
-22.483392819720915
-22.490398626040164
-22.494769772839867
-22.49670753954447
-22.495368795055075
-22.49716843471992
-22.501313711687146
-22.50644010264635
-22.503241843404677
-22.505502691485788
-22.50615563238808
-22.50541559955154
-22.50187337907797
-22.503602942642416
-22.50481461788081
-22.503967391822567
-22.508248224733016
-22.515373243825756
-22.51328481445517
-22.512054751666664
-22.498588178832392
-22.495908155261333
-22.48969542111256
-22.486389585733267
-22.489024629468798
-22.491702206238184
-22.498117527619073
-22.486248865374442
-22.487420812784453
-22.488360879870097
-22.479288733631783
-22.470291829298777
-22.471508309979072
-22.475421709446966
-22.481429830213333
-22.481961807119237
-22.477171463395184
-22.47715162638967
-22.482618939663677
-22.47767920871215
-22.47399747769186
-22.47088518688786
-22.467029300960586
-22.467011271961525
-22.46039858850771
-22.455723207943592
-22.458680115532307
-22.45643220987477
-22.456945795281637
-22.46159602814664
-22.456712543244038
-22.459820107891115
-22.461073937361082
-22.466691060788893
-22.464436560610842
-22.469000602931626
-22.474824948071433
-22.473155333504604
-22.472203586274656
-22.4774098307301
-22.483386743769238
-22.487416462778324
-22.493540326488297
-22.499901772921422
-22.4945437700906
-22.49574303793975
-22.50213016978504
-22.499592192554395
-22.502396969450974
-22.492398353429166
-22.493207649551355
-22.491214529603937
-22.492740977475886
-22.4935384612036
-22.492268138462144
-22.492413497067744
-22.498786981672435
-22.50443415759311
-22.506992295910255
-22.503199360890743
-22.511556400427075
-22.505641080096837
-22.5014141516936
-22.49698807095273
-22.500186536035653
-22.510416346965304
-22.503322937951605
-22.511424917835253
-22.512887269206335
-22.517827823249558
-22.517936847422494
-22.521467392765988
-22.517156645914998
-22.520944970514158
-22.51993902469162
-22.526812439574684
-22.53389054052652
-22.54169597423475
-22.541574451094334
-22.54344977309325
-22.535968984794533
-22.530635078169958
-22.52431497635854
-22.527926082541914
-22.53182747861759
-22.540078556575843
-22.54115255639179
-22.53728975377055
-22.530660085592544
-22.528430906410268
-22.532855834306698
-22.540308534631556
-22.534936229287432
-22.537048317302414
-22.5363036543484
-22.53686587652128
-22.539389406930805
-22.54239977600784
-22.541172428455575
-22.548858479120714
-22.54772298574885
-22.542450570873967
-22.540685337203417
-22.53656294482674
-22.543069816615308
-22.546256266768193
-22.54244460433683
-22.54214532694951
-22.539426264336818
-22.544441009197847
-22.544367898502927
-22.545120878096654
-22.53925929100935
-22.53700334107657
-22.537210537424844
-22.528350447946487
-22.525688823919367
-22.527173517507727
-22.53559047980577
-22.53081883977648
-22.52543550457151
-22.527714263674937
-22.526819740847145
-22.524263676356217
-22.52845983464066
-22.52772717787148
-22.53426819707818
-22.521785179643253
-22.518267255950537
-22.514536057999045
-22.514329257080558
-22.514181224140973
-22.50830451402196
-22.509590776034457
-22.50998854555974
-22.509324226515165
-22.5108368941826
-22.5098608733476
-22.50917094373942
-22.506479724147137
-22.505493054452202
-22.499688936713248
-22.507743264332927
-22.505028022885128
-22.510404861243423
-22.51425986519427
-22.51400690076289
-22.513763969965478
-22.50945057278056
-22.507494822486844
-22.511216570957533
-22.510591724331377
-22.51273917808583
-22.50912911049554
-22.51176645536632
-22.50646540037577
-22.504324396738625
-22.500749784905782
-22.50623777796211
-22.51167979761559
-22.511585731761915
-22.50871258397474
-22.507533993457947
-22.50843843241956
-22.505273555559594
-22.5133792752748
-22.513124021399076
-22.511710096567366
-22.508661901134733
-22.516574829478557
-22.522236500151315
-22.526134317339533
-22.52350919252293
-22.529772962724596
-22.526774755047693
-22.526956320093138
-22.533588898928944
-22.524489442098268
-22.52711967984403
-22.52578859704076
-22.519956414040617
-22.52661164774648
-22.52071347572469
-22.52280308136732
-22.516720780210182
-22.51674941047179
-22.517566359759353
-22.51303005688441
-22.512986127364798
-22.516186377782475
-22.523059053692208
-22.520525791786696
-22.518545420571357
-22.521040764529044
-22.52262084154036
-22.52289922905362
-22.518748456758996
-22.52345343854449
-22.52559470177919
-22.518354399665302
-22.521858445059173
-22.52887331689278
-22.53088667021448
-22.534917835999003
-22.541753417317427
-22.53974701237379
-22.547460999699116
-22.54025952133898
-22.54382715663623
-22.542896687457855
-22.54452841572655
-22.54379870666669
-22.54647104729907
-22.542373843709655
-22.536884516700056
-22.541859778352453
-22.555637785840403
-22.562567230588176
-22.55704717655912
-22.56208400741469
-22.556166343583264
-22.562601622690092
-22.55507384047714
-22.561541289575963
-22.554485333063813
-22.555341340701936
-22.555885103627258
-22.556042144832478
-22.552076863622318
-22.543850641904605
-22.543215187424025
-22.540928859868043
-22.546111059559372
-22.547606193276604
-22.552922925384543
-22.54821488113924
-22.54688955973758
-22.55110872823005
-22.546186085219528
-22.553398071111417
-22.55419080068622
-22.553118464447348
-22.55361385402013
-22.557936369692126
-22.561561312939304
-22.55551894860369
-22.55192532058383
-22.542538380041726
-22.538830730213053
-22.53939250835804
-22.549864031469923
-22.541638691739355
-22.53700655498018
-22.53410473187165
-22.536505229618065
-22.536061912048584
-22.535820477407686
-22.533454256540313
-22.532072808791447
-22.52742862007563
-22.529502855634632
-22.53572877091753
-22.531426716295382
-22.530480042049177
-22.53316570225742
-22.534597614180377
-22.53483338366002
-22.531912564736082
-22.528899472732803
-22.527492353326377
-22.529488443824317
-22.538905279775875
-22.549973316837775
-22.54919183562176
-22.537466165471752
-22.534397851979183
-22.537043259338176
-22.540500227995693
-22.54538893707704
-22.552137088412266
-22.54563529540397
-22.544299778064946
-22.546461940827196
-22.55088196084507
-22.546398984218193
-22.54641455451503
-22.547628967695978
-22.546410914826822
-22.540992636091737
-22.53712312668481
-22.5396865313913
-22.541145398938426
-22.542386859497768
-22.536870737988465
-22.53554414222923
-22.53394310604991
-22.536483220050442
-22.536742627820264
-22.536440941362876
-22.532325307067662
-22.52615181811532
-22.52654698800541
-22.52527892455455
-22.52363435628559
-22.518927017900594
-22.522325863186367
-22.524673435443706
-22.530727458554637
-22.526311729026606
-22.532618582336987
-22.53033600166519
-22.530273626599058
-22.52957289231145
-22.524660290751758
-22.528458336018623
-22.531062024142496
-22.538260103145266
-22.531527277259276
-22.532363068496863
-22.533981512098165
-22.535674935702456
-22.534406761252963
-22.52686378668678
-22.518560906550395
-22.518416692455613
-22.52529506614464
-22.516560975004445
-22.511595492429617
-22.50987243557081
-22.510207072684373
-22.509389942510712
-22.51131229752644
-22.51073505652214
-22.50491890564434
-22.507869191579395
-22.51055847722244
-22.50537176845879
-22.50180440567622
-22.50308999481314
-22.51556157574633
-22.515118580849762
-22.51628748288677
-22.517771716575137
-22.512230412032093
-22.509079840880407
-22.516247014893953
-22.52126519634755
-22.52895271961352
-22.534281813831022
-22.531975630804993
-22.531947335503986
-22.541227300649403
-22.54527776004681
-22.550315940169614
-22.549004748910935
-22.543247900434846
-22.55060261793351
-22.55231387126979
-22.562350393607996
-22.568751612054122
-22.563256634811157
-22.561275840090538
-22.56757937665594
-22.56398315529473
-22.551084838034523
-22.55216724121263
-22.556174850695662
-22.55025227687032
-22.548912174321273
-22.55317496768173
-22.54531802150257
-22.536171006801023
-22.538256043011557
-22.5332889740698
-22.537077801121185
-22.539217702130998
-22.538159837215897
-22.534523193291573
-22.534908429829677
-22.53016259158923
-22.536624041376495
-22.535901990975752
-22.53208028709222
-22.53807245019416
-22.53794291246258
-22.534707970649546
-22.5320839790975
-22.53294105397824
-22.530717048467945
-22.538190901371046
-22.542003252887273
-22.55174277517236
-22.548467280848804
-22.549442026415605
-22.546768967051666
-22.543784518954507
-22.541227608908663
-22.538734214024238
-22.543890219800534
-22.543749970108898
-22.530708638789758
-22.536917890770294
-22.543023953528994
-22.542548090846378
-22.5409024488333
-22.539777026526302
-22.540705318624926
-22.53811201844562
-22.530967482026526
-22.527055723772733
-22.53223394895791
-22.53701051268134
-22.531401016575852
-22.534735173067844
-22.53662634282026
-22.5373114104277
-22.5372160439481
-22.533919614002507
-22.531668542744775
-22.52612809977951
-22.52507463488505
-22.52802682545165
-22.53869842274726
-22.537445320492434
-22.543514570007495
-22.547580288741784
-22.552755542126942
-22.549642786796742
-22.542540454598033
-22.541346199723893
-22.54081485540561
-22.538458655487226
-22.534772400677895
-22.52991501339395
-22.525241893916572
-22.52353382467772
-22.521767987751648
-22.521611623661883
-22.51444206362504
-22.52037423571496
-22.520931711093855
-22.521060329085905
-22.52383551057613
-22.525408158517504
-22.530724596272336
-22.5302713248999
-22.528604774081998
-22.5269029853203
-22.526065649790166
-22.518275033271372
-22.516714078828137
-22.51614919524375
-22.522278870221367
-22.528468562024806
-22.52619739234567
-22.527479900318532
-22.53521529225905
-22.538385368575533
-22.540233823917013
-22.5339186831446
-22.532445948792443
-22.531164319728322
-22.527434566680665
-22.532874020123938
-22.526514553411303
-22.51979519009723
-22.51969495835319
-22.52231383102467
-22.524269022613474
-22.521064796384877
-22.52521585739273
-22.523929170995533
-22.52451551726782
-22.525312348196234
-22.526588020125658
-22.52086488832711
-22.522214903002606
-22.512358428423223
-22.50592582938222
-22.50635234913017
-22.510591993199444
-22.511085955458285
-22.51546050538993
-22.51714378066754
-22.514045028068885
-22.516731222336436
-22.518760727286264
-22.518125400450106
-22.51683369267307
-22.513466977114838
-22.508451481114616
-22.518562215183472
-22.515598060384715
-22.515538565543427
-22.516499982142378
-22.524341020035667
-22.526008633029207
-22.524129356207776
-22.524114369568494
-22.539241234582022
-22.540204259025703
-22.545427277966382
-22.546036069305337
-22.54380947803738
-22.53911754040676
-22.546738122402385
-22.542877212288232
-22.53522801936881
-22.5357104605475
-22.537962635346453
-22.53630397687503
-22.539739053304775
-22.549231245187283
-22.543500303538423
-22.548779425844078
-22.544777716060995
-22.544818915393037
-22.539935331320383
-22.535399905621855
-22.532490740273158
-22.529340448692803
-22.525032127113597
-22.533665721508537
-22.53665724224001
-22.543595747539666
-22.542512164609686
-22.545562144022593
-22.54956495275142
-22.54952705126862
-22.544490493070565
-22.545498098792702
-22.546763265774906
-22.54615592870341
-22.544919294803574
-22.54560630444243
-22.546342654869687
-22.541556624512246
-22.54954228396975
-22.549000974834414
-22.552790379154473
-22.548081507682028
-22.54641967550183
-22.542616841811803
-22.544592678263264
-22.539365494894817
-22.541153506085006
-22.534420080654456
-22.540852469462738
-22.535758890545626
-22.539713479559644
-22.539586751845626
-22.540353905271832
-22.543094904270163
-22.54078137087401
-22.5457630931251
-22.540160785600587
-22.534395510503188
-22.537875556645325
-22.539377250099612
-22.54032023324982
-22.54499792653738
-22.541794139058624
-22.544650590787608
-22.554125509011822
-22.557505691055574
-22.55924099350182
-22.55839117650305
-22.555312525105645
-22.552253159462612
-22.55395772557215
-22.557270615402686
-22.5483402676937
-22.55052493618251
-22.555561191252124
-22.557267654876874
-22.565284785250658
-22.569854090858396
-22.58147068286426
-22.57971878022914
-22.575193090763445
-22.57259336751364
-22.577338516714647
-22.584008712322756
-22.58372760294057
-22.58650192624261
-22.58050369172342
-22.577504673447933
-22.570057010700857
-22.575681124932245
-22.577156519092465
-22.576486274048737
-22.569376205246265
-22.56719780683607
-22.56832344450919
-22.564456768668073
-22.562905739111184
-22.555826924429763
-22.55682765646313
-22.562246594540024
-22.55552209849193
-22.55026846745575
-22.548984251017753
-22.547945452719432
-22.55227247378334
-22.55530741544083
-22.553162986623086
-22.55299162562755
-22.553709530652096
-22.556840081988067
-22.560388424373414
-22.562788105984573
-22.570324399713886
-22.57091696080231
-22.572045289414742
-22.56706795291363
-22.561036766584674
-22.569881663289877
-22.56677275901318
-22.559120031380555
-22.553049867768962
-22.544561400719513
-22.547602077445948
-22.537610782962275
-22.5339732366734
-22.534078822331193
-22.541003587545948
-22.536785319976403
-22.538540816437095
-22.536815146047726
-22.54762023484972
-22.555679260905876
-22.55180154892906
-22.54941924757801
-22.55134458203661
-22.54260838448729
-22.538494914443557
-22.54032950068493
-22.54684795527573
-22.546646670094916
-22.545394591612144
-22.556062906129743
-22.555172517666787
-22.551233226817136
-22.54204828760491
-22.5426924266668
-22.541174511286574
-22.539067726806035
-22.541533765994497
-22.54899467772763
-22.54963243736971
-22.547623463376027
-22.548293992856255
-22.551233987178826
-22.54877313629881
-22.546515955173135
-22.543877916934548
-22.551113966769368
-22.548461545257616
-22.546097939435075
-22.545948772362998
-22.549317592150587
-22.553062920698366
-22.553196033080198
-22.545519896963768
-22.544873280110227
-22.54162939216259
-22.546856176531403
-22.546068401316372
-22.542661922509577
-22.546652408033367
-22.54662698203493
-22.549060767568378
-22.552283397364942
-22.555718911974378
-22.560862257585413
-22.561761057716
-22.562338524521813
-22.55788511396991
-22.560976500443733
-22.55426717721377
-22.55595674919486
-22.558559105503004
-22.554085522048236
-22.5589362882469
-22.56258791388085
-22.560536441963364
-22.56380908392811
-22.559227183039013
-22.568323567051145
-22.562898776421648
-22.560204890142714
-22.56367439948798
-22.570489142074784
-22.5778463716954
-22.58937101725079
-22.58695774239782
-22.584814441903948
-22.581715843220977
-22.580484730148967
-22.570618463924163
-22.566624863675763
-22.567042338306614
-22.56519390884927
-22.568000814821318
-22.573676662570904
-22.569682872960342
-22.570824711255913
-22.582012714066337
-22.580632095691033
-22.575932704942968
-22.572749626160924
-22.576155190395237
-22.577873208600412
-22.57897183788498
-22.57528572683083
-22.578102355473337
-22.570544180172664
-22.559476979629665
-22.561074137235384
-22.561594370541652
-22.559393940796202
-22.557076680293477
-22.555340445658906
-22.556070035549013
-22.560849178849242
-22.55369617116826
-22.561661341025463
-22.559579729859834
-22.558153506286473
-22.562985450780392
-22.55859821861094
-22.560812384880027
-22.56223237646723
-22.564815500738433
-22.56553984976607
-22.56480512511139
-22.564508315989197
-22.56833249226301
-22.564138894399083
-22.55786648755086
-22.552741267321665
-22.553125410903615
-22.558179041449637
-22.55862917412899
-22.55762591443591
-22.559767629626876
-22.557935254027953
-22.556639552647383
-22.557587460487575
-22.556130323966958
-22.55673632592557
-22.55706657241544
-22.552929153710153
-22.547996367498765
-22.547567537504744
-22.547561400832947
-22.550324394136933
-22.55083488091663
-22.545267545355692
-22.54083923711149
-22.538490653847315
-22.54070449604741
-22.546554918196986
-22.544677575888056
-22.540327003128162
-22.532977365746596
-22.532761101307194
-22.537351015171506
-22.535665689915916
-22.534753957626904
-22.53293523048592
-22.5408892780567
-22.53709583100755
-22.533780610889316
-22.53810525526224
-22.531633737064805
-22.527959774266964
-22.5340177803069
-22.52947823726736
-22.530395167649008
-22.53618335847184
-22.547055840919164
-22.546501227256414
-22.539518987235816
-22.540751910814738
-22.53882536415433
-22.544656391012005
-22.547306759396584
-22.54901298415718
-22.55226847274375
-22.551859914419783
-22.553967582586356
-22.55526226716238
-22.555914718752238
-22.555002861801572
-22.550047916746482
-22.544960444846666
-22.53904250217428
-22.53604641801238
-22.5332335870276
-22.538587735651994
-22.534068697098654
-22.5465982709287
-22.553329929373763
-22.562652980093638
-22.56721721095984
-22.56199879110169
-22.56009144395765
-22.551626859196926
-22.547989792078173
-22.548452649236303
-22.547428046540226
-22.551268572886997
-22.54999729817259
-22.55090731071523
-22.555657728193964
-22.555266679996688
-22.549541987557603
-22.54571716738446
-22.54316650193735
-22.53779984355902
-22.536582121871124
-22.54367754907159
-22.54421037404072
-22.548716767838233
-22.553032702383398
-22.550814941483992
-22.549618572404476
-22.53613567806937
-22.532048149802332
-22.540624558081902
-22.544124818158572
-22.558198014064445
-22.554728733271606
-22.554007163841796
-22.541759473125175
-22.539930786229174
-22.53988635240364
-22.53261158018814
-22.52623896603557
-22.523208678724437
-22.52864524247958
-22.53294181689984
-22.537907528714413
-22.53980521137341
-22.54696784683228
-22.541290835977183
-22.5476732241674
-22.54517817294444
-22.54269188101282
-22.543147256537612
-22.543456618571284
-22.537515078147596
-22.537367564274124
-22.53819071753401
-22.54334647745439
-22.54923588385995
-22.549694898875465
-22.552876796188563
-22.56117144602713
-22.56069392191583
-22.556113499155025
-22.55684029204524
-22.55543200163254
-22.553973972397213
-22.553147000993732
-22.558632413998918
-22.5640792520718
-22.561602599178045
-22.555403064634664
-22.55915931955774
-22.561864142944277
-22.55297233656921
-22.541896682583907
-22.54278788134045
-22.54572663596917
-22.547222298978607
-22.54615569186438
-22.54713807765495
-22.555241172188207
-22.55176171435391
-22.546119380218652
-22.55342264585995
-22.554471945706982
-22.54653708343974
-22.542616371144902
-22.546228584735164
-22.540318099106752
-22.544073846536747
-22.54000532061861
-22.54126912099838
-22.544154918065573
-22.54132509498805
-22.549369400742627
-22.556912710651417
-22.559106609313115
-22.55939524820414
-22.55828593442769
-22.56397855059393
-22.565104453308063
-22.56342778412293
-22.56908765045271
-22.56612711962768
-22.562467648678183
-22.565889718485924
-22.569391880086478
-22.570487852137294
-22.567294296538588
-22.561868049331416
-22.563100860076872
-22.56716301642067
-22.56449302954118
-22.557626265568736
-22.55581248133354
-22.551074024987912
-22.55474855173316
-22.552733293607748
-22.556008771003757
-22.544428432589715
-22.53992159122087
-22.53588538456517
-22.539920860468232
-22.551198108996754
-22.550286799531392
-22.550722568413306
-22.54786263705998
-22.55281384591682
-22.56257449379811
-22.56476338719203
-22.56629216150567
-22.565903573784293
-22.56386638346481
-22.566509162493848
-22.563183794724313
-22.557493435085078
-22.562384170984686
-22.557251411046053
-22.555099754992042
-22.55782431015404
-22.56571029456034
-22.564244784210473
-22.55494114788309
-22.55143840281791
-22.55767855024768
-22.560138063570303
-22.55389313823462
-22.558914806301612
-22.55449535219331
-22.544928688556258
-22.54787285957436
-22.545804563652663
-22.550235917231873
-22.550784920214337
-22.54986278388359
-22.553062026868254
-22.548947396523282
-22.542932430793417
-22.5395141070736
-22.534006827909504
-22.540615439808434
-22.55167553821557
-22.545617917675976
-22.552370051913567
-22.551969669975687
-22.54813975390482
-22.556080882686732
-22.556178557354183
-22.55472015830357
-22.555780745214697
-22.559517262954873
-22.551300426441784
-22.547107189212948
-22.543618177956507
-22.54205087762193
-22.54388754308982
-22.550247823524348
-22.541070955082503
-22.545496965437504
-22.554009501099895
-22.554049969319113
-22.55786525354389
-22.54631275857647
-22.53955751258155
-22.54668735891124
-22.54568807140627
-22.54430980192328
-22.546260753295062
-22.544785338436238
-22.550898662430306
-22.559637854281743
-22.564373544430428
-22.568798305430896
-22.571634273315947
-22.56868467325606
-22.573602109252487
-22.57444558701359
-22.572594427691154
-22.57795881550892
-22.58003240653663
-22.588215682032196
-22.58148994591395
-22.5818988397301
-22.57838313307299
-22.571085760635796
-22.570180411676844
-22.571280265558833
-22.572341156284175
-22.571782505495815
-22.565656301881976
-22.566583915039644
-22.5653912760773
-22.567434352408235
-22.56092702713732
-22.561724635891338
-22.55739051108961
-22.558776778693183
-22.56270794102411
-22.55815482355974
-22.554122363956186
-22.55279089262405
-22.54762062256385
-22.548022894554197
-22.5585976597626
-22.55171439805744
-22.55418376065087
-22.556642787576074
-22.558944342612488
-22.555968039916905
-22.561906639534637
-22.56922983748896
-22.560549745446647
-22.564096949316372
-22.562383832348083
-22.56823746444624
-22.56897684098315
-22.57037393350822
-22.565602586754412
-22.572779085961717
-22.565332539917172
-22.571457109650158
-22.568322264148705
-22.558960121655176
-22.555973127397124
-22.556222963023078
-22.555769014944577
-22.5592733069799
-22.5608937067747
-22.557086192571564
-22.558642785412
-22.56422679760022
-22.558774052573245
-22.549061040821318
-22.561670950145814
-22.56161738282241
-22.559908303449784
-22.56159192633352
-22.55272987469974
-22.55394411741647
-22.55747701596277
-22.555689211272693
-22.555788998747882
-22.55133495399296
-22.546172096634876
-22.542955882033617
-22.541356613197642
-22.54457797120998
-22.537266746390998
-22.53848992599311
-22.541111797238557
-22.537880526063546
-22.537439283508697
-22.537277009350436
-22.536579573601266
-22.534356119909383
-22.53929828272287
-22.545357665245408
-22.545115258975148
-22.544185595991703
-22.543249701996334
-22.543569678600385
-22.546915244875414
-22.557909964120547
-22.569028901718756
-22.57360503381842
-22.581470390529603
-22.586534147979396
-22.583239479661575
-22.580456889461765
-22.57649932018296
-22.583557575530445
-22.58084716880086
-22.584483600031803
-22.577049546380632
-22.57043229104217
-22.563410022704566
-22.566713427962537
-22.566306335217615
-22.564113499194907
-22.561735020720466
-22.557420792647815
-22.562699044026687
-22.557964267289826
-22.557559511827023
-22.55860632966617
-22.548228684217
-22.538146036344806
-22.540943336368322
-22.53360625921131
-22.533412578598668
-22.53584138207698
-22.530937147390702
-22.540459275087336
-22.551506153643576
-22.55588615810662
-22.549644276390204
-22.55281843658597
-22.553350921225203
-22.558898208146903
-22.557639119336297
-22.555666370570673
-22.55772099440092
-22.55864701834817
-22.55622820258861
-22.5557502042241
-22.560803161504804
-22.56059206885875
-22.550587964849882
-22.54649619690468
-22.546719371784295
-22.5527949570216
-22.55133022956335
-22.548704711054715
-22.548050699026362
-22.55008893164674
-22.55650465742278
-22.556981298206505
-22.558853287959508
-22.556374557988672
-22.553108202622724
-22.550033133337582
-22.54169438170265
-22.546388983449095
-22.548520962263673
-22.54239558719345
-22.547111772914537
-22.54409576967234
-22.534393088890933
-22.543834745859108
-22.54141193560973
-22.537762284257994
-22.524732157022136
-22.522991600500486
-22.521379798580952
-22.52548792913991
-22.53035474518068
-22.540892235404193
-22.5389622464808
-22.53697052007048
-22.537370013735657
-22.532667042282302
-22.525567071777015
-22.516570158717546
-22.511395973500495
-22.50842699418016
-22.513710210436372
-22.510446507907677
-22.50956461316274
-22.509648663198565
-22.515902501668233
-22.51132476643038
-22.505574495449427
-22.503850392587804
-22.496648669086788
-22.496229686337994
-22.49650028268767
-22.484782362510586
-22.48802259692486
-22.48688060080018
-22.4893740652155
-22.496105524198978
-22.496375645984852
-22.49749728578001
-22.497429761514034
-22.49378148272393
-22.499963467609504
-22.50486702542884
-22.499970670983576
-22.497202798750923
-22.493830830747733
-22.49446568793621
-22.49166884414505
-22.495876718360844
-22.490259336661342
-22.488038948080362
-22.50079441027469
-22.50194622950463
-22.504145486705966
-22.50920428803046
-22.517436007250485
-22.513810209607165
-22.504458513141575
-22.503302953432982
-22.50811224056772
-22.504907862263977
-22.5034986095919
-22.508417529494363
-22.514866963117665
-22.51785185999911
-22.512812678026865
-22.511930199360478
-22.515879245836285
-22.51774141312246
-22.523209601575537
-22.52029946360561
-22.51401266177077
-22.511356805384384
-22.509866568454715
-22.513716849858596
-22.512361150743416
-22.51128356562658
-22.514659508713606
-22.516161157753
-22.515590344886874
-22.516730812572643
-22.514505037230258
-22.513928623604098
-22.511644619672524
-22.51210440499513
-22.509418745992594
-22.50394597640233
-22.506165299401594
-22.508443030036783
-22.509293228990952
-22.51662725780642
-22.51468074321147
-22.515460910574824
-22.515567288351225
-22.521046854197543
-22.515252243847723
-22.51202817648181
-22.511681930973662
-22.510737676475987
-22.513612709991857
-22.516009690689735
-22.50933248538654
-22.509846841589503
-22.512301682843745
-22.514751197286746
-22.51798633845599
-22.51905530102958
-22.519325556049175
-22.521092588658814
-22.525346617502358
-22.527539416652843
-22.52568234577607
-22.527860608104863
-22.517769071019842
-22.51873670451629
-22.518407994472412
-22.51762278059309
-22.517882333929872
-22.521421604937174
-22.52657023392309
-22.5183451337954
-22.53284429660033
-22.53420409067052
-22.53207132794504
-22.532284785621293
-22.5239304551451
-22.53423042509005
-22.528269152739302
-22.52664714742752
-22.521290090498972
-22.5231236216129
-22.521359798442617
-22.529365828277367
-22.52843813016959
-22.53707366710572
-22.53968323453025
-22.532525765195196
-22.539946013931576
-22.532931319949665
-22.52794842516997
-22.532388097755028
-22.535358222166593
-22.527652673180555
-22.52717695179043
-22.53641644837592
-22.534699950622812
-22.536836948059847
-22.53674322864899
-22.5378276859903
-22.54287535110202
-22.538610237013813
-22.531759156533393
-22.536940638944188
-22.535968551614044
-22.53579379611137
-22.538947048338244
-22.539292242231706
-22.537838769142468
-22.528802803095882
-22.52408728498216
-22.53448006640001
-22.533425514293764
-22.52952584395716
-22.522379248724928
-22.52977885866018
-22.53078376953743
-22.52634484710631
-22.521682987073888
-22.518647304429567
-22.5349509499045
-22.532596820393096
-22.53109673404941
-22.529882283592684
-22.52982147598908
-22.52866738526808
-22.530585128448344
-22.52585344652268
-22.535454190415994
-22.538735667029822
-22.544911866176882
-22.545804441004556
-22.547956702977476
-22.545750123969324
-22.544574252733224
-22.540026755818477
-22.541845440212093
-22.546134258059123
-22.548290138197483
-22.55432804175527
-22.559895012356154
-22.56382655611683
-22.56926687225557
-22.562726046620437
-22.563179539110614
-22.559331727170374
-22.55357622720627
-22.555216098261287
-22.548968788864276
-22.54033345336895
-22.53814114541482
-22.54262275950025
-22.54151880867728
-22.542350007912866
-22.55301515333519
-22.557186307554247
-22.557617712973844
-22.554396760776953
-22.560912025940127
-22.55860933177616
-22.563160228824394
-22.55770394065167
-22.54895589429087
-22.547854188036702
-22.542711937951736
-22.539114679702287
-22.534739557565793
-22.529390556567787
-22.53362509594633
-22.528111164943347
-22.53064182915784
-22.530481022900076
-22.536608762950337
-22.532632617569366
-22.53079868787982
-22.52628559786069
-22.52414923376669
-22.523482760918295
-22.52887358438123
-22.525833604622488
-22.52475755695393
-22.520094159731205
-22.521106975371453
-22.518408524321703
-22.524040165553522
-22.5341849061452
-22.52936994002341
-22.52863936556408
-22.52835169529818
-22.52678595054213
-22.52220487416959
-22.52237374385764
-22.518175684089808
-22.525514738814866
-22.53050111074724
-22.533199127975532
-22.52667240444531
-22.530110283002166
-22.526772068062485
-22.532923011889412
-22.5347356045414
-22.529272805396495
-22.53716048701152
-22.537994357327644
-22.539973083814036
-22.54242201153533
-22.550309011260033
-22.5464614213353
-22.545587140651463
-22.554283297697964
-22.559412751911985
-22.55483480820549
-22.558496057982218
-22.554830015179068
-22.561099268288228
-22.562110670693606
-22.56463912475489
-22.561709819887295
-22.561055613731295
-22.553779659438327
-22.557484337123693
-22.56330338289893
-22.55890733854779
-22.55558791134789
-22.549618610283183
-22.54979991590586
-22.534770892868167
