-24.018591098239238
-24.01481135468912
-24.01378310538394
-24.012097023880845
-24.009396909841904
-24.008562277478752
-24.006614422498068
-24.003631810671564
-24.0025667223308
-24.00006886782869
-24.0004993155553
-23.99699767070988
-23.995648318600118
-23.996204258336665
-23.994568396837664
-23.994669307103766
-23.994567154635945
-23.994160709667277
-23.99168287345145
-23.989341263338304
-23.9886616444691
-23.989243175941805
-23.988688796864587
-23.986920382141555
-23.984073738377646
-23.982315552855578
-23.982198306295977
-23.982731130914292
-23.982839745722806
-23.982705782167926
-23.981918721013844
-23.981588918722224
-23.980618583964947
-23.980442947943914
-23.979732941655765
-23.97951233140547
-23.97936517729079
-23.979292485979272
-23.97784147431194
-23.976321137198745
-23.977229828732153
-23.97584846906746
-23.97614052006385
-23.975174491379118
-23.975040188584614
-23.976093531996174
-23.976974835191335
-23.978799858602333
-23.978315061210765
-23.978206120128863
-23.978715136443775
-23.978790310135697
-23.977885368837914
-23.977745040872843
-23.97667817346935
-23.976917588713267
-23.97833647164207
-23.978412431878713
-23.976155010479278
-23.977129818525633
-23.97713275908575
-23.978472285085388
-23.9788572649977
-23.97945415021848
-23.97995524420397
-23.979834091015206
-23.978994361146622
-23.97841229799391
-23.97779660892028
-23.977829896094445
-23.979016472209207
-23.977806906577474
-23.976402243632734
-23.973809059543456
-23.973376028417864
-23.972513491681664
-23.97173777504511
-23.97329085601073
-23.973051473609797
-23.972803976760396
-23.973905067379615
-23.97305336032878
-23.973505747584454
-23.974480295612825
-23.975682005097948
-23.974175085328337
-23.975779802871333
-23.976988774858548
-23.977223630690492
-23.976087148986597
-23.974984444660944
-23.975126226666305
-23.97630138848259
-23.97704134067952
-23.97772258526605
-23.97805556964186
-23.978508243067374
-23.977822370842294
-23.976404507444823
-23.97729479513508
-23.978360925443496
-23.977946885430505
-23.977949601468826
-23.977882104574775
-23.97820375387297
-23.975988467098002
-23.977626927840042
-23.97742325372598
-23.9763568567517
-23.976059023409658
-23.977330349506936
-23.977522283365253
-23.977819943112237
-23.977484430296123
-23.978101358418375
-23.97789307459868
-23.976587750986052
-23.976647511553324
-23.975960677296083
-23.975646235630936
-23.974804547323014
-23.975777385069232
-23.979257297658265
-23.981554304745266
-23.981414730950892
-23.98328007591721
-23.982935756667327
-23.982528087081352
-23.983742421148413
-23.984950654998972
-23.984548520406562
-23.98402783894159
-23.983425686583892
-23.98272932943525
-23.98238512419132
-23.982237657719075
-23.98159600235543
-23.981846099574796
-23.9820242427165
-23.982406699819343
-23.982361957476062
-23.981040683600874
-23.980679321418307
-23.981701499495834
-23.98003873332443
-23.98048050378868
-23.981331840652842
-23.980806339060322
-23.978631482022763
-23.978333622021246
-23.978310831968315
-23.9779384209547
-23.977087407729076
-23.97738084354848
-23.97677777332934
-23.975033992285933
-23.974682183301844
-23.97488379648305
-23.97582074664218
-23.977055850514372
-23.975457148609177
-23.976946686927548
-23.97670662308708
-23.97730994972396
-23.97636561357179
-23.97656905575085
-23.977508794645424
-23.976470617329376
-23.976497026151453
-23.975593606171056
-23.975240687489954
-23.973989251169765
-23.974590001660612
-23.9764253154901
-23.97738248001687
-23.977833640366804
-23.97718019845116
-23.978083155891568
-23.977655082458153
-23.97729800834269
-23.976710399086297
-23.979076291384132
-23.978274885150725
-23.977294336671523
-23.978330022243814
-23.977861629801914
-23.977815563568285
-23.977792340090197
-23.979534129128915
-23.979920936647044
-23.979667641247957
-23.97840162863092
-23.978396701400793
-23.976298908932307
-23.975553821403086
-23.97562613880154
-23.976038558279367
-23.977228507939802
-23.97676389519732
-23.97570780773654
-23.975776502087236
-23.975690729019597
-23.976832458941306
-23.976264817281017
-23.975139825688416
-23.97509576393102
-23.975729246141277
-23.97533289625844
-23.97495208955495
-23.974896103001548
-23.97465129028868
-23.974928992890547
-23.974254341887228
-23.974382193507306
-23.973821512212588
-23.972874221277397
-23.973549304221567
-23.975471197624277
-23.97589154719404
-23.97425232721542
-23.97373582833721
-23.975515866798155
-23.975039908194564
-23.975783992638164
-23.975482640379276
-23.974884282931562
-23.97582148368391
-23.974769169364862
-23.97591439972367
-23.976210561139855
-23.976621816329512
-23.976045651252768
-23.975590471415206
-23.97495534408548
-23.974075648877026
-23.975608613139293
-23.975271471778022
-23.97530218094628
-23.975369835990705
-23.97514500022864
-23.975466271595415
-23.97451779812246
-23.975244113314876
-23.97594115653317
-23.97615187229103
-23.976038766560283
-23.97668634298797
-23.976943218559523
-23.975492799097058
-23.976047185961807
-23.97739660649382
-23.979883783362016
-23.97841162276463
-23.97960869147452
-23.97929269227203
-23.97839668815679
-23.979252801927007
-23.979786518419086
-23.979037105799826
-23.97824275913864
-23.9790726255314
-23.98024289783237
-23.979966776940113
-23.97947886021212
-23.978393402670825
-23.97874076334452
-23.979505624786256
-23.980849970268164
-23.979142847832108
-23.978201228603883
-23.97814816277597
-23.97823549124208
-23.978138283942624
-23.977654010423866
-23.977227031440858
-23.976584502205533
-23.978124458172015
-23.977483535020518
-23.97869975737927
-23.978516365213213
-23.979105236275934
-23.979436723442117
-23.97863950087754
-23.978773309950643
-23.977398032674778
-23.976264440108856
-23.978285245325324
-23.97919220363947
-23.978502173799605
-23.978979227933937
-23.979066004782037
-23.97872621177429
-23.97815414525738
-23.9785131049251
-23.97747166093589
-23.97864838802781
-23.979934523884538
-23.979432842937236
-23.97997644368805
-23.980528009475123
-23.980613984258547
-23.979563177103635
-23.97868999409505
-23.977783141051194
-23.97799138549011
-23.977117869917524
-23.978588947864342
-23.977058487258716
-23.97828704065216
-23.97814269162093
-23.97855837835905
-23.978021869264946
-23.977726295646075
-23.976551399562137
-23.977794608154614
-23.979362317871946
-23.978773602011287
-23.978769289067674
-23.978566259654432
-23.981036712710488
-23.980506267992634
-23.980873469282635
-23.980765780909838
-23.98260546935946
-23.983765433028292
-23.983795180556772
-23.981571622602356
-23.982920060333058
-23.98240992935133
-23.982407977538738
-23.98250324909228
-23.982748953909226
-23.980818110186682
-23.981535009336046
-23.98130131458801
-23.9802396257338
-23.9798701509985
-23.980703835651344
-23.981093078078576
-23.979352144259146
-23.978938228093266
-23.979004550115413
-23.97808988089193
-23.978253857714293
-23.977388562919298
-23.97833888141973
-23.97892777212819
-23.978267728193302
-23.97850502096199
-23.977948450440525
-23.978211712405095
-23.979970040546483
-23.980522332292956
-23.98038421892373
-23.978939924324248
-23.979634880635743
-23.979482744426036
-23.9793559803118
-23.979157856470994
-23.9798165828349
-23.980168091526195
-23.97822275015868
-23.97783930660884
-23.977538358245848
-23.980167109934573
-23.980204646571707
-23.97861998483816
-23.98061850053889
-23.979028414590434
-23.97791299965232
-23.977590265803506
-23.97900619716871
-23.980053306086162
-23.97901360408953
-23.97933586209166
-23.97936593830725
-23.978836702306886
-23.98015474415527
-23.979125008137235
-23.980087137662565
-23.978593445575708
-23.978377427548978
-23.9779384065694
-23.97657634984157
-23.977676694952354
-23.97831979927012
-23.978242003405217
-23.976821794006327
-23.977839057648684
-23.976857960898702
-23.977496086831213
-23.977686555547677
-23.978225085205878
-23.97742610018483
-23.97795876186328
-23.977700071508867
-23.977386299686636
-23.977339464144276
-23.97700511477618
-23.97722964670209
-23.975759102813786
-23.977992446900657
-23.976997136433496
-23.978948236945467
-23.977586553858803
-23.978239567281946
-23.97677328951992
-23.975745295779035
-23.97596336145166
-23.976982518856715
-23.976915750138883
-23.977506470694117
-23.977557854393986
-23.977768521124435
-23.97805821805985
-23.9792565562689
-23.97850515886595
-23.977623639385385
-23.978866471484906
-23.978268957668114
-23.979638622268762
-23.977838212265418
-23.979142554810824
-23.98086259584742
-23.979703347842996
-23.97782720319977
-23.977373635919275
-23.976429475855642
-23.976715732596535
-23.977478618567588
-23.979571536999025
-23.980421773033875
-23.979578209213024
-23.97984667873085
-23.980765673651085
-23.978969359187108
-23.97800264238985
-23.977468319450814
-23.977345446867936
-23.976736852284947
-23.978515717217427
-23.97744596171956
-23.97987658078507
-23.97923907406841
-23.977128940970204
-23.976932486480678
-23.976731290445066
-23.97758342857802
-23.977095516859038
-23.97703731537164
-23.976384210860516
-23.97705000230872
-23.977665291770233
-23.977350384478854
-23.97676167289077
-23.975840837875705
-23.974832085246163
-23.97557247491294
-23.975319541100212
-23.97688843007271
-23.97589194673326
-23.976653617486317
-23.977178552162105
-23.97694651630238
-23.97744450174929
-23.97636454102526
-23.974982659697748
-23.97487317064122
-23.975202600073697
-23.973751637380783
-23.974551234838625
-23.973572999100433
-23.974412672894534
-23.973872740412517
-23.97453534046536
-23.97376333466196
-23.9755767135833
-23.97622924508649
-23.97555955230764
-23.975526137633587
-23.976341664844607
-23.977199085751003
-23.97692247285893
-23.975660561034278
-23.97688255814753
-23.977636436689924
-23.97856207668401
-23.980227834231663
-23.980766667302643
-23.98077117481012
-23.981472620476623
-23.980778502085027
-23.981480992775502
-23.982490062056936
-23.981616528754834
-23.982875256247258
-23.98269729581168
-23.983916603809877
-23.982771284564272
-23.98185112207041
-23.981575447795137
-23.980889820210834
-23.978255141206095
-23.977554125302813
-23.97746178675054
-23.977976989105066
-23.97830795746287
-23.97729875083673
-23.979213057316738
-23.980205252425566
-23.979885763119576
-23.978254657902966
-23.977408596275133
-23.977013176209958
-23.977529543074994
-23.977596675410016
-23.97765370475156
-23.978029284276154
-23.977648344423333
-23.979131520455358
-23.978419372570706
-23.977129404750475
-23.9798779590064
-23.9781038854656
-23.9784077918655
-23.978670318229128
-23.9776297222811
-23.978379061517956
-23.980319440778867
-23.98050557273426
-23.9789233765384
-23.977930488042578
-23.977166955658536
-23.979208187731416
-23.979139801493314
-23.979801103906144
-23.981692850907017
-23.98073211060462
-23.97971156734238
-23.978811872149834
-23.977508114489016
-23.977646038765304
-23.977998018303904
-23.979730708451385
-23.97954738581343
-23.979783973117257
-23.979392482469716
-23.978078921657282
-23.979386708563528
-23.979049327714996
-23.97806388143997
-23.979665376548855
-23.97923320979954
-23.978947423874764
-23.97764877460771
-23.975792675579402
-23.97520584436948
-23.973121626905815
-23.97347916966152
-23.974625266820887
-23.97625704554561
-23.975833634071517
-23.975084872536435
-23.974209875658246
-23.97393976113585
-23.974926372921324
-23.974804307832397
-23.974627428925952
-23.97738308825052
-23.975932683928765
-23.975664061878522
-23.976057866672317
-23.97509430301074
-23.975314573751135
-23.975199684868333
-23.97424245393576
-23.974335569676786
-23.97475259142316
-23.97564742494364
-23.975243932309446
-23.973407198222958
-23.972773597060183
-23.974360228553778
-23.97429556499573
-23.97521119136753
-23.975012799947095
-23.975677797224034
-23.976494745004967
-23.975436840502613
-23.97716982169639
-23.9780883345493
-23.977204342642487
-23.975903131009503
-23.976296216654095
-23.974787537497093
-23.974198626179213
-23.975183996975204
-23.975722433480783
-23.97645241856457
-23.974914596325586
-23.975354291872573
-23.973734818216776
-23.972843554773004
-23.97331631810302
-23.97328882103117
-23.972244058642527
-23.97309809998202
-23.973560074379034
-23.974358697636564
-23.973139367460835
-23.973543700664525
-23.97318508103011
-23.972733337688155
-23.97225370480623
-23.972754890698013
-23.972568996996916
-23.974643173475762
-23.976145261084188
-23.974870249609353
-23.97436087460068
-23.974280272275934
-23.97325792032716
-23.97221315311746
-23.972613071385858
-23.972218748315264
-23.970795404023733
-23.97215711768437
-23.972501718046374
-23.97368827303611
-23.9749483234987
-23.975003419351243
-23.97585681747106
-23.975427488359784
-23.975494609426562
-23.97473617035715
-23.97635074246452
-23.97499752281646
-23.975482243606113
-23.976879177233737
-23.97646671851887
-23.97613086853251
-23.977961239873196
-23.97955633600637
-23.978717556605794
-23.9789091666468
-23.977917256469112
-23.97856604585359
-23.978093790317768
-23.976561561278732
-23.976115590703316
-23.977257642872893
-23.977261077034687
-23.977777922505073
-23.976897563718783
-23.97592835103214
-23.97616981486253
-23.976828430803305
-23.976868851421056
-23.975991240747287
-23.978015060327987
-23.975488374499673
-23.97523440022271
-23.977188125122503
-23.9769965838153
-23.978154010047252
-23.976699869547396
-23.976842145798678
-23.975387237949242
-23.976743573347616
-23.977172244478506
-23.975379345518597
-23.97538886807316
-23.97518591746767
-23.976050956703826
-23.97537038833767
-23.97832608325834
-23.978869316589183
-23.97914442085885
-23.979715855174813
-23.97990206374527
-23.978887452114247
-23.97810177617827
-23.977341597151433
-23.977832674027997
-23.978239826447194
-23.97855761650636
-23.979435547142533
-23.982520679061007
-23.981411433399824
-23.98160947598004
-23.982049924438716
-23.981681991784985
-23.98078377906182
-23.97949037543366
-23.980688378138556
-23.97943065326207
-23.978797405468395
-23.97853598972359
-23.97668622027282
-23.975859144186664
-23.975989096153118
-23.97688448290157
-23.975813668731764
-23.973695057757592
-23.975358453088212
-23.97639772169406
-23.976331895839003
-23.975804841525544
-23.976235079925782
-23.976231035832928
-23.976896484236285
-23.976787293698955
-23.97431262985451
-23.973187546205725
-23.973857236522377
-23.975334526967945
-23.975570269805615
-23.976138490776666
-23.977290387844004
-23.97694333684247
-23.976584930562645
-23.974926101597543
-23.973984026393556
-23.973692228703964
-23.975446885737384
-23.974643153474414
-23.9740062184128
-23.975179275428903
-23.975149592821875
-23.97459798647764
-23.974910964920454
-23.974554115965688
-23.974712113488472
-23.976182116963127
-23.975923810284527
-23.973882864615888
-23.975954534673853
-23.976716192745574
-23.975538058115532
-23.977025891176453
-23.97563472803888
-23.977037444067502
-23.976107220389764
-23.976642599390036
-23.977552387296587
-23.97570681386327
-23.97561809101625
-23.976613059631593
-23.976451567947795
-23.975086998526418
-23.976174900465157
-23.974078473237384
-23.97483190426732
-23.973949622719324
-23.974269456585166
-23.97317973644839
-23.972739068216043
-23.971344837151985
-23.97113574205902
-23.9713631703905
-23.971945317381383
-23.97265704495803
-23.973202259131618
-23.971772332623686
-23.97213026627328
-23.97239777048619
-23.974246738375125
-23.973460224318337
-23.972917662304592
-23.973002600913695
-23.973931527181268
-23.974002480853844
-23.973116572359544
-23.972906787733695
-23.97221731818926
-23.973580875914806
-23.972314255938425
-23.97179721851131
-23.972822071161882
-23.970496877256156
-23.97083749432184
-23.97143609762328
-23.971758453933813
-23.972027032097827
-23.971662693934395
-23.971139847869104
-23.971717944198694
-23.97225700174317
-23.974898043273654
-23.975097416053565
-23.975957955390104
-23.976827273691
-23.976747664976408
-23.97626666794537
-23.976123874182974
-23.975851992546243
-23.976296289430895
-23.97486690409225
-23.976335628240882
-23.976280797153144
-23.9759634002298
-23.97539268838323
-23.974701044823988
-23.975205311893774
-23.975720789907513
-23.975356553609917
-23.974158727680635
-23.97404790739084
-23.975713364587623
-23.97662409276412
-23.977168332811996
-23.977589842810367
-23.97672214011198
-23.977434216108243
-23.976617352071862
-23.97547658232099
-23.97534485481058
-23.975449602603927
-23.975516863138292
-23.974161435074237
-23.974264876603577
-23.974405703567037
-23.974404028024807
-23.974515475509083
-23.974467476375626
-23.97505788749169
-23.974639870376265
-23.974378451671928
-23.975336015483776
-23.974400300491737
-23.97426137549579
-23.97577297793538
-23.975852437445653
-23.9757192557855
-23.975479939811542
-23.97449938699279
-23.973566892328076
-23.975330781438426
-23.974582054660242
-23.975182914874157
-23.974932912468624
-23.974783232332058
-23.97524929456215
-23.97475076343279
-23.973900919903976
-23.974666331746374
-23.976552551341953
-23.977361489009727
-23.976760040173783
-23.97740131765277
-23.976458546220623
-23.97722677601601
-23.977132379783562
-23.97826379197956
-23.97760759285039
-23.977776910555708
-23.978000037131174
-23.978391785393224
-23.97639274501972
-23.97662783988536
-23.977109632379573
-23.97806459272214
-23.97902659841162
-23.979034907664083
-23.978134612531335
-23.978067581055488
-23.977248579399536
-23.97771004111237
-23.97817019952116
-23.980004272344253
-23.980078501304288
-23.977722418013517
-23.97713459610652
-23.97710767439375
-23.977817818045615
-23.977141705892013
-23.978524283194318
-23.980009089458505
-23.979451482071344
-23.978493129545186
-23.977852064057764
-23.9771739413539
-23.977168455070007
-23.976848620718034
-23.976508247524787
-23.97734324651533
-23.977883947334732
-23.97629547826607
-23.978103703055183
-23.977644899746124
-23.978021766475962
-23.976348566535936
-23.97697292026214
-23.978394240997677
-23.977411802012377
-23.97834608057193
-23.977636748546875
-23.977911035316634
-23.977526964008707
-23.978954647599576
-23.980060796849678
-23.980908741404896
-23.98018050428643
-23.981607241812757
-23.98068066016297
-23.97928087987196
-23.979475166153254
-23.98031468062512
-23.980816271313262
-23.979768494484034
-23.980374954239245
-23.979649428924464
-23.977969764632636
-23.97608326607489
-23.976071530654743
-23.97891431266195
-23.979649853990043
-23.980721822053557
-23.98261947419855
-23.9830165930997
-23.981623002768735
-23.981598753640707
-23.98059855994307
-23.97895618172462
-23.978929428582468
-23.979172410407596
-23.97849116713373
-23.979047083300642
-23.979975910266027
-23.979279272289528
-23.979511260298878
-23.97981260246589
-23.98042128718947
-23.980858151383064
-23.981329396490683
-23.98046159016815
-23.97977016009916
-23.980521789057295
-23.981045888716544
-23.980370461667675
-23.981976610306496
-23.982091739714942
-23.982197026946018
-23.981393874520403
-23.98147969026328
-23.982273350840455
-23.983018007607328
-23.982179424365846
-23.98063878249123
-23.97998859992254
-23.97801978658408
-23.97913805891099
-23.977877475584666
-23.97876855354151
-23.980901255192443
-23.97919741914534
-23.980243587455124
-23.980799811050016
-23.982342941981145
-23.984198722142906
-23.982068801485326
-23.982093820327798
-23.98202293609468
-23.980999839995953
-23.980491196889233
-23.981272829181076
-23.98014695175039
-23.979702831489455
-23.978750608070452
-23.978922506622922
-23.979545398790492
-23.97795609528161
-23.9769653271917
-23.97783759991986
-23.976738376507207
-23.97901262054135
-23.97932439616621
-23.98094273643983
-23.981777084219313
-23.98142559233038
-23.981882012918778
-23.982789137596786
-23.981846238606373
-23.980017462949917
-23.978582504419418
-23.978239685243135
-23.97911846135384
-23.97813430047685
-23.978164050994803
-23.98096635358214
-23.98187196340566
-23.980776931861882
-23.979757443972936
-23.97994942238035
-23.977893009657066
-23.977178498126385
-23.974912339048707
-23.974797201844506
-23.975200147020626
-23.97502651213964
-23.97586437445114
