-22.457230526905956
-22.454810428153362
-22.44364365062202
-22.458808009187692
-22.450396574172736
-22.438295548866357
-22.448203621409522
-22.439223937149837
-22.444306263283966
-22.438497039744288
-22.44209643702039
-22.453490476523495
-22.44435635694994
-22.440467336634786
-22.43861414291736
-22.43356596269123
-22.424258654203637
-22.4297078680754
-22.433333159472205
-22.433485903025602
-22.4302547882889
-22.432962494624224
-22.443616609136704
-22.442388389576635
-22.441802487281354
-22.43563920527522
-22.421469842314167
-22.411055463414584
-22.416633861804797
-22.424658406031213
-22.42378235232042
-22.419244081450024
-22.436687721495204
-22.43509786209033
-22.439132785378565
-22.433346185956573
-22.426625549528605
-22.426849909598715
-22.425013941510894
-22.418871480821593
-22.427448304832588
-22.415949622791334
-22.417513159246777
-22.417079635556505
-22.410305916877068
-22.416590333291413
-22.4249736388409
-22.436345412507528
-22.431620237257125
-22.430831105158504
-22.44089997122726
-22.437938403779686
-22.44096235335482
-22.43593114995914
-22.434711198102573
-22.422988048221164
-22.40497490015598
-22.405091267471157
-22.4165693839314
-22.433384377954518
-22.425266333415554
-22.418627868933427
-22.425326114425765
-22.437835659911183
-22.43202738311781
-22.4237840281936
-22.40471476628371
-22.404029884186606
-22.38932242478859
-22.384913958361064
-22.392476075613008
-22.407806099966056
-22.405921200668242
-22.408658901763864
-22.40310991537758
-22.398060270065557
-22.403155143261735
-22.41022583682455
-22.407638842131863
-22.403566409281456
-22.42027600311332
-22.419760194790303
-22.405381263306186
-22.414117955960325
-22.414169375569287
-22.406356236635975
-22.41373538436708
-22.401959265578256
-22.41129011163428
-22.412105604111975
-22.416996526233866
-22.41777405615213
-22.432065355961434
-22.42665978288596
-22.428342151936533
-22.41901205436875
-22.41211405404054
-22.406680316079232
-22.420573901090897
-22.43225488579732
-22.43458335368723
-22.428940888941597
-22.438878538555013
-22.427226983544898
-22.43420029408682
-22.42756770233931
-22.425556200494057
-22.42597561504831
-22.424384536272047
-22.429864172835266
-22.441346617159855
-22.438344943825935
-22.43536364413104
-22.43072969489405
-22.441152412841454
-22.442564641882086
-22.429648096983442
-22.426512161066388
-22.428109268560878
-22.429795910144087
-22.423888524508865
-22.425409372627804
-22.423915129589165
-22.41528231243425
-22.419255908372264
-22.424220510793845
-22.438239644986194
-22.433904653562845
-22.451437152952053
-22.44590212748924
-22.45382812533583
-22.451465560602756
-22.43735524571502
-22.444440811494076
-22.444812171003573
-22.432901866795802
-22.43762148526111
-22.430487223755822
-22.43577420498252
-22.44011879331701
-22.450383594317135
-22.448796925175678
-22.440169434155205
-22.454613517775996
-22.441412354062003
-22.436442130470965
-22.43760560280065
-22.430481647769376
-22.406949636980084
-22.405782074526137
-22.38438983118025
-22.37913683708858
-22.380858301141252
-22.3867916846203
-22.375576230047034
-22.366335957120125
-22.361571089520535
-22.36346815764893
-22.366658269957185
-22.36740154904398
-22.390170234392464
-22.40728371479922
-22.409046293035104
-22.409141226583515
-22.406026127501594
-22.40570919534331
-22.410170099482993
-22.414198029036786
-22.40744977105407
-22.400417128729682
-22.398373971654017
-22.391940090574398
-22.396420993854328
-22.390968464530037
-22.389368383103484
-22.382094321196213
-22.395445469073657
-22.400637267561688
-22.417897071949042
-22.405379632906083
-22.391677024349985
-22.4021894190449
-22.3939202895154
-22.409406825659673
-22.404921218936625
-22.414243007294655
-22.409522290545326
-22.413450317085278
-22.410651293615594
-22.40792862871365
-22.401560024138433
-22.402812077983786
-22.40441373500295
-22.400406240997988
-22.400050249289453
-22.41149778447923
-22.40751965607591
-22.401700933266365
-22.39956701877993
-22.398640098800943
-22.411928485270515
-22.403475427605557
-22.39791220043521
-22.410528585080083
-22.40828976789317
-22.39978317043732
-22.39595720820093
-22.404499912097567
-22.41814610731349
-22.417961505687913
-22.407789560920204
-22.406772711256277
-22.405321315031326
-22.398753360062084
-22.398156685723883
-22.407796211541104
-22.415740530360104
-22.403786080925734
-22.39919771365237
-22.40056447589868
-22.408323169934572
-22.410394978889972
-22.416854349193354
-22.415580656821565
-22.412546036699617
-22.414625252807117
-22.417373250610186
-22.419968905789688
-22.4261555478158
-22.425038158032407
-22.427192490833953
-22.416535925976326
-22.418128611700993
-22.422151975373005
-22.422836207860637
-22.425111947600083
-22.408366623473643
-22.41407115089034
-22.416928550092763
-22.41386170129334
-22.42302176215638
-22.432533615972304
-22.432335352129343
-22.43695159624415
-22.43808691969736
-22.441834237276723
-22.438929736126628
-22.43672163137735
-22.440782658902116
-22.44264661930224
-22.433216683600566
-22.434645458727147
-22.428898999514544
-22.43278557504985
-22.433355148513947
-22.425873965842694
-22.42224566446052
-22.422162865093807
-22.42338050155143
-22.4257750351181
-22.430679976568623
-22.43559356539922
-22.434640841485557
-22.42787378410441
-22.422326451413984
-22.412741701322275
-22.41053135753837
-22.41795254645353
-22.406287252096103
-22.408418661296757
-22.411054837741684
-22.40647449627249
-22.40562464388544
-22.398769110896623
-22.411404611235294
-22.401863503606673
-22.401588866123262
-22.395876310004333
-22.405097648412998
-22.411368998899324
-22.40968241951039
-22.414938989219202
-22.406930272056677
-22.40740280842473
-22.410776432441004
-22.408622090124275
-22.410945616263017
-22.40941264220266
-22.40291439666662
-22.393681437424007
-22.396152958955906
-22.397473554313162
-22.405450376582817
-22.414637056514945
-22.418414280758057
-22.417847475501183
-22.417381903583276
-22.411497198003126
-22.407701424467174
-22.405158002936133
-22.404089039392392
-22.410143037425616
-22.412693387509524
-22.41381139231945
-22.42430488765566
-22.408873489210404
-22.406828300336482
-22.413875314926333
-22.417121823000397
-22.412088289530185
-22.412595265340745
-22.40182805921356
-22.421834020481345
-22.449911519456304
-22.457443304704547
-22.444901055937105
-22.438941512828173
-22.441407870562582
-22.430614479280415
-22.42807321599749
-22.4193434343251
-22.41643570331106
-22.424432362908593
-22.421823956300972
-22.425739722852068
-22.429039088749754
-22.422990020545342
-22.42471919605961
-22.433704539446587
-22.43594996703933
-22.433688120700072
-22.432229211088465
-22.434833459736414
-22.417955994600515
-22.40837984627025
-22.38981831792327
-22.397556739808053
-22.39177591400165
-22.39994767595659
-22.40754713822112
-22.4032982189837
-22.404878024894852
-22.42679517003308
-22.419970941651112
-22.4173364772992
-22.42515213116211
-22.409441520622412
-22.40859421026277
-22.4179221124192
-22.41814513820692
-22.40240914804636
-22.40347057964944
-22.402777497372778
-22.409262968566065
-22.4125831172818
-22.414372443403177
-22.417082814223345
-22.41644379828936
-22.413349606858535
-22.400191939342264
-22.40291577472715
-22.393484423794714
-22.400586787167242
-22.401746955940084
-22.40437246723196
-22.411290203459924
-22.407902959194956
-22.404844022083097
-22.40101096898772
-22.402071081219606
-22.416796245382724
-22.411265156664737
-22.426652518292837
-22.419191399847364
-22.425161614184283
-22.408577495671988
-22.41278596870753
-22.41688135523512
-22.423040285400997
-22.417338352326365
-22.431210017877067
-22.432945669505788
-22.430080005412535
-22.44055935977215
-22.445961257231122
-22.43252835435069
-22.437879144937014
-22.42502458181093
-22.431165018208837
-22.414315475142683
-22.415616089294247
-22.42638856546089
-22.419696701126366
-22.42053905721231
-22.42779069425614
-22.427689237932956
-22.41998917245533
-22.415686372645176
-22.414538705609168
-22.43225546557252
-22.42731970514168
-22.442837136154733
-22.449750120138155
-22.4401405691405
-22.435507497217422
-22.42951578187655
-22.426258289641865
-22.431968604642393
-22.432320422510493
-22.42719458244625
-22.426016112048977
-22.4109865693234
-22.40664598741146
-22.41790722029901
-22.411341704238264
-22.41259003013456
-22.434214494538445
-22.440451284947873
-22.432066507399625
-22.440428329670862
-22.441463128280027
-22.44155477026186
-22.44677953822954
-22.436833265011998
-22.44301961055773
-22.436190714336316
-22.43374516213586
-22.43610920746594
-22.424013221849634
-22.428745660974542
-22.42349553973375
-22.435890545969837
-22.433569817347486
-22.43984852725393
-22.42729597393435
-22.425972563851573
-22.42897144822699
-22.419479395308024
-22.41779700884978
-22.419201183335744
-22.423304945160353
-22.409434263770525
-22.407159090681045
-22.415435912639246
-22.408790649406697
-22.40127721898463
-22.41964151108622
-22.41351260505628
-22.411769929732067
-22.408389576169654
-22.40797555587933
-22.415795394058556
-22.41719120294894
-22.41657008705673
-22.407866657026446
-22.4018437044792
-22.40443707990154
-22.405316494158505
-22.409111020245135
-22.42024559021178
-22.41641710932508
-22.423506209636425
-22.426368278722933
-22.42471265504924
-22.423486933364735
-22.425875610267063
-22.41410615350698
-22.40270116727195
-22.404070374742805
-22.385638435984976
-22.392042168161986
-22.381204810963787
-22.38379222390973
-22.391947160876573
-22.381351125347738
-22.385639024067455
-22.386650547031373
-22.38749645703977
-22.373936597288022
-22.38937180685342
-22.39237271188811
-22.40614117824545
-22.404203607125684
-22.400487437859248
-22.398628352457674
-22.39134904295763
-22.384719540219635
-22.403177205448667
-22.392713011341144
-22.399527523308713
-22.401348501521348
-22.38648494712011
-22.379887077267902
-22.379994202132526
-22.388294657723165
-22.389402980502805
-22.378161217292075
-22.382554846245643
-22.388155959466072
-22.390242880630478
-22.398961899720714
-22.394285961604766
-22.389718557881952
-22.386486456718565
-22.378183508604316
-22.38156443255078
-22.388279671611734
-22.385616883608634
-22.377324149787167
-22.384681502447155
-22.392468038903836
-22.39122112789041
-22.392935425478917
-22.404636248208565
-22.399792673022166
-22.40811942760368
-22.41164768013582
-22.41858340900706
-22.42106342414492
-22.43648076244522
-22.421219081378847
-22.423984143757238
-22.42274688448423
-22.42633599776854
-22.424924634198156
-22.41955708732564
-22.418171294507246
-22.410166217537324
-22.403509131989686
-22.41046187586207
-22.39901357346426
-22.391989080313714
-22.402488128474296
-22.38644446391412
-22.379893187393474
-22.38188856306319
-22.382033806857045
-22.392670517652878
-22.389177441759927
-22.38980388404897
-22.386941762926213
-22.382719928135025
-22.371938165501245
-22.380045232880953
-22.40048393244575
-22.402825150887708
-22.405671023246008
-22.39985552422559
-22.395434773524904
-22.39766895053765
-22.404627409058705
-22.40326170572438
-22.398478753671323
-22.40894408215634
-22.391062103667938
-22.41024999892788
-22.408101802610854
-22.405655196362595
-22.40751642730564
-22.412847394294488
-22.406089914081406
-22.408925184064678
-22.40953078178873
-22.417203505669807
-22.414560430596914
-22.421358748336644
-22.421493549252848
-22.42115749716884
-22.413635233548767
-22.402245251080643
-22.402860569272793
-22.395206621288676
-22.405706644984342
-22.395573042226953
-22.397419229806317
-22.39952689235246
-22.391423650392802
-22.394572054106664
-22.39462801788261
-22.391675570295288
-22.388321909494575
-22.381586212904395
-22.39418821628863
-22.38906377226047
-22.387956821589487
-22.39184965342604
-22.384427641682617
-22.381061253131534
-22.372131912007166
-22.3730296362709
-22.36608350700729
-22.37873033199754
-22.372535007473722
-22.367860749169576
-22.370665773182946
-22.37307965801007
-22.376806013117044
-22.365256797212094
-22.3786164842451
-22.376325796899273
-22.384359417390595
-22.385394738856363
-22.385366586180222
-22.37705367949342
-22.377147893205542
-22.38780019720295
-22.39143908922343
-22.386778038093894
-22.381996291483052
-22.387106856018885
-22.38024563277388
-22.382951219873235
-22.384024980225817
-22.378726796385546
-22.393133915641958
-22.380169037938064
-22.39248062949793
-22.397009861706394
-22.407976147664936
-22.3995786964999
-22.394439000791866
-22.39213049718854
-22.392136313466604
-22.398664467611013
-22.40508289225779
-22.399720998471405
-22.41567446538206
-22.418517019389935
-22.425204120272312
-22.427830982630233
-22.416198654798166
-22.40924906199941
-22.399789823649954
-22.395594104655093
-22.395472134740583
-22.389735954194624
-22.392531149054303
-22.396659511475004
-22.400066581554135
-22.397516818508347
-22.392588989642817
-22.41162387339318
-22.41630009776426
-22.416837674185487
-22.419114963283103
-22.411896680989585
-22.40813516882953
-22.421205656404176
-22.41537115256207
-22.405783363259097
-22.403940397558877
-22.409090684815247
-22.4134403454808
-22.406885048524618
-22.40923933169666
-22.416078273399943
-22.419790750060276
-22.417412960787473
-22.428184292343918
-22.433997768360626
-22.43637082817727
-22.444212090624596
-22.44487440080528
-22.446482689588684
-22.437134357290677
-22.43928059013635
-22.431085112506942
-22.42226294786873
-22.4222196662004
-22.42637441890741
-22.42032659354141
-22.41540963323588
-22.40125541801419
-22.390862075900422
-22.386627995185048
-22.37927372241407
-22.37740127305664
-22.39078550416187
-22.387672551407277
-22.379392668389624
-22.379471364557805
-22.384952460554263
-22.394620188345513
-22.3991525435418
-22.383605749592203
-22.393258687470734
-22.392660581542383
-22.38813003925595
-22.379176138654653
-22.379547085839107
-22.377309642265637
-22.38005733140057
-22.376685492748027
-22.378830162614232
-22.386042186577036
-22.4003988605669
-22.39251314145583
-22.38419327680601
-22.378233578594966
-22.383641257682267
-22.38310218431667
-22.379677780619673
-22.38056534249689
-22.37448276706045
-22.366887110607923
-22.36397016106758
-22.377920190739164
-22.36249619788706
-22.371143624249232
-22.381273208269594
-22.384038063878076
-22.391210408303575
-22.384949853057517
-22.381588918931044
-22.385603145952494
-22.38558281473251
-22.374840833489237
-22.387662070560133
-22.396380892371383
-22.409309208249006
-22.403271243622537
-22.38730789110065
-22.376651520880944
-22.40084429575606
-22.41069362414665
-22.415366878666365
-22.402229586365607
-22.399541726713366
-22.39662784911756
-22.39947542901343
-22.398426648722854
-22.39494749179867
-22.395930538616874
-22.392818433450593
-22.381832038979304
-22.3704940955297
-22.368022506988932
-22.373346064077136
-22.382638121531205
-22.378170704937247
-22.37740692112516
-22.363226908695
-22.356062224356243
-22.374084199776693
-22.382041856201727
-22.392926211977883
-22.39822837317359
-22.3927098464857
-22.405720440224364
-22.4145196525242
-22.41961798193878
-22.42150057188511
-22.41645415291515
-22.420702162503765
-22.41262947759767
-22.42592364093804
-22.434300658281117
-22.436049284831167
-22.42745635928485
-22.42693213825327
-22.4231510587358
-22.427715294861255
-22.415593072882757
-22.412057157277562
-22.411288065589776
-22.417615874169723
-22.415762815317617
-22.41566305775028
-22.417334233411037
-22.427150490497265
-22.42539297424116
-22.429141506496357
-22.432007391110215
-22.430110619996352
-22.436772661445247
-22.436457775650236
-22.433715733861792
-22.422793431560297
-22.41771701413332
-22.420502931726457
-22.421253098686957
-22.421715928264256
-22.423677476665006
-22.409651096730645
-22.417927533767184
-22.422266876077106
-22.413099329697015
-22.421573647676365
-22.415743921816617
-22.424714848093785
-22.4219237375254
-22.42085050047809
-22.418966728860838
-22.417649953712807
-22.401802330646507
-22.404450405085697
-22.40585979842453
-22.397221098099465
-22.390127423176207
-22.39776190884429
-22.413707865645122
-22.426732969267206
-22.423983225579438
-22.406294764801633
-22.39638005614543
-22.397527177861594
-22.39790340441833
-22.398641997217542
-22.40777309772895
-22.414350799020532
-22.418960548355056
-22.41539271593438
-22.423781159157194
-22.419319780150392
-22.412964313043968
-22.405408500675456
-22.40295375750238
-22.403361715462417
-22.401259259992763
-22.392625049263113
-22.392308957314224
-22.392834318640105
-22.39004020975022
-22.381109434004784
-22.394106498427483
-22.39420466259821
-22.38982766519763
-22.39346013099575
-22.39255426663138
-22.390808604875573
-22.38043535957808
-22.40230969089195
-22.39447127516841
-22.392312244322483
-22.397652393433628
-22.401342964180394
-22.404947396638054
-22.40624853839831
-22.400474952761147
-22.39670286497387
-22.382475039098058
-22.40165281227927
-22.390625566724516
-22.3848105755024
-22.390676959217537
-22.379785881903615
-22.386845392965633
-22.387084932421
-22.39363021623083
-22.393169408470726
-22.400664923152526
-22.39554474050646
-22.39247210822828
-22.396628669332813
-22.394932034767958
-22.395512241511135
-22.400106658374675
-22.403780026047336
-22.40141847903138
-22.40262730337482
-22.4040464117375
-22.400862182244598
-22.408724440490136
-22.399355793680133
-22.39683484610345
-22.41030774302536
-22.40400978327006
-22.401768388460304
-22.413917494025572
-22.423031725856493
-22.4256909723362
-22.41856502129946
-22.421878485266486
-22.416956334611605
-22.408360426714744
-22.402936578334458
-22.40929448496514
-22.400008678878336
-22.410338159018508
-22.408366206540734
-22.391189853187594
-22.382869247078474
-22.377424351627837
-22.38808227330021
-22.380649186532285
-22.37692003603196
-22.392814667104265
-22.398687096843013
-22.405354857236038
-22.414481621409514
-22.420622415760374
-22.426407702928277
-22.425781926100296
-22.42254678724837
-22.42479726272857
-22.416545226605656
-22.422780902460683
-22.43318836051897
-22.432116702562634
-22.4208182141383
-22.411481454612307
-22.41179144505404
-22.41271699820115
-22.41332999026889
-22.407280290290736
-22.41582968645785
-22.412403418140507
-22.422432111694203
-22.41342532427232
-22.40722700282812
-22.39212546032045
-22.39385491528982
-22.398847943833857
-22.380403908252585
-22.385155969722057
-22.384741554763128
-22.393146509013132
-22.398514559100338
-22.411618320365406
-22.41860749220306
-22.40646068644314
-22.412147730552835
-22.414600847135667
-22.406832912765427
-22.413339204304876
-22.415420766348962
-22.421298909883845
-22.414357951861412
-22.416941743324966
-22.414914555846778
-22.412962566727742
-22.41061771761286
-22.422592290454958
-22.42605019117798
-22.42439687357161
-22.42210146858715
-22.421407181338644
-22.421480598830858
-22.4144039206161
-22.413988988316934
-22.407241406237517
-22.417459321155103
-22.409105917992004
-22.410333624933
-22.413676834142155
-22.405824791375576
-22.395324486767095
-22.402546769414673
-22.40589523146633
-22.404747111444166
-22.4045763069277
-22.39502089152401
-22.406610167643784
-22.403815391785262
-22.40782787311166
-22.410994526974797
-22.403401378009878
-22.403165176764503
-22.414270924889866
-22.412149713725434
-22.41392244263476
-22.418287044229313
-22.40974926692314
-22.417440019556107
-22.424279303349888
-22.425044384693212
-22.41401706002305
-22.41008859093761
-22.40876683312971
-22.409738070678042
-22.415029343434988
-22.41250250336176
-22.404615722992638
-22.40305430245165
-22.405798453602788
-22.399433084941514
-22.38645426103131
-22.388525069000355
-22.392265051878606
-22.394461609740823
-22.400033612076488
-22.397739916701628
-22.400180815717007
-22.401155317340113
-22.39471746394374
-22.391644699643813
-22.398239491406102
-22.411666617064526
-22.405595535382922
-22.406026878574316
-22.400212501514297
-22.383199618697404
-22.39954885336624
-22.409608024114615
-22.403997779745435
-22.41233524709775
-22.410453381458026
-22.426784619032944
-22.434993535083013
-22.432912372797176
-22.435011104894834
