-24.06232038073084
-24.021489456820547
-24.019279466628895
-24.01983088129202
-24.019006629723382
-24.018981219012026
-24.01963101343246
-24.019343450941122
-24.017388060857687
-24.020949150334463
-24.01929813664157
-24.021084025347964
-24.021269147003
-24.020286413007977
-24.020618107638246
-24.01961477421812
-24.02005939746849
-24.02067391444522
-24.019800849705184
-24.021226521333933
-24.02009753239067
-24.02089874394407
-24.021452878232733
-24.02091717518379
-24.021476803149444
-24.0207589443198
-24.019520839368415
-24.019837264412256
-24.020018431457977
-24.0193440917451
-24.020160046274246
-24.019855707651605
-24.01880151450606
-24.02055350122852
-24.019476739926038
-24.018814471847556
-24.019529172610866
-24.019437818072454
-24.020565529285797
-24.02022692542719
-24.01977942929754
-24.020487260870542
-24.019379994103822
-24.021754344591677
-24.02128831300615
-24.020889569250773
-24.019707249927315
-24.02003318895418
-24.020510820896888
-24.02061386547893
-24.020446610479627
-24.020056753211925
-24.019926425980977
-24.020694238373398
-24.01863614126216
-24.021763756379833
-24.021923352866985
-24.020667761897656
-24.018867547300765
-24.018014881960443
-24.02016720695762
-24.020513785835487
-24.019794958511063
-24.020269866645638
-24.02203573785434
-24.02011564958795
-24.019447850764397
-24.02074148406936
-24.021487795499123
-24.019687371783156
-24.020425015724577
-24.019790140435475
-24.02057645947499
-24.02013492248225
-24.02089035596486
-24.01962018833305
-24.018127616722435
-24.02058037246579
-24.018191368456847
-24.02046894671866
-24.019794230321928
-24.020327855094877
-24.01989299839775
-24.018399625464347
-24.020677163572007
-24.019428962333457
-24.020397488887006
-24.01929791818102
-24.019629728367665
-24.019046346269903
-24.019777915106765
-24.01895238277125
-24.019856394700987
-24.01991780173689
-24.02073328993881
-24.017785294465085
-24.021243413932886
-24.020796393372613
-24.02089258718346
-24.021470669310485
-24.02063025326517
