-22.435011104894834
-22.4311948175549
-22.432966477066376
-22.412720291775113
-22.409769015107788
-22.407421775764025
-22.40975306613016
-22.40872556535827
-22.41430038297294
-22.4224255847582
-22.426504793547245
-22.4285239103594
-22.421224873565205
-22.42220802811616
-22.419463264506682
-22.42479414045886
-22.40979095068086
-22.418871178124167
-22.42109396252048
-22.412345876267437
-22.404976325768573
-22.404328371710108
-22.39660364860608
-22.382426373334294
-22.37833714992689
-22.37792068019985
-22.374448109071746
-22.380037187016622
-22.382776924102963
-22.37307525594363
-22.36591533148594
-22.371605872617838
-22.375668524134735
-22.378308246012708
-22.362232192402764
-22.36420094510083
-22.37331229176706
-22.36502184613416
-22.36450409306219
-22.372242083311722
-22.364442759332327
-22.35102046538627
-22.350951374024497
-22.354814404650497
-22.35954062651667
-22.35116545537083
-22.35478414319321
-22.351328806947812
-22.353804155201455
-22.357800608784654
-22.360557645257746
-22.361480159119118
-22.362646213112487
-22.360912365309456
-22.362794909850766
-22.357582365643175
-22.346275390742914
-22.344043160400684
-22.34775156318057
-22.34795072293206
-22.341673475710344
-22.353739688519422
-22.35724336346201
-22.357821183845978
-22.358494934272
-22.36189835095849
-22.369608011748923
-22.36816234655269
-22.374150956519156
-22.371249519112155
-22.383437594121926
-22.383583443502868
-22.36802130310095
-22.364022825379593
-22.35946880819199
-22.354873058565534
-22.35487188652932
-22.348518692096523
-22.344086453823998
-22.34889657829942
-22.354171532408206
-22.35497764793854
-22.360294956682992
-22.355256947668533
-22.357410394874943
-22.347804833571885
-22.347741263894935
-22.346653934680166
-22.32517721375224
-22.324572115190193
-22.328538602682087
-22.317206923613643
-22.3150747908725
-22.311911848872086
-22.31601247268924
-22.326519429823975
-22.32011472941189
-22.316374743315954
-22.32987876026131
-22.33517713295787
-22.338606156239987
-22.337183104173253
-22.339738549593555
-22.333057693441972
-22.340892576410425
-22.339187795527252
-22.341510020864256
-22.34358364384684
-22.355813995006695
-22.3609845850397
-22.36979334260246
-22.368836842209483
-22.359733062222617
-22.36176969497314
-22.352807282667325
-22.34857884517955
-22.345011994504993
-22.3418289012803
-22.340193995613266
-22.349921029583417
-22.364001367563173
-22.36356998770333
-22.367868330490758
-22.36280754539211
-22.35815799853854
-22.35142490712103
-22.344812106009616
-22.350819335765667
-22.336636795504205
-22.340818167459357
-22.338718557247645
-22.342367098911858
-22.349650321069348
-22.3645485280046
-22.35068070648315
-22.340417229248043
-22.332872520959473
-22.333245607803075
-22.332089194203853
-22.335534447671265
-22.34813874201553
-22.35640787079962
-22.3542839679
-22.37200903011244
-22.37013060785559
-22.37967337335666
-22.372859212973292
-22.368743597289857
-22.38053697523724
-22.373407063281462
-22.37241655166643
-22.36481217173131
-22.358262884407498
-22.37149714776574
-22.36798219394512
-22.366151287893167
-22.372088458664546
-22.357686906537616
-22.367270553807195
-22.372416116013273
-22.36880538337859
-22.378558309084962
-22.36411630060944
-22.357018462837765
-22.349508346013717
-22.346561389721263
-22.34541844765278
-22.32819525620989
-22.342293822205065
-22.35372913913994
-22.34118781277069
-22.333750094004937
-22.333653049804138
-22.32962599638373
-22.323412376502137
-22.333969312162903
-22.335225318306694
-22.349825887871678
-22.35591245714273
-22.364651249363895
-22.360694231369763
-22.35978722145301
-22.36852034233631
-22.358633689890386
-22.370105678391134
-22.37512931780424
-22.393006592917214
-22.396023654857075
-22.37566336164893
-22.383978204280616
-22.3854220010581
-22.387745058376133
-22.392595434502354
-22.418815205647142
-22.414189843056256
-22.40805847749608
-22.40514494792903
-22.407913454198965
-22.409826681283803
-22.403520953984952
-22.402635555087087
-22.40969982508316
-22.418312488316644
-22.410567152242834
-22.407269261240575
-22.40895248912454
-22.402932044774168
-22.4052220208225
-22.397615362470383
-22.399194713684025
-22.383616478512494
-22.38138850292834
-22.374898972792508
-22.3683602185735
-22.3566595501123
-22.34924352988917
-22.33393532232074
-22.32241978426398
-22.327495617974158
-22.307553690051286
-22.332174315904563
-22.335311383099395
-22.341704159009613
-22.340081276267824
-22.34465416780088
-22.355602223584135
-22.352101102699056
-22.34094297994362
-22.341867641651966
-22.3460443217543
-22.343509842527947
-22.345779302187008
-22.340829189877777
-22.337997846372616
-22.336694552119756
-22.323693521943945
-22.324635116256164
-22.330007215765647
-22.33242830802511
-22.335964588387856
-22.33954528658347
-22.359235362578666
-22.3561031775765
-22.357178229427422
-22.34935052073782
-22.348719200340955
-22.34305901342794
-22.346610671826063
-22.35317010978498
-22.378068629195763
-22.35887147206616
-22.369718392946456
-22.364483236373328
-22.371986880365316
-22.3746835009194
-22.353451646607876
-22.36738858689113
-22.3631435907042
-22.363117147434636
-22.37677227920051
-22.37418687050577
-22.388341043524232
-22.37316094575224
-22.371009166674554
-22.37548435890548
-22.38076433943211
-22.38843376250792
-22.385311724050815
-22.381665706738413
-22.383452361858446
-22.380938335964952
-22.368451951435723
-22.366422319037085
-22.354790278103938
-22.368312374150218
-22.371183292639632
-22.380452345377947
-22.36866137963164
-22.360103037788537
-22.370321210635815
-22.36676962935166
-22.357251100360415
-22.357159835062394
-22.371315472436923
-22.36634694391987
-22.380605693938595
-22.381558479493563
-22.383021726794997
-22.390536912668956
-22.383010454384053
-22.38289759981286
-22.369250036600203
-22.37193448733888
-22.374556279177067
-22.385000530768682
-22.376595463234597
-22.382678949200187
-22.390107461155303
-22.37285475482639
-22.367822807511388
-22.377278359367555
-22.365383823750058
-22.37713470615653
-22.37149143785369
-22.37173985808269
-22.356536243629595
-22.361466963191653
-22.359090074118427
-22.35298547884642
-22.368560054510706
-22.374593234562784
-22.366983733970173
-22.363654719441755
-22.366444383218294
-22.36662430006756
-22.365751961758455
-22.371290192638
-22.364985726141065
-22.352353850831392
-22.35382465960714
-22.34471063286184
-22.34803783523176
-22.351325749016805
-22.351272739380587
-22.348322774401765
-22.337946327035922
-22.332864113876994
-22.344400694543424
-22.364113228155347
-22.36512484025265
-22.365416943872216
-22.353692338446265
-22.355190884058654
-22.338908473225487
-22.332530889618834
-22.339700844326995
-22.341819485907845
-22.34446118003024
-22.345480656057244
-22.339450911485187
-22.33643918069189
-22.337166481844367
-22.340043403102435
-22.33297204828123
-22.33875573528525
-22.339778446896332
-22.33894857380286
-22.338778233111043
-22.3318652009732
-22.327657340912015
-22.32680761138949
-22.31925656945352
-22.318913363059828
-22.319652175800055
-22.330818202198618
-22.335971295877258
-22.34321438294579
-22.341502398031746
-22.34837209319775
-22.366089729897435
-22.36901497158562
-22.369371092745943
-22.386876407080408
-22.37182755282958
-22.365364901735376
-22.364273087124793
-22.361544029425968
-22.361427679079657
-22.370851925434593
-22.36307818495287
-22.35787922655534
-22.35123812377465
-22.350538082576687
-22.34623049109941
-22.344609270510308
-22.3396555839091
-22.328124939115245
-22.326356113235928
-22.341730161500724
-22.34593721525991
-22.352010201628623
-22.35616415451424
-22.36355762767521
-22.362218016154237
-22.361012672741992
-22.357420490384435
-22.35708073073536
-22.377658094160505
-22.37296283397069
-22.36166210726011
-22.37329513039817
-22.369380119654476
-22.37233172739673
-22.380716087241115
-22.383690684550725
-22.38330582643681
-22.38583042569697
-22.380483907732792
-22.384874459202408
-22.372900955849197
-22.36737985848593
-22.359589864164466
-22.36202528996224
-22.36463814638435
-22.363483873395623
-22.377889406000826
-22.361660489838396
-22.377607905881185
-22.37777012330601
-22.38734458564408
-22.39597611563421
-22.383607126106902
-22.387031944224052
-22.379951275382105
-22.384753065103595
-22.378033145683332
-22.36845780377706
-22.36044932523535
-22.357471201729897
-22.354611469454245
-22.358362505036148
-22.35944540858999
-22.358542414889158
-22.349353694510363
-22.35597897079284
-22.377810840592833
-22.368399510994664
-22.356900486963845
-22.36045310258735
-22.365264195633383
-22.38186512617918
-22.376620300581788
-22.371393120903903
-22.374459302675085
-22.388595561645676
-22.406445529516095
-22.414177150644488
-22.40752827914583
-22.411079370982385
-22.398350582181106
-22.39860262513309
-22.403077630768983
-22.40825319735742
-22.39851849097252
-22.386999373041423
-22.38059840266272
-22.379436678538394
-22.376818879475525
-22.380945401698412
-22.372941031630095
-22.381095557469497
-22.379017198771546
-22.373372739522257
-22.373498051277313
-22.3638503633715
-22.361856971828306
-22.371309917909148
-22.37278921502356
-22.359298899282233
-22.361678298782582
-22.363130019751768
-22.360211546394122
-22.360295678970942
-22.365165082002104
-22.358886339394086
-22.358089169652125
-22.35404674138033
-22.353626545140184
-22.357523854042736
-22.358005748812115
-22.364942157133346
-22.361896279407667
-22.37665048013724
-22.365994759571826
-22.36665962891459
-22.36658122857564
-22.35262380412563
-22.346838304608994
-22.341979519877885
-22.340586679535715
-22.334041451306536
-22.349968591686043
-22.351432908782964
-22.35268731255661
-22.35472166914896
-22.36570887908907
-22.379029416286244
-22.369553322111237
-22.36169590653885
-22.357861757905845
-22.34972595564061
-22.346530484577393
-22.342579146622835
-22.33433958248513
-22.352177904800097
-22.357035216537806
-22.352887083315643
-22.353666621101215
-22.34833209279506
-22.353012412074744
-22.356009610830032
-22.354816176509395
-22.347618016061954
-22.357635631277894
-22.356569871730155
-22.36051852982256
-22.360105023775887
-22.35255873588547
-22.350188808045935
-22.352599095570262
-22.355480516748873
-22.363880866384296
-22.348437650450148
-22.357517699853595
-22.368746550763504
-22.366384772921126
-22.3535855395896
-22.35134129186776
-22.34684369891861
-22.331916921314843
-22.334488491215946
-22.332198364216303
-22.332122243087635
-22.34191390251596
-22.335887866661377
-22.3526886527802
-22.344214093808127
-22.344803349929464
-22.352996797517253
-22.365704771623378
-22.363855074641197
-22.385686419671583
-22.387093255073857
-22.39881022791243
-22.40474864184137
-22.40459060377054
-22.403851071968667
-22.402709342451132
-22.398299671102937
-22.39417073986108
-22.396076609391997
-22.39375940398404
-22.384802125106326
-22.37657986781072
-22.386529407143502
-22.407469318029996
-22.417917922724275
-22.42258603663059
-22.420198901633302
-22.417009845494768
-22.418536145522758
-22.42027192028559
-22.422098518538593
-22.434416966997958
-22.421916283515767
-22.411984115633263
-22.408461880976617
-22.42069463483967
-22.42663589454352
-22.43908081788065
-22.420111547910793
-22.410782920612164
-22.411729450586044
-22.40164337041628
-22.40356092633266
-22.401472022842093
-22.397849921517736
-22.388977164813355
-22.384823350924673
-22.383396141267472
-22.37989629156557
-22.37183022270565
-22.37727465865439
-22.37783551302632
-22.38074032838365
-22.379204455326086
-22.38196103832237
-22.382077570270642
-22.382049494242555
-22.387938682273155
-22.40453629855626
-22.40368205058074
-22.406436645209602
-22.402762351401527
-22.40626964931473
-22.396426168111887
-22.385210475681955
-22.379130468755303
-22.37788913981274
-22.371309414662573
-22.38891371484063
-22.385555051407756
-22.388707909626856
-22.38850366161
-22.380167883808465
-22.367331581221244
-22.370168350339345
-22.380274963742135
-22.387297527195585
-22.393850342785466
-22.39896789069492
-22.396908933762422
-22.390696141387362
-22.370478618840448
-22.358390912888822
-22.362974348919963
-22.36092513420476
-22.374261776571625
-22.369100665092894
-22.376361639135375
-22.368532583525557
-22.36978567443645
-22.362527238412582
-22.359148801481076
-22.35144482482273
-22.34119129720135
-22.334294408439273
-22.328528905358848
-22.33211191159726
-22.337198465591047
-22.341186827490453
-22.342129165640685
-22.346169611595688
-22.34349596252191
-22.343548582305836
-22.351504668018368
-22.36348080444133
-22.363845144772707
-22.364502789437008
-22.37133923222133
-22.368257691977856
-22.384632314682925
-22.385363042133555
-22.377009077472497
-22.362101966498322
-22.353922488769033
-22.35279373788665
-22.350146033895303
-22.354684981730355
-22.35832793713064
-22.358029753981718
-22.350199753246553
-22.35194545193717
-22.335883957314007
-22.341500672369754
-22.337622109810585
-22.34246628394278
-22.348610418523133
-22.35738055275396
-22.360351048396556
-22.36553162641052
-22.36812510527919
-22.371431942449878
-22.362720978661805
-22.351565632341433
-22.345229741132396
-22.353213481133363
-22.360384760033647
-22.359768753653466
-22.359756140921956
-22.380112945777572
-22.369260618997863
-22.357944941816637
-22.353118294831532
-22.357230036044164
-22.357614389662167
-22.354951848862918
-22.36079002443388
-22.35441788970614
-22.342066040297677
-22.347637081286482
-22.338799227688472
-22.35097458646271
-22.356978481288323
-22.36009032139969
-22.354059021280424
-22.35240962787574
-22.343053751324195
-22.336797501341856
-22.340291205030415
-22.336063704196743
-22.347112147413654
-22.36066970187122
-22.359154782384202
-22.367685383338447
-22.36799938397419
-22.377550988943344
-22.379259443558542
-22.377271278536657
-22.389966838599708
-22.394828405852305
-22.39497185028972
-22.388227951870643
-22.38503929946417
-22.376189244982065
-22.377345951157146
-22.364942399582752
-22.36237483014883
-22.37212639072895
-22.35742241754731
-22.376672037638446
-22.381106490769472
-22.39881428354203
-22.406659750484646
-22.397318774216924
-22.39070712075574
-22.376138085366676
-22.384038962780267
-22.37888590742095
-22.368588712903076
-22.376135671845706
-22.385173914240923
-22.377158448735194
-22.376257486582343
-22.3744204583854
-22.374881989808266
-22.388237652410673
-22.37879778573519
-22.376078624927842
-22.373472620954985
-22.377607373573085
-22.368088337537557
-22.366521954676344
-22.3678658985956
-22.379206545062086
-22.382466329739632
-22.36982617871162
-22.363720548011678
-22.366762306167914
-22.3612181136405
-22.349017832726403
-22.34706834176787
-22.352779050497713
-22.342941728267885
-22.341773356145463
-22.353175244674357
-22.352597204600425
-22.359887402540945
-22.363627455296502
-22.367549246030883
-22.37536020955317
-22.37644078556681
-22.365771008136402
-22.36505502649275
-22.365881049094266
-22.360263181804832
-22.363092776037675
-22.345593027364227
-22.345097500194115
-22.336034578990443
-22.341294216036243
-22.346906447542516
-22.348011629732152
-22.3456965629408
-22.350441652621896
-22.355234976866573
-22.34799864148438
-22.348359796084793
-22.343312393406457
-22.347230724673363
-22.33102938991946
-22.32974638890033
-22.32893174248127
-22.335924504820163
-22.340301142427446
-22.339383373361365
-22.335553609791205
-22.3236848774174
-22.325688079775862
-22.32617052421758
-22.32773647578857
-22.333751997753026
-22.344294527249062
-22.347272280349735
-22.3540763081118
-22.34776535505434
-22.337271883411013
-22.341261385422136
-22.343144486880934
-22.345072426039202
-22.344128965857262
-22.353276458628628
-22.350488633735136
-22.349093735641656
-22.339925949455292
-22.34840429794993
-22.345154714859646
-22.35156308523621
-22.35793508875064
-22.36429917130816
-22.360685930994528
-22.37194587741311
-22.367257856461745
-22.36860498940776
-22.364929876279646
-22.375603498412573
-22.370353904539144
-22.36377674314355
-22.36647876045623
-22.36170496457376
-22.363692167032426
-22.36635572228087
-22.354523868828366
-22.364018658081253
-22.355276085719005
-22.34828105545513
-22.349938202339295
-22.358233464147833
-22.362518918168
-22.380650736326604
-22.36699797574992
-22.36538687667834
-22.367980044997
-22.37560414669838
-22.365681802958644
-22.36360784970943
-22.362784540072585
-22.363297388153896
-22.368284292413648
-22.37494397714188
-22.37551121525363
-22.382030891010082
-22.37908871697873
-22.379052656399672
-22.3863096312479
-22.382806522409897
-22.39861438745706
-22.392570617214584
-22.394397494030596
-22.38445297092784
-22.388334300959155
-22.390265089841375
-22.38398568871996
-22.379151091054098
-22.377182798522384
-22.391489016193738
-22.38351905710924
-22.37565438541352
-22.365113830000993
-22.36779458112754
-22.366040453251877
-22.365241461086057
-22.371598403590312
-22.383341317555285
-22.38056435612289
-22.39412126380942
-22.39442121733335
-22.390064818584264
-22.373396116722347
-22.36809519414274
-22.369333893468717
-22.365856840237583
-22.378326816096273
-22.382451623923135
-22.393865785996073
-22.387990917400554
-22.385838091601304
-22.381021823046467
-22.377298280490827
-22.377558439395465
-22.382916626424798
-22.389138861716162
-22.37674444540371
-22.375689345414546
-22.37009181607947
-22.378062232687224
-22.36993568059904
-22.37820947607669
-22.36989667778805
-22.37434722851399
-22.383522174861323
-22.375591666322688
-22.375172020047714
-22.373864388560794
-22.364852473708524
-22.356913364564228
-22.35743773767317
-22.366584424995203
-22.365563588112725
-22.35976429246281
-22.34961532281875
-22.341090655715675
-22.35116209927518
-22.372188290105164
-22.374102325529233
-22.38192459532849
-22.376728875018895
-22.38330255222724
-22.374519227367177
-22.36350044450948
-22.36137988785618
-22.366592306063115
-22.36720187514235
-22.38182013001306
-22.383875860230745
-22.370970216153697
-22.37875612433639
-22.364091766297427
-22.377130692840744
-22.38070066226315
-22.37849718762711
-22.362989328359845
-22.366397061104298
-22.354941750415158
-22.357173243153603
-22.350089535276584
-22.3575775276885
-22.370566681900023
-22.38138666810316
-22.38110159050738
-22.37547442801286
-22.373245111573446
-22.379120870087938
-22.361249316782498
-22.35199680780899
-22.356905162615664
-22.363354025034198
-22.362095713040997
-22.3597935524824
-22.364797706158342
-22.354676321776022
-22.345822281221665
-22.356502240867783
-22.34709864565186
-22.345380945332575
-22.354185629767464
-22.34389937710005
-22.35196259190254
-22.372310098553246
-22.373160628614198
-22.362671238704692
-22.365007348865944
-22.37421118913437
-22.36276772199243
-22.38060542813101
-22.38084162932614
-22.381340895088467
-22.385219093888896
-22.37654532541869
-22.378112862195998
-22.383122290290846
-22.363637858617732
-22.36794406288078
-22.363735592117823
-22.35870392417676
-22.37511498655758
-22.36635285025053
-22.347281944568664
-22.368894802830166
-22.3590548031116
-22.3528051859028
-22.354735411966143
-22.355638925383982
-22.35642927769607
-22.356460963166242
-22.35302775919166
-22.347227393037272
-22.35315705281352
-22.3537863157291
-22.354741189105162
-22.36671334251264
-22.373704387031935
-22.37831871216921
-22.377827150613122
-22.36938971836379
-22.365757902467656
-22.367677056218806
-22.367719086153365
-22.363400333759387
-22.34880830255289
-22.348812282499537
-22.34212510117583
-22.33469840022965
-22.355788447256653
-22.355270292820514
-22.345311074709915
-22.332599904117693
-22.335643901588313
-22.33835151579631
-22.331303060438174
-22.34121336738193
-22.340955649049796
-22.339904451628563
-22.344111963361375
-22.35013556376345
-22.34172938618257
-22.33831547404196
-22.330333718739926
-22.325901016022506
-22.31620494773139
-22.30841368743133
-22.306375369292756
-22.310564245648237
-22.315095790267474
-22.310253967288354
-22.303838646490963
-22.3084533217114
-22.30662161330593
-22.3019947350358
-22.30058670008643
-22.308135669269358
