44.0
43.86443044341728
43.72160341451982
43.57292866016222
43.40439349102026
43.214842057215414
43.01401987145237
42.77987351310482
42.5451301408313
42.27952863914292
41.98682839056649
41.665642005502676
41.326455717906
40.95964353336581
40.562768731848365
40.15815221620874
39.727096480556355
39.25970039677247
38.71341461325278
38.179022119646945
37.59438423026064
36.95084251648787
36.244196475719704
35.529289415044595
34.78235431523644
33.98404433606037
33.15824546069361
32.2828911679142
31.323757208486455
30.35304107561234
29.333298418754463
28.272356846059857
27.19492721986967
26.080213385429417
24.946145567850614
23.84331793161034
22.656666503527525
21.448695963822978
20.22465005444971
18.983960297928864
17.75470898814088
16.529035438453974
15.334374153677624
14.12298336937632
12.925480060204976
11.71002026697768
10.53469047328404
9.389949799433488
8.23337625995566
7.145421526065903
6.061807751058101
5.033674062718131
3.9871005578201792
2.9918445008729537
1.9989848817084235
1.0721527986086914
0.17612016033283415
-0.7022493771181405
-1.5434723182974464
-2.3790198180841338
-3.16878572594471
-3.858506177575575
-4.587138163503925
-5.268683507684836
-5.901426814161658
-6.481544307692734
-7.037372839078215
-7.594891062227507
-8.101573795174254
-8.587769990444613
-9.07755677154937
-9.522275690935313
-9.937539771544925
-10.32039486963876
-10.711718432260957
-11.058639068089867
-11.386979711085718
-11.696867208380235
-12.026886888994893
-12.300730568740269
-12.554769561923562
-12.812945875576217
-13.042474089401871
-13.260160049293402
-13.485081310408072
-13.663469226714545
-13.845350277705483
-14.013054189979396
-14.180005704056757
-14.34296400423885
-14.49594254657792
-14.638504094625155
-14.799108253950891
-14.9329209506083
-15.068480814047083
-15.187496695231356
-15.301469938597211
-15.408036528515291
-15.521624741746283
-15.61841558532502
-15.715494947350322
-15.820861018123573
-15.894356361951424
-15.981968898875865
-16.066654509504993
-16.151928871741013
-16.23476574603825
-16.311338644672762
-16.36982302370562
-16.43929248375567
-16.497973684798
-16.559123984641097
-16.61681028886645
-16.688406865560193
-16.75130205743889
-16.807922876697923
-16.861777354249757
-16.915023739840898
-16.964758090236906
-17.00416703299582
-17.03881671095909
-17.087029069692992
-17.13726922378593
-17.183163066575265
-17.22243800834805
-17.25835678429745
-17.290428083183347
-17.32465669713081
-17.363726686679392
-17.399219561380445
-17.44044980107979
-17.46453262631088
-17.498556846970526
-17.526319950758207
-17.55872433793003
-17.589922292246793
-17.623649912507393
-17.659234998152048
-17.68831719290828
-17.71675884037345
-17.73704478823383
-17.76268491481762
-17.794431192874185
-17.82430978551106
-17.84356569821492
-17.85868113530164
-17.885493309656237
-17.90678457856672
-17.938333862861594
-17.960339020807268
-17.97658788894843
-18.002453203294706
-18.028287418827173
-18.047782643166116
-18.06438017238632
-18.090066921299773
-18.109919427714964
-18.13405509444653
-18.140581513112288
-18.154894233354593
-18.172025156803844
-18.1965300883926
-18.218762322435694
-18.235527609057968
-18.25755095501233
-18.28438275344955
-18.305920551422027
-18.32272188278144
-18.340877471977777
-18.355983633933587
-18.373854939657512
-18.380798418166385
-18.39995433124838
-18.420678668787804
-18.442496835831797
-18.450621847143573
-18.464709573615632
-18.477709594737927
-18.49187025285362
-18.51144492604489
-18.52554134945112
-18.5496084579679
-18.563335051222822
-18.583401680729363
-18.600128927935724
-18.615260955651213
-18.63543889240977
-18.636946570017358
-18.64297589051999
-18.651608636166127
-18.66154096704425
-18.678182664070473
-18.695470774743384
-18.70103902450958
-18.711236984477733
-18.720963067203865
-18.731353511219705
-18.742941470168198
-18.760457263013645
-18.772392672337197
-18.77806250610338
-18.789133340416225
-18.800594629126063
-18.817669841958608
-18.831261447386915
-18.834814803223633
-18.849279099047944
-18.85194132110327
-18.861228674064186
-18.88099227744138
-18.88540056389455
-18.8954066280276
-18.902837304633373
-18.914456297114256
-18.928595393403597
-18.929863878798475
-18.937424010141665
-18.949015274362772
-18.960116230684374
-18.971940711932618
-18.97406155348302
-18.980652082443523
-18.99746496707378
-19.008596297486008
-19.024771224729957
-19.036785340916197
-19.0450345496014
-19.053849156364123
-19.06797281811304
-19.0751511476462
-19.079848213510132
-19.09581942056466
-19.097332150211535
-19.112151480476726
-19.125365464811797
-19.134992285965797
-19.13534068587946
-19.14901851572886
-19.145758025281005
-19.15546544058896
-19.167156485744922
-19.171272734163395
-19.181232966120128
-19.188215123558315
-19.209476682716122
-19.216530006696313
-19.226671529408968
-19.242713183738008
-19.251291655822467
-19.262641434813936
-19.265068416140075
-19.26137918776587
-19.267424569379568
-19.27770594268934
-19.28658147933539
-19.29347650126592
-19.3008127182207
-19.307780780863407
-19.315871924952713
-19.33279163654925
-19.34301435848933
-19.35220695601235
-19.35914971787632
-19.363016258682617
-19.364484375824873
-19.35827068022141
-19.362815534193576
-19.364400301012722
-19.38692588736157
-19.385682717010262
-19.39276045897325
-19.395172487913865
-19.404408388829086
-19.412712089222836
-19.423187126091765
-19.43206605125015
-19.43501836976716
-19.438837848609055
-19.445388452978825
-19.460177005279235
-19.459969768859406
-19.467847032984146
-19.467147384450033
-19.486709767002363
-19.4966646504477
-19.518972514268473
-19.526976864185414
-19.536723844973217
-19.546085665256886
-19.55268811326067
-19.55897549593786
-19.569752386476637
-19.579196669399476
-19.579953762645413
-19.5898785508464
-19.592863831094913
-19.598951882977538
-19.59964988121215
-19.602068809332863
-19.606978942443092
-19.611681286358703
-19.621574763387056
-19.622232349485106
-19.61818067954271
-19.619689039563916
-19.619938109983178
-19.627344368146428
-19.638239154702934
-19.64472295585485
-19.651743341652278
-19.65092187004645
-19.658963492732955
-19.664118634915436
-19.665107372138884
-19.670685160799753
-19.676379669209553
-19.68264720191799
-19.681445420141785
-19.688329599901326
-19.69875624890462
-19.71491269276298
-19.72727816559893
-19.721371486283452
-19.73096966234645
-19.733613466918094
-19.738415412426935
-19.745932685744766
-19.746182896894503
-19.752853995597768
-19.749071781597696
-19.76470719343601
-19.764555544366377
-19.76331277742613
-19.766878636133267
-19.77037797654775
-19.775936525208863
-19.788716477664938
-19.79735350535082
-19.809337823641616
-19.815634974553248
-19.8124576811459
-19.824786918334492
-19.838652659100457
-19.842096465791496
-19.844516853377286
-19.849014522835002
-19.845925287072248
-19.84252639391368
-19.848242512269092
-19.854031481951438
-19.86336786105536
-19.866493662950962
-19.87076430521786
-19.881157193492623
-19.884005834617103
-19.887398753220044
-19.888653716346084
-19.888464443816932
-19.887728139062055
-19.886972457778494
-19.89306683707
-19.896053971203187
-19.900870281016058
-19.912921630959445
-19.922081702697092
-19.936934570411527
-19.935378112702587
-19.955610302783974
-19.956939012454527
-19.96718890149204
-19.97050406773594
-19.98530285541967
-19.994081979504415
-19.991426809946507
-20.003109353498935
-20.007236502004314
-20.008206653187198
-20.017720641948184
-20.02362579163123
-20.032312101275224
-20.036489436015486
-20.032118306665815
-20.02667602546274
-20.03108473440269
-20.03409280946333
-20.032991038972614
-20.03387817181671
-20.037787933418883
-20.03972866029756
-20.04040910730045
-20.043307720987226
-20.05083061948364
-20.059287164647866
-20.067317801983954
-20.07046630749106
-20.07375472422526
-20.07538219524838
-20.076087891819082
-20.08532849747161
-20.088124481879778
-20.104133845088803
-20.112366457323233
-20.124085172734965
-20.126375501652355
-20.130839271694743
-20.136671359015704
-20.14299556347557
-20.14928892360067
-20.1520124146337
-20.160061816088557
-20.16996834513813
-20.171433989848516
-20.166260055415485
-20.176985609566398
-20.18278391700345
-20.187893360164544
-20.183141083731716
-20.186028188799458
-20.187689245837458
-20.18743265699341
-20.190358976832936
-20.203940418116296
-20.206593009296007
-20.206419227922964
-20.214109903086744
-20.220973004931068
-20.22954263452671
-20.23063514301467
-20.23739648526923
-20.242803982739385
-20.243779687610736
-20.242294945217775
-20.254382066159113
-20.261637162404504
-20.25995909416922
-20.26977419574659
-20.270016140278262
-20.27927555953393
-20.288549265126072
-20.29351488567392
-20.302857072787116
-20.30382458075829
-20.304010256213967
-20.31112598242972
-20.31699054795773
-20.319182294531203
-20.320779284587175
-20.316917190201305
-20.323154593574632
-20.330646901856877
-20.329659017704255
-20.335864618736018
-20.33972793494722
-20.351428187046974
-20.35276706119728
-20.361914980135452
-20.374327134999543
-20.37278191396644
-20.372039130155716
-20.372238505751127
-20.37703601821445
-20.38255630351874
-20.3879170566652
-20.39278435079591
-20.392620214373952
-20.391780892219096
-20.403914282778356
-20.410187692455487
-20.408130379819582
-20.404619552224233
-20.41331841307649
-20.42739367170384
-20.43145205448477
-20.425246829596873
-20.43069685673057
-20.42530265238887
-20.433146840933063
-20.43122418213105
-20.444430566913542
-20.45170311964071
-20.448869648186943
-20.452372184787155
-20.455715966936165
-20.471854350159305
-20.483290989160103
-20.486874546811894
-20.496425278115346
-20.499379167377313
-20.49992803194754
-20.511023888578183
-20.511778527366264
-20.516288749556686
-20.52273365573405
-20.527987124572295
-20.53844812978839
-20.54462459482287
-20.550291055240418
-20.54903613306495
-20.55669993691836
-20.55307408003612
-20.569779224291008
-20.573634379042954
-20.577370747692203
-20.58498933096482
-20.586450620478672
-20.580554260214395
-20.58466416275267
-20.592623483517634
-20.59169691392153
-20.591201487743593
-20.597501036560182
-20.603416335979528
-20.61131582082016
-20.616108460171795
-20.616577805441832
-20.619989089980184
-20.623408625145007
-20.63170422972853
-20.633553324619943
-20.64201569665684
-20.644593192495357
-20.64583289792168
-20.64490876676442
-20.650428185014302
-20.655291306342203
-20.663959055778513
-20.670140849388915
-20.673097894414784
-20.6691104398538
-20.674146408154726
-20.67360383282715
-20.67863970955684
-20.6810725557801
-20.688810006390405
-20.69958835363214
-20.710148912075724
-20.71404928395429
-20.719589912344116
-20.725010457416136
-20.7332743693301
-20.736847474420973
-20.73356924189536
-20.73075381196517
-20.741584839884872
-20.74810137823748
-20.7481994789645
-20.74464569239262
-20.75817007040284
-20.75814703278029
-20.76689834274058
-20.773955672293646
-20.783958065137732
-20.786656531540388
-20.791476508830165
-20.79266526223868
-20.79072386915964
-20.795559039542656
-20.80676076460003
-20.806384303251594
-20.81389293344161
-20.82727283224033
-20.822291010875144
-20.829757527155728
-20.83360636630019
-20.834643648124036
-20.843525780619483
-20.835623268655795
-20.839326282563285
-20.846043785399214
-20.849676649842326
-20.85917915023255
-20.8615792530205
-20.870328490703578
-20.86944808201545
-20.87102554901455
-20.876316199368254
-20.882957997403967
-20.881393508378647
-20.888156380059407
-20.887501008631723
-20.893151685871295
-20.893191444957196
-20.896080066796415
-20.901084472388366
-20.904975137745854
-20.907988455255342
-20.914721022604326
-20.92346360962743
-20.924429400420813
-20.926285804618157
-20.935349541976574
-20.94063136623806
-20.94016501337481
-20.933026077771057
-20.94085021085245
-20.94443484594606
-20.945161794212996
-20.944358056981475
-20.950450541001416
-20.96003611714308
-20.962314584904433
-20.95613904846436
-20.960549424313818
-20.97042697696986
-20.969272582589966
-20.977489024196814
-20.984270762699893
-20.991623576560038
-20.998795516628217
-21.00945957146387
-21.00641701423604
-21.005209268542515
-20.99988396729956
-21.010719924720334
-21.01862911752904
-21.019318237483606
-21.02524560303186
-21.027202713081774
-21.03132660907384
-21.04071876535395
-21.040000856509423
-21.051237708073156
-21.056298065255117
-21.05937286414995
-21.056314580349177
-21.061141590213083
-21.06374111736279
-21.070412705601086
-21.077691286744045
-21.074786986331343
-21.08717474430464
-21.103762552157388
-21.10900865707389
-21.10658929669554
-21.112228996367598
-21.11640067756853
-21.11498651498028
-21.11722473181859
-21.1235183119611
-21.12530835163778
-21.124227916050465
-21.12129571299286
-21.131510064384482
-21.145126989669354
-21.149569368117724
-21.1540317784243
-21.15497284360296
-21.158812953671553
-21.165657497740547
-21.165599958402293
-21.172475077200968
-21.17541483722715
-21.178565325055146
-21.18377479988577
-21.18785986035492
-21.18437785389671
-21.181272184878388
-21.192333007957085
-21.195507171686714
-21.195798849470325
-21.204968734438637
-21.205932986537398
-21.202590430573107
-21.202139380221492
-21.20431678314502
-21.210808424759875
-21.21778935199337
-21.225498567890295
-21.22752231488329
-21.231638412999978
-21.24631481620705
-21.256919145380365
-21.263376415134502
-21.263891087039372
-21.260630940894558
-21.272665919606716
-21.269725770211966
-21.27890581827584
-21.28007666551967
-21.27481975015781
-21.27796970595066
-21.280030471806725
-21.27894601872968
-21.283773243060022
-21.290934436342358
-21.2927070649473
-21.293308446085838
-21.289606303002643
-21.284442023039347
-21.29666413180591
-21.300733861338916
-21.300668529220676
-21.300929245607584
-21.305873704533997
-21.30466048488566
-21.301861466777247
-21.313311212251588
-21.324513819314927
-21.326704555629025
-21.33753054066933
-21.340073575774447
-21.345697766370755
-21.350304307023418
-21.359518927583913
-21.36367261913381
-21.369167368484423
-21.37687192592111
-21.37750407290473
-21.382338260505332
-21.381288641091185
-21.38435178735534
-21.386842804184475
-21.391633376602627
-21.39010184474149
-21.389607127195593
-21.392754591000553
-21.40253753581893
-21.412018282294603
-21.418288850324874
-21.42101285087505
-21.423916551852653
-21.4238003565659
-21.42190519505982
-21.433280777808594
-21.43481353296457
-21.43414184936926
-21.43241386112642
-21.438125244764045
-21.44073889734348
-21.442778469636018
-21.445245151485597
-21.435365287543547
-21.44232388010943
-21.445713465385577
-21.45825749443885
-21.46683795839202
-21.474840154005356
-21.470375472527692
-21.471730064343678
-21.471970472277775
-21.467792697588546
-21.471640986114867
-21.478237827839198
-21.480985380636582
-21.485642569831914
-21.487918470156735
-21.489955157441262
-21.48326163956258
-21.485743344348464
-21.481617791265048
-21.491103437349555
-21.49687373594107
-21.50823227791853
-21.50721566570185
-21.510492509875416
-21.51477787528262
-21.522304274789565
-21.528384709589822
-21.526178810765273
-21.531646807606712
-21.540459682244983
-21.543418428128142
-21.549953393462875
-21.548230109895776
-21.55521609513009
-21.55800519321889
-21.55933469376232
-21.56507743956779
-21.564622361539428
-21.566467112418415
-21.557272384028558
-21.56027923526266
-21.55950837189797
-21.570203152425563
-21.570178429058195
-21.575516520884957
-21.57734926017422
-21.574262760617277
-21.58293071392291
-21.58511306678402
-21.589703199107298
-21.589286170730063
-21.583351634604647
-21.58333721258939
-21.591037612362495
-21.5923900385835
-21.593401981595555
-21.606344301136662
-21.60940373108442
-21.610286825252405
-21.611841584029516
-21.608439408701425
-21.60397250267666
-21.605220779119843
-21.61090373923949
-21.615457020473816
-21.616653094141043
-21.62792312005505
-21.635970658857115
-21.640530809181122
-21.64174618282448
-21.639392762484047
-21.638224801818566
-21.64438381179923
-21.642766487495106
-21.652164327991887
-21.64875352475847
-21.657597508436627
-21.662581618278598
-21.659633959443344
-21.66412846399792
-21.668919402502127
-21.668360017920342
-21.671653000820235
-21.673215505334017
-21.668601914753793
-21.672464026974353
-21.678249222940497
-21.679034165700934
-21.680305506550713
-21.690923546449334
-21.691790029834287
-21.691751733968495
-21.688736205696138
-21.692463909783733
-21.69470002653119
-21.699276794444415
-21.70565411415332
-21.706885492525313
-21.70920377570818
-21.720601405812904
-21.717576401363143
-21.71709703939173
-21.718805904199805
-21.715804140457028
-21.72193351257658
-21.723739407512255
-21.71907307590735
-21.71912830783474
-21.71971483288798
-21.716575972623414
-21.71579200396306
-21.714550239451494
-21.72037328918768
-21.73151240931764
-21.737353248181268
-21.73855620866562
-21.745589782100886
-21.75184903931604
-21.763015970827617
-21.765930653004087
-21.769764784003993
-21.772728534288067
-21.780830404115548
-21.77592429675856
-21.776094674708446
-21.780697197794694
-21.784280041029913
-21.78798911861754
-21.787943614369492
-21.786330858569976
-21.799565226256206
-21.794517909402177
-21.789690274454532
-21.785107690371994
-21.780768798189875
-21.783576186880342
-21.78367212614906
-21.79547794075879
-21.80268375546989
-21.810200399624435
-21.811577109467585
-21.81570839325288
-21.822148936805988
-21.82189390064413
-21.82740905158414
-21.8320496729253
-21.831991604140576
-21.826179625752765
-21.822267321081767
-21.821953555869356
-21.81481073025755
-21.807748760925065
-21.812197178877746
-21.81529106610782
-21.816813023674854
-21.82061716984343
-21.828087509752574
-21.83469542227296
-21.844016543780697
-21.846510059086153
-21.8549123253278
-21.853394134765125
-21.858789589352565
-21.854676104172377
-21.862151054535058
-21.865372036974534
-21.865851650010224
-21.870404061721974
-21.88262295810343
-21.882003743596663
-21.887468390228246
-21.892111439093743
-21.893601988656304
-21.897744275938674
-21.903005749986438
-21.903386955364525
-21.90186616154286
-21.898262135636596
-21.89965751249182
-21.895094447030417
-21.895719419221006
-21.90052780746501
-21.904069865422354
-21.898288862288954
-21.901705387964086
-21.902623107923624
-21.904285909529534
-21.90793109274772
-21.920063504352683
-21.91854639221757
-21.919578331361567
-21.926173874768374
-21.91521718170976
-21.917627160946694
-21.92421032629052
-21.932377121811697
-21.940694530290852
-21.95464773974232
-21.967817646470614
-21.968550128178315
-21.962990458502865
-21.961019987527376
-21.964936499702805
-21.964773530789675
-21.96037450046438
-21.960852708811085
-21.961014601631927
-21.95471335032435
-21.959839030884265
-21.969209691131528
-21.970280860281473
-21.979311020173625
-21.988814826680013
-21.98618772755263
-21.977899355604837
-21.983151249997565
-21.986988300554525
-21.993180910986297
-22.00267771399638
-22.00048281016103
-22.002496675296033
-22.00352278233027
-22.01133794235437
-22.015306135776544
-22.01231574212962
-22.01332961697618
-22.012750940822098
-22.020090100730915
-22.03330528581353
-22.03248237467658
-22.026999186162772
-22.027731539231866
-22.027510959647802
-22.029433594025726
-22.037664123632723
-22.03591524845726
-22.030110290979696
-22.026338230805717
-22.0326271115101
-22.041906620868
-22.04440115684674
-22.049410674859544
-22.05441705641634
-22.05121233422132
-22.061426817043895
-22.059944014715576
-22.059224750553998
-22.063337938212833
-22.063395878921728
-22.061632037650824
-22.057971993191412
-22.06185355580601
-22.062312130563726
-22.06390428408882
-22.05984597387896
-22.069680512148853
-22.07706784850862
-22.074315503106426
-22.077208295433564
-22.083715518067436
-22.089329492985087
-22.085838511316723
-22.08240006832509
-22.079489121023563
-22.07237070502
-22.07314282356654
-22.07372223174795
-22.070499225913608
-22.070894808091968
-22.06843574771464
-22.069842268697652
-22.07661003473674
-22.078460206683207
-22.079326891518292
-22.081088323485357
-22.0874878472907
-22.094815581979
-22.088215946617222
-22.0878134465108
-22.0942811449063
-22.100562563268625
-22.093511299084085
-22.0993152334567
-22.094196061359547
-22.09369698930403
-22.09378330827091
-22.087459201771242
-22.088783451749645
-22.088410330909987
-22.08224971424928
-22.078180176941462
-22.086686115940072
-22.077723865474876
-22.075584192823566
-22.068804372825582
-22.069201651843986
-22.07419561548047
-22.08052036041758
-22.07633965396762
-22.089186673216215
-22.09276072324074
-22.096625351931714
-22.09703532224015
-22.09821291761729
-22.114384145863397
-22.11669776198313
-22.104047391401824
-22.106623094288246
-22.10096511453007
-22.10524120679971
-22.095391791478203
-22.101438179134455
-22.100971408384954
-22.112185839408358
-22.114393356622163
-22.10830985580086
-22.11192474512452
-22.12421682053659
-22.127101917970446
-22.134487049079002
-22.13359828366162
-22.132227382413866
-22.12881142962672
-22.1274341235461
-22.11822349551694
-22.111473440255963
-22.114772471002684
-22.120307672007993
-22.121086174260153
-22.121191034671153
-22.12505491682538
-22.126172924438052
-22.133246176508088
-22.139124595587163
-22.136618470480304
-22.139659068679578
-22.14034466169013
-22.13684673432736
-22.142615964811693
-22.142353347890165
-22.138520229646367
-22.129074951806096
-22.130766160668994
-22.12981404685147
-22.1341886408981
-22.139033368243066
-22.12932550755511
-22.13853164000634
-22.14224114684639
-22.136404778290416
-22.129656818281227
-22.13280373819446
-22.131325339757336
-22.12613908123821
-22.13102732013026
-22.12868161895118
-22.123970970811556
-22.12272215004454
-22.133149489088773
-22.143417083424964
-22.146557933774243
-22.146174479623422
-22.147704112337195
-22.14998766637327
-22.153526793591034
-22.155916905067425
-22.162790950057293
-22.16742192883058
-22.16437028614008
-22.17016922161088
-22.173802707794692
-22.17535518424045
-22.17170585861228
-22.17405865909414
-22.174165333545226
-22.17969016586185
-22.180206802123656
-22.174794295328383
-22.175477388652777
-22.181133492218997
-22.175188719912082
-22.17363885223362
-22.177365651480912
-22.183910179895776
-22.19277935960064
-22.185966066150936
-22.193267804553365
-22.190038353504193
-22.189732794371455
-22.184013233970074
-22.18553099129654
-22.183136140865663
-22.194524035162225
-22.19778353699235
-22.199519190394
-22.195122756947015
-22.201656680318663
-22.20064652338528
-22.19618462111661
-22.199049264156415
-22.204054343767183
-22.20918050838041
-22.214987307242833
-22.21191274784597
-22.207917022593683
-22.213476099034896
-22.22077125858776
-22.214418932392316
-22.214027456337366
-22.21871885001934
-22.216907378146566
-22.215422727561922
-22.2277430921932
-22.224467427693572
-22.21997946527303
-22.222642498831814
-22.218174786133304
-22.21428446297884
-22.217474958478377
-22.219378826537948
-22.224959566444053
-22.227868131685568
-22.220040998688003
-22.228871802067324
-22.232422303939014
-22.230716557249625
-22.233400433489205
-22.229656336667066
-22.229564228973835
-22.233166001457853
-22.234615280145945
-22.232609066310495
-22.23567610420413
-22.245369387702507
-22.247301949968943
-22.24897830534798
-22.252406135373516
-22.24932432681664
-22.250858261176468
-22.249419937016842
-22.250838938468032
-22.254055705360084
-22.256191031661977
-22.26192493257954
-22.258631284297014
-22.259074137514403
-22.26187631245165
-22.263395084483907
-22.266573939047085
-22.258455486366312
-22.260332731672175
-22.261576685717298
-22.251988343009074
-22.24981158706141
-22.25099949490265
-22.252886097176162
-22.251438774182226
-22.25606199131955
-22.253523899337658
-22.242147090893077
-22.240138476558645
-22.236778984765614
-22.237410338605326
-22.231635672368267
-22.231110575503557
-22.222380908664782
-22.225750678517382
-22.232474846716894
-22.238709892506865
-22.23186635858228
-22.229055590348377
-22.224606984287007
-22.224410321250517
-22.23469698878139
-22.245350277360075
-22.26151713255492
-22.272639481802475
-22.27785984033814
-22.272827239331868
-22.278121416164133
-22.285705326914208
-22.28442670026549
-22.281832925781643
-22.27778165254592
-22.28245659125774
-22.278793331991874
-22.274325005774923
-22.27235117674633
-22.28237702931599
-22.283060430287865
-22.278021098990965
-22.285198316983536
-22.284090527198078
-22.28390025854809
-22.283586048519453
-22.27795885390493
-22.271322976589534
-22.2799370996649
-22.287223339704124
-22.281040959755583
-22.2798266950187
-22.28030355107884
-22.276618859206437
-22.27672196283714
-22.275196778779826
-22.27306930380664
-22.276070692110405
-22.27684167683595
-22.27264287137088
-22.276647153641555
-22.279400822619703
-22.281452927281833
-22.28384323832205
-22.28319042299336
-22.285493831346937
-22.284773100747458
-22.28062746729935
-22.28521359901094
-22.282435700948042
-22.284508663330623
-22.293650356040015
-22.3051327454015
-22.298738623562553
-22.29849563740667
-22.30163164191137
-22.30016610641141
-22.30719500681822
-22.309795474316374
-22.314717018534825
-22.312200336293827
-22.30531730897143
-22.30439587479345
-22.30821218124222
-22.314768424463292
-22.308786053285758
-22.31554659849848
-22.308352431723637
-22.318548169711153
-22.318671334270636
-22.319602417335634
-22.322031680470598
-22.319065735012458
-22.32379647664708
-22.32602557927105
-22.335051379610636
-22.34069359354986
-22.33979087980499
-22.329229016538495
-22.33114822822092
-22.327044305263957
-22.324825513952188
-22.322491796851352
-22.323164252902988
-22.334835432156808
-22.33096594636148
-22.333315279330854
-22.331407233507868
-22.333126303700205
-22.340046570573175
-22.343095601702863
-22.342640884460632
-22.33439070207993
-22.336567820008163
-22.335406830335426
-22.330692759808993
-22.330338961005175
-22.331976932354646
-22.321761963829154
-22.320373947177373
-22.313143660082485
-22.312339086365963
-22.318026576546213
-22.31804963952381
-22.321388352909416
-22.319687182844355
-22.318001950664087
-22.317275896455275
-22.310389678192653
-22.30375068363142
-22.308901900764752
-22.308594179379213
-22.309987482739864
-22.30604695865314
-22.310999295301283
-22.314788384618854
-22.309702289490918
-22.31716190695326
-22.320383593007588
-22.31758326691077
-22.320537750587604
-22.31608597258046
-22.31641572546141
-22.31684687643666
-22.310833750079844
-22.32500684395716
-22.329299628265723
-22.33865368764843
-22.327576590913075
-22.33251176583736
-22.336072506598615
-22.333206386837098
-22.33006863838418
-22.33764519357874
-22.333986629266782
-22.340605453191767
-22.338688204223082
-22.33894629268543
-22.34833425071111
-22.344688060598266
-22.352513412307783
-22.36101417882366
-22.35541139572325
-22.35077198034624
-22.348088316091108
-22.34488877861658
-22.345044244476895
-22.33977945179666
-22.338945623008396
-22.334913784637866
-22.34114830035984
-22.341205510703798
-22.342498724661468
-22.340794665116455
-22.344021584050118
-22.343783168662313
-22.342328292434267
-22.352388809246253
-22.35345329175551
-22.352995291041807
-22.35595179731077
-22.353183621298925
-22.354004533828217
-22.34635224912174
-22.346705539535712
-22.34466391931892
-22.348844862718888
-22.358344117233614
-22.363440169637368
-22.36911668250617
-22.360875042399734
-22.366387045763837
-22.36382056153779
-22.362955639070307
-22.36538265662959
-22.3649655272389
-22.35951721324995
-22.355246943975782
-22.35309208750186
-22.360681971640403
-22.361465327187947
-22.36290431055621
-22.37150016687673
-22.365684695933012
-22.358953120686824
-22.357545892813985
-22.347461684256587
-22.353804195248642
-22.35893704709824
-22.356224152018367
-22.34967171680606
-22.344294788256892
-22.349556240771673
-22.352595031172513
-22.35059293321438
-22.34926609060136
-22.345179533480167
-22.348693509308173
-22.35358691090271
-22.347136235060457
-22.34792349564404
-22.339239933129864
-22.342179378013558
-22.342898029530758
-22.347109988701675
-22.34465482744883
-22.346035258449483
-22.345287607014836
-22.35190094886143
-22.359199020516815
-22.359675356604413
-22.34997713798959
-22.347617002048835
-22.35421634499873
-22.362665935399693
-22.374195923001782
-22.37592854249046
-22.37695126231499
-22.376733216986374
-22.37451110733583
-22.370068973457222
-22.368194520592965
-22.366765972833907
-22.365398146394632
-22.35864103561074
-22.3531863907984
-22.353303744009924
-22.35661100216296
-22.357197520565546
-22.353675587796246
-22.348152098255778
-22.351401496511453
-22.349833950928016
-22.351696457540665
-22.352944023049176
-22.360273275641998
-22.35756502262185
-22.354250138002847
-22.34944607225107
-22.348304553882087
-22.342802886117592
-22.345350937608668
-22.339856131773573
-22.337236147412675
-22.335994123231146
-22.332955702966867
-22.330583434429165
-22.32372705145422
-22.319795075776792
-22.3219209466557
-22.3195049249951
-22.319418555573026
-22.323610377153976
-22.323548542413153
-22.3253712456926
-22.328166073846642
-22.33475815607171
-22.338677972661127
-22.348474726034137
-22.350691056439803
-22.354924032546336
-22.354944717197004
-22.35116946026237
-22.35554775324418
-22.34149637953976
-22.334794889390754
-22.329667120586624
-22.32693493160667
-22.333307879303486
-22.335681635447493
-22.3293279798151
-22.3270160133504
-22.32819545582079
-22.33383036289157
-22.339548143005675
-22.342934419488333
-22.350456871506825
-22.351550910403063
-22.344851551700287
-22.345522276016922
-22.352116204306284
-22.351147511101903
-22.353131625817806
-22.357689081965624
-22.362650286916203
-22.373339528889584
-22.374938168244746
-22.370074329057367
-22.361503827657096
-22.366924445721843
-22.371403478165476
-22.372755641911738
-22.376350630657917
-22.381421270903562
-22.379496171854043
-22.37958277385609
-22.374206049929004
-22.380438216019986
-22.376823204855146
-22.37479101720675
-22.37643215960657
-22.370070122077564
-22.371884038087885
-22.371261853559513
-22.364895775496063
-22.37176496998519
-22.374228839675602
-22.37702815307057
-22.37578654472455
-22.378529231735918
-22.374872014860014
-22.377702646607755
-22.389647115146296
-22.385709776195053
-22.37705777302131
-22.379225859720474
-22.379451535869194
-22.377598611015358
-22.391398066057565
-22.384919469949754
-22.38467887330927
-22.380556526131183
-22.37968953919457
-22.384995668105116
-22.394952328502715
-22.389148011228876
-22.39466276247044
-22.395852637249718
-22.382517317985105
-22.394917555384946
-22.386151986194893
-22.38907719375314
-22.385996184244185
-22.381031235117185
-22.377392881920773
-22.37908124888565
-22.37487509638878
-22.368532323432206
-22.369548118890698
-22.3648805958651
-22.364917785162437
-22.362585956576183
-22.360905153813597
-22.364146871118315
-22.358481910610067
-22.365936613827134
-22.354551100582384
-22.357806191808212
-22.35735603522949
-22.359174616197894
-22.36332132302164
-22.36599544307285
-22.355319963900186
-22.357964264161225
-22.35862834977638
-22.357053400604855
-22.357128350041442
-22.35435760321048
-22.35573814712998
-22.343251222350187
-22.340420399162255
-22.332076515802942
-22.326793715885625
-22.336419070192406
-22.34487697617117
-22.33514208966623
-22.3439962304107
-22.34433219177537
-22.35624352407134
-22.35740460547052
-22.35853519699848
-22.34874032530816
-22.34256569468598
-22.334206755241233
-22.338787750716882
-22.347257382808596
-22.340662850662273
-22.347620488599457
-22.33582664780321
-22.336282962886525
-22.329969521741777
-22.331350314261144
-22.33211888258037
-22.332125742192982
-22.330480918401868
-22.33354916207476
-22.32732743798138
-22.327789646532167
-22.3292763895852
-22.328365502224614
-22.329832110014674
-22.33232703229016
-22.34366296279077
-22.339322429648945
-22.344773926074502
-22.3512063707517
-22.35226258859917
-22.354351600756736
-22.3568548072897
-22.360256568140375
-22.35455848660622
-22.366071697917953
-22.372500411127167
-22.375035379483766
-22.377213833547735
-22.375612908918328
-22.378899340461693
-22.37951768982106
-22.375448150579942
-22.379717371718368
-22.37587619553851
-22.373263090193657
-22.36719018337766
-22.370945321776812
-22.384420663025846
-22.38936800898835
-22.38062835230984
-22.383194437661214
-22.383066219909914
-22.36926736679633
-22.370580480033567
-22.367706825887296
-22.37253945202504
-22.377696931841555
-22.376756400354765
-22.37795071691886
-22.381877861116433
-22.369098937157556
-22.37554004086345
-22.379716111679695
-22.3784571340638
-22.386592585908062
-22.381004187334142
-22.37964891606698
-22.39040601023318
-22.390780741387697
-22.393253172863556
-22.397587943833994
-22.393579026599593
-22.38637338041615
-22.380547158702285
-22.383825049230225
-22.384234010242395
-22.384854618001683
-22.386339371323242
-22.38944038340117
-22.3890448389726
-22.382715855529174
-22.382528880224896
-22.379834085133304
-22.372495658047203
-22.37079904293875
-22.368690822732354
-22.371650298058803
-22.374429560854246
-22.36845458843199
-22.36772239742703
-22.364277815009128
-22.370247594682375
-22.381665631507797
-22.39131783832514
-22.38995941870724
-22.386721405850572
-22.394334593151168
-22.398055950575543
-22.39636882984732
-22.399885312312108
-22.40133548501461
-22.40148174184007
-22.402205867383277
-22.398563652928438
-22.392270783329888
-22.3892766334717
-22.380363937277107
-22.38315940349747
-22.378472480879015
-22.37888154845839
-22.370017804444565
-22.36481404495823
-22.368878162158246
-22.36998624581902
-22.36620889883115
-22.365348949420166
-22.369177112157264
-22.370135394304715
-22.376534266218595
-22.365053661428615
-22.364527830834376
-22.364789407532246
-22.369786948251082
-22.373295149533632
-22.369519370486987
-22.37237439636118
-22.371060555808523
-22.375562589494052
-22.377397395431707
-22.379150897327385
-22.378497945928128
-22.382514016697645
-22.379074760289814
-22.38006230854342
-22.379044956957717
-22.38989763448895
-22.389818429086926
-22.380417196393697
-22.37529266687924
-22.379906177235522
-22.389714476221247
-22.390988826489888
-22.382175325313387
-22.38866530525177
-22.39251804312989
-22.393560007080833
-22.398509507968882
-22.399651081126322
-22.40126069858084
-22.401112100946744
-22.40948385641696
-22.41134615289317
-22.408595816708786
-22.406090817547298
-22.413381671804512
-22.41176363552142
-22.405679197661087
-22.403352905092227
-22.399861873793736
-22.40509032856264
-22.397662717183138
-22.393689330270913
-22.39222274248834
-22.389284347760707
-22.38659480973797
-22.384770735920657
-22.380319631863717
-22.384667607466938
-22.381504488107346
-22.383749921336335
-22.37960820225522
-22.37352093667788
-22.37221100495321
-22.37428420926055
-22.382247317244673
-22.38681093881142
-22.38785054892123
-22.384744361017166
-22.39219325295536
-22.37990945134022
-22.370183694188547
-22.368613206048632
-22.36439223393003
-22.367242358734703
-22.367356056170053
-22.373750928634838
-22.37324657047432
-22.368420522167064
-22.370380338338652
-22.37444505965239
-22.375040014039623
-22.381123039688735
-22.37883956633002
-22.385029186782237
-22.39118497823159
-22.38888778938886
-22.38262384252874
-22.38764823596277
-22.38450276827757
-22.389427412894054
-22.38381926290336
-22.38225575095716
-22.37905552498554
-22.37208884696205
-22.373227011891434
-22.38395644435409
-22.38380458631968
-22.380810687139256
-22.386016446016768
-22.390969922981768
-22.387193829858738
-22.393902027025316
-22.398411265831605
-22.396919421906457
-22.401529384024585
-22.401195272811236
-22.395219263714154
-22.40327591302328
-22.405570826918925
-22.39403583362227
-22.38696571827938
-22.387468481819358
-22.390046210978213
-22.392163686922597
-22.38900875176905
-22.395155243995333
-22.396696620917307
-22.386264224435024
-22.389580355976126
-22.383594893870235
-22.386582824149567
-22.382870512430543
-22.388816506190008
-22.38933731515878
-22.388325662563954
-22.379322781836073
-22.385560506970975
-22.382910249060888
-22.377102855922402
-22.380586485318414
-22.380576038943687
-22.38328850774978
-22.390988677837314
-22.39391751449778
-22.395342654003645
-22.38711066366203
-22.388096451894896
-22.39643675087778
-22.394794909571328
-22.40731008476903
-22.409540169946233
-22.412496952848272
-22.411101285769792
-22.39540648532489
-22.387973168172394
-22.400338836896495
-22.404197500620626
-22.405086031080145
-22.401502417074656
-22.397660803192778
-22.403516951266912
-22.4029303554793
-22.402967225422376
-22.399282624011192
-22.39287102793795
-22.39980700316275
-22.40374413932567
-22.403711633225598
-22.410350373824766
-22.402332339868924
-22.40542002776293
-22.405817360360057
-22.401945224624445
-22.402213763766678
-22.405616128206887
-22.41087938799483
-22.413955927261824
-22.413727069083127
-22.404245923226924
-22.40777956452441
-22.40749515051041
-22.40844942329132
-22.40825221079562
-22.405151584787713
-22.406803783557063
-22.411490694527078
-22.406735733460092
-22.39929621114782
-22.404440297811
-22.404875633763776
-22.40990921591402
-22.40910411981709
-22.408987965152757
-22.419520509271845
-22.42485992587227
-22.41525752106689
-22.422537044242688
-22.41412454274257
-22.417330511639722
-22.41145652910551
-22.41446843610424
-22.4154463582865
-22.410028303175793
-22.410937951074008
-22.40254099532772
-22.400151584816488
-22.409067440668483
-22.40504343186064
-22.40458919712806
-22.405524572398797
-22.403522276970328
-22.399876185476014
-22.395912459518673
-22.398077949561173
-22.395062528129674
-22.392806459826286
-22.39603200940676
-22.397497345193184
-22.396609637316143
-22.397760894879585
-22.391519618928562
-22.39319223604581
-22.391403475764307
-22.3863816788127
-22.38536552899898
-22.38061643608796
-22.386280572755968
-22.3830894782606
-22.38624742996792
-22.380242998880412
-22.38079198696561
-22.38543815099288
-22.38773674525644
-22.39354438913695
-22.391626053731223
-22.39289941688216
-22.393104433953518
-22.39437525405867
-22.389085804286744
-22.394166603312783
-22.392485975712496
-22.39862862538246
-22.393148868514288
-22.388474627288897
-22.389430244727993
-22.388294252347563
-22.38974963331705
-22.393518869797145
-22.394101304946346
-22.396624105486435
-22.392954746382458
-22.391696930742714
-22.392384299161282
-22.39000907418975
-22.38555190613211
-22.387595037920722
-22.389196342866004
-22.383048933804123
-22.388440918005557
-22.39503377994297
-22.394792242391972
-22.39706288913157
-22.400416740125603
-22.399604574774614
-22.397979094504578
-22.388922153426563
-22.396421543717864
-22.408888962895816
-22.407875815831197
-22.4023924767251
-22.412121903065717
-22.40808069599279
-22.412028116998997
-22.41536616546416
-22.414762139690865
-22.409137798865864
-22.40559206486848
-22.39358876291874
-22.390882076478515
-22.392732969758647
-22.38626619863158
-22.388114935688243
-22.38778197041398
-22.392416518278637
-22.397610333004287
-22.398555505043213
-22.391239159528755
-22.397449343673117
-22.400589409897595
-22.406272492376182
-22.4066276208184
-22.401478222694774
-22.388449748776896
-22.376681984800793
-22.38106430109034
-22.384254535464237
-22.370731039397437
-22.378553520365678
-22.382534081197086
-22.38395548965555
-22.38575137688332
-22.389431743119612
-22.39196997544005
-22.383044943563316
-22.3775194760965
-22.37623366521831
-22.380495448975683
-22.382842710433273
-22.379233136484196
-22.37700083481583
-22.378143696686475
-22.37639395831684
-22.386476440060207
-22.384157110896357
-22.386828756792724
-22.38421653125592
-22.3843330774695
-22.381078917787264
-22.38128614815236
-22.389491495118936
-22.39002979383669
-22.39512571920231
-22.399651113127273
-22.399687741997507
-22.40208221984064
-22.398126934263885
-22.40211120546246
-22.395715549964006
-22.3881985545799
-22.3913122784325
-22.394032265488743
-22.39551044648131
-22.395419288643307
-22.40230953886346
-22.41060117639254
-22.41192940567452
-22.41242631144857
-22.40593896563526
-22.4076099063112
-22.411450580742173
-22.408258655685593
-22.42421932751108
-22.412454339861426
-22.40464137800268
-22.395231912787843
-22.38643729170705
-22.394792835003244
-22.397272905176436
-22.396126400610065
-22.39609340895437
-22.406162177988616
-22.41647801602192
-22.405810349558912
-22.403361438485245
-22.395195127651665
-22.393442806245858
-22.39708873184875
-22.403702640394258
-22.400143040983814
-22.40814585265575
-22.402415725091966
-22.413962738247665
-22.412145924268323
-22.416493924489462
-22.4103514372498
-22.412167125940115
-22.407666214625817
-22.4047832467081
-22.4067734939948
-22.410536248713726
-22.407173244609737
-22.41067145832945
-22.410302125612866
-22.41253684742464
-22.41333631951419
-22.41749683654044
-22.425652071886546
-22.43285028488196
-22.429195829989375
-22.42405549307944
-22.42569269926433
-22.42585560332923
-22.42928050781322
-22.42754570347609
-22.42737291876526
-22.425896192492846
-22.42721806944843
-22.428623957852803
-22.414485056186994
-22.410621554075014
-22.42187056002266
-22.42055095329007
-22.41933798876274
-22.413039530950925
-22.4038629237376
-22.401468298812247
-22.40410124780526
-22.40423264298899
-22.41021548730762
-22.416463913086226
-22.409268118789072
-22.407881661128062
-22.409240099772315
-22.409480304803125
-22.41106911258234
-22.416831601240087
-22.41224993564279
-22.415517422769657
-22.412473840107364
-22.414744996827988
-22.413440791360674
-22.416101051370834
-22.410365531861935
-22.403421669704066
-22.41049235534265
-22.406679897613042
-22.399724427557878
-22.397028295742032
-22.40154287436422
-22.391434785541716
-22.39017158211139
-22.3890672484768
-22.38670398020928
-22.38935272322011
-22.394262055752485
-22.39691147831373
-22.38873644922631
-22.391228878260403
-22.398685198619184
-22.391836118708415
-22.393135716874816
-22.397888457108547
-22.406174960162957
-22.4022685474034
-22.393682358378335
-22.390864904309144
-22.391877391283064
-22.392434032166598
-22.39893811872032
-22.392639600344143
-22.392325186871584
-22.386296676757016
-22.379471521902595
-22.385669256535586
-22.381230073868355
-22.38885203035441
-22.395093584524677
-22.393893828313132
-22.38607120661196
-22.386855468963763
-22.39349313060398
-22.395792739069112
-22.388670195072315
-22.395814839635236
-22.40031929277833
-22.408054539658703
-22.40364231390375
-22.409277649042256
-22.405479132287798
-22.401827857055466
-22.405847956668804
-22.415119649255097
-22.417197770272008
-22.42051294719315
-22.42589129843843
-22.423899223655635
-22.42536480680947
-22.42439599360631
-22.429879831203824
-22.431783942325584
-22.427986862881227
-22.42685148795282
-22.435115240836176
-22.43902683408579
-22.43366117123892
-22.435366607868925
-22.423110706241854
-22.427301846743877
-22.427989470911715
-22.41526067145101
-22.41289849378306
-22.40638773348598
-22.399634550769548
-22.39330102658403
-22.388786770883318
-22.391982837141473
-22.390775567145653
-22.394209991840793
-22.38606296821238
-22.381468424067908
-22.381861534641693
-22.38178342712742
-22.37753155122645
-22.380478345101416
-22.38368344847482
-22.38480773811167
-22.390923217960296
-22.390590195837234
-22.38945561189608
-22.39054370143425
-22.396380622077594
-22.392135904622343
-22.38274523109069
-22.377841811717204
-22.37780210006554
-22.371894821741904
-22.364427726911376
-22.35920054682395
-22.36649969314226
-22.37099257279523
-22.378515204680806
-22.371895877484057
-22.368735749766483
-22.370385702580318
-22.365500948805664
-22.365360613468148
-22.369275464867584
-22.36972920050361
-22.366704700627125
-22.36187277181367
-22.365117425710995
-22.361081746749402
-22.367788912774053
-22.361123388001634
-22.359969668155056
-22.363158387862875
-22.375286681399995
-22.380493663945636
-22.374035617251923
-22.375187943785438
-22.370498359136754
-22.364355587951156
-22.35912822719588
-22.356716440438806
-22.357316615346736
-22.358108184952446
-22.359949694084968
-22.355713602570127
-22.356809990865408
-22.358326756560956
-22.3623669182969
-22.364566776936897
-22.370515224783684
-22.367972676733693
-22.364063276217976
-22.373400777001567
-22.370119036383954
-22.37206148398889
-22.375348597265663
-22.375244411302422
-22.377356184507445
-22.372049795552623
-22.370298237834717
-22.371830741362594
-22.377157408560745
-22.377833251611523
-22.39309538492687
-22.411311831034205
-22.420933513736674
-22.41710203809186
-22.40881962164685
-22.400043524731352
-22.402505393250813
-22.40224356603455
-22.411098391340687
-22.409560988802983
-22.406974425589556
-22.411128981344966
-22.4122558310001
-22.405001788343707
-22.410768298459523
-22.407137425829685
-22.401273316255274
-22.39323257750043
-22.405233787241166
-22.406480327914693
-22.404921803978013
-22.412548121706738
-22.414869812413247
-22.41294135165927
-22.408906677422948
-22.396407583352538
-22.39748920549592
-22.405499781183657
-22.41233052297263
-22.410395982937555
-22.39945306409666
-22.400255203546052
-22.40229873791327
-22.399420136572914
-22.40284233933109
-22.40008695346466
-22.405719766373874
-22.41350329243098
-22.41846852398695
-22.41406878926949
-22.413819311201923
-22.41353243803516
-22.407365876980638
-22.406785626484403
-22.404891870705296
-22.403673038648066
-22.40986616637799
-22.41089774756548
-22.41826308926514
-22.41693868917404
-22.427339282278584
-22.427382417553567
-22.42855477732853
-22.424179357520632
-22.424222787312466
-22.425911127743625
-22.422158004053564
-22.419203705282968
-22.425726490370568
-22.425145563993564
-22.423872629016927
-22.424534093010774
-22.42062534737547
-22.41347847085466
-22.416478539014665
-22.4123921227769
-22.410788431045628
-22.409320394766066
-22.407228244417297
-22.408313151277785
-22.397634160404223
-22.399249718249106
-22.39108567130198
-22.392820920396645
-22.394898988395383
-22.39330315133016
-22.394502510550115
-22.39654001287421
-22.39588527481299
-22.398641464543854
-22.39775083413305
-22.394666294192263
-22.386447233731673
-22.391651852645005
-22.39250792967689
-22.390465742726786
-22.382154926500053
-22.38340980956369
-22.381118964180512
-22.376428271666864
-22.377449086706214
-22.379084169082827
-22.3814597372777
-22.380149469041886
-22.381171548253707
-22.37248660070723
-22.373433100114745
-22.381878167465313
-22.385077192155563
-22.383093120201526
-22.386773217131548
-22.38733657477
-22.385175324196936
-22.376139787216033
-22.37772084517439
-22.37605777297708
-22.37686870203662
-22.38025778839862
-22.37889445290624
-22.38601490196995
-22.384063797116283
-22.36784482782172
-22.36646059948398
-22.37405420501708
-22.37424264467608
-22.37527869479932
-22.37473003357871
-22.37633371072827
-22.379597981041215
-22.37615087223873
-22.373214049915497
-22.376951056387103
-22.36348935901245
-22.356342710505867
-22.36457367116655
-22.37030243199806
-22.369529132322473
-22.3694980341586
-22.372078872298555
-22.370246557279696
-22.371271884517913
-22.368071915024284
-22.370912972006355
-22.371502975258096
-22.375667455192136
-22.37966468588069
-22.387650314257375
-22.391087003844856
-22.40135091734782
-22.393378697212558
-22.39104254225637
-22.392612530529455
-22.389997180246255
-22.387647105999722
-22.385116711598627
-22.389711572198646
-22.391108546539662
-22.396226540209188
-22.40037858660626
-22.387459312471954
-22.38671676331622
-22.385219460544025
-22.384659682731023
-22.391870962698746
-22.38841433005509
-22.39071967557417
-22.390956137144673
-22.391434097890617
-22.39652567618936
-22.39169368208722
-22.387920466327188
-22.3835113763448
-22.38390089488876
-22.379274976948537
-22.379796012119726
-22.38418844619099
-22.38608616800062
-22.383197167450145
-22.38309970185376
-22.385201015244256
-22.37922612535798
-22.374182398765154
-22.37197694710988
-22.3777342050241
-22.37745860494935
-22.37876288964613
-22.382092698756793
-22.386762625859504
-22.38759498692683
-22.393454764033773
-22.38651280439327
-22.381903131086762
-22.382667997808447
-22.38999494693857
-22.380535694504186
-22.37946078383973
-22.38026788383043
-22.381387772474422
-22.375015764962676
-22.370592912235868
-22.3699183244578
-22.368115574643415
-22.366621107082295
-22.368816953919524
-22.366297436893248
-22.364792085895743
-22.37124729928587
-22.37241984191857
-22.37704432813815
-22.387105055051876
-22.38893957999344
-22.38876246365745
-22.379826029660396
-22.385325289650073
-22.378965648260152
-22.376773326671508
-22.37990110036252
-22.377462859241486
-22.380374013104092
-22.386685293668524
-22.38748327256534
-22.391275364034623
-22.394497480712744
-22.39130532391557
-22.390507539442986
-22.391597320174498
-22.388367040452348
-22.391432490723695
-22.395914936945843
-22.38977366772101
-22.38936605928078
-22.392788680285264
-22.39067333153752
-22.391546701867004
-22.385804332436134
-22.393567888015735
-22.395178541999666
-22.39506316424887
-22.392962964489964
-22.399235273810042
-22.405520422073884
-22.403875824285667
-22.405392714797223
-22.40417545101971
-22.396683682720106
-22.401665940188096
-22.410457216826302
-22.41056938079251
-22.41321360033902
-22.417361253112574
-22.41667584220292
-22.42583426922317
-22.42867216770854
-22.42745519047922
-22.42130398418754
-22.4254699450279
-22.42036097670718
-22.428566386639613
-22.419998627015328
-22.40684118851839
-22.40026346444335
-22.40443538862878
-22.40196623376648
-22.407479229642714
-22.404695406815588
-22.409067811648704
-22.40359719511991
-22.39769062136165
-22.398903501118994
-22.40423200423731
-22.402135354956467
-22.40507159109871
-22.40850900761908
-22.410642800396598
-22.402110621077476
-22.40293813805519
-22.408298550482876
-22.411399077804262
-22.40374576463903
-22.408218812150462
-22.397829897468302
-22.402598016033313
-22.398312691408616
-22.401550801816832
-22.390650016677817
-22.39082258321561
-22.387976847610272
-22.38899042069975
-22.38635118934436
-22.388813684721942
-22.383428038659215
-22.387885229246276
-22.385950844520003
-22.39849397620421
-22.402416619036817
-22.403828055708406
-22.408454128245957
-22.41565501231898
-22.41420065798557
-22.413609011086976
-22.407717214649278
-22.409189266700235
-22.409719838968645
-22.403489273377875
-22.409030023400604
-22.416448519132356
-22.415646819196883
-22.410504171966483
-22.41462480317171
-22.4123896331357
-22.41174882084971
-22.4152809771319
-22.412003836519496
-22.40742155601688
-22.407469259368348
-22.411767843701544
-22.408884335810143
-22.411030289133485
-22.409683564403675
-22.406805074626952
-22.403642270764884
-22.402246980809128
-22.407522032035565
-22.415766592408392
-22.41094618355985
-22.410523018924508
-22.400808270324823
-22.403244165968403
-22.409850072048815
-22.40677966399599
-22.412238264170725
-22.409541190339056
-22.411163471588218
-22.40539422869435
-22.393757675098268
-22.398516665938885
-22.39032568062235
-22.40050969015012
-22.39645338878677
-22.394666421239627
-22.395796224460348
-22.390902905807216
-22.397279311675454
-22.401580864521915
-22.396180854010865
-22.39700931724654
-22.398040763850844
-22.399068963141882
-22.396809488566987
-22.392953906105785
-22.391194321181285
-22.3922246997445
-22.39578239402214
-22.399344362631478
-22.398415824809717
-22.3965949797814
-22.401617301660078
-22.393133054427746
-22.399788779853804
-22.389075883253923
-22.397792313215977
-22.394068590914767
-22.398101189929697
-22.385235943094845
-22.388196141959423
-22.388805891483337
-22.386608034643125
-22.379480554722093
-22.376555163612732
-22.376871160512717
-22.37380951470289
-22.367326759143534
-22.362862349173458
-22.360446872056713
-22.36740892568348
-22.36306213142265
-22.36551966880947
-22.36302244715967
-22.366936577363674
-22.370517631304
-22.367646220273652
-22.36939468192066
-22.367881459848157
-22.380317489495813
-22.38076017393394
-22.383223047748412
-22.381164615521396
-22.383826661578688
-22.37908223154524
-22.38371210753323
-22.38308950613725
-22.383777433218246
-22.388408914605005
-22.3906598022766
-22.390643683745026
-22.398553915710945
-22.397209331717637
-22.398463228715606
-22.40508630483518
-22.3987097224446
-22.395879033058502
-22.407710418309023
-22.401403604901876
-22.407284212469623
-22.406922824813027
-22.40306024493067
-22.394921306184095
-22.401149287648998
-22.391794154167915
-22.393788290988695
-22.38415659941856
-22.380957920497927
-22.381173761614118
-22.375795717758603
-22.383260871314786
-22.37659333049006
-22.380719634236467
-22.379115227447397
-22.378245895375077
-22.374289131636353
-22.37083461757658
-22.373267234981487
-22.371816299230517
-22.37240420621818
-22.37854074450584
-22.378336520415708
-22.37643804337622
-22.374141607762304
-22.372565280516366
-22.366276395122703
-22.36858316994809
-22.373858093288117
-22.3731125779605
-22.369049836952723
-22.364276990800235
-22.361820190194305
-22.361518722383273
-22.356318631100617
-22.350281631252432
-22.360306075360693
-22.358819405049612
-22.361781501842678
-22.36242891634777
-22.368275800131215
-22.368818693162282
-22.369921560076556
-22.371801663975816
-22.377929791994905
-22.369279380820316
-22.368309548698058
-22.37096802789942
-22.37271715256904
-22.379688327792945
-22.380479519067862
-22.37623141358502
-22.37457286356994
-22.383411701712404
-22.387964111752698
-22.38497528712787
-22.375087453290128
-22.38151130317067
-22.386468861583754
-22.376479637780726
-22.374070243285075
-22.371253282185858
-22.36454340899509
-22.366687423989713
-22.370355592648927
-22.36997293512647
-22.37248160412643
-22.36607758908737
-22.376266113216584
-22.383898990410614
-22.370359653785254
-22.36288445030786
-22.3615719164418
-22.35999741241106
-22.35820271045006
-22.36411292569445
-22.360739460408265
-22.363904809948398
-22.37345801023264
-22.371996815817326
-22.371636113711173
-22.3728332984588
-22.37595730819139
-22.37875784380356
-22.3811258928377
-22.388265556729944
-22.385535092074846
-22.388618059028627
-22.38928294179378
-22.396313308667505
-22.38461493191058
-22.381143878938722
-22.38997853102862
-22.38889742229819
-22.38702056531134
-22.37977180372769
-22.378211934644128
-22.379625346463285
-22.37102123254099
-22.38303491912408
-22.380278430447863
-22.38154328007218
-22.38724819343621
-22.381461487056036
-22.391246947089602
-22.39302887367791
-22.405979797742553
-22.415920758446827
-22.406375521012382
-22.406109613964375
-22.403071538186033
-22.402324590121598
-22.406514364387572
-22.412632049912787
-22.406628054972813
-22.405739582157757
-22.412208690049102
-22.40958407202415
-22.40768614082023
-22.413759276113172
-22.411324349593308
-22.405871410833154
-22.404547378084775
-22.399906060898786
-22.39908230850178
-22.398411051231292
-22.393327933819872
-22.390085538803543
-22.39551813913833
-22.403301603168924
-22.406604004768464
-22.405330104245923
-22.405300067382992
-22.40150905024721
-22.39624240375152
-22.39905653086275
-22.396500303355218
-22.399515051020572
-22.401138258145203
-22.405900306825266
-22.410296330851374
-22.411804336718646
-22.40476359961607
-22.39476617674404
-22.400582279660426
-22.395650515208963
-22.40129754378475
-22.406874391383102
-22.40733243486832
-22.409404032496656
-22.41789204533845
-22.4225810814975
-22.421734741412422
-22.4180322760638
-22.426339348809186
-22.43071851111168
-22.423464820499575
-22.41397923877983
-22.41362048768181
-22.41497715937109
-22.419581954593614
-22.420698560261567
-22.420970928708954
-22.423535433023
-22.42091334003766
-22.41449488616303
-22.42019627462036
-22.414584818089757
-22.41562406302693
-22.40955155371247
-22.41462808698191
-22.402718445616962
-22.405316319523354
-22.402122455093924
-22.406857054641574
-22.400303262895815
-22.401415868808016
-22.403460814150908
-22.40635612007998
-22.40856158959559
-22.410153145812057
-22.418444519025
-22.42369544904621
-22.42379698147565
-22.41712605582715
-22.420989476985106
-22.41659136874053
-22.405733276178402
-22.406051639962094
-22.402014009936458
-22.39750069845564
-22.396179991454385
-22.39227695645951
-22.391673068258864
-22.39359595648699
-22.39884680459007
-22.402374625418403
-22.404403864480674
-22.407806162207216
-22.398826551137248
-22.39605507194679
-22.395405663458167
-22.38944051600461
-22.39220000833838
-22.398253316404254
-22.400794199518202
-22.400327669182307
-22.402438172320466
-22.413798500082088
-22.410847666261613
-22.41240413905835
-22.410185647561967
-22.410934191404962
-22.404905837203557
-22.41127749126645
-22.40810381458282
-22.40639643374585
-22.40061563235261
-22.403729944663077
-22.396622064171726
-22.4135420051433
-22.4110950549246
-22.409702692826432
-22.421268180095815
-22.423718577953643
-22.41359372605685
-22.405146487519783
-22.40160793770228
-22.405791618576952
-22.407257297844854
-22.41113894934693
-22.40412895399946
-22.40440382577471
-22.409882637413894
-22.408728653396565
-22.402384489080482
-22.405986036160357
-22.412287605707057
-22.40636012774673
-22.409148628196252
-22.414114665290192
-22.41917113201749
-22.411007940060813
-22.412822189679797
-22.414942711386637
-22.41883878338447
-22.41576339673187
-22.422909168292485
-22.427197529775864
-22.42954649824752
-22.43003171588846
-22.428815636223952
-22.41933277326665
-22.41499810964536
-22.413479896836236
-22.40218906487961
-22.40056796659728
-22.39885499186615
-22.39630462201034
-22.398854303087763
-22.39165936868119
-22.398271682528595
-22.398761060754982
-22.397924373021915
-22.395790731059293
-22.39806153426793
-22.407470679345643
-22.40933900062311
-22.406957993720372
-22.403465001648268
-22.408348726929333
-22.412911664618733
-22.40948012420316
-22.414128570443133
-22.412416211967873
-22.406055437696512
-22.401259500149962
-22.40861083271785
-22.407575177753237
-22.399331826528265
-22.400023801434315
-22.39961751900742
-22.40641417694792
-22.402445157756162
-22.40338458896506
-22.409076042256526
-22.41637356047032
-22.416126513854813
-22.419785941459335
-22.42579478200887
-22.42359172392361
-22.420432050412966
-22.417387994344566
-22.411258349196302
-22.41096613714971
-22.41377201671447
-22.414200626572896
-22.416541119841284
-22.422182196357436
-22.41874768711754
-22.41044188419833
-22.412461421400405
-22.403796555798365
-22.400623146989407
-22.39641848748501
-22.407529771595712
-22.414317656801657
-22.412840545586636
-22.424857861111988
-22.41998999503264
-22.40769754603743
-22.40838651076653
-22.40798348409407
-22.41660969911402
-22.42079110122491
-22.420144612212546
-22.42130308627545
-22.42560802341517
-22.42293471484355
-22.42475332552993
-22.42357424060177
-22.42735422752269
-22.41814189406285
-22.419501476603177
-22.424474166531166
-22.428784715638002
-22.429052733102463
-22.42923531735263
-22.433950921877617
-22.43701285693475
-22.433765956629824
-22.43314703690066
-22.430219700094582
-22.428692998152275
-22.428556162649375
-22.432577631402083
-22.429380633465378
-22.42696387091568
-22.421125746983922
-22.420357686378328
-22.416723493082145
-22.417472205906293
-22.41541606113796
-22.413542768745515
-22.408071869686854
-22.410111033168665
-22.399787770529624
-22.399510554162976
-22.40333714453367
-22.39911205814877
-22.405603425955015
-22.408398930191254
-22.40869688203436
-22.408816985533818
-22.411542461122927
-22.41075016749851
-22.40594075104565
-22.40179629769012
-22.396367916855166
-22.40182252230615
-22.40620670908947
-22.407977271009067
-22.408888078465584
-22.410963097013273
-22.41118259051631
-22.409973721592383
-22.40481372145874
-22.41331161175461
-22.40561259833408
-22.408235655971144
-22.409579377603485
-22.4057718666952
-22.40287347282929
-22.402940099118943
-22.404311578624185
-22.40625097440106
-22.41161425566358
-22.412263933677792
-22.417148218376077
-22.422740409528668
-22.41655579909767
-22.410113175872315
-22.408739468679617
-22.40528636467641
-22.401941517985144
