-22.3034959916649
-22.306347364720487
-22.30330443393015
-22.302767365983364
-22.29923988813651
-22.30013992021773
-22.309777043450165
-22.314712822923635
-22.30640197091014
-22.311915237143005
-22.301667394036148
-22.30480192184469
-22.300771692954566
-22.30512286767368
-22.277015858754492
-22.28661584087578
-22.27171994867244
-22.285413936999042
-22.279002184034585
-22.277778826955004
-22.290246417667014
-22.29593243083907
-22.306199636932465
-22.313470571080394
-22.306723566407662
-22.308880713440587
-22.315494150774455
-22.31254225850547
-22.30992903535653
-22.31410243602019
-22.325055892761746
-22.314800758255487
-22.300500598602135
-22.29239737323649
-22.299898695320124
-22.291210287629745
-22.304176415097906
-22.300699933399695
-22.297525258028802
-22.301586684436693
-22.305105958597217
-22.3164831565107
-22.325622071422448
-22.31245785592846
-22.292958804582145
-22.287104398044498
-22.282054102622233
-22.279357460679748
-22.26496052728906
-22.264522453831024
-22.259617494619555
-22.263155846976588
-22.266099885884866
-22.27652758074699
-22.27843858786549
-22.266106462652868
-22.25926059026995
-22.266786789785698
-22.262751738020253
-22.27003509235211
-22.27001450377742
-22.261440173031446
-22.262801827222518
-22.26310590804464
-22.281795214741987
-22.276761914174955
-22.279157047935627
-22.27930262449609
-22.27603777750841
-22.281371913203493
-22.279502593808623
-22.279565473500906
-22.277217609975484
-22.279315148957203
-22.293226693316377
-22.2770822394332
-22.28000338557254
-22.279867963931643
-22.27927727797146
-22.271525060808894
-22.25897037614146
-22.27091370434441
-22.27651105793143
-22.27653445793321
-22.2662798835844
-22.271337263824833
-22.273459937577638
-22.286552995158175
-22.28651464876035
-22.281074819612833
-22.275758944299298
-22.28500105874171
-22.281784983646993
-22.276463120496068
-22.284677152053387
-22.287431496747743
-22.282917712328423
-22.273794413355496
-22.27290477338292
-22.274591841937873
-22.280979055271615
-22.27777178730965
-22.271743496254278
-22.268959733143948
-22.269443842299186
-22.275589556348443
-22.27143272218153
-22.28213347037334
-22.26729842653406
-22.270078829120262
-22.28034891146009
-22.287049361974034
-22.301672650186042
-22.310161765903175
-22.306782422508924
-22.30654495858632
-22.307627167394546
-22.295562621397437
-22.294130346972675
-22.279664547777625
-22.288248786368626
-22.278169211155777
-22.2796432825193
-22.28201865678948
-22.286864251449636
-22.271778624918852
-22.268354861632393
-22.27985728664927
-22.26934702969331
-22.257810992437033
-22.26852396720444
-22.268558753244253
-22.284765790834363
-22.287173222065565
-22.261392162518117
-22.253738432148705
-22.248852154720456
-22.242906673909747
-22.2506150714592
-22.248087026822994
-22.249955572228753
-22.248162546779056
-22.24876615495544
-22.25121965782956
-22.24311691013723
-22.247330693169708
-22.256041482510813
-22.252641822809807
-22.259915115330973
-22.259504130207375
-22.276106863831306
-22.269160753688286
-22.252476627133984
-22.251140322562534
-22.250814915510468
-22.252396709429714
-22.242614659435606
-22.2474497278087
-22.245314732305143
-22.247005513482367
-22.25202627458877
-22.240872423826378
-22.235211772808512
-22.24661562023917
-22.243451835574444
-22.25435645235486
-22.242363890647706
-22.263745369243416
-22.256690248703183
-22.257001543197436
-22.251893516780882
-22.252743725717487
-22.26226990846442
-22.252374305498037
-22.27386429930349
-22.268746034755317
-22.273706646875226
-22.26242962126548
-22.259996374493884
-22.253001297722275
-22.252183413290293
-22.256853904431537
-22.252815827411315
-22.27782538273471
-22.283741612454207
-22.2866153882521
-22.281011250003125
-22.280710489441454
-22.30315944331104
-22.285692511901498
-22.278559590472035
-22.25949948273418
-22.27654283811933
-22.282991677967345
-22.272556216303933
-22.27961686394728
-22.267575854960164
-22.263349368731014
-22.244440396449086
-22.260391093509902
-22.248494481647917
-22.24503036227728
-22.248487107735926
-22.262960299489343
-22.25327737451779
-22.24457764375726
-22.245733144729815
-22.261904166448993
-22.258471642117062
-22.270934840887328
-22.27262686701377
-22.274259694563877
-22.26317214971053
-22.26626338806145
-22.262650634747285
-22.265315051279575
-22.253647162856623
-22.264963567259166
-22.26862640143644
-22.258185265214525
-22.252230617905017
-22.254386549585128
-22.267383499485426
-22.267191975726682
-22.271156158566743
-22.26467125552282
-22.268539062909955
-22.274886555756215
-22.279164082470047
-22.272945536547898
-22.261819621448517
-22.270077186681064
-22.266435029720082
-22.27450100727517
-22.281706817192422
-22.295831338459394
-22.284892607511562
-22.293986691339693
-22.29011623851159
-22.27925670157071
-22.280451461177858
-22.267074015162475
-22.270883713569123
-22.271087918323115
-22.292584348101027
-22.297106399043653
-22.297639131436327
-22.290947471857862
-22.299622448786295
-22.295080441229175
-22.293090490356267
-22.275417175539598
-22.280925450285945
-22.2783169247332
-22.273752981288407
-22.293021205953764
-22.28747391977904
-22.281464400799724
-22.28892403879262
-22.26898317925053
-22.270268531536505
-22.272773974160142
-22.285218349244083
-22.293021873909282
-22.286731921714964
-22.28380699937777
-22.280366291900314
-22.283642349487373
-22.285942453205475
-22.284160704250436
-22.265079252905686
-22.279906190155256
-22.28122994708558
-22.271456038600096
-22.282883867538757
-22.296531971988024
-22.29604921255174
-22.27779530393424
-22.276783912519075
-22.276658107979888
-22.281959707859034
-22.279671870837213
-22.26785646619344
-22.276309043026647
-22.263640690586392
-22.26628056972785
-22.265399675661563
-22.277184940527526
-22.271948229093375
-22.277930005403405
-22.28372574568931
-22.287182687262636
-22.281750557139958
-22.276365627310664
-22.295963814655728
-22.300389660459185
-22.293940513922152
-22.295083324782365
-22.30604929456552
-22.301651566453906
-22.30833649691343
-22.31277423303215
-22.30966090831813
-22.30725570647642
-22.30532880009534
-22.310131896431454
-22.305969643103236
-22.2915715459696
-22.277994315623932
-22.28314630197522
-22.28983995744273
-22.292848915585623
-22.296172135259166
-22.29081321953446
-22.287181821033005
-22.274092471560838
-22.28306785471344
-22.28877520458147
-22.28318824694741
-22.30820133408397
-22.310379152123698
-22.313000254125903
-22.30119501258358
-22.300994111782742
-22.291338284543652
-22.293447679783615
-22.292416910281865
-22.279386350745998
-22.27645501299189
-22.261414950773705
-22.268120567628895
-22.256996907675855
-22.260580097415886
-22.272532971892673
-22.267475551701015
-22.277753863753887
-22.256129607012802
-22.236609324915307
-22.240201407707087
-22.24918667413166
-22.250889756898037
-22.250353761749597
-22.260393687371504
-22.260784368206533
-22.275453665031744
-22.28340425418884
-22.28277358371906
-22.291658860470914
-22.28456335490933
-22.29202269133761
-22.284236696903797
-22.279477282871245
-22.277569115868985
-22.276241214941876
-22.268306413794964
-22.267533820069755
-22.278812132553448
-22.29263365933566
-22.276031669614998
-22.282024955386195
-22.297308778086542
-22.29281872110614
-22.294474772273244
-22.300228344300123
-22.299583075844872
-22.303550250537903
-22.293147439499073
-22.292325831441868
-22.306059712217962
-22.31721023470451
-22.314243775543268
-22.30473577844545
-22.311454244122768
-22.307137701014057
-22.319024154605543
-22.313097311144634
-22.306569798203064
-22.30752416017404
-22.311129252006197
-22.302013626246406
-22.331052509509306
-22.325676711722153
-22.311357725066763
-22.30745248356434
-22.30426991378778
-22.295659016558883
-22.29323805416385
-22.29464998639985
-22.29716657684428
-22.29838774185355
-22.292920708715513
-22.29166004082795
-22.28617097162707
-22.276578669963953
-22.27432512591662
-22.274020052126435
-22.272605306277956
-22.273691486870753
-22.2756078836049
-22.27790377484114
-22.276648514601657
-22.26316216411654
-22.266149954774097
-22.274381265360336
-22.267881635456266
-22.282387582873746
-22.283387533108794
-22.272301965941327
-22.272185654453253
-22.275556380253256
-22.27247355230844
-22.271784219431705
-22.272447865658442
-22.266119249904854
-22.251985499492566
-22.26669871989903
-22.27087902419189
-22.272690318778366
-22.26102851901362
-22.249361508432678
-22.260523627367746
-22.257934214419116
-22.252408240311603
-22.250586405774254
-22.23371571763018
-22.230604764639537
-22.236028308307716
-22.23553149536412
-22.231547149659068
-22.229031907046867
-22.23044675382262
-22.22336796477907
-22.218554384195322
-22.212194091587232
-22.208586365113796
-22.20542263037149
-22.209590137984925
-22.21118469383957
-22.222846098794626
-22.216778358546772
-22.226300561690323
-22.236061673799927
-22.23687956656555
-22.235273492743413
-22.244412665081732
-22.250287859734733
-22.2581742026328
-22.249182032177416
-22.242514118126206
-22.228319586396612
-22.230121171916746
-22.243060220889905
-22.258471963598375
-22.244389406109082
-22.245910055462776
-22.255568768825867
-22.262492041909265
-22.253636308318427
-22.256812742250638
-22.245604916969786
-22.249672739083607
-22.24512991350743
-22.246454612298848
-22.24238943183902
-22.24126285654191
-22.257162774124318
-22.24960812453699
-22.254383150128664
-22.26269083998116
-22.255986720860523
-22.25666751855549
-22.24638686464821
-22.26110847330093
-22.25355589254019
-22.252570070640736
-22.25760341388299
-22.25375658088041
-22.25772928545836
-22.25565245415204
-22.268115853239255
-22.273474009280907
-22.265136135351966
-22.274999802087155
-22.277920900662817
-22.27231334203348
-22.285602124798583
-22.269352335677162
-22.272578266485706
-22.28055143235898
-22.279151969041305
-22.291633407167012
-22.27780581793259
-22.281238642243363
-22.26860438697594
-22.285516100546804
-22.269326268401382
-22.279341821815432
-22.280713024035588
-22.285644947757827
-22.291413042996155
-22.299756686792637
-22.29340396042392
-22.304595086592617
-22.302746183100965
-22.29860458195429
-22.30145998483982
-22.293115418984854
-22.292638023156865
-22.295900307865423
-22.30055338542864
-22.29416253407993
-22.304952882043658
-22.29314133873088
-22.28954064906566
-22.28722278755221
-22.29532726144944
-22.293480085026317
-22.28494052741714
-22.28532426361155
-22.283932661974685
-22.276825961818787
-22.2711868682185
-22.26415082390535
-22.25777579718763
-22.249074824545055
-22.252408928964176
-22.260400025603072
-22.252884297024348
-22.241415653743232
-22.234695555380927
-22.253936712968294
-22.24995658646518
-22.24425810232731
-22.239248660330375
-22.225093991188164
-22.246202649298873
-22.25332435620365
-22.257193856036224
-22.246971739031544
-22.226108294749647
-22.231345501828198
-22.219814461269998
-22.228984738394093
-22.242703335906377
-22.242003417977543
-22.235887044804027
-22.247115147309326
-22.24581115100213
-22.244690000691786
-22.241434627568538
-22.23884743153271
-22.239968323043765
-22.24225950407714
-22.237980574420916
-22.239112786006583
-22.23120278592666
-22.222077552086866
-22.228829383323284
-22.23215450571522
-22.22756992158593
-22.237878230250807
-22.24440907337603
-22.24089320421836
-22.250562530523304
-22.244965238540164
-22.23695472750325
-22.232261409414246
-22.23065539469653
-22.221194732078093
-22.235774799262717
-22.240900347040082
-22.24271993832975
-22.24193158159101
-22.265016591805256
-22.26113804663589
-22.243760643194015
-22.238089310077388
-22.25978171608413
-22.256698452293747
-22.257021182009982
-22.256715646649877
-22.24500883927045
-22.25418694710187
-22.257927798726175
-22.253935227478078
-22.24906873152061
-22.254023718844536
-22.246026750078556
-22.230131401856788
-22.222067103591442
-22.239552191700973
-22.242700016966555
-22.25410598741618
-22.25535606737604
-22.25495282318201
-22.268515253558327
-22.26721210713883
-22.273361542823096
-22.264738132204897
-22.25670422563544
-22.249390712225658
-22.248237475723446
-22.25081649175716
-22.248190082475613
-22.254108100568594
-22.258641248990898
-22.270405658929263
-22.268134506097347
-22.257579483627392
-22.26804290552525
-22.281949213832164
-22.289704141503698
-22.288906077445095
-22.289149907098373
-22.29837761719143
-22.288035990387833
-22.279866658899902
-22.283674357215048
-22.279100898183493
-22.27510757370052
-22.26028102523059
-22.248071876532663
-22.25087666145225
-22.254415092344786
-22.25558305856058
-22.251897143567355
-22.264475141917202
-22.260838871742116
-22.273103147429666
-22.257943115370736
-22.256748457754707
-22.25216627324859
-22.246184027440933
-22.250299328481482
-22.263477158426515
-22.26010785022618
-22.2548035420058
-22.27120318389506
-22.272761902998102
-22.261458375624805
-22.267406200639503
-22.26009406803693
-22.248134415305415
-22.249501114691455
-22.247370210972164
-22.250322493330163
-22.239231544261514
-22.256108855996153
-22.252483500513854
-22.254927356748155
-22.266374154627577
-22.26062544128891
-22.271732313735466
-22.267227618432422
-22.264921266887967
-22.272874077941843
-22.280776561039094
-22.284039518929017
-22.27435648824512
-22.276018466126203
-22.269578529621786
-22.284380806378955
-22.27648818497736
-22.282578464646196
-22.29170876805054
-22.2885824725452
-22.282245277357575
-22.277865676594995
-22.274333697225796
-22.284243290923772
-22.275643959004768
-22.273827121722533
-22.270207995601744
-22.27345750706885
-22.25807689749051
-22.25576942763509
-22.264734173930027
-22.28236781442037
-22.284297908073388
-22.272577526416878
-22.280013761357083
-22.28756657273819
-22.28397361096212
-22.270521444709775
-22.280083066611628
-22.285378165271077
-22.291131401274406
-22.290056878646148
-22.281424739087033
-22.290840609029452
-22.28849959278748
-22.29223406734327
-22.28386371713617
-22.272623001566906
-22.263786627697257
-22.26026333727366
-22.262061874171874
-22.26287244526395
-22.26238864559541
-22.26365540093568
-22.267228139986372
-22.268094454927986
-22.268658540014428
-22.26670824369169
-22.26361383953906
-22.266043389635918
-22.260229657913033
-22.259440191676152
-22.252713249446114
-22.256040202006623
-22.250992794688344
-22.24392765441354
-22.23664913158554
-22.243623684304275
-22.24193705187042
-22.25490901496206
-22.246400941572038
-22.242146097975187
-22.241321773610597
-22.247600610164277
-22.245900444681457
-22.25500600183619
-22.249316602735657
-22.25881628003387
-22.27808305411095
-22.2578879457364
-22.250380038173617
-22.241923085195157
-22.230729652854375
-22.236313386304197
-22.236543999562844
-22.23910311871532
-22.23475445879052
-22.241923692111918
-22.23348282277442
-22.237077096050697
-22.24632628991418
-22.25050661612187
-22.256945653979997
-22.25449080666382
-22.248307542886824
-22.257078068135314
-22.262239401543006
-22.261355224306165
-22.256160007024093
-22.262391789959484
-22.26468210978594
-22.259867513690764
-22.2695886782668
-22.25908909484918
-22.262151582243796
-22.26730502685845
-22.271284738985525
-22.265842816104232
-22.274364617073907
-22.279074188179337
-22.27598652303938
-22.28212377396731
-22.27681131680774
-22.272209476965546
-22.260341605617505
-22.254730297130216
-22.26842485058609
-22.268268329713933
-22.261822933535115
-22.25141372718212
-22.239567067157363
-22.248458974854795
-22.24187378063268
-22.251676722149682
-22.25749550050717
-22.259787830085056
-22.24893440205437
-22.23396161862186
-22.230126578283574
-22.23865333755228
-22.235224428219095
-22.244128606244207
-22.241371954795472
-22.230949474295198
-22.232231669489817
-22.24193708491436
-22.244281325662495
-22.248977428464666
-22.23552155288528
-22.22821334823253
-22.224837397844233
-22.237732832564806
-22.244925832942517
-22.26385127150173
-22.26899647818476
-22.261993849948873
-22.26495905585017
-22.26198449193494
-22.250148973442624
-22.240588886837326
-22.22736296828585
-22.230639368588168
-22.240416580023705
-22.250708237866974
-22.246483536026442
-22.250242509447133
-22.245832973873522
-22.24280794268238
-22.246998594775686
-22.249202618021595
-22.24243155040574
-22.259506697095237
-22.25627937015078
-22.271742927249335
-22.27395372451476
-22.264859559251114
-22.26406571799235
-22.27554467172613
-22.27839435289363
-22.261867104927365
-22.24558944776837
-22.26066117337509
-22.257935876118122
-22.258767446266912
-22.260668408341306
-22.269004201004687
-22.279521645812174
-22.265155996960278
-22.25971138667685
-22.265024465798515
-22.262428644369113
-22.25378159270415
-22.243872687960977
-22.258978935562602
-22.252563089451975
-22.25603247519903
-22.27930361188476
-22.28078428541769
-22.274394440313987
-22.277691457339692
-22.27382297184276
-22.25863323405056
-22.249589754789483
-22.240088601493476
-22.25096148999578
-22.261503004194797
-22.274130071066587
-22.275582837186786
-22.27514729166208
-22.282073355645682
-22.279870076172656
-22.266281050113164
-22.287682160236766
-22.28537019381518
-22.288137850699687
-22.281909677825308
-22.295750269679775
-22.291223594550587
-22.27311835120058
-22.267187623438552
-22.273439500573648
-22.276429688603816
-22.26948944909357
-22.253928946446617
-22.243205755800393
-22.2510095632531
-22.254601691948242
-22.245281639142863
-22.263597532276567
-22.264977566827852
-22.25551808557359
-22.255215780244843
-22.254468320835155
-22.252931616177854
-22.247688536787578
-22.24324144321794
-22.240950651215833
-22.25016327858224
-22.238180612387126
-22.25493263333532
-22.265702341489334
-22.279250788257208
-22.272020572133684
-22.26350043299963
-22.270788723628566
-22.261648383784223
-22.250227658751662
-22.241539197444215
-22.237920001167723
-22.248588760009905
-22.248084173912652
-22.236598258038793
-22.23797308514394
-22.237419111524797
-22.246858606446832
-22.252537193182114
-22.251589671074825
-22.25559928718977
-22.255563323976133
-22.254927830713882
-22.26790576141323
-22.26710268103829
-22.25385915658864
-22.257700144109936
-22.256771154980665
-22.27403064991444
-22.26295948196756
-22.267037621277485
-22.258841060971626
-22.256825206496657
-22.25951840246375
-22.26840323310223
-22.276387022966635
-22.27663400863541
-22.279160316535076
-22.266003366040874
-22.26299801474021
-22.268975835166508
-22.265339300165014
-22.26190446362281
-22.251182734766257
-22.244497321820624
-22.250805686932488
-22.24734363734009
-22.246269508761447
-22.255618477902676
-22.26314081947733
-22.265060831578115
-22.28067113446664
-22.28973644958845
-22.296275323776285
-22.299943323317336
-22.299455986867258
-22.29814225647392
-22.302246213844825
-22.294133967082022
-22.295442766663115
-22.28100280194111
-22.28851244758433
-22.293521354539582
-22.29844108109824
-22.300462876041962
-22.298685960054126
-22.311066311699374
-22.295642809778318
-22.296291158385547
-22.283880110493875
-22.286621756087563
-22.28533119172253
-22.2803690788172
-22.28461206542048
-22.28255414021267
-22.273529636904833
-22.283307783443465
-22.28061594442622
-22.263906111052297
-22.268588169968286
-22.27053527789053
-22.26142405902996
-22.26397351622113
-22.266016245892807
-22.256422144608575
-22.255641686676597
-22.258961173250814
-22.247823591347633
-22.24379911766175
-22.23886099515797
-22.251864280535646
-22.255796654189787
-22.249685951615334
-22.248568989093783
-22.254083327079016
-22.25305214024196
-22.247243553296066
-22.23495970488022
-22.241066830813548
-22.249415518425643
-22.259629012865233
-22.25715939588971
-22.248639879890767
-22.257569570212702
-22.263657690425386
-22.263281355614698
-22.264469825262484
-22.284035258694743
-22.29325129577358
-22.30191045942024
-22.30063615766902
-22.306366664267205
-22.303380709398898
-22.302523195072826
-22.307304739259518
-22.29480066521825
-22.295229982035483
-22.281076495105456
-22.283540832265725
-22.29068666270283
-22.30467298754237
-22.29679970291549
-22.288022157518355
-22.285754940976904
-22.287317837439954
-22.29107795296163
-22.28612581753324
-22.290585253235445
