44.0
43.858903802047685
43.695684489638126
43.521937014316165
43.33557987016115
43.135386733155556
42.92581741055922
42.70686145077384
42.45596817341562
42.17646677604706
41.884836810500175
41.55979246651268
41.23385811306597
40.8506020315213
40.42738559635011
39.9835018183943
39.48883077695608
38.95330187805549
38.386695653631826
37.81855329136228
37.203775715801484
36.57435193817624
35.8902672734517
35.13187549582801
34.33975361979355
33.500284805336015
32.62588498278736
31.712690195574964
30.75449818534504
29.776314032452994
28.760009223861502
27.65270459729129
26.578153030626638
25.430812815917545
24.24617792217205
23.010998746033057
21.83376553304809
20.607110020160718
19.360774258369442
18.114298945488084
16.912578863464713
15.697219313669677
14.42399314983329
13.196991812496314
11.967407193577099
10.780434239804832
9.616665967338077
8.471634371691461
7.343592978101297
6.262232968272141
5.1794807921995005
4.1693678540601065
3.153349006207382
2.1896231404458626
1.2690382911335731
0.3810840939337336
-0.4961129785292304
-1.3027600274866298
-2.1116619354106474
-2.89171539763191
-3.627437245888865
-4.329412146750994
-5.0189510103767185
-5.6597264866999275
-6.280352887486093
-6.844368412517174
-7.390961638818703
-7.8910089086408375
-8.385439676845246
-8.842645082113304
-9.267685802034567
-9.718032299116663
-10.131346528878316
-10.52157654805335
-10.882706798103014
-11.22198333548523
-11.535556968340211
-11.834484868804227
-12.12861536888212
-12.401723714243944
-12.634174672799665
-12.893752619351341
-13.13808126313586
-13.350487269047592
-13.561587581420595
-13.755750964337642
-13.942125521199788
-14.11907290329754
-14.296702017235637
-14.440497300622095
-14.60042887985833
-14.755899729798653
-14.892110032996259
-15.023190778381327
-15.154363889956883
-15.278710292991546
-15.387751550984119
-15.517977882159524
-15.618910914601646
-15.706085257141249
-15.791918469196498
-15.887083089643408
-15.967337795207024
-16.057753356692306
-16.134631124385745
-16.20916013931484
-16.27142473860829
-16.33842456332233
-16.39837673636386
-16.458441550439563
-16.515714298906715
-16.576969442245485
-16.635515506944024
-16.70114564465804
-16.765164798893643
-16.812549838578523
-16.864244645222772
-16.92592273986326
-16.972550628117457
-17.003179562660723
-17.04641122803484
-17.10039699169842
-17.134357599529984
-17.169963396906287
-17.21028935210051
-17.259793489962348
-17.291659436811848
-17.33019966056047
-17.368137805974374
-17.394008057573377
-17.42698998785673
-17.459685462978918
-17.48611373432918
-17.50528217747488
-17.539350132865795
-17.569244615713256
-17.595278936680927
-17.62316671666087
-17.654471537542445
-17.69297381341255
-17.71430878743617
-17.750801805230807
-17.768088880115354
-17.78977454869029
-17.81139590373689
-17.83160271590089
-17.87044573368321
-17.895402784155017
-17.921373992079687
-17.93276494819012
-17.94004813904839
-17.96073990474138
-17.985857898475622
-18.005171308504075
-18.02204675059933
-18.047168873223498
-18.06086429623458
-18.082420655169017
-18.111474986460816
-18.13233387968595
-18.152019958387893
-18.16378840311928
-18.187931266542197
-18.197112387128204
-18.207537353780562
-18.218006614694698
-18.233288214782966
-18.258873071604885
-18.274806571704957
-18.290815317982563
-18.299361045467325
-18.314326892018737
-18.32926221558895
-18.345745932250143
-18.366664334398116
-18.380488092097576
-18.399356341382383
-18.42806265490395
-18.44611475209948
-18.450949344603412
-18.46766192734432
-18.46885459709519
-18.48797776479501
-18.50804545971945
-18.53023855068604
-18.536300171790547
-18.54954199044751
-18.56952466638464
-18.575726255332597
-18.600014892751467
-18.618157794930497
-18.62442173397657
-18.633159022545698
-18.651502167291902
-18.67652744594878
-18.6893556734398
-18.698817489774513
-18.698433776121437
-18.710097771380664
-18.71104552152776
-18.737063354834415
-18.74230595876102
-18.75739450228476
-18.76650240113181
-18.78906760409269
-18.80426618946394
-18.818973943895976
-18.82427781943914
-18.830223704341453
-18.839695428894785
-18.853931459264892
-18.858879906096803
-18.86245293911568
-18.858425328175862
-18.861217542180004
-18.871705597678247
-18.8785488441008
-18.889808213586008
-18.905936729522562
-18.915745515344373
-18.920117880700232
-18.944504057020783
-18.95365558640027
-18.97379353931715
-18.98634937785022
-18.993439661581217
-19.00165347682035
-19.01566931966364
-19.02447178469196
-19.04538989558035
-19.04833718485938
-19.04922753344707
-19.063447226857022
-19.083215555152513
-19.090773563131968
-19.095374846434073
-19.108401304751013
-19.119368352285182
-19.127956512905627
-19.129220900245762
-19.136386887094837
-19.144195380317836
-19.150841399158644
-19.159660144275826
-19.170380106348908
-19.17694352073148
-19.181156358981347
-19.184756131556814
-19.191864980341467
-19.202254394158082
-19.215463674750374
-19.229921597997432
-19.250852476805804
-19.25395879605251
-19.264315420252508
-19.271438296742136
-19.28423890440169
-19.296549708263246
-19.3062942646712
-19.315395820651993
-19.31679302088569
-19.331385367279683
-19.34178424517154
-19.34799426976442
-19.354349062656055
-19.357250904432593
-19.362910788689145
-19.366886432153485
-19.37737841242479
-19.38429192407274
-19.39010349475379
-19.396725231337186
-19.396634393902808
-19.40650989289334
-19.412170036042465
-19.421671816827796
-19.41853520352255
-19.416869798236046
-19.427228459372436
-19.433772745238148
-19.44654601508438
-19.45464108948724
-19.458452893276863
-19.464124289611064
-19.474485781317934
-19.495715049949133
-19.504391213401565
-19.508529657333014
-19.50842878933475
-19.5177206841995
-19.528893231160925
-19.537720512904492
-19.54308063055533
-19.555886481702636
-19.558778336127435
-19.561052109830243
-19.563227527004234
-19.568404293512618
-19.579279265219323
-19.58494769080874
-19.58673457548378
-19.59795570773904
-19.606836096547067
-19.61588769611624
-19.613715261592297
-19.619885633839328
-19.62351362828011
-19.631889890189246
-19.63370092824931
-19.64613432376889
-19.648651707706428
-19.658741413892287
-19.66718110846612
-19.670349028352046
-19.684673053165184
-19.697193618352188
-19.710640512599298
-19.7207301260706
-19.7176549885399
-19.723259585501793
-19.719796087782665
-19.725690461142005
-19.72619931738176
-19.728112087893617
-19.734838037809755
-19.73739499962574
-19.743415402603468
-19.756066352519067
-19.76689802177904
-19.77511637888058
-19.779632210584673
-19.787847621569224
-19.79301670861873
-19.79394777369668
-19.80027542788089
-19.801199198250636
-19.805564376019756
-19.81749880600989
-19.827821091543615
-19.83717444435205
-19.847233878720985
-19.8492597519225
-19.863766112348404
-19.867097505895572
-19.87050452389465
-19.865572605164726
-19.87340280674702
-19.87619957451897
-19.886846532432443
-19.89877450036771
-19.904651213578553
-19.908450708189665
-19.918605582290375
-19.926076106159186
-19.932308522486917
-19.940254748326446
-19.940728421239104
-19.949366393831244
-19.956403359199214
-19.96342252393039
-19.968466083895258
-19.97757860489305
-19.98420759921764
-19.991768766657497
-20.002691817029863
-20.007569743511354
-20.008084564966282
-20.021251410328144
-20.024566812768306
-20.040615711663435
-20.050753777478516
-20.047939441186898
-20.050655285580987
-20.04564545906494
-20.045955944525815
-20.04927807774489
-20.064832474216967
-20.075849119673943
-20.079031524394306
-20.085162521817367
-20.084005023293358
-20.09403838557221
-20.090607867508805
-20.106186812343832
-20.106106505110613
-20.11057617680101
-20.120482415394942
-20.112453234325816
-20.11961285574864
-20.13029174101136
-20.1269662278459
-20.131325163853266
-20.1435220033218
-20.150328314783543
-20.155931804724176
-20.15446032638963
-20.160144445323915
-20.170372828587045
-20.167895672261505
-20.180906752449534
-20.189453189508757
-20.200806346813824
-20.203701796262088
-20.207593838848027
-20.21035418753044
-20.213412196240043
-20.216674492702293
-20.217885485204704
-20.21743103158368
-20.215371589617344
-20.213963951083674
-20.215351622806015
-20.221168514581738
-20.23041943993631
-20.239168176691305
-20.250200523436078
-20.239679689845353
-20.241525484043468
-20.255642276761524
-20.265045168097163
-20.2674783019552
-20.265444510583503
-20.26965042765726
-20.280339985499822
-20.287144860077717
-20.299448494475236
-20.310218086925477
-20.317646335431572
-20.325809410172898
-20.336809686407186
-20.345974831377895
-20.354259907037765
-20.357425393137643
-20.353681030059345
-20.36591654896446
-20.361916507075474
-20.363523549203038
-20.367072213145903
-20.363060254998
-20.358987779907746
-20.37266306972334
-20.373659985662943
-20.367793280089348
-20.376233878981978
-20.386273886720517
-20.394911670390652
-20.39895174646334
-20.396894708528396
-20.41110981609956
-20.41972502274061
-20.42189595596386
-20.4305633004572
-20.433708568471438
-20.434986732500573
-20.435786001497522
-20.43580825799606
-20.444208966250876
-20.443804498977855
-20.44331501231125
-20.455334259658954
-20.456333766095945
-20.45450348085498
-20.454360095654298
-20.46774164191888
-20.473539947265664
-20.47563616463058
-20.491891875514646
-20.505435484973187
-20.515967204175304
-20.52172546963223
-20.527066675195165
-20.526985473087805
-20.531972898468997
-20.530021848764445
-20.542661217537727
-20.545472994992203
-20.544852663502752
-20.557222693316795
-20.563129064952737
-20.57102213981116
-20.57943939081962
-20.59096673112158
-20.59111456454715
-20.59699399554006
-20.608723489970085
-20.619594542252987
-20.61898409041635
-20.613927238318244
-20.616824737109287
-20.620963910751914
-20.63209043506053
-20.631266434462617
-20.63340371227329
-20.63233589922739
-20.646539775796438
-20.646621955369497
-20.65497978940206
-20.65810282951344
-20.669586325848318
-20.668334236448462
-20.670525467363152
-20.67213405142613
-20.6690687589662
-20.679777556542195
-20.68172329206725
-20.696163244263815
-20.70298688953545
-20.713139846941612
-20.723359344532984
-20.72722637250129
-20.735115347545655
-20.74779014060606
-20.748968152412004
-20.750445734248657
-20.758658765650267
-20.757068481097463
-20.760038450259806
-20.76101057089288
-20.773409825950814
-20.783590881590893
-20.782564484687956
-20.779906848669114
-20.779769750241854
-20.78134247601648
-20.77703583469136
-20.778162355395033
-20.77285956403019
-20.773167109979884
-20.779390781794405
-20.78379690250119
-20.798694708495397
-20.809997447769124
-20.812670181779843
-20.81806874650974
-20.816301959581345
-20.82692274452597
-20.83102427375638
-20.83775996983051
-20.835150372827588
-20.83619947628024
-20.837706408954606
-20.848854253325104
-20.849361790841698
-20.85326384840917
-20.858590459499812
-20.865182165300688
-20.871096155049898
-20.876642019423468
-20.87434350979954
-20.87071371756036
-20.88073520847579
-20.88703797451913
-20.895481827376358
-20.900786524505005
-20.90225696402318
-20.91100722213715
-20.915779442905237
-20.914806160648983
-20.919930252468287
-20.930245572651447
-20.927360400994576
-20.93498200275839
-20.93538574967513
-20.93655453708972
-20.93019731309479
-20.934698826384935
-20.93692691672663
-20.939528911872088
-20.945885535564276
-20.952042836239144
-20.960050607338612
-20.959882929110098
-20.97180798076499
-20.982778349421093
-20.984867340722843
-20.998463028909867
-21.007201490140165
-21.008685438798114
-21.017718550988626
-21.01576292976894
-21.013507046886726
-21.015861767662056
-21.02785618184177
-21.03864543839528
-21.035785354025464
-21.047285066680846
-21.040578465049016
-21.044346801701064
-21.040988315993193
-21.04385323700652
-21.05035730506907
-21.060099756544247
-21.070199309311082
-21.077205724059397
-21.078544459014495
-21.08005664670784
-21.08635939804854
-21.10052428929987
-21.101417709766285
-21.096452008380513
-21.098127995436318
-21.100477652727236
-21.093968122134193
-21.09768694056297
-21.101805662233925
-21.10519688854683
-21.103051096689782
-21.113142789773587
-21.115880522213352
-21.1163079380098
-21.119902851802877
-21.122293478662222
-21.11707049671517
-21.134227225819696
-21.134206152531878
-21.12927583997832
-21.13912516934378
-21.143704971897677
-21.148247520238655
-21.150835780441387
-21.15333761646423
-21.15546506060277
-21.15866803375452
-21.16081724148347
-21.164039521702534
-21.165083527596995
-21.16464201390499
-21.15943477481904
-21.162205763920024
-21.17092254980957
-21.176901298900706
-21.177648277969084
-21.183867236662874
-21.189553442514242
-21.19163129709556
-21.18064691233784
-21.175414259843322
-21.18031814937228
-21.173809051925073
-21.18270315994325
-21.186765559100817
-21.187479897458264
-21.19269462086209
-21.203723634668
-21.216192306566942
-21.218256200189547
-21.217625463948348
-21.221740263779598
-21.220580134115185
-21.216629125010908
-21.219865866481374
-21.22784471832136
-21.23657922315232
-21.245182220735103
-21.255900490022114
-21.266367970635212
-21.268617902482436
-21.273732757937214
-21.276409324021603
-21.281009958851204
-21.282993827980377
-21.294120814417493
-21.29787625201968
-21.29677326142125
-21.301735197350347
-21.30478602127
-21.317797505092262
-21.309080188708197
-21.320348801569626
-21.32199794807468
-21.31857876391621
-21.32744913417917
-21.333805554054678
-21.34186364974726
-21.344706447039943
-21.345758432603834
-21.35149426834736
-21.356904131421345
-21.3552506726364
-21.359794857063914
-21.359617055460358
-21.353223021426665
-21.356405473684088
-21.36642827413857
-21.37452785364826
-21.375637811996594
-21.38471488103927
-21.395807739646628
-21.399324815798792
-21.405813686485537
-21.414371751911094
-21.420217132775555
-21.42763034366457
-21.435909517094984
-21.43531757123867
-21.446959163921953
-21.45366279004088
-21.453411205463436
-21.441523469792404
-21.44874782540424
-21.439403582547726
-21.44370019300961
-21.442441634149276
-21.444537796562958
-21.440174630389038
-21.438649255700863
-21.454826922133325
-21.449502665504173
-21.448065945777053
-21.44942453251646
-21.441984964723183
-21.439361648692135
-21.447062848858707
-21.454540114033914
-21.46809104964608
-21.47366694095734
-21.47763370643399
-21.480182427907433
-21.478302540532173
-21.48168458121735
-21.48393810713075
-21.490605295534262
-21.48892148932875
-21.489697017714477
-21.487964977472803
-21.497772457246995
-21.496219964303588
-21.49242496184942
-21.499287159035788
-21.512773160615776
-21.518243618980716
-21.516489966080375
-21.519217295128122
-21.523020444181878
-21.523290299495528
-21.526169602473743
-21.53612718384358
-21.532623368352997
-21.531518545520516
-21.541570739588945
-21.540543937965765
-21.540261414487542
-21.551945444187577
-21.56280218691054
-21.556695072368303
-21.562091894956843
-21.56451646789439
-21.567234449468383
-21.579157729512396
-21.576463025751604
-21.586185325298565
-21.585431005888356
-21.579118964363477
-21.576929267035034
-21.58101477078252
-21.585256060707188
-21.585111708372974
-21.59238127614747
-21.589475694390334
-21.590941299027563
-21.593018418474628
-21.59354927263328
-21.590818989790495
-21.598022301552987
-21.594775843007426
-21.601116521546643
-21.607518019207333
-21.61627575287609
-21.616456671770116
-21.615082182458348
-21.630135305289752
-21.622591050347353
-21.62406912872199
-21.627780355307177
-21.633079640532333
-21.63283905834852
-21.634441726551593
-21.634795409561505
-21.641192671588254
-21.64471753877099
-21.63902461693661
-21.642208849157846
-21.640229514498937
-21.6476418382973
-21.65840198410334
-21.661454617558643
-21.666569276347925
-21.66547449259163
-21.664386802717033
-21.670463645417335
-21.676170418722513
-21.679081658852304
-21.685284976563516
-21.68936421974593
-21.692060234394944
-21.691401228430113
-21.68599213375942
-21.68800826801077
-21.687748138993268
-21.69728328256711
-21.703105501592443
-21.703685570287583
-21.70156933277616
-21.70949703187162
-21.722467068333273
-21.726812923631968
-21.728651758696756
-21.730652890892834
-21.73781091998586
-21.739879480762916
-21.741576232445187
-21.75195857617888
-21.750350614343294
-21.752506918850106
-21.755380529333365
-21.748703998812765
-21.747124374190307
-21.751534081347305
-21.749194949657983
-21.748747836078064
-21.746664287572575
-21.755272221065162
-21.749289177029958
-21.752018037556883
-21.741179933030352
-21.738980003559686
-21.74779382053316
-21.754217829446763
-21.758780585018055
-21.76614362580247
-21.76875140068703
-21.76729805543145
-21.767544501698453
-21.769948128998735
-21.7786198587128
-21.77950102831045
-21.786428419019234
-21.793285472095395
-21.78806205520098
-21.7942769312901
-21.79370265440901
-21.793666746538136
-21.79573899399617
-21.805134942092202
-21.809939401485757
-21.807757617842793
-21.808404198501922
-21.806135146273597
-21.803289584242037
-21.79744558781577
-21.794501453000297
-21.791434061398046
-21.79041833951231
-21.7902289690197
-21.80044513295034
-21.812790752337545
-21.82090048438805
-21.826612744735826
-21.82157030743164
-21.82585655694742
-21.83021717150831
-21.834888915735416
-21.83151254279437
-21.831050762279393
-21.835253640516513
-21.82743695706464
-21.83117946208783
-21.833562366698526
-21.836674229109917
-21.84827530611341
-21.846971814292882
-21.863850497492276
-21.861922977900214
-21.864678561780508
-21.864009663844364
-21.859376034289276
-21.86446643161901
-21.8735902004809
-21.868939480899137
-21.862444955587964
-21.867613640791582
-21.863473731016157
-21.865955083559147
-21.858451542666803
-21.859486692898418
-21.87001153886665
-21.86134211137954
-21.85975402411143
-21.8578938936161
-21.86672284808942
-21.8774393893109
-21.884551282745274
-21.890093380024982
-21.88444416852034
-21.89049651664645
-21.89085868125816
-21.89699457771514
-21.90454279843399
-21.906922430236946
-21.898050119954796
-21.888523707557276
-21.893176663755504
-21.890030353410392
-21.885829517176532
-21.88357116072793
-21.882698661185692
-21.871268927054548
-21.863011031762476
-21.86495110110154
-21.8615156670853
-21.86170901382136
-21.865897040198952
-21.863895860993722
-21.871416788696997
-21.879217624281637
-21.880144799644437
-21.886681314932392
-21.889505685780083
-21.892966244353328
-21.898253817467513
-21.895319881065923
-21.897331532160255
-21.903649366936033
-21.914284119751606
-21.912681684616295
-21.91306608992221
-21.92127965468335
-21.928085456098085
-21.9217849941025
-21.927079365766012
-21.927127337703162
-21.92936364622889
-21.92076778134261
-21.923800513869228
-21.926237112672844
-21.935455927957058
-21.944190326760246
-21.943929055056817
-21.94464612803104
-21.95154532197974
-21.961416027402382
-21.953982065408216
-21.951615824173142
-21.958899368954313
-21.961277168962766
-21.958797703741613
-21.961304569579248
-21.959285638772386
-21.95585068929344
-21.96465514159055
-21.96393406176051
-21.97082659460305
-21.972447251592836
-21.985690315249872
-21.985896472381615
-21.983496269701078
-21.988058795038537
-21.99121940136394
-21.98512837508373
-21.990153787744877
-21.9936884971058
-21.997200892665752
-21.995509376624828
-21.992364022877677
-21.98875278815724
-21.994578905863808
-21.998307779720076
-22.002627491179325
-22.00262072611452
-22.004576654425204
-22.00514099164662
-21.99635424918906
-21.99363995335217
-21.994796861233127
-22.00158206250313
-21.995076287584858
-21.994053623175326
-21.98416619613715
-21.98337139633034
-21.986405771147382
-21.99555663590014
-21.99432132382091
-22.001047547507763
-22.006670982818918
-22.003186775858158
-21.99986336102553
-22.006408878749635
-22.01072416687526
-22.01276771863081
-22.00703289050291
-22.016337545378914
-22.01896171964598
-22.023407298137524
-22.020523953743602
-22.02505757515675
-22.016847370670355
-22.02281470947526
-22.02349047877797
-22.034407364122558
-22.033091423803036
-22.03409410940659
-22.041490943997093
-22.034133613798133
-22.038143195819686
-22.039435432690322
-22.039481012789516
-22.043475033269583
-22.043661050815885
-22.033689472940527
-22.028386016518464
-22.024763279800222
-22.035971504459877
-22.033047805903255
-22.049051785087443
-22.048559795209755
-22.0481588499391
-22.055783997356457
-22.061642136180666
-22.064723013909006
-22.07283188386075
-22.066602711142227
-22.063572201066496
-22.051274814492555
-22.04908569221619
-22.048745344771326
-22.05144921585717
-22.050157657090747
-22.054601197122146
-22.05750507492046
-22.052813215261065
-22.063299589873886
-22.072350819665523
-22.07254794386622
-22.065245457376495
-22.074300495641463
-22.083521226131026
-22.09432622382335
-22.09284241987532
-22.093455440479598
-22.101606290056335
-22.097081205468374
-22.10155557231353
-22.10136637438628
-22.103578338843594
-22.10463178299788
-22.100930438403438
-22.09692002963641
-22.10251156626362
-22.111652961569558
-22.116677611404555
-22.126832177447884
-22.118292930165268
-22.118814253844725
-22.11324605952485
-22.11115892252033
-22.113980961925755
-22.119492090915024
-22.11939363174438
-22.114426568732675
-22.115737387478806
-22.113503905189475
-22.115663706668112
-22.12018317449675
-22.127412467907405
-22.12409711731224
-22.12021948320685
-22.11561410910539
-22.11501760521982
-22.11741385440894
-22.12052201979425
-22.10906000701664
-22.11091578017357
-22.122010063922254
-22.119109372640164
-22.10970847189898
-22.103925741291235
-22.107086601425692
-22.110242061436406
-22.117374428948718
-22.1168778115397
-22.112017970404274
-22.120786713554395
-22.126082571153553
-22.1375982002146
-22.13993043870595
-22.135429748316774
-22.139303881398575
-22.138513478656016
-22.13488764423457
-22.13931877866686
-22.152193260427136
-22.158040921684453
-22.1585155342418
-22.16176774052963
-22.164210205216783
-22.15982374197952
-22.168148961116515
-22.172920755490882
-22.168697718156576
-22.16018386230871
-22.154767149993226
-22.152672378329125
-22.144407497206576
-22.149159154016036
-22.152037463930508
-22.15525499402741
-22.15483246537301
-22.157810847893654
-22.1606445107398
-22.16489336805523
-22.16169484621113
-22.158090028977796
-22.161264868641208
-22.15737292278204
-22.159873166755865
-22.160018051014287
-22.145242631862512
-22.14872408068843
-22.148511947386403
-22.147369941352487
-22.151481533332632
-22.154271944512562
-22.150175081012748
-22.162450257465423
-22.16888564872448
-22.168261671948414
-22.166998264009727
-22.16209525157851
-22.167840598061773
-22.16803937933333
-22.172604229584604
-22.175733285157698
-22.175318657505944
-22.17249327737946
-22.175521586797693
-22.180679748681175
-22.182989036047985
-22.177593503713137
-22.178787147311443
-22.1789471828972
-22.189748993353202
-22.19068608019003
-22.18777962391968
-22.1794858081114
-22.18451874399635
-22.17639001738802
-22.164860253753307
-22.166437693911604
-22.169974669073493
-22.173965513656604
-22.167375666005736
-22.166906826270246
-22.168533966575968
-22.169759815678532
-22.166997709086765
-22.17495033295603
-22.17046798503386
-22.17841516888395
-22.177626565720445
-22.180347105296118
-22.17830489967749
-22.174344199615874
-22.17150277760776
-22.167052830211297
-22.16583102921356
-22.168564812164107
-22.171842420347915
-22.16860104479141
-22.159672431269446
-22.163700221677953
-22.162397615971418
-22.16224636975106
-22.167338315748783
-22.166604098546436
-22.168043845448693
-22.167450530525784
-22.169331937232965
-22.174853045502537
-22.177254756365958
-22.173521108761125
-22.17695944301605
-22.18144904603463
-22.180117614974513
-22.17893130101585
-22.182418006763914
-22.182345606016714
-22.17575533267676
-22.17301390617183
-22.172104556213547
-22.17770753331235
-22.1770557371788
-22.172616848175167
-22.176556680604627
-22.17415652439775
-22.17948938278112
-22.17454266142166
-22.17899779233092
-22.17399392652323
-22.18462676619025
-22.189850622958907
-22.192195203851615
-22.197171576464612
-22.19717745743638
-22.197403974434515
-22.195823172936535
-22.203725811572163
-22.21240309768251
-22.207725740385307
-22.211505245582877
-22.20909059098841
-22.201952166013957
-22.19291844916872
-22.204332826703567
-22.203131447569007
-22.19990907805872
-22.203940731946652
-22.217284866907544
-22.22685869174971
-22.223783882509984
-22.2190060136308
-22.216933385626547
-22.220538936896077
-22.217119504553846
-22.218546831346927
-22.21883266269073
-22.21703576703999
-22.214783287948443
-22.216078987580747
-22.21344815511806
-22.2179464289644
-22.209837264590828
-22.20564101961645
-22.204433632114263
-22.20897177789574
-22.20078604219116
-22.203112093721966
-22.202254373016235
-22.200084327658598
-22.199327080075594
-22.19938552958333
-22.201874008202655
-22.20316608475508
-22.211129138594146
-22.20956335164968
-22.22017687478665
-22.20730839697333
-22.200995104751808
-22.198767343313378
-22.204244419232257
-22.198499945423542
-22.19671525143108
-22.192905881247054
-22.19628019565733
-22.192970916341636
-22.196927671249988
-22.203178899170343
-22.20613365406835
-22.20978488276649
-22.21195258317194
-22.212839013328978
-22.215044594501716
-22.206956812082854
-22.20929630911164
-22.21340711510957
-22.20740065563019
-22.205679903864603
-22.20956053254362
-22.21348620542939
-22.21522249368392
-22.218041386166092
-22.210971394096024
-22.219554250532646
-22.218290637138665
-22.210433084501545
-22.221387502537105
-22.227295722105037
-22.23046404064567
-22.229378098817513
-22.21909231220479
-22.224272281502934
-22.235419737967355
-22.240849466893508
-22.243652566207835
-22.24375151173601
-22.23077200342458
-22.23887898995711
-22.2364556707122
-22.24231365324933
-22.24901965344707
-22.25068129921378
-22.25039210859131
-22.248996642126297
-22.24942302360383
-22.24735033163932
-22.244731319863355
-22.228488999255333
-22.240268001021075
-22.245681701639036
-22.254123414254035
-22.258822768415843
-22.24902937032746
-22.243929330487024
-22.246135895594957
-22.24748257590689
-22.25171913897076
-22.25589783061475
-22.249897645410183
-22.257882518868325
-22.256324185465747
-22.258594495777853
-22.263969339532238
-22.26267374799251
-22.266000578167485
-22.268738817683964
-22.275648671700353
-22.270779664849535
-22.268100115497276
-22.256003445901243
-22.264555437595764
-22.25584169250754
-22.259930307971356
-22.26279426416157
-22.257174392231654
-22.254096047685366
-22.255302181442733
-22.25678167414577
-22.257553904648926
-22.261033457205738
-22.255997564300326
-22.257672969720762
-22.253495906330684
-22.25548306249873
-22.255932822335776
-22.25890208397646
-22.253553725867327
-22.255194298387554
-22.25937501816451
-22.26033153414656
-22.25157277725722
-22.25168952190025
-22.255486355359206
-22.250038583624008
-22.257082474464905
-22.260176492732466
-22.259383081299386
-22.257154836871063
-22.252899877332272
-22.259428474038895
-22.256778265651633
-22.25399911454921
-22.26104472043669
-22.260522099018935
-22.26416669854282
-22.266701035843248
-22.269802632848876
-22.26997045061772
-22.266431362201192
-22.268351775476564
-22.26871093139242
-22.265968052281842
-22.266538055694596
-22.27096562615187
-22.27117316334888
-22.269041408013706
-22.25964487892005
-22.25953120795551
-22.26261228983775
-22.25778151266629
-22.26386745700095
-22.270867202061545
-22.280520002185252
-22.282688835707663
-22.28227081487246
-22.28602787258807
-22.285385109994568
-22.27405157008963
-22.26448866772216
-22.271646304886307
-22.265741855930788
-22.272712521499912
-22.26246755258079
-22.259757809579668
-22.253774577696326
-22.25451294293009
-22.25865430262387
-22.271260603863293
-22.27557611464682
-22.276110356489138
-22.280514393366865
-22.27667489051785
-22.272837446834284
-22.275260397906532
-22.285354821484766
-22.281081431859334
-22.278202654421857
-22.280276624150154
-22.282652658378055
-22.292979003585813
-22.289722904178916
-22.295397487094757
-22.28805376413536
-22.288464581763318
-22.286487733282932
-22.291077699494934
-22.282036182492387
-22.288051088738893
-22.297516663965972
-22.300924648400166
-22.296307870905043
-22.300861002528013
-22.302256918649455
-22.30690223776576
-22.302120121217204
-22.29652094088572
-22.299768734343587
-22.29901976408577
-22.298817062589286
-22.306043456875898
-22.303774704310296
-22.303767725913335
-22.295670239794287
-22.296528900170525
-22.292768342448507
-22.28624619307365
-22.2837951895756
-22.284549374112586
-22.27882114672677
-22.27576027214894
-22.268129360387128
-22.2698107347591
-22.26935719852849
-22.26912169810338
-22.268888032728174
-22.2696723112997
-22.266165827062522
-22.2617336780164
-22.26324825980315
-22.2572624170445
-22.258703217287703
-22.252717665458807
-22.259111285262616
-22.260871937162776
-22.273253103197252
-22.279472364273605
-22.277494886928423
-22.278611172574585
-22.267413110166792
-22.262307341155825
-22.26372263778732
-22.27071046621397
-22.271772330571046
-22.26819997592965
-22.26439501430684
-22.265598014995955
-22.264823184690442
-22.273201704358534
-22.27586398495675
-22.267302272161498
-22.276042886170103
-22.270185486102253
-22.2674013035044
-22.26595912096374
-22.275210291284502
-22.265880439439137
-22.274337324373402
-22.28126839275629
-22.278839457196895
-22.278255407382616
-22.278387528077122
-22.280073756965546
-22.286687919440183
-22.295259045322677
-22.293014740571543
-22.289520979711106
-22.287537061015687
-22.29103939780897
-22.296041478528046
-22.297082553873466
-22.28425545130589
-22.29269583408822
-22.29655324309782
-22.29798282492296
-22.298202843835202
-22.292309500161487
-22.29175309130783
-22.297159111053073
-22.3043503079028
-22.303897732609187
-22.301176240310312
-22.303272972067315
-22.298621185463386
-22.29665427530705
-22.291408522310423
-22.30369456981256
-22.305676843970563
-22.304092957049257
-22.298692772630623
-22.29259362426893
-22.2923672960909
-22.282034947607798
-22.279304647788422
-22.27837155015167
-22.276024101354928
-22.274346778585816
-22.27408117651664
-22.283982001006716
-22.292162301917546
-22.29553520139238
-22.27221027900309
-22.268497591888035
-22.26291013192814
-22.27021996268468
-22.275422951379856
-22.28266891777574
-22.284119736300948
-22.282925531910855
-22.286212319459604
-22.290206101763275
-22.283088116700572
-22.29438035136677
-22.296583291919088
-22.301563112428248
-22.305221043015557
-22.301380464656777
-22.29580132352592
-22.295835804462136
-22.297709278131638
-22.29404225754891
-22.29657510390016
-22.291086040535404
-22.294773098561517
-22.29617385062484
-22.298295698675286
-22.29046689319403
-22.290202655920304
-22.293949976084093
-22.29240385566978
-22.299227543616112
-22.293536613880875
-22.294278977433112
-22.294794844250895
-22.292264022511517
-22.303513137267228
-22.299581211318284
-22.299142490427723
-22.294911007688864
-22.296300115926353
-22.296110154413356
-22.293978981542427
-22.28945461886806
-22.299158008386726
-22.311563928209885
-22.306894410338796
-22.31316880865632
-22.316341332351136
-22.3141774950124
-22.312452012422995
-22.31387917370785
-22.310276389953103
-22.32157211030287
-22.321561169950236
-22.320657862774887
-22.319758914482804
-22.322805368474018
-22.328374371617752
-22.329837465836064
-22.331819097473915
-22.321287789350862
-22.33161430369832
-22.3288387131418
-22.33663177046672
-22.33905128985811
-22.330924109078083
-22.328225155388644
-22.334526489388423
-22.328127564086515
-22.32894336956575
-22.3300884533926
-22.320752835190255
-22.317804897550644
-22.316376298870185
-22.316228542653647
-22.322131433976043
-22.315789291455896
-22.317333674441294
-22.315956108255055
-22.320040053204753
-22.31444690698664
-22.322732645026946
-22.340690770886834
-22.33881147693124
-22.33685810360623
-22.332450136792865
-22.33567881147583
-22.332237414293918
-22.332027716207435
-22.327741810204586
-22.334250502572722
-22.327283701830357
-22.324633767633053
-22.317909797571577
-22.316657568136954
-22.32034212994746
-22.318940234926426
-22.327203870262718
-22.332050604910265
-22.327899492753563
-22.315749987021913
-22.31014039693937
-22.30489795529329
-22.302893981374826
-22.303608637127166
-22.30401694316255
-22.307569288972793
-22.310400509931217
-22.300959542659147
-22.297109680022402
-22.28576833068077
-22.28610386992008
-22.29714156065889
-22.296541130888965
-22.291343153400412
-22.286988244677755
-22.295551780584173
-22.291824026322033
-22.29114843372988
-22.285480478127308
-22.281594482062918
-22.281213759226414
-22.267242582523444
-22.27565984994479
-22.271046968713822
-22.270714566923687
-22.26679986363004
-22.26647331770104
-22.27672684859962
-22.27991199777651
-22.28286065428411
-22.27579961887782
-22.276910001067687
-22.277808990163848
-22.26414614611111
-22.265101423379367
-22.26930075857489
-22.270058048162362
-22.272149693422786
-22.271298526203708
-22.269751263183682
-22.263812685576717
-22.269406026591074
-22.26298394165209
-22.26503809613239
-22.266486889875125
-22.27459636382929
-22.277271332526137
-22.283843287653927
-22.288268148462702
-22.291780763339773
-22.290404074212955
-22.28964301567755
-22.29709220960944
-22.312031277426048
-22.316915837722583
-22.33065476691449
-22.325962253248104
-22.322960698345625
-22.32116836279823
-22.314654309934525
-22.31934713729844
-22.31624939903122
-22.32406127903729
-22.317643214181988
-22.311723392965366
-22.31014146434156
-22.311710365058207
-22.309735375465486
-22.30256378257424
-22.305653057268895
-22.296224834861476
-22.29602706274323
-22.289712765660905
-22.290425310240114
-22.298981986939644
-22.29642322160418
-22.289799126599362
-22.279758354427074
-22.280955196007543
-22.28059605286986
-22.275739006704494
-22.27209485067779
-22.272197645843093
-22.279392953211318
-22.273968861691735
-22.272353562141358
-22.272927730786137
-22.271998005682978
-22.275027711906958
-22.279262813713732
-22.285334357107857
-22.286320425823764
-22.274748064061388
-22.262247582598572
-22.264034185577938
-22.263349502801344
-22.265524654174996
-22.278954703642164
-22.284338990073884
-22.296843957661157
-22.297920060166334
-22.297381367051237
-22.295406383830287
-22.288259691393808
-22.284848947509772
-22.289632931664805
-22.286227486208176
-22.28340821868914
-22.286884189259244
-22.284745359881914
-22.28525707815175
-22.271575516714524
-22.27680817526511
-22.279970070690275
-22.278326607871264
-22.26782218247591
-22.267821676597737
-22.27370995387116
-22.276339401802588
-22.275981660802184
-22.274290631216083
-22.271675999895027
-22.277528525765426
-22.277241328849684
-22.272299182925405
-22.271763147723778
-22.271886797852932
-22.2666100659955
-22.268826578267465
-22.261770799309893
-22.250753942549323
-22.259629701426398
-22.254856721041683
-22.256822051239872
-22.261726394339707
-22.27172755777788
-22.26261917787323
-22.260644568003674
-22.264983168463846
-22.25492794039643
-22.252733465373584
-22.254954948208297
-22.252869967031245
-22.25366146740937
-22.250625808284227
-22.25459599173365
-22.261971293428175
-22.259930451004294
-22.262008019993146
-22.266316231145307
-22.257708423154206
-22.240509214023263
-22.243825770958253
-22.246283599063172
-22.246995375088634
-22.246442057801474
-22.25568349646016
-22.256134298178868
-22.263685755564865
-22.262810619119154
-22.265526583856303
-22.267642011393146
-22.27650739519481
-22.27944204835507
-22.282157202346266
-22.276821255659137
-22.277368544198097
-22.279486046947877
-22.28023719908486
-22.28406565708678
-22.286485611952017
-22.286247731847887
-22.290198577751475
-22.284854334456426
-22.283257963873492
-22.29094862737848
-22.283411724606133
-22.28273625767769
-22.289210947075286
-22.294260528900917
-22.29876467331953
-22.294485948578604
-22.302650381747217
-22.302782333223366
-22.298569919618725
-22.29908539358647
-22.297487184539232
-22.30117224110741
-22.296964124253797
-22.29111243474033
-22.28979526431236
-22.291584951500443
-22.28151385856593
-22.282132069925808
-22.27756805171983
-22.289300977495934
-22.29201659609764
-22.291560161052455
-22.290013416500656
-22.284801142201392
-22.28619934289378
-22.286829953306146
-22.286051474111126
-22.2839545733836
-22.27796963181251
-22.280839102975005
-22.287883804727464
-22.27895701175147
-22.28001854983485
-22.292369113887027
-22.281273937529146
-22.278740354093724
-22.28628667236296
-22.294230774100722
-22.297305971715932
-22.29422288287764
-22.289705819525263
-22.290221551657794
-22.301277448392256
-22.298922197177276
-22.292744497968375
-22.295804618686354
-22.298676646669257
-22.31214092753717
-22.307192020935922
-22.31081659067618
-22.300860771935355
-22.301339486559254
-22.30528916083739
-22.30184092617713
-22.302968307464283
-22.312210246675104
-22.311541480348726
-22.309194437521647
-22.303403643573567
-22.29550236285603
-22.302538626144973
-22.29708075800926
-22.30141583250408
-22.302741554611426
-22.306640736101983
-22.30654780268857
-22.309692899164606
-22.30935743987719
-22.299994038723835
-22.29347595366859
-22.301932793518528
-22.29636216968027
-22.287707688349165
-22.29038309879048
-22.29198381121708
-22.289784248880466
-22.27918128073575
-22.28072566488249
-22.281684025258965
-22.275570225725787
-22.275275712724678
-22.27508687622408
-22.275806740690182
-22.270500157839425
-22.27842149719023
-22.28019703698575
-22.281433787670654
-22.281200866569332
-22.282250671962288
-22.286810423126205
-22.286347235251302
-22.28000707469671
-22.277412693616977
-22.276007080046295
-22.277461669801777
-22.272536603930043
-22.273051574226
-22.272480054952506
-22.26901054894411
-22.27841094486083
-22.27690547962315
-22.28225512886766
-22.286952267857814
-22.283151323882926
-22.287017055167304
-22.296361747923676
-22.294214752634808
-22.287174362244627
-22.287282446937798
-22.284219847648874
-22.296216960740306
-22.29262519319592
-22.293126112512514
-22.28810060719065
-22.295617634247947
-22.297399100013383
-22.31116911609609
-22.316517062205566
-22.32494064851743
-22.320423369218037
-22.31886858281182
-22.308158856239423
-22.295544580353216
-22.285579894647473
-22.29011433004356
-22.28732515210747
-22.290658160217077
-22.298272477131295
-22.29908792589736
-22.286508525937265
-22.28551057134953
-22.284952597386667
-22.275540928958947
-22.272020937411423
-22.27226034737809
-22.2791069206017
-22.280094245339022
-22.290049987337916
-22.294869776189458
-22.291170058030307
-22.28432560864631
-22.286371395181124
-22.2932356098166
-22.286497907197067
-22.285349816679535
-22.29090744039976
-22.285036925285187
-22.287431823071223
-22.286600330025745
-22.283985560285632
-22.28707480078739
-22.297243316619394
-22.285453549478138
-22.28403564472339
-22.273386878819455
-22.270617400305575
-22.291552127343053
-22.28683705959855
-22.286606268566985
-22.28608770147453
-22.289295226841244
-22.291728337119313
-22.29929676490116
-22.294007441375275
-22.29452168138565
-22.29251987511313
-22.28308672325374
-22.281486596514082
-22.279962464147985
-22.291997858929157
-22.29175205350863
-22.29996179636702
-22.302001679490957
-22.29336129807806
-22.309456982486683
-22.30355418751516
-22.308474836099858
-22.303204695920414
-22.303393686815912
-22.301987988823505
-22.298936215659268
-22.3103147279491
-22.318957363677754
-22.31564932324299
-22.3119492946507
-22.308361651273287
-22.311712361903833
-22.31707881228265
-22.32746053616612
-22.31722098357072
-22.307889095578005
-22.31045986379966
-22.32215466321967
-22.321230285051197
-22.311530039080658
-22.314469771963633
-22.32049356442166
-22.324138228295954
-22.32706794873564
-22.324240954343264
-22.312909584663036
-22.307138020044242
-22.299331156167398
-22.297699000917028
-22.295423905775927
-22.297195096030066
-22.30928702389436
-22.30743693806638
-22.301247673585127
-22.301224310071113
-22.30054186294499
-22.294152242423124
-22.304471360435176
-22.302174677617046
-22.296399983834476
-22.295144813144393
-22.300577839338434
-22.30544734827986
-22.308460132830167
-22.30857410863871
-22.30448048663612
-22.298097830059824
-22.288132875901574
-22.286424728608928
-22.294540467188153
-22.309973292166802
-22.313652280596134
-22.319705719951497
-22.321175915751404
-22.325852863172184
-22.32738207498547
-22.324312618177526
-22.331858283582534
-22.33127092686743
-22.3306555219378
-22.322498079469884
-22.322218405815807
-22.32771403774455
-22.323220968829197
-22.330179082630433
-22.336846554254485
-22.326364493940048
-22.3167549287221
-22.31468935311706
-22.32509828745543
-22.315378040664132
-22.315637323298827
-22.325308457256952
-22.322127498327927
-22.324236063764623
-22.33169729892821
-22.33063127393717
-22.336074748422924
-22.34152713075759
-22.335542564586685
-22.338346009679007
-22.337050798637193
-22.332375616425004
-22.328479585686594
-22.325321490330747
-22.31525338506416
-22.31947079439501
-22.31564418115863
-22.314133455750735
-22.311987202414524
-22.31686814567765
-22.328121453519465
-22.326616381953972
-22.319814562709468
-22.323449116331965
-22.320904096816324
-22.32533070147052
-22.330061181893793
-22.32710297000159
-22.32873806690096
-22.325597306392712
-22.327717930972643
-22.321760270139727
-22.31980406004614
-22.329390312960772
-22.334427260328926
-22.33093356837553
-22.338082248141237
-22.339784445662577
-22.34545311314201
-22.34526153803432
-22.343694288885978
-22.342870962862825
-22.337539735649248
-22.331838868006486
-22.332616471815815
-22.33159694438393
-22.320258671153667
-22.326589874666738
-22.328639305566725
-22.325651777880925
-22.31867223016789
-22.321080055275722
-22.31705713933505
-22.315803897868673
-22.308984705931596
-22.306032707171745
-22.30241552364324
-22.303792736525917
-22.301842816057803
-22.30944660038155
-22.31307606993203
-22.311250938571824
-22.308092062761077
-22.3058068115525
-22.304737110104004
-22.299440135341694
-22.304381732650185
-22.303205145782325
-22.309509825308478
-22.302392787396624
-22.3136285805138
-22.315088077171833
-22.321736723581044
-22.32163089925561
-22.322124770249253
-22.316027733252778
-22.31525230988989
-22.306851946114513
-22.309044003414005
-22.313782709340423
-22.313387613489336
-22.311406400251112
-22.311965908454273
-22.318183186162422
-22.312641734240703
-22.31934192520873
-22.32505136616342
-22.327838744529572
-22.329487469289575
-22.324111047837004
-22.321533606781536
-22.3197221181838
-22.31847133416773
-22.326145486380312
-22.324162534630304
-22.323988852565734
-22.322289942789137
-22.322105241989437
-22.32366511654814
-22.32765569557366
-22.331027299125605
-22.32314126720855
-22.331289187107412
-22.331517311318418
-22.319982547869085
-22.319118821736144
-22.309228529502516
-22.315541657254254
-22.320006760747383
-22.330624643974346
-22.32750154036673
-22.328015937947534
-22.327215257553803
-22.326814955196518
-22.323694290236237
-22.32375598524814
-22.316099481334135
-22.32106902829041
-22.32440439097174
-22.322572856906902
-22.32450342079995
-22.326045997664718
-22.326292619949296
-22.32768461495233
-22.32779880712013
-22.32931236599925
-22.33157365261906
-22.33904908643048
-22.348736723800354
-22.350524357700447
-22.349742986375137
-22.354206953539336
-22.348554912548288
-22.34721768053021
-22.36129646958316
-22.370063427002975
-22.362745381685574
-22.358216366473965
-22.351305873253203
-22.35337246696847
-22.3531382507842
-22.34188304594061
-22.342521160361553
-22.333530996723212
-22.337896450801995
-22.33884820106505
-22.34343924466666
-22.34087983688881
-22.339941742450577
-22.33446907200675
-22.33130781977954
-22.320536308153144
-22.32390267845648
-22.324848763543685
-22.320376259658588
-22.31344252721807
-22.310944699630884
-22.313534163445873
-22.318376754615933
-22.317851815736137
-22.316794929290133
-22.3138080884099
-22.3032388541381
-22.304039149377367
-22.30616692491445
-22.30676207268293
-22.308597606671167
-22.301638744534756
-22.300826694424316
-22.299829473397196
-22.308568088817086
-22.319057466736346
-22.322791162772337
-22.322394880481095
-22.315625398651733
-22.30398977081666
-22.300886099084902
-22.29118152069141
-22.291218681997343
-22.293072157685867
-22.294880179733838
-22.29147472037972
-22.288836449426906
-22.29329144720961
-22.29140215048226
-22.295275655166023
-22.303955372279354
-22.315720932657204
-22.318887592480426
-22.331374790094333
-22.322297046587124
-22.324000976567614
-22.32705648517561
-22.329808882154897
-22.326822951654233
-22.32034573662615
-22.32387173168787
-22.313399803174317
-22.299797079591926
-22.304021176544147
-22.294967634725612
-22.286729698827756
-22.298267064932702
-22.300307731145125
-22.295798397344726
-22.312488723970077
-22.30586131304291
-22.300190769747644
-22.302841492249588
-22.299851984264446
-22.295512119683686
-22.30486142646553
-22.300773864376715
-22.30374288194799
-22.31713924951353
-22.312589191374958
-22.30831529797901
-22.3078155122931
-22.305385393811836
-22.309858425470754
-22.303440110624194
-22.30573317119694
-22.30543218427921
-22.299174996669834
-22.309741468508037
-22.305407359214136
-22.30939969429284
-22.305282718010634
-22.30958106171407
-22.306195461464064
-22.308396358660964
-22.314898570477002
-22.318530538762445
-22.316167677692206
-22.310368291715964
-22.316580510220486
-22.311849188508077
-22.31834271785695
-22.31513497210536
-22.309478573582687
-22.315183288295433
-22.316737990250818
-22.320290085991363
-22.32288963734305
-22.320154040575208
-22.32256562348529
-22.33331876820411
-22.33310407595995
-22.328065129626708
-22.33156428166436
-22.334449668341218
-22.337003835177477
-22.334611887994367
-22.333198191586025
-22.33056515312421
-22.339432686345507
-22.34686005147164
-22.349085479826222
-22.34921888701897
-22.33665188597224
-22.337258357680508
-22.338298883066223
-22.349402826464214
-22.34339798016928
-22.34740169309743
-22.334508095555123
-22.327198581410396
-22.331272318133657
-22.33358333113136
-22.33290465242724
-22.32302005181903
-22.324408858933133
-22.319239695406633
-22.329577459872908
-22.33181383334492
-22.33459522037602
-22.33476128675892
-22.32485474186217
-22.322789947253973
-22.327365908652954
-22.332688774118107
-22.333732355093236
-22.33783394892508
-22.33784634333745
-22.34183713303834
-22.335305283841052
-22.328090502363803
-22.3269903956
-22.33044876167407
-22.329713125151635
-22.326368435182804
-22.326655172248888
-22.319389440657787
-22.304120678812932
-22.304385091186173
-22.297596059302627
-22.308866263060448
-22.31021386258336
-22.306246255696813
-22.312878593534993
-22.313348208036853
-22.303744351513316
-22.302525918104948
-22.306072448515092
-22.322496481152477
-22.32073506134141
-22.310928273671934
-22.30951841840781
-22.316231044319213
-22.324008480379934
-22.326177003662153
-22.319649135032822
-22.31835993262373
-22.320448893805224
-22.31442124607227
-22.312808679919925
-22.311883236965176
-22.307351208849653
-22.306030130238685
-22.31459960337331
-22.315758951253283
-22.32303007621871
-22.328194865676664
-22.33142766452239
-22.339417811744493
-22.330767190182804
-22.335063422032004
-22.33402927902484
-22.332129371014123
-22.330805777559963
-22.337327731594378
-22.339427098712267
-22.336977463134332
-22.32508874264439
-22.320639156077355
-22.326342496205662
-22.328413127336415
-22.32727738479895
-22.326810133989085
-22.3217745541106
-22.328357117197722
-22.327714268876647
-22.31797626388778
-22.319593664100168
-22.325721584006104
-22.324371105268227
-22.316760958688096
-22.32641162828053
-22.331659729878563
-22.337574054870977
-22.328260641592554
-22.335598779722677
-22.334405259769596
-22.33468457254914
-22.329334538839202
-22.330022683776868
-22.341957749768383
-22.338228945613242
-22.330715411756685
-22.326161401233836
-22.321254117837984
-22.31636458402346
-22.307162918136438
-22.316767771572913
-22.31934761975196
-22.30802578276911
-22.30184709486564
-22.309680858943874
-22.30969068801084
-22.30677234872458
-22.311573988012306
-22.309675300372362
-22.316292279825856
-22.310567579686087
-22.31272184697891
-22.308840092011735
-22.309487192457457
-22.3033024235254
-22.297444001021546
-22.295345784366447
-22.29492293489663
-22.295333147949428
-22.299369865067437
-22.3031332952161
-22.30289234598395
-22.31438470479598
-22.31735082951129
-22.32503537284341
-22.324959821855295
-22.323839274428074
-22.329694147511688
-22.342588205296252
-22.33489157160277
-22.328656394070517
-22.33219436945013
-22.335224450016298
-22.34001683733761
-22.328978443085862
-22.318328354044695
-22.30753136271014
-22.31475653952416
-22.30656811995708
-22.303709542027935
-22.30768428382702
-22.31036475857629
-22.321848995487304
-22.321280065483887
-22.31800510301015
-22.31648770927204
-22.31303224567569
-22.318109145346778
-22.324184974292123
-22.335106909319435
-22.335597671908268
-22.32954102918747
-22.329246654723626
-22.330212145424877
-22.333181874700763
-22.336772244009804
-22.341564219215055
-22.342577460618646
-22.34473238445124
-22.33861597181912
-22.33472814197202
-22.335773288205427
-22.33265586835748
-22.344619339180962
-22.349213718826782
-22.35137141125651
-22.34771947693321
-22.34166411804906
-22.337495146658508
-22.332927044691047
-22.337985846050124
-22.33727155642786
-22.344773186874715
-22.34113231519321
-22.332728316937953
-22.333837573009642
-22.327798945483988
-22.3261406589662
-22.32106387713738
-22.31872777036033
-22.320187539367762
-22.317367769841297
-22.316272477510307
-22.31686721016052
-22.30999197550593
-22.29714142114614
-22.295597987237368
-22.297424476797747
-22.29085834685161
-22.29049670821026
-22.29436681942526
-22.302689213271897
-22.312401830935524
-22.309803318351612
-22.312358416372867
-22.313593711451393
-22.303702495043908
-22.284983518612687
-22.28672581212683
-22.287727686090623
-22.29094588480207
-22.30095202144009
-22.298165948017513
-22.305135732941636
-22.319438653884244
-22.323634720634182
-22.326545477569628
-22.31498117218731
-22.318108430823987
-22.318544572171074
-22.318878519385517
-22.320207641804743
-22.332776571639783
-22.319345762868014
-22.31873371908097
-22.310508689091616
-22.309924294639174
-22.314123163594765
-22.31561109238858
-22.312694556225033
-22.305155427149145
-22.314607985826445
-22.310900078422954
-22.30858481243172
-22.307736898153934
-22.30359710249242
-22.29836754880527
-22.29502522121514
-22.301877517776767
-22.30026726955047
-22.316295039785672
-22.308042318696057
-22.308689136985624
-22.308254018603357
-22.312272615029162
-22.30921361726432
-22.310338256754065
-22.325675584012945
-22.319559016530167
-22.327606337875835
-22.329357890268344
-22.331313790644597
-22.32934070560463
-22.329090852569916
-22.326142094241177
-22.325535641911042
-22.321943010903023
-22.314522768089105
-22.31766762280309
-22.31593346608375
-22.316420978032482
-22.31748907805944
-22.32254557509628
-22.318942692418556
-22.308459655636188
-22.304965380464846
-22.307823668794786
-22.312391014261934
-22.32077170178376
-22.317215891832547
-22.314189188466887
-22.310856745918187
-22.31573941562903
-22.321766811852058
-22.32139646886383
-22.32797721994941
-22.320952322858332
-22.320532405033934
-22.31840791497977
-22.324823766929384
-22.31926499314544
-22.310108871196924
-22.317160314075366
-22.324270779579606
-22.32151306378125
-22.325326863960186
-22.32365525047562
-22.322359924453007
-22.318322976279745
-22.317925067474608
-22.31765439693899
-22.32181802935283
-22.320154324733046
-22.312793744187385
-22.30715568815249
-22.308131645981554
-22.308328256546606
-22.315555895543316
-22.316429276561024
-22.318253963754334
-22.314385043803266
-22.319849091363807
-22.322884040793554
-22.32121246199106
-22.331253925423827
-22.33118058553814
-22.32542049492308
-22.32846559231147
-22.32634739789839
-22.32417856923434
-22.329638140813454
-22.325590478155828
-22.321919837700218
-22.328120166531523
-22.3273869825986
-22.33202289395399
-22.33855712541467
-22.33503418632976
-22.33183590969096
-22.33281258763334
-22.34176350786463
-22.333038677594065
-22.350303017742643
-22.345093897820295
-22.346053996426093
-22.33300374761457
-22.343411481978595
-22.3511039528174
-22.341699344079576
-22.34371870997583
-22.346733324313302
-22.34747852392666
-22.342651707602542
-22.33488636577573
-22.334076169676468
-22.325782362728244
-22.324752454110335
-22.324964762256403
-22.316040768087436
-22.325295838875146
-22.328913898837744
-22.325366034879305
-22.329484016903013
-22.327491953541443
-22.329021173477745
-22.324935142888595
-22.32219005767541
-22.321602127193042
-22.314363985807006
-22.31179275984399
-22.318940398699905
-22.311750376173414
-22.310183819535528
-22.312061049653487
-22.311541734271533
-22.30882391566119
-22.304873562502816
-22.30031007413447
-22.307189956270513
-22.302523250032326
-22.29434954308776
-22.286127925996546
-22.283799687281178
-22.285274737992218
-22.289638472725905
-22.29051412958601
-22.292544118847406
-22.293518469760308
-22.293649621351346
-22.29770548932354
-22.29943113338479
-22.293082506210588
-22.28874538782931
-22.28574311457621
-22.280070058091123
-22.281997088169913
-22.27560371190962
-22.27629356677475
-22.278033312413793
-22.273743660394537
-22.28283883705076
-22.285305255950593
-22.286185065122837
-22.293231638459503
-22.300541771775237
-22.3062437870339
-22.30877214384363
-22.309489265584467
-22.305394420476333
-22.3177669306909
-22.31891920180279
-22.314192880782265
-22.314927673048878
-22.316844950489337
-22.314120387368607
-22.31707881333945
-22.311549335578032
-22.306038927921833
-22.304413473860443
-22.301787291044555
-22.303402372522918
-22.298268126881403
-22.304673308365327
-22.312768892337818
-22.306497130216442
-22.30378720307074
-22.313874932418624
-22.31454362150937
-22.32010099017664
-22.323503063557144
-22.318369844777134
-22.317644933122015
-22.32399508004495
-22.325779181163604
-22.31670716444783
-22.31954612580682
-22.313437246166178
-22.312099087207766
-22.30217533498648
-22.304104825421177
-22.308209667841712
-22.311856413509393
-22.30710294730969
-22.315590409537137
-22.318636057978335
-22.316433569082125
-22.321915733469314
-22.317775534243975
-22.312069252620734
-22.31541261056365
-22.31290860176081
-22.317753168496683
-22.32140680987726
-22.33192934833334
-22.32870287816872
-22.329050124112356
-22.33087103997655
-22.3324435137999
-22.331235316643742
-22.326160563847036
-22.33264490646346
-22.327100405164497
-22.323618830479532
-22.3197958211691
-22.32521140367427
-22.32152924340686
-22.318350729233323
-22.3092990627144
-22.30772414174904
-22.305493586188064
-22.296816841987205
-22.294824289552903
-22.294119412299906
-22.299023776242475
-22.3053090157557
-22.306101158139356
-22.3123627331013
-22.314304378327627
-22.320093554553594
-22.31205898161654
-22.312923439645292
-22.310363897486294
-22.305393074414095
-22.30013943500986
-22.293750895063
-22.291860432088722
-22.289903658337792
-22.283778457790454
-22.280727148005788
-22.273556360846225
-22.26727605847832
-22.27199954517004
-22.277382509602777
-22.274676293524386
-22.289794083209134
-22.288895928042244
-22.297007611075745
-22.29747318007698
-22.299744138427982
-22.291719577901254
-22.29492769236044
-22.291485513447128
-22.29688107869057
-22.303030292066047
-22.300622047281237
-22.30700447624786
-22.306074815419823
-22.311926553319257
-22.318439858502963
-22.321391504475713
-22.32321075151612
-22.324577522797206
-22.31764992320645
-22.319900341739014
-22.313305942520607
-22.301126536117735
-22.297937174568972
-22.301506725813013
-22.304070387305142
-22.301440596128774
-22.306863980562508
-22.29629559765027
-22.28598094205599
-22.283014518616316
-22.274692832850395
-22.2814627028362
-22.28561529290737
-22.28990990965583
-22.28729301352864
-22.29680733293759
-22.29662078797985
-22.296899006310344
-22.291111949209014
-22.29145691316431
-22.291884842309827
-22.289243866350535
-22.29482573439218
-22.29857237648314
-22.304391492929188
-22.308540000582042
-22.299456391818612
-22.30646679573956
-22.316484126187227
-22.3206858365141
-22.31830190290599
-22.32715707949033
-22.321331844326068
-22.325415318926343
-22.32637646795101
-22.329102318152827
-22.336894280971404
-22.33976725815298
-22.339227058064576
-22.336807273085398
-22.335779215359125
-22.344035168694532
-22.347503688374818
-22.34091791134454
-22.349434121119724
-22.34650165098208
-22.348034592382866
-22.34476704379739
-22.3370104140616
-22.329366577698966
-22.33159572228734
-22.33677054252025
-22.342678890133257
-22.348973126177025
-22.346369439688072
-22.348145517294622
-22.350982123720097
-22.34248822131569
-22.33659856356205
-22.329991423339983
-22.32395520878422
-22.333587197260083
-22.330279890507043
-22.3376387288208
-22.338162661405764
-22.330275688685607
-22.32957059795125
-22.326133765649345
-22.330081796017183
-22.326960511741948
-22.32628635632113
-22.323725022670356
-22.31964177121366
-22.319846693538754
-22.322414250838598
-22.319737181529288
-22.32250005507359
-22.32669243207411
-22.32921680032784
-22.323144892987937
-22.32578967049261
-22.32773990246452
-22.331724492384993
-22.326798610916416
-22.326173400384665
-22.328907924626503
-22.331096270136925
-22.339362448951455
-22.335934350092018
-22.326924784485062
-22.31706250133274
-22.31235164879084
-22.317182318447625
-22.31374491758236
-22.31376545315148
-22.321161476677183
-22.329427598818718
-22.324669862369415
-22.32573094356441
-22.32182606247091
-22.32058664476167
-22.321381903644497
-22.3136140445491
-22.308206722563764
-22.302379985783908
-22.300794533726894
-22.304230085161606
-22.313019805926423
-22.3116797243057
-22.309451961946692
-22.308955980949836
-22.308022023602952
-22.300186219780038
-22.2960387477091
-22.306449576319125
-22.307529192529792
-22.3091251191593
-22.310456546289657
-22.30933464293347
-22.300249705166753
-22.28987145478804
-22.290121035103482
-22.300999450096327
-22.30840653086738
-22.30732237424313
-22.306006251683318
-22.29772328038233
-22.29583798610138
-22.295721721306744
-22.303393159889758
-22.299429015676104
-22.301410151474418
-22.300804619978138
-22.31734747135578
-22.315911693139896
-22.31760368290159
-22.317726527117486
-22.320743687031698
-22.321269460435854
-22.327870516702927
-22.330038937997138
-22.326647585955687
-22.323397027934913
-22.325077895386826
-22.327731156505372
-22.325855332887087
-22.31842922921617
-22.32172929816856
-22.31531145640374
-22.309669199945972
-22.302800814022326
-22.315569824876626
-22.32423797798268
-22.332308278968114
-22.335635648135284
-22.33316002741806
-22.328875553008135
-22.326590991712358
-22.333913798458518
-22.326382198616034
-22.323367840020964
-22.32277787546459
-22.32132077536572
-22.3100093932291
-22.313259258745045
-22.31419051956613
-22.318195748479553
-22.31163983131656
-22.31684451772265
-22.320252886730746
-22.32184494915596
-22.322514897049075
-22.319536915085433
-22.321011974458035
-22.32636400486899
-22.34230097603539
-22.352721207595437
-22.348032300677318
-22.34506165494695
-22.34206140052906
-22.339963846288764
-22.337064048925328
-22.341949230546618
-22.338088429379777
-22.340375615637296
-22.339864159155045
-22.340307253547046
-22.342165216696543
-22.337794551411783
-22.3370314780407
-22.33617404690244
-22.329330953429206
-22.312635977456768
-22.311417786399375
-22.312689446680107
-22.311825018824084
-22.31276392824118
-22.3137109731516
-22.314268643328866
-22.31107153427943
-22.298293959532714
-22.29383652671097
-22.294052225833543
-22.302458422330528
-22.29208118978243
-22.292035283171142
-22.303266245909104
-22.30612535682887
-22.31343925622753
-22.30839928605427
-22.31307483236358
-22.31743948504588
-22.320850092511076
-22.31858909684189
-22.315767306932724
-22.317247301409346
-22.317025095207565
-22.312227631219965
-22.309068172099558
-22.307472563383545
-22.30866715233141
-22.309042014169005
-22.310639390345752
-22.30968388105365
