-22.351014973599586
-22.286328091396776
-22.268152210372442
-22.26108818377374
-22.254175436788827
-22.26267523359779
-22.242677290522668
-22.244405059638428
-22.261007963401624
-22.266207114322174
-22.257709964981533
-22.264183529796256
-22.24154724373224
-22.25606128413959
-22.28129930274581
-22.251857673010537
-22.277705543959424
-22.23922007947948
-22.25842870073062
-22.251162951663975
-22.264130035052307
-22.257122981902494
-22.252927217587096
-22.248773641503913
-22.25993325156377
-22.27954595008311
-22.259381779727605
-22.250986581387586
-22.25860747357046
-22.261473548874434
-22.262918167394634
-22.248301431076232
-22.24788214372511
-22.25870775272582
-22.244679079979026
-22.255894820784643
-22.23960418011887
-22.23942605360999
-22.253109863049218
-22.265191233792194
-22.25745941803635
-22.260735497518795
-22.248784797609662
-22.257287890189435
-22.269260341690366
-22.256005805005653
-22.271900624366
-22.24924737789803
-22.243606930946584
-22.263986707467453
-22.270145195811146
-22.25372328090589
-22.267699881994893
-22.26117193393767
-22.253632413933175
-22.262231234025094
-22.25259621090473
-22.257150040385557
-22.256389394558298
-22.257936253868166
-22.2636491807783
-22.26591524988753
-22.265903644186068
-22.249427425129742
-22.260091938208998
-22.244348555217037
-22.24904978074208
-22.254723248584977
-22.264729753187982
-22.24764047705444
-22.258633116495716
-22.265626335023196
-22.259297949895014
-22.262697500749695
-22.24721914534247
-22.258145194097548
-22.256856387519036
-22.266933017290274
-22.25977981350547
-22.248902323939543
-22.25094106936094
-22.260221964717452
-22.263753293471094
-22.25024275444846
-22.25169448687825
-22.262993301815136
-22.27326020186016
-22.25808582316564
-22.26003864389795
-22.257910752974873
-22.257320421477512
-22.24293825534851
-22.251748169941333
-22.246999594804688
-22.272391168657215
-22.250531117137168
-22.26912673845311
-22.24255223510076
-22.257031070524313
-22.253694698141043
-22.258036402921984
