-22.231917283624078
-22.226665022385852
-22.22128058267266
-22.20168668956391
-22.18764870786401
-22.19411410403567
-22.197053067022694
-22.21267634550991
-22.209759047187
-22.208202403428686
-22.22120141070208
-22.214006204771486
-22.22704582452178
-22.2076463349141
-22.205002269595866
-22.20419054300492
-22.206843610200536
-22.195683878615526
-22.187868691025503
-22.195561877685492
-22.19454736577971
-22.187611434622486
-22.180797413456624
-22.191161871154772
-22.18586518994291
-22.190716528343735
-22.187768097006703
-22.185014208469674
-22.18376670044766
-22.177510240801464
-22.17454488944141
-22.175320760539037
-22.17941248993193
-22.19093496170524
-22.193223282581314
-22.196752262791186
-22.18491575990965
-22.184941415050137
-22.180855563278655
-22.186602495316944
-22.191613507438007
-22.19857860470409
-22.187667538893127
-22.187001324647884
-22.179938868806417
-22.183760397412648
-22.16952833077741
-22.178478037741538
-22.176167137335757
-22.166808416924415
-22.182067396137583
-22.1936848000531
-22.195277926827565
-22.199928240343155
-22.18782986097733
-22.196573065887506
-22.18060836752136
-22.193523732401694
-22.192586289425027
-22.186751935478124
-22.183615829957308
-22.20487945273006
-22.206640611075716
-22.20465240607428
-22.21625251509185
-22.21989212426014
-22.21364874894614
-22.21757027327465
-22.22451697434101
-22.2215395508738
-22.22130669588369
-22.224157272484792
-22.210996507354537
-22.213210446867468
-22.219551303458164
-22.214586467482007
-22.19772844403877
-22.190045646366173
-22.20081439113011
-22.19301213806786
-22.204654560277095
-22.20614195791236
-22.198035864893715
-22.19438478710951
-22.211045806636797
-22.20731900107196
-22.21369743460872
-22.223928718743633
-22.22229496570978
-22.222897081918656
-22.217593148745056
-22.21779505903859
-22.22773245977202
-22.23387585326365
-22.233944883256147
-22.2257886550799
-22.223626924041138
-22.233243676753418
-22.23551990780966
-22.222997763796887
-22.22674280621105
-22.210213736711964
-22.205197140364724
-22.202426112459417
-22.200523633311917
-22.183374170159034
-22.168535321583935
-22.175615846860545
-22.175037129463483
-22.181132659708155
-22.167059270547917
-22.16611016777152
-22.165193877151992
-22.17084498876513
-22.15554236507824
-22.158468295808927
-22.14828891121754
-22.148103029855566
-22.162640456469685
-22.172975093209118
-22.173318982892315
-22.16032177751219
-22.17267278637075
-22.186892520073076
-22.17590904258219
-22.16997538071628
-22.158949270363998
-22.163311884865262
-22.159976619313415
-22.14849271574178
-22.156914158951054
-22.153712959115097
-22.16218516558692
-22.14645163703163
-22.135104371938677
-22.145486909686166
-22.146306183986738
-22.141449286114167
-22.141697377787136
-22.13944662838038
-22.138734789227936
-22.147148599639507
-22.150427183907272
-22.144262668561637
-22.12796508823256
-22.145511117057197
-22.127635822656476
-22.125673414471592
-22.138141590806573
-22.124032410976305
-22.120485467856103
-22.138551521684878
-22.15425308527422
-22.150423200151312
-22.151701692227675
-22.1589795598398
-22.162189568710556
-22.168750012665388
-22.154663984282095
-22.161676162032357
-22.153777025881382
-22.164152243843574
-22.167367297055243
-22.15753992922267
-22.141612302218885
-22.135715369870557
-22.12711644635364
-22.141574264651023
-22.148689253966072
-22.15736296780391
-22.17570810832154
-22.173650591945584
-22.172473963204276
-22.18400171356501
-22.182454752954236
-22.182432140604476
-22.17755306922518
-22.174590442147945
-22.19429048021438
-22.187154805151327
-22.187317635182104
-22.187049227234944
-22.190113119380744
-22.185227813491363
-22.17070509207341
-22.175125986817132
-22.164192659925465
-22.156314682254358
-22.15816348237352
-22.16066029216409
-22.164654812073767
-22.16306518254191
-22.17342784108187
-22.17445848429372
-22.177748194575273
-22.18662542424254
-22.189709627177894
-22.198073058360084
-22.20420526122489
-22.20449804582092
-22.193032880661523
-22.202732644799266
-22.199727090540723
-22.21032117669222
-22.202136618567007
-22.20193234672824
-22.185639402587682
-22.197413198904083
-22.19861104794807
-22.185079338916363
-22.177143893504844
-22.172438229302408
-22.16510989181541
-22.167364989966085
-22.160540011844766
-22.163006045966917
-22.154727803756245
-22.165031635067372
-22.153422669548487
-22.166731111960477
-22.16245011289114
-22.170347617360697
-22.165332098596455
-22.15561371808149
-22.167038851023225
-22.157912444010403
-22.162570383343187
-22.15192734606123
-22.156045144501032
-22.16368883990168
-22.156773182282816
-22.171057024468723
-22.17707252490371
-22.177451240181373
-22.174891184941426
-22.180062037498733
-22.17297636728627
-22.170761694374256
-22.16878093864
-22.177027437966647
-22.162721209464703
-22.163309896776113
-22.16270220722623
-22.153259070158146
-22.16075547604405
-22.168320573976256
-22.16369461064909
-22.15782897630669
-22.15681767130107
-22.14750225787978
-22.147488005956056
-22.152008251575115
-22.15290400080093
-22.16077418422773
-22.162181033037456
-22.160935165473077
-22.161939192510424
-22.173365738542966
-22.16435580242202
-22.173312982970693
-22.17192566236312
-22.17271219281878
-22.162349840206996
-22.153464197240023
-22.164721343617042
-22.15658565054268
-22.170141264455985
-22.170391176851226
-22.168841445077696
-22.165602552791903
-22.160086678993263
-22.156442522068442
-22.16990794632258
-22.154636605733156
-22.15862482611338
-22.15793321843042
-22.161127723243737
-22.170887238807968
-22.173280064353293
-22.16158803869168
-22.168943482668777
-22.175525650181278
-22.172690058903314
-22.177747914932652
-22.172404751383123
-22.174137780801967
-22.158942151917653
-22.158951090697634
-22.159174124561147
-22.1587892107444
-22.183276554870677
-22.174568787902626
-22.17814130796166
-22.169735218744066
-22.182534967247733
-22.17869517311413
-22.178814433111
-22.182377890357145
-22.17964794024201
-22.175103404359877
-22.1747239172024
-22.180299849040342
-22.178852389141106
-22.17908549207203
-22.180390599186588
-22.18597250751222
-22.19595126573457
-22.202386296690587
-22.203696655384544
-22.204273414838028
-22.20995767542841
-22.200208728942677
-22.206052732188326
-22.19845912538541
-22.208568615345648
-22.19815989186905
-22.20530695862575
-22.20411192733756
-22.204702657181844
-22.19506305792339
-22.2056155308932
-22.210644614503586
-22.221041076229714
-22.220326098879127
-22.216590221509996
-22.219624011476224
-22.198644507276722
-22.2015073439327
-22.19555622468116
-22.18234015414741
-22.16413861782968
-22.167820892452266
-22.171822004741554
-22.16610641292025
-22.147877536695596
-22.16010125762931
-22.16072077153475
-22.154025454652313
-22.16759157442322
-22.162357119677004
-22.15428176591575
-22.142340135452613
-22.146873687423028
-22.152202687659816
-22.16943687009553
-22.16001877151887
-22.156120205588223
-22.1543165183951
-22.16579235484474
-22.158173412166377
-22.157298871042688
-22.153187380060462
-22.150312003908695
-22.147423820228
-22.153127591790376
-22.152284763924726
-22.16947861181274
-22.181806951237707
-22.1879298820184
-22.17746017333271
-22.177776234471388
-22.170544148134464
-22.184196873065748
-22.19463229935689
-22.195753873212787
-22.196729032214325
-22.19966434324949
-22.19635150064994
-22.19155433829938
-22.19123446814363
-22.20433445445527
-22.195397938057678
-22.196648295200163
-22.200645130389532
-22.205642063225305
-22.207963497479053
-22.206989966454465
-22.20066249552273
-22.184081612170264
-22.188542730312943
-22.199438537029895
-22.19248154313605
-22.191756650191447
-22.19255647734442
-22.193645632123044
-22.180459989919672
-22.174788309672092
-22.154517026735927
-22.165790597261935
-22.172742765496146
-22.18153846715846
-22.17724018071694
-22.170149244144092
-22.162751279243537
-22.15943399172375
-22.154756033082467
-22.166728258439484
-22.15288212786103
-22.16643051333527
-22.185864320006463
-22.17810188247959
-22.182345636213764
-22.16211899450778
-22.169485818305684
-22.168748051674033
-22.169936144426412
-22.17178347971528
-22.173257730220467
-22.17172488604968
-22.168215529746263
-22.168005754634535
-22.163326678243155
-22.160973560388836
-22.14630339928629
-22.147583990334407
-22.15647524149578
-22.151390531272156
-22.147922691225457
-22.148675879535453
-22.15897110964919
-22.161386557041652
-22.163515285599406
-22.164326636075863
-22.17000419451352
-22.167131533927577
-22.155450844149136
-22.14669700914142
-22.15991970465496
-22.1528440564108
-22.157492933960423
-22.15402690199365
-22.146703671831997
-22.150301047543987
-22.14968822689676
-22.157007344977387
-22.14038886884499
-22.165323991177804
-22.172108821693243
-22.174954575701655
-22.16969703458308
-22.16947109568994
-22.17136914272121
-22.170615165084946
-22.182887077036504
-22.173951879244942
-22.17494317730315
-22.171384957495764
-22.171205469702013
-22.18102262368413
-22.174925149373237
-22.189876497379316
-22.18274090069873
-22.185643971210087
-22.18996630238527
-22.198297304549968
-22.21645498190828
-22.21188128067978
-22.21060049188508
-22.20197325143649
-22.188508322819786
-22.18090090970984
-22.18081902441897
-22.170789193526975
-22.17936605188332
-22.179895214694433
-22.183838189707245
-22.18692254193212
-22.187227340190425
-22.19270955521472
-22.192254983970976
-22.19115747084188
-22.19072904541291
-22.189611978643132
-22.19838083573305
-22.19210239468577
-22.18648912584351
-22.20698206794425
-22.204048991750682
-22.211665367854952
-22.213988750939723
-22.211357886893534
-22.207633341188547
-22.195625454014934
-22.205212817891713
-22.22230692786767
-22.221150819266274
-22.21817416944744
-22.196354630711724
-22.20401038406911
-22.204582378699676
-22.20243729491242
-22.211722900071095
-22.198872021021494
-22.17704748103011
-22.16743263939135
-22.16520478289599
-22.160622379732224
-22.16453242253382
-22.161288798133285
-22.161969832788174
-22.156749770231695
-22.153512080920635
-22.152426470602812
-22.141565198158336
-22.151162878693167
-22.154479134491012
-22.15396159962997
-22.14430451345098
-22.146279880034136
-22.151692546367215
-22.144996335783734
-22.15046223221549
-22.144271967818472
-22.1550643744557
-22.15307515322687
-22.152165727002707
-22.160381416844256
-22.16170251270216
-22.182000897903617
-22.17564876888642
-22.169148094432625
-22.171428421811118
-22.17048884626567
-22.158683205348183
-22.14351197292673
-22.14879569348011
-22.135239721634388
-22.124825660763896
-22.124026577001647
-22.128161663681443
-22.133155160782533
-22.13821683690099
-22.144382855043894
-22.145198487729868
-22.163927693719582
-22.163385974854585
-22.17826875083558
-22.178543653479284
-22.1695996625792
-22.169249551784468
-22.18543334926558
-22.18366582617198
-22.165837382391437
-22.18021127892642
-22.17666482153965
-22.16496092628296
-22.163796822295858
-22.167860723447507
-22.17450111576411
-22.181967413726987
-22.176130197952833
-22.177544908620895
-22.1792863617692
-22.178355650352515
-22.162002474046783
-22.168154330921308
-22.17059456105906
-22.174351807286225
-22.173315950130526
-22.165310402965044
-22.16709800745083
-22.1741864365997
-22.17285632385784
-22.175175576762697
-22.16811956981111
-22.159913569247248
-22.155569996424735
-22.144925012937808
-22.153425540838676
-22.1456681425374
-22.148792756796947
-22.150846475134056
-22.16520910463328
-22.16444377695256
-22.17322033692452
-22.17596753961631
-22.185941695936066
-22.17298688186515
-22.170294303595096
-22.176736299729022
-22.187965248021424
-22.202541730809838
-22.18970463697709
-22.191362801518387
-22.195234349816303
-22.195289634624977
-22.19469339059324
-22.185478163120806
-22.177628990555554
-22.187860920372792
-22.192202380294482
-22.202703112476748
-22.206536689206214
-22.208987647609572
-22.21671017798922
-22.2102921818232
-22.224436499612736
-22.225122021346923
-22.211435703617877
-22.216131409288998
-22.205341237471924
-22.19973186984747
-22.206783843669267
-22.194282981336414
-22.20354592837176
-22.206575478158936
-22.205975305265582
-22.218397318015285
-22.211418278642533
-22.211734387585114
-22.216080395622875
-22.19595115086315
-22.205353618011117
-22.193825514933096
-22.197957611750915
-22.206612119675672
-22.190855516792933
-22.186464590319382
-22.17590792837773
-22.17843877800995
-22.16032573616834
-22.149983195513187
-22.151939939290965
-22.148215611420977
-22.149898626947774
-22.15344331597979
-22.16629085083214
-22.164657726144217
-22.163471587483087
-22.16664952656163
-22.16445925929905
-22.164148341616343
-22.16637814011635
-22.16477382385005
-22.157742876635826
-22.146927319721645
-22.15609216593183
-22.155094721695992
-22.14371074162397
-22.14301299044385
-22.151071232846792
-22.14882584018615
-22.149565293766987
-22.15772658703959
-22.15116940175925
-22.153234929512376
-22.14743490686307
-22.12867654892811
-22.128072911263903
-22.138126522533845
-22.150200926528328
-22.147507760695756
-22.153871890245966
-22.156175749776025
-22.167508272797765
-22.173285751501314
-22.20016082170641
-22.17819399893113
-22.17802180422733
-22.185614862225197
-22.179451874143993
-22.178359252445023
-22.1778287121097
-22.188773671251244
-22.18972645769571
-22.192254902445356
-22.186383314873257
-22.178514964123043
-22.172829460779507
-22.169248406537
-22.187747254876612
-22.183242746550075
-22.194644973990115
-22.190335139699737
-22.187679776167055
-22.192548916855042
-22.186731715771653
-22.207931641491236
-22.21396930761673
-22.204273424914923
-22.21865018554202
-22.207310572956015
-22.203055222534502
-22.210175043631914
-22.209846762005043
-22.2096912320717
-22.197151124632608
-22.190784388439234
-22.168998000551664
-22.16193975079453
-22.1636873461161
-22.16261667176263
-22.163175764891147
-22.1754660883882
-22.18811477481807
-22.191070297800213
-22.19209898117397
-22.197807389791762
-22.206414229971667
-22.21698071336475
-22.200923192777935
-22.20463651135079
-22.19465283367845
-22.19500379237825
-22.203124773688586
-22.185825770505126
-22.19722644710483
-22.192253983231225
-22.19002237694714
-22.19150597864734
-22.187951316164614
-22.1959042688238
-22.199630433515807
-22.187202496552914
-22.17459566339129
-22.175359392980354
-22.16999307743788
-22.1694315921107
-22.157903731158903
-22.162193974703843
-22.17504949803778
-22.189583109808318
-22.193027041024138
-22.185463800039443
-22.170374207143325
-22.174594128823816
-22.187705490354563
-22.174294143705794
-22.18722313841443
-22.191228283910753
-22.18332923949142
-22.183431747901025
-22.174225756134533
-22.174214162569214
-22.17431798045996
-22.182427377170633
-22.188759461642636
-22.197629684306527
-22.20892299665489
-22.2020796723206
-22.20434612671641
-22.20949481681857
-22.20234334812009
-22.201427196174663
-22.195760044728328
-22.183278531574945
-22.188448370390734
-22.186877735935074
-22.18451569752219
-22.174649470975034
-22.177100897401345
-22.174153776367426
-22.179981801886477
-22.184073706059706
-22.190838649834443
-22.19283577940256
-22.17303292191282
-22.181255256249404
-22.183602083011685
-22.171402205057582
-22.176499182611156
-22.17447505515466
-22.172445196362954
-22.169243524069778
-22.14973072037038
-22.13870035910725
-22.131251505529463
-22.13360189282174
-22.15436520566767
-22.154275333300717
-22.168798178806
-22.159045956912127
-22.165104766870254
-22.157134342842717
-22.153067789761046
-22.157177028014587
-22.15741628908104
-22.166428050792923
-22.160309542815902
-22.146832329837277
-22.154461483788904
-22.15994765326147
-22.16209910978767
-22.161196685954664
-22.16418238870085
-22.172463952385456
-22.180287031772625
-22.204047334799448
-22.202043988458172
-22.18789621284865
-22.175821877969746
-22.175715417591512
-22.164071397554302
-22.15552090443874
-22.151810665108933
-22.16354887398895
-22.152157328996818
-22.14711594386587
-22.151288458490527
-22.137531573169326
-22.119431047907874
-22.118228786930754
-22.12595911998727
-22.10952023069874
-22.107729867239954
-22.107212431803333
-22.12428970194594
-22.12100221222567
-22.123886321416354
-22.114433119247654
-22.122722786572588
-22.11118335653518
-22.10354238757785
-22.10193452094802
-22.10694295598374
-22.102652847594804
-22.1083229066357
-22.1167969800184
-22.125303182986215
-22.11721010455241
-22.129533217110115
-22.140132096113586
-22.15496330321867
-22.14215079116283
-22.135581393821553
-22.133564390084608
-22.158366490206014
-22.15564567717965
-22.16261955330182
-22.162137325031974
-22.162391438489134
-22.151091246655636
-22.15340685761474
-22.158244940161453
-22.16229430543624
-22.152779304044568
-22.153397822224036
-22.154673958824247
-22.15566477198311
-22.160616310058643
-22.166070584675097
-22.161781820551074
-22.165827065601388
-22.169515166473126
-22.16588681919144
-22.16543954425663
-22.167094478228485
-22.172738759464682
-22.165722835266838
-22.18124967317554
-22.18279660872424
-22.186329012300895
-22.181715368143298
-22.18494983246188
-22.203207250165242
-22.199459969029288
-22.200489399298455
-22.19329638306747
-22.203029981623988
-22.19904631839876
-22.19085657555443
-22.19225231729766
-22.196655247447662
-22.200285782736856
-22.194976843335738
-22.19125957660803
-22.180897881555826
-22.185216371618406
-22.185428244692226
-22.178832137156192
-22.17481447707006
-22.16093727676707
-22.17200246052461
-22.15969184747688
-22.157549827206005
-22.143267057407208
-22.145849809183222
-22.145174073458733
-22.159162865620317
-22.165445712047813
-22.17383225377825
-22.17029820719115
-22.168726552451744
-22.164001284648783
-22.16366283027338
-22.170157254648007
-22.168625355368594
-22.173726333251796
-22.176216747058586
-22.18632339892396
-22.182774938843284
-22.173738036312873
-22.178319633718566
-22.181015314639694
-22.17766916029867
-22.176234159966626
-22.1592373431073
-22.161449855217466
-22.16853087879238
-22.16307920105673
-22.172644435589046
-22.159232695583963
-22.154704329953365
-22.16136418772174
-22.17720263931018
-22.16440309979899
-22.173277304841083
-22.16703876855824
-22.1477631180621
-22.15490248762583
-22.157708255365943
-22.14913653023134
-22.15720263854765
-22.165053388151275
-22.16805385405295
-22.161226640820722
-22.167141085020678
-22.168072721161572
-22.17036352547621
-22.17648590110451
-22.173834309034653
-22.18436092557828
-22.1685651619377
-22.15505216419878
-22.155952911105224
-22.175328428704272
-22.178795017845083
-22.178134692263036
-22.192426197769446
-22.187412322367166
-22.19774843426942
-22.19474066154598
-22.18086977408555
-22.179662961443427
-22.18493882445868
-22.189498014815577
-22.19004322654783
-22.1917061248864
-22.18500950330338
-22.179015970831692
-22.188364887106957
-22.199660644615953
-22.19789654044274
-22.20399780344281
-22.208675483636778
-22.205633666370478
-22.210353138084994
-22.213099115524155
-22.21059936174561
-22.197510502204125
-22.19712349944857
-22.18939247713147
-22.181643672358554
-22.18451111700555
-22.167767278373542
-22.169915266223743
-22.17107641146075
-22.169061234494688
-22.169541890210937
-22.178599930938482
-22.160309714539256
-22.16254102957156
-22.168281942353648
-22.171659048640617
-22.16885420508424
-22.176402451404844
-22.177783383521792
-22.173002474166758
-22.188477744252626
-22.193368301942737
-22.19023007688792
-22.178866165964852
-22.176520943676227
-22.176274595455535
-22.149983121939883
-22.14963796199744
-22.138462956337467
-22.141255627355783
-22.14714599902135
-22.141764486440618
-22.14195125300559
-22.12984073050112
-22.13789338107214
-22.137687079977745
-22.146676040171887
-22.146482299983422
-22.155662020113223
-22.178679080459606
-22.179904204344115
-22.182076552847665
-22.167486009361845
-22.165809374871884
-22.168919217720763
-22.15050124275618
-22.15017528265515
-22.163619383692026
-22.152447442806235
-22.15469996738195
-22.159202633779277
-22.158544327824377
-22.16868320029447
