44.0
43.8522758009403
43.68205953321818
43.50770611998705
43.32042033498501
43.10436522906291
42.877224773447494
42.62342455414477
42.34997801520206
42.0730715782293
41.757742861448925
41.404718827801936
41.04500705228912
40.66428072320415
40.25452289138395
39.7967734825049
39.29460864123533
38.780796842372645
38.1784166674339
37.55162336006929
36.91816928173717
36.2439023512231
35.526454928381185
34.731292778474696
33.92233244146105
33.04688622623545
32.1713949017935
31.25274845850819
30.26262991889423
29.27112930552412
28.21539756642968
27.130674345231824
26.03580245308389
24.90182036670751
23.734877937118558
22.561494097212684
21.31776882938036
20.065604470601844
18.87353778136718
17.619315288434017
16.347273536780282
15.112186927796865
13.84369750514366
12.680427796861952
11.488333203078039
10.317977082900633
9.173396414797086
8.03237366765854
6.934737533016047
5.886189172748402
4.821325112566823
3.790060661958894
2.786392634143415
1.8058629497556158
0.8628948609219541
-0.008795670954353522
-0.8426702736147386
-1.659344947189288
-2.460825655101304
-3.194705227366338
-3.858756831827131
-4.527452402120609
-5.218926761056089
-5.849390131749202
-6.438508599899129
-7.0035847556087845
-7.5298751913839785
-8.062270921891157
-8.521978329187375
-8.963909136914687
-9.42441421190275
-9.867058429032937
-10.252543819451958
-10.60090736162939
-10.918950996336143
-11.23763188260158
-11.54375837623269
-11.852991411708807
-12.117257162556237
-12.371569516564003
-12.63449815975289
-12.87325643547528
-13.094377362776896
-13.308451781075552
-13.497384328313707
-13.701055744071677
-13.884160533434539
-14.062270826070156
-14.223823152916207
-14.369634999891055
-14.530950336810841
-14.671296766708037
-14.811719965764185
-14.947464695753892
-15.065361602875926
-15.177050814662225
-15.273060828997535
-15.37182322408685
-15.471871615977426
-15.572750275619537
-15.658165014865029
-15.761278936176826
-15.850730645350568
-15.944262460180564
-16.016695755787303
-16.086232395410075
-16.14903483221657
-16.214831933108698
-16.280586315292393
-16.34838344530125
-16.404695815187523
-16.470737008076828
-16.52568647820425
-16.593026002099247
-16.64878629106134
-16.710148398747087
-16.752019933623803
-16.796569193848605
-16.83479030842818
-16.882700893425717
-16.93750848417102
-16.97769805227588
-17.016004664373874
-17.0595385688639
-17.098837730014164
-17.14901170276423
-17.189629435731202
-17.20878094078853
-17.228523682814693
-17.270923297156315
-17.309890251443928
-17.34828981128591
-17.374829594156605
-17.419135579761488
-17.445480705802296
-17.480104908011704
-17.516082358141055
-17.553956657092645
-17.58693725425818
-17.62421078629454
-17.649119976017758
-17.673771473131822
-17.696186941630923
-17.707063220187337
-17.735088843315307
-17.757986276353847
-17.78126463960309
-17.804003430508313
-17.821917957155524
-17.831955273734188
-17.85301549555605
-17.87104015657075
-17.889600020384464
-17.91312428723421
-17.94201773041779
-17.96662288236704
-17.977594192577538
-18.008005494032417
-18.02458467135077
-18.04365931421711
-18.05734064311155
-18.07341794994317
-18.094696997830198
-18.109462045475354
-18.12855384973406
-18.14366379300666
-18.165806322262707
-18.185410152659937
-18.20324155522641
-18.222716419501094
-18.243709929360364
-18.251189087343917
-18.26457038574291
-18.290554707605498
-18.306298556623073
-18.319301961207625
-18.339915570247353
-18.363448034562346
-18.386307771600208
-18.390885887129993
-18.395464014808784
-18.415634703000258
-18.422330676366233
-18.443132685935517
-18.44701326715673
-18.46020219246079
-18.465818663119727
-18.47229234179497
-18.485845352546313
-18.494133151575127
-18.5088154934432
-18.52565306414766
-18.533855554407705
-18.545195353286186
-18.54673423504068
-18.562176111390745
-18.588815560285287
-18.602315453942637
-18.621535827486262
-18.64524434656126
-18.66292299703557
-18.66698810780408
-18.683421628139204
-18.697818349844525
-18.717622934092663
-18.728792667705182
-18.74349857874437
-18.75691249115849
-18.76044487278494
-18.774197861166165
-18.79871359375496
-18.803509538392778
-18.807298788127316
-18.8120159884299
-18.821988188758525
-18.831978266032245
-18.833891257858618
-18.841004854880254
-18.855655848760023
-18.874983462619895
-18.88785078470829
-18.894269651281835
-18.90315969428032
-18.916855855511546
-18.91911665375007
-18.92423080739523
-18.937738462961274
-18.952639152154717
-18.97088637216956
-18.973100459757116
-18.98381231478388
-18.988482109140104
-18.99611039737524
-19.00060371323476
-19.011882144146863
-19.015448149321237
-19.030748982600162
-19.027309661466372
-19.033044046710824
-19.049793959680255
-19.060105031326493
-19.06791129856638
-19.086879498435206
-19.09376341875959
-19.097290192692533
-19.10408873796813
-19.11140153467762
-19.11518167935041
-19.126715098931445
-19.13778788019882
-19.140225930841765
-19.13822891767492
-19.1326663320042
-19.13267819593862
-19.146918650322494
-19.157117420914613
-19.173935548762724
-19.19365146573735
-19.205223189536987
-19.206434938857267
-19.21230680892005
-19.221288537466776
-19.232307443915285
-19.242501629573937
-19.253062455936405
-19.262659958218155
-19.266891705934842
-19.26928137799858
-19.27543727468183
-19.27867072384954
-19.284160599708866
-19.29446715222882
-19.30110243111104
-19.29913699797757
-19.30410873738088
-19.309902213894492
-19.332550089253775
-19.330327823278974
-19.333353843486005
-19.338443585101203
-19.34617069057758
-19.350157544290905
-19.348264530381083
-19.356248411810267
-19.369400277143093
-19.382883297576413
-19.393755842566165
-19.405538235462878
-19.41622147096706
-19.420135172716705
-19.43521848679401
-19.442411090601954
-19.448497446596985
-19.44726319482367
-19.460504126067715
-19.466758419471933
-19.47253207600336
-19.470901887651983
-19.47795992639494
-19.49038938276951
-19.496083396054022
-19.497130214749085
-19.506336623177333
-19.508355392284987
-19.51174763399045
-19.52430463222594
-19.513921922719476
-19.526947962903293
-19.525593715268716
-19.52920229238916
-19.52620865064266
-19.5344007778647
-19.549894664002288
-19.551108483961627
-19.56477638082428
-19.57574177783415
-19.577887841770906
-19.580049584370315
-19.592670666848782
-19.605322282180357
-19.599868688704735
-19.603581729054724
-19.617293449749145
-19.62099058458839
-19.62062449167182
-19.629942113186463
-19.636619432479662
-19.6461779989406
-19.648494451325423
-19.65566007167617
-19.66164280283347
-19.673922410953374
-19.680078237823906
-19.679248676260627
-19.679282394231684
-19.685006418318206
-19.685041796380165
-19.684680918255985
-19.69463588370191
-19.70002062854826
-19.708350046883155
-19.70949035226533
-19.71656446277806
-19.71382178186459
-19.72788637841223
-19.74072335549767
-19.742306317162146
-19.757569737607042
-19.75986552382016
-19.756828766575968
-19.774551977845437
-19.77803968093626
-19.781981015802547
-19.797235994448002
-19.80374120623817
-19.807162642374763
-19.809031666130092
-19.813134992983617
-19.819838126495668
-19.83350130744404
-19.833462931631782
-19.83792371334247
-19.842959447786374
-19.849778425231598
-19.852095223675377
-19.854459795914053
-19.86871481405129
-19.88113711955574
-19.88107447786105
-19.891544875721703
-19.880327573738345
-19.882229102960498
-19.885043997706077
-19.892415942920405
-19.900341340791773
-19.906548132160115
-19.918281331028712
-19.929750641003867
-19.932931131241983
-19.940950408576725
-19.954050104611742
-19.956099757940656
-19.962347495437708
-19.963969771758745
-19.97383143012442
-19.981826944215655
-19.98997259577829
-19.99251925739039
-19.996952417967016
-20.00412410775309
-20.00836500007012
-20.02099176045359
-20.024433365706873
-20.040881084992357
-20.039702309170032
-20.03898804488033
-20.041396296593977
-20.038259502284692
-20.045416108383005
-20.05300502657607
-20.06652284363747
-20.063808015667433
-20.064605309982095
-20.073967163747362
-20.07721882614956
-20.07119589438373
-20.077794395716797
-20.08858435997399
-20.087069759249463
-20.091870868458837
-20.091472852235096
-20.094828855246785
-20.104082198864027
-20.104474610931845
-20.10744632042889
-20.103552924597068
-20.107262217895954
-20.11158120490103
-20.108393623908828
-20.11545624951644
-20.127361516492734
-20.132470820140924
-20.1330162206792
-20.14644599344626
-20.148815725372945
-20.147512301675494
-20.15330666665354
-20.157562734272194
-20.15204133710248
-20.1529808444465
-20.159917598360103
-20.17128532263823
-20.180392899349428
-20.186554226586097
-20.183764638989086
-20.178191020169063
-20.197108295539213
-20.199924488223957
-20.206287229834228
-20.208713038648575
-20.208764920574165
-20.214831033257514
-20.214557379057425
-20.219073071185285
-20.225551947800394
-20.228740423157358
-20.225358537725604
-20.230856045914738
-20.224808793114043
-20.225198031330923
-20.2501739597579
-20.26446936649315
-20.267821180080436
-20.273522718469174
-20.278708307765157
-20.287280516098242
-20.304911764619597
-20.301238858162872
-20.304289787844315
-20.30237421755331
-20.314867922890308
-20.31956631288773
-20.325726119626076
-20.32208678126079
-20.324782490777363
-20.33568264392543
-20.335018447551274
-20.337809919401003
-20.346384461529947
-20.35782822881007
-20.36172047905756
-20.35798794583836
-20.36137058631409
-20.368625233750972
-20.37685794329459
-20.383050533578857
-20.39894361422011
-20.404493803581115
-20.407518951817995
-20.41223165930461
-20.418840833141704
-20.420793806660456
-20.42744456953492
-20.437948510493868
-20.43551356323698
-20.431399299793988
-20.442762405832852
-20.45039742805457
-20.461531153230492
-20.46129125528463
-20.46279075491176
-20.460612081208765
-20.460707392195964
-20.474000924296128
-20.47451720145786
-20.488837008981086
-20.49930583838886
-20.50672455921572
-20.51315687737534
-20.52253224920799
-20.532478438000375
-20.537964887602687
-20.540528089099432
-20.54093386189294
-20.54388400752128
-20.545343170193664
-20.551230245125733
-20.55842300626905
-20.56426636704861
-20.56650356107469
-20.57529187931278
-20.57356749675459
-20.568397648877387
-20.56134191366551
-20.574612962070894
-20.575179671972784
-20.581504570188464
-20.58949114909836
-20.58749321235746
-20.59437152648551
-20.595835268094504
-20.601065749331763
-20.6080369731236
-20.601557348486416
-20.606155167167323
-20.616415103369558
-20.619657728456563
-20.625218252113715
-20.61955537472148
-20.636253842833952
-20.642792961989233
-20.655388073808798
-20.662666353964713
-20.673290729851846
-20.672958608513277
-20.666567412167325
-20.67451533976411
-20.671091138957472
-20.683582566856447
-20.683185484780978
-20.695244638854412
-20.710420913538133
-20.713297799275438
-20.733319013871736
-20.729695332384562
-20.74009012043956
-20.74349280401825
-20.729783685469094
-20.725747391092447
-20.741960661193534
-20.744983856599774
-20.73864968522877
-20.73670993056821
-20.738667834363245
-20.74817425821623
-20.75424790478943
-20.749714211663704
-20.75260621087739
-20.763047827270697
-20.759985242641395
-20.76495150158455
-20.76854700037427
-20.775293129947897
-20.782258827057465
-20.782253112374022
-20.785230028524122
-20.79079291447774
-20.790704743432116
-20.794240819307937
-20.789358049411735
-20.792655388079385
-20.79445185197798
-20.80180506937532
-20.805306651113664
-20.811292201768442
-20.810595828550774
-20.804357335967275
-20.81270872217912
-20.809637879043105
-20.814331633672214
-20.81564284086019
-20.822020838297817
-20.82593702238786
-20.832735399144745
-20.85008219613554
-20.84017510546708
-20.855737855680996
-20.86213210815868
-20.875050708738982
-20.883912360347992
-20.87935646371479
-20.873167938016593
-20.878035104441192
-20.879511786020505
-20.886469643358026
-20.882596233587424
-20.88093368941778
-20.88462783185211
-20.89345359149896
-20.88650356612377
-20.897534296789416
-20.903341103380885
-20.90917135951521
-20.918917943507164
-20.91872831442092
-20.924605919197177
-20.926076565446586
-20.93018386766694
-20.925291266710673
-20.917044492523367
-20.923087371076004
-20.93447197110304
-20.933264925814886
-20.945269217346468
-20.962191268788814
-20.959626490732077
-20.96088604755205
-20.96003167806315
-20.96422590727563
-20.973209059386075
-20.974248500228267
-20.97964112732492
-20.99359382914522
-20.996992994124856
-21.004428114974292
-21.00867075299203
-21.017619231380085
-21.01661725807295
-21.01575663287791
-21.022511986001476
-21.034280250182167
-21.04312020405927
-21.05138272432121
-21.052254815959664
-21.054004223791768
-21.060414517878066
-21.072378842136725
-21.077122218811553
-21.078623393587588
-21.089157659818866
-21.09169766960681
-21.09099319047098
-21.087544698929577
-21.087413205590167
-21.100353382219716
-21.11110447183423
-21.112580103660648
-21.11455035493452
-21.111930611002332
-21.106832280588563
-21.111114511433296
-21.109341343921336
-21.11138671172012
-21.11903892290403
-21.118518622288963
-21.11380055157401
-21.11589874024004
-21.1302705862251
-21.123815889470503
-21.124448583474983
-21.121930800492162
-21.118320912557515
-21.125069306876867
-21.13777495561049
-21.13863653512849
-21.146890851598386
-21.145699264302223
-21.142150936929298
-21.14748304983335
-21.13887861205625
-21.146317842613193
-21.14669186439964
-21.157503792394277
-21.16612484957717
-21.167607706914875
-21.169388865483743
-21.180826887581837
-21.178665128211552
-21.17359037774183
-21.173935845769932
-21.17913748528768
-21.18367673320492
-21.18777338882036
-21.197968404498724
-21.200310317529844
-21.201428068977027
-21.199900078761626
-21.2133508155981
-21.210731480034166
-21.21816311990187
-21.216507511068823
-21.2202119416065
-21.224819142855285
-21.229002055767918
-21.22048963875365
-21.224883578918245
-21.241896778761642
-21.251291746877495
-21.251473244171475
-21.25597428438375
-21.261694991359768
-21.265594024944644
-21.27258117791584
-21.280467001019513
-21.28730818340363
-21.286208143678294
-21.28949116519078
-21.297070843787807
-21.3073041967465
-21.303195472044457
-21.305254017074923
-21.31130398589279
-21.318629666819067
-21.311558780428687
-21.299525554258278
-21.296511543640662
-21.29927293989738
-21.306176830093143
-21.314833143714186
-21.32170054455609
-21.321991223036598
-21.331880557148683
-21.336362787718617
-21.341266665671416
-21.342255821711653
-21.336756854479255
-21.348104012734765
-21.35364021657312
-21.349075022550533
-21.346264862955596
-21.343480767522227
-21.341667819537815
-21.343029976492126
-21.345074559146557
-21.35719339931369
-21.36610947937419
-21.36813830015709
-21.363125506334946
-21.369380922929796
-21.37204297201008
-21.37846364827292
-21.36464655912941
-21.36641707929206
-21.366060715541764
-21.374185890729997
-21.379921177255515
-21.38675929039914
-21.384052825643543
-21.367913771846087
-21.365078445004187
-21.371516402207913
-21.368012612411984
-21.376465812030453
-21.368178586448394
-21.3848825501306
-21.3796375804802
-21.38600440641841
-21.3884058859621
-21.38726877370019
-21.390601660302476
-21.395864604592216
-21.396289780981924
-21.396761629490396
-21.40090011098018
-21.403198855635477
-21.4139403988561
-21.42366978542653
-21.431797756966485
-21.432778965399795
-21.423220491050213
-21.43396621647909
-21.432506007427797
-21.43598593324012
-21.441383485093212
-21.451061439534755
-21.457303305072323
-21.45879711061667
-21.459992866983796
-21.474975607975846
-21.47810938065952
-21.4918398964214
-21.49776503360095
-21.502474839796225
-21.504127151883907
-21.512965779243157
-21.515565387334227
-21.521761894968478
-21.524128897329327
-21.525599036504392
-21.521712076326825
-21.527552326252746
-21.52793172244659
-21.533629121527643
-21.530887427169482
-21.529567216230816
-21.53682330349616
-21.53818782441808
-21.540569495039314
-21.541422350848727
-21.55461774966683
-21.56324417927415
-21.562988857722775
-21.56276691653207
-21.56009221710315
-21.56772621344252
-21.571101708795165
-21.568968040302273
-21.56929943264004
-21.574766285473064
-21.576676127504008
-21.576258422145095
-21.580528055092735
-21.583764143288384
-21.57578330660718
-21.578830043928054
-21.579965499057753
-21.577139416525483
-21.581000983987728
-21.58235101013345
-21.57612345318752
-21.571532387085863
-21.577739808093934
-21.587327863118187
-21.594013099770642
-21.582375571980325
-21.578853838949286
-21.58227545749007
-21.586058702955732
-21.582689129812277
-21.582846579791745
-21.586011122671604
-21.590965395281398
-21.591083570007328
-21.598298248284177
-21.603783268158757
-21.608726915246955
-21.6066045994514
-21.616176700580354
-21.615344643767607
-21.614618201697297
-21.613521087067316
-21.611411891382627
-21.619529150300718
-21.625196481434745
-21.63516465170246
-21.63718983476206
-21.63984066399907
-21.649564978847387
-21.6506607597868
-21.65709209749387
-21.66067362354926
-21.65839777490386
-21.658132292197667
-21.660593961289067
-21.654346894359726
-21.652210764915317
-21.64988703511067
-21.640775377829364
-21.640365397377437
-21.640036116708885
-21.644028584923294
-21.644045576449436
-21.650147140376717
-21.64376957853429
-21.64218223568316
-21.642056158816693
-21.650163312618847
-21.653396746379666
-21.657607913246853
-21.658022753896024
-21.659290732013687
-21.65736150244824
-21.673346779731258
-21.67710516274205
-21.689638920854332
-21.685657148596928
-21.693745331002155
-21.69738082963131
-21.692013701246662
-21.698970641998113
-21.697074478711887
-21.70831175610322
-21.71107261431192
-21.716520786748223
-21.722326017786095
-21.727552444877915
-21.72572283663539
-21.72451330455719
-21.71789452301547
-21.716983742480267
-21.713682669756498
-21.7140802484843
-21.72121757654547
-21.719445368704616
-21.718441646591273
-21.72209754600844
-21.719226800838943
-21.72011276441242
-21.721236344258184
-21.728793557949434
-21.726172158618187
-21.74047981794961
-21.741883220253992
-21.75249713785654
-21.755330645120456
-21.759356473966093
-21.763672615859292
-21.7635681593841
-21.76729007316673
-21.774768349414273
-21.783458605136
-21.783937132021315
-21.779495046262575
-21.764749933124477
-21.777154617866625
-21.77232426962199
-21.76422910605581
-21.755507625664652
-21.75364993371958
-21.75044749602524
-21.744163357835205
-21.74934660227114
-21.75886894266378
-21.758493303426246
-21.750906792863372
-21.754099606120718
-21.762369867492517
-21.76640367967737
-21.76136809015115
-21.762441796395784
-21.76386327993483
-21.7577546012646
-21.76108724184147
-21.767049202340434
-21.77963928170315
-21.777464736277192
-21.786297959805708
-21.792199770125485
-21.79595496767392
-21.799112020749906
-21.798525502386823
-21.801500759818815
-21.79686855813621
-21.797961014820732
-21.797843791651342
-21.796485326982314
-21.803774336759393
-21.806604774341483
-21.81369480854497
-21.81637849294333
-21.81299775335435
-21.8217708316921
-21.821098774802582
-21.833919855378145
-21.821350682312442
-21.81760874270152
-21.821909494893283
-21.8142766922254
-21.81812954272638
-21.831673989144644
-21.82532445342521
-21.81873481742034
-21.822413041186508
-21.829215579701803
-21.826380433741203
-21.829482686772536
-21.83619550179174
-21.8360959408658
-21.83729100204796
-21.840440546668955
-21.84450650566655
-21.84604693441675
-21.848447999602463
-21.854284967002386
-21.85866553368203
-21.861008994190968
-21.85731446505361
-21.85110294497593
-21.850495625782216
-21.850176857694827
-21.854154382089135
-21.863518568511818
-21.860818304487257
-21.85986203324411
-21.860165122463474
-21.86778767433069
-21.863010826654552
-21.85646972635635
-21.85499695613091
-21.85082261316048
-21.849477813669765
-21.851334867390246
-21.853159385163426
-21.8503021075115
-21.85427769239946
-21.85629940462482
-21.86122196197064
-21.852451398399577
-21.84280754985329
-21.847114440543972
-21.852050302550243
-21.849071271805695
-21.84291764425264
-21.84048451065292
-21.8429652340046
-21.844019530548124
-21.839153758306317
-21.836720037990982
-21.847515138205363
-21.845322432554042
-21.840954452837593
-21.843865670108887
-21.85665641369047
-21.857727930193107
-21.857238554712772
-21.854371850371457
-21.8567196745032
-21.863678623413513
-21.878820587551026
-21.878014717062616
-21.879493731370378
-21.8715437538246
-21.874959558528147
-21.870486140099885
-21.87743589265604
-21.877503089231467
-21.866710360392425
-21.864199318358178
-21.871849082718043
-21.875337343470537
-21.869118052803124
-21.880704879730235
-21.88790006212968
-21.88080105978646
-21.86950337054247
-21.859893328617378
-21.863867887999593
-21.86827709854421
-21.86994405874309
-21.878314247697194
-21.88109333816304
-21.885098557660125
-21.881368092392165
-21.87515186131042
-21.878055132243038
-21.88777684488692
-21.896221955887086
-21.889610930465526
-21.88879088686469
-21.88942673342239
-21.89684325068347
-21.891777280351928
-21.88673323912793
-21.883055433906897
-21.885022119514012
-21.886244692897325
-21.894469070239772
-21.904240100589387
-21.909555035912593
-21.911724641397694
-21.91601239035833
-21.917314163586823
-21.93100548399527
-21.93585690726582
-21.935408185217955
-21.934491766667094
-21.92597829989708
-21.923035483219678
-21.918183459348022
-21.915983162466787
-21.91022064576843
-21.91357181073192
-21.914593721820292
-21.91300459923215
-21.91171910019414
-21.9078853636444
-21.91269734262425
-21.905481349713572
-21.9096972850329
-21.90433168747619
-21.905421181309823
-21.90584883782345
-21.908031499385448
-21.9120281631582
-21.90885617920128
-21.909404320150504
-21.915271530789433
-21.930112763984948
-21.93359855386068
-21.934843591808665
-21.932038571711608
-21.93473370484594
-21.929641098563042
-21.934483782379758
-21.93805846437451
-21.933874943879996
-21.932370694689237
-21.94222514983492
-21.946670662535805
-21.95411148926849
-21.9361825158205
-21.93576221008903
-21.940176613157693
-21.943488709921077
-21.92991925034596
-21.932707660948115
-21.937784921354073
-21.930747838461407
-21.938786891826556
-21.94405635949435
-21.939148249998063
-21.94570885043791
-21.938545707054352
-21.948051430474255
-21.949836836442675
-21.948866269054363
-21.948389561583042
-21.955902357365684
-21.946852762052067
-21.945398642611917
-21.946091644737525
-21.951442886418093
-21.949126356402527
-21.94080836437147
-21.944869191261738
-21.928973980372508
-21.93450465480848
-21.946796974961963
-21.949738873901783
-21.955593188600112
-21.965717330067353
-21.970821919600937
-21.970072607099137
-21.96739637526511
-21.968023024520132
-21.968805478851834
-21.96438228830418
-21.97398549052453
-21.97088644824222
-21.97743662385907
-21.976848723180556
-21.97368155574705
-21.976157903456198
-21.98028009129326
-21.97968935666995
-21.98731894016386
-21.984662356291793
-21.987380403945288
-21.98919291961687
-21.98994608670304
-21.99988600786862
-22.00789121466125
-22.000983657418335
-21.99792367041316
-22.005727378514898
-22.003991815590474
-22.005789062906224
-22.01330654690528
-22.018375580155045
-22.02099623946944
-22.035206666781864
-22.02569012008981
-22.02559156071474
-22.0122036349369
-22.010503008033353
-22.01523066271557
-22.010811195302338
-22.01062953901055
-22.010991512570317
-22.01956438109376
-22.023249243813982
-22.025327467031122
-22.028635426925373
-22.022425684157508
-22.022857426257126
-22.016382570742834
-22.01218911248718
-22.020072628852336
-22.022160732721595
-22.02399893396244
-22.03035034136472
-22.01836929133331
-22.01650683018945
-22.018423666791485
-22.028506646338734
-22.026593930909172
-22.026873937801515
-22.02413934872405
-22.022565131642683
-22.025071662020466
-22.029054673838242
-22.03150698100874
-22.029374502883137
-22.024794237327985
-22.01842648715838
-22.013290795771393
-22.017097930721352
-22.021305660558152
-22.030104047122954
-22.025411981260564
-22.023991678945446
-22.01535224732675
-22.009836394989787
-22.005842627545395
-22.004188161341713
-22.002758589250284
-22.006665481251108
-22.012964209666492
-22.016542858276374
-22.01689744161473
-22.027868621243435
-22.037391705725756
-22.039487387417285
-22.039379884278045
-22.037184619586462
-22.035009881580038
-22.017190206378007
-22.01347897405061
-22.01610815094369
-22.009296328022227
-22.010750783893965
-22.018037222502674
-22.024733201223498
-22.02689103918512
-22.025479420673005
-22.021516897719877
-22.024142021499753
-22.019325230072056
-22.027336062931333
-22.031029162309835
-22.016939922074553
-22.014258522253563
-22.01684968473215
-22.029556028248887
-22.034313048248745
-22.037498773190713
-22.03643200636627
-22.029367433736454
-22.037637916146327
-22.032832744662763
-22.033711359331953
-22.042575882679785
-22.041495433868835
-22.03923930513566
-22.038347651643182
-22.038810472256174
-22.05185543179156
-22.061449148796967
-22.0536785149695
-22.060138143272486
-22.05835501159959
-22.05732583997469
-22.059480907551485
-22.05869970532115
-22.055015074310063
-22.046777833097604
-22.04931230883554
-22.0468469148697
-22.04994304706837
-22.046146179325692
-22.037275115218378
-22.036575488389698
-22.038759669549027
-22.0404371712229
-22.035876927623285
-22.02634931988105
-22.0233205974158
-22.02493970643905
-22.02304899098298
-22.02521545101403
-22.01986737440216
-22.01784235494594
-22.029608743521074
-22.025713320297886
-22.0380694058638
-22.04124481714627
-22.034753892387727
-22.042275737513464
-22.05448419629703
-22.061611762384224
-22.06144017392914
-22.066328286134198
-22.053187249655657
-22.060867360715196
-22.06727574297402
-22.064804079955483
-22.05937316968223
-22.062863277745006
-22.071719521977805
-22.07845031466462
-22.075309006807263
-22.07525981054595
-22.07489731638207
-22.077653485682486
-22.088131549688892
-22.08115858779332
-22.07715258758819
-22.073464209151716
-22.0770543773351
-22.069062652233846
-22.07052617956304
-22.070634900299343
-22.06821988468674
-22.072646589074726
-22.07880318257073
-22.08346401020747
-22.082103494704224
-22.090291067720372
-22.08148468936625
-22.08125780405354
-22.07773440115502
-22.07377234215243
-22.067860968932553
-22.065089506768626
-22.071993782401943
-22.06934325180223
-22.07069390979572
-22.074321307101766
-22.073962794660876
-22.062854442083243
-22.057288589963136
-22.05480871561347
-22.050407031632723
-22.05351919952263
-22.04786896349525
-22.044696455354423
-22.04598719409462
-22.05757928377519
-22.053369052643806
-22.043845077210737
-22.046870378483746
-22.04564193538606
-22.048120189399736
-22.061978078294906
-22.066460655931202
-22.06540340952823
-22.07942857129181
-22.084813184653587
-22.07986343322974
-22.083841778259362
-22.084204153025105
-22.075292730680943
-22.071906964961457
-22.06808799354126
-22.068639666988982
-22.070532210434354
-22.077939846846096
-22.073989103959995
-22.07134383376554
-22.07016632894304
-22.07608396490474
-22.074958909313825
-22.075128498848944
-22.080503572233916
-22.08438770260453
-22.079365449100294
-22.074603035089876
-22.065816180375432
-22.065996548828945
-22.058918672432725
-22.06787762683784
-22.068692615977586
-22.064375204304145
-22.06964022820339
-22.079150715510178
-22.077568316455135
-22.077386660616632
-22.07392207348173
-22.080237639052115
-22.077927970138536
-22.073415395948288
-22.063852455759243
-22.068311884237325
-22.07564841963108
-22.084592633442035
-22.082141269729437
-22.076452944147896
-22.0841047611591
-22.089271271281397
-22.090028970101418
-22.076864853221277
-22.074110202611937
-22.07488121032433
-22.071485497657896
-22.070625296487812
-22.068249738963402
-22.062702467132663
-22.062494462237012
-22.070131475314092
-22.068049294681256
-22.07463061491084
-22.0580470470435
-22.058974567690104
-22.064001924100427
-22.06973438492125
-22.075321057578243
-22.078302788930035
-22.084772214154494
-22.09031351645882
-22.087689806924274
-22.08868421824418
-22.073021817217352
-22.07699650116735
-22.080384512360038
-22.08427077038831
-22.075711443428162
-22.073781798762557
-22.071208040155447
-22.079180381966573
-22.07176441824889
-22.070718365421595
-22.069359072979335
-22.069823908116255
-22.07393775487197
-22.071791200682696
-22.079695400435213
-22.07475179778225
-22.080548794954638
-22.082947122496204
-22.084262843174724
-22.091655052565876
-22.098346559240024
-22.085846983447617
-22.082579278259967
-22.08682901642175
-22.08041022324687
-22.085500317419843
-22.084872786015822
-22.08172895463789
-22.085033100645205
-22.086997241241725
-22.080866748844574
-22.072062587932756
-22.064312758220723
-22.068875111838388
-22.07383719234943
-22.07456458356765
-22.058306176969758
-22.061081499545043
-22.073717041295083
-22.075901883881716
-22.078027058200473
-22.06377372701845
-22.063026359428097
-22.05587130800566
-22.053169896031438
-22.05859310363167
-22.052832491118323
-22.057420825166815
-22.063232743407173
-22.04950828447509
-22.04978835796672
-22.043256053985917
-22.043203290678623
-22.04463066677419
-22.05817139817814
-22.058020646220697
-22.054350663550697
-22.051284499260884
-22.045647032325395
-22.05125778896573
-22.051193431362503
-22.048701116905537
-22.04582092464055
-22.044524620243653
-22.044837065957832
-22.04173219259141
-22.043041875687447
-22.05017676848482
-22.055342759113696
-22.060374310579476
-22.061836662891206
-22.066610811297455
-22.06552461515952
-22.06579739585801
-22.048222001116386
-22.048580180709408
-22.04385316533887
-22.045413173956092
-22.049404278036363
-22.04864478208881
-22.046267419942577
-22.04767733419711
-22.048344391396665
-22.057534249652452
-22.055627273783326
-22.060704940195187
-22.061380127499778
-22.05906744401878
-22.063247941661526
-22.06238670464089
-22.062555981382296
-22.062585326451693
-22.063118201747727
-22.059722764331852
-22.059065342329774
-22.056018652947905
-22.05440847567743
-22.059345855935806
-22.06089159644488
-22.061074982435873
-22.063111620985545
-22.06336998768408
-22.06276117455728
-22.07252230915304
-22.078275088250738
-22.07207218698059
-22.06835617098453
-22.08225238780879
-22.09373807912441
-22.093111260401532
-22.099316427428462
-22.100489394711598
-22.102346242983824
-22.107040471618543
-22.099181554016774
-22.101342467807207
-22.107949714589434
-22.09976961447753
-22.1041376845888
-22.10875539454661
-22.11694571355359
-22.10996669323977
-22.12003725680838
-22.121433212396298
-22.116665431072118
-22.12510704171829
-22.119872160326878
-22.10972877912813
-22.104728781022416
-22.108912412893996
-22.117602291360594
-22.11116424489146
-22.10857444654804
-22.115407585789065
-22.11917986434692
-22.109079940193716
-22.121446107918207
-22.121955841737652
-22.12079948609156
-22.135204936625964
-22.126723396613524
-22.12368650403016
-22.127101988986546
-22.132384861742622
-22.11840845031872
-22.112564897629444
-22.1145148286589
-22.114016249817528
-22.119556982824797
-22.113568709315526
-22.115778531388383
-22.126249717442047
-22.131868975260282
-22.12212827326532
-22.120442300940415
-22.118766211456485
-22.111102868947377
-22.114605062882216
-22.10240615273236
-22.09781402900903
-22.10766025785319
-22.114014475848748
-22.104658164499156
-22.103884287475896
-22.107081971779365
-22.099564151662342
-22.09420043973452
-22.096097357567253
-22.08770779218309
-22.088450042139755
-22.084142817434852
-22.085433214804834
-22.089779245285964
-22.092874895355088
-22.094626804494848
-22.096823774197983
-22.084083563445724
-22.08580198333216
-22.08815282716409
-22.092378380541767
-22.087220095425508
-22.07622299355758
-22.07680534791031
-22.0699183394116
-22.069063772146357
-22.073477593048107
-22.076759495117276
-22.072049657030657
-22.072524413851596
-22.07893396158494
-22.070311224608414
-22.065261492505435
-22.067128518574055
-22.073949614272234
-22.07538775706053
-22.075518486989854
-22.07632342120527
-22.06372672390538
-22.066711326745246
-22.066242625200214
-22.066051331323717
-22.06698534544283
-22.07234559325317
-22.081516667060637
-22.090964558902023
-22.096133668029395
-22.09041317113784
-22.10394939091233
-22.10814557106858
-22.113819125994798
-22.102922736418748
-22.109218957908848
-22.11264509407851
-22.10868710515318
-22.107531800099338
-22.11546567420449
-22.1188143968392
-22.104013080565185
-22.105316869584026
-22.09129071199651
-22.094278990245453
-22.08915135214945
-22.08174938947013
-22.085801164496377
-22.09214536808274
-22.093510530873164
-22.093709129323138
-22.095128471291353
-22.096501090949584
-22.098403831678635
-22.09393216034088
-22.08710166781558
-22.088066869203107
-22.084962408654174
-22.0833499615474
-22.088080097908126
-22.09999069716917
-22.09574591628261
-22.0906306593521
-22.104901921653376
-22.105503724751472
-22.114832112056746
-22.125348022940862
-22.12031795125474
-22.12584795721048
-22.119084074201986
-22.115304808446314
-22.11526799563485
-22.115438698372856
-22.121417467698475
-22.11587827570272
-22.112234704289783
-22.122365429800993
-22.11726110289268
-22.114561152841908
-22.105053485406884
-22.111572424892636
-22.11723534716844
-22.123532495609744
-22.11422414335373
-22.103568243887725
-22.116746955506386
-22.1177102623043
-22.119096439264958
-22.130378548981156
-22.137650478215704
-22.130350708885928
-22.129763808804615
-22.12650800700463
-22.137026886938166
-22.142034617010438
-22.143136498252098
-22.134903427536198
-22.13446110278918
-22.121409566500848
-22.132185114385067
-22.133724919194524
-22.13407803576909
-22.131632228853334
-22.14143211583509
-22.14414434583923
-22.139296696293552
-22.13805676109316
-22.13699998307535
-22.129034107806387
-22.12778259295862
-22.134539203656676
-22.13214671925813
-22.139178163965163
-22.136193921087425
-22.141446291051135
-22.13340812081776
-22.134580752200897
-22.138496311124523
-22.13620695406121
-22.127965619887032
-22.12722877549831
-22.12630738178365
-22.133172564227273
-22.13669730615331
-22.12958537792112
-22.133538710234685
-22.136251431200407
-22.131896655448298
-22.12171781415222
-22.124878393218516
-22.122798085523144
-22.12149421543244
-22.120496192658752
-22.114961807716114
-22.12157518019654
-22.12822203038632
-22.13712018519387
-22.13996579440647
-22.142775370618285
-22.143814506613467
-22.137206965015018
-22.136166053286253
-22.136190017463374
-22.131113039365975
-22.13760656968919
-22.143224319801185
-22.14387478238831
-22.127286745900726
-22.12722349017232
-22.131516589096538
-22.127177718227795
-22.12867053207475
-22.129089435377413
-22.133642934609508
-22.135484891175444
-22.141206064584125
-22.149119227412967
-22.149653054984835
-22.15158374191114
-22.14842637638221
-22.161116496020355
-22.176283510626583
-22.17658422236127
-22.165124648433803
-22.17732311754793
-22.169224112752655
-22.170027314387898
-22.169812329138576
-22.1681456128812
-22.1667362572629
-22.164263449128445
-22.150429082674794
-22.143373015413957
-22.140007310802282
-22.140482519002717
-22.135415278165414
-22.135749833095154
-22.129914577632622
-22.128036640007625
-22.13615439895299
-22.134805742139232
-22.1455543083213
-22.148639720810646
-22.144917361843365
-22.15174083186811
-22.162209166870774
-22.162220474752296
-22.15650265925715
-22.15096820378101
-22.152642399509393
-22.156130941841475
-22.160036996239548
-22.16063665966181
-22.173690444406553
-22.176642562459776
-22.176326472368608
-22.16888901130699
-22.161919333809003
-22.160133026664763
-22.15532322287622
-22.15715835642428
-22.141384319983256
-22.137708351260493
-22.143045770325163
-22.14054317913486
-22.147072445753214
-22.15748171829761
-22.15450304899959
-22.1480230846949
-22.15444494936605
-22.168296635202847
-22.16681903542481
-22.169786061045205
-22.16888660327634
-22.172238207879982
-22.166234455686748
-22.165076926489053
-22.160210860760223
-22.158199134587456
-22.16072291182462
-22.15943785912746
-22.166156589321545
-22.161165928779575
-22.17351137425153
-22.17020572176853
-22.17857880083911
-22.177282060999513
-22.17068229703007
-22.17933973350756
-22.173765008409777
-22.171635051980772
-22.169901700474764
-22.16426641900664
-22.161217416595985
-22.175293934126373
-22.168517724982234
-22.16476991533924
-22.168623069194922
-22.161757866109685
-22.159579122687102
-22.164399209729794
-22.166970087786275
-22.162171401875195
-22.1621233538941
-22.165984036650467
-22.172491461189512
-22.174299681673983
-22.17664274709531
-22.16920439015895
-22.16405951719455
-22.16784493317128
-22.167916741566565
-22.16317409271561
-22.17569869630141
-22.177808925035123
-22.169808912639613
-22.17617982337855
-22.16449653635019
-22.162074501742836
-22.15157780107639
-22.154004272656223
-22.149690979533233
-22.143184249717493
-22.150054176072604
-22.14761630831414
-22.147050804027508
-22.14291638676703
-22.14501618870622
-22.145594702774783
-22.147989115605174
-22.145533183900984
-22.14942553777504
-22.15192398404499
-22.15341342055232
-22.145948476145897
-22.139204765660676
-22.145633275903233
-22.141920953054257
-22.14843115398342
-22.145592679904247
-22.144366893857466
-22.146030646263082
-22.14365921001581
-22.141486828767256
-22.15211548338844
-22.155343008963655
-22.157676850540007
-22.148910523853694
-22.150753585728555
-22.151547487307766
-22.155526285138578
-22.153180798830302
-22.15854366168764
-22.15603806754422
-22.166103461122198
-22.174743080011968
-22.175725780068547
-22.168007615553268
-22.174825708233744
-22.17658453545021
-22.16994180554902
-22.17096235738483
-22.159620417199225
-22.150661896297688
-22.147784950712367
-22.13864179127793
-22.129646192066353
-22.127516076249265
-22.126190671000302
-22.130775733331475
-22.135956952384184
-22.13497754136715
-22.13780979595494
-22.134659780125016
-22.129399760071166
-22.128434343302484
-22.11755852793496
-22.11936657787054
-22.10833440941857
-22.113935288656364
-22.123250358587086
-22.112292374310613
-22.101386843102393
-22.10259776765659
-22.11060929364071
-22.110409245194255
-22.107138641792773
-22.112363814704718
-22.116138132567396
-22.122452075427393
-22.116086318784813
-22.112697285718145
-22.106331786653083
-22.104669614425198
-22.11021346105234
-22.115001785833144
-22.110582894273318
-22.113438456451714
-22.119718929787
-22.12180847583403
-22.124537314752274
-22.126130186473734
-22.123551124000453
-22.13820772689662
-22.13787251136272
-22.134806990495793
-22.133668019823528
-22.13254127106118
-22.132683226424874
-22.131157352351416
-22.132368395128136
-22.13566903815299
-22.138240809548478
-22.136629158473472
-22.140867404260955
-22.127971877082725
-22.120649620439103
-22.124131552591493
-22.12496208446311
-22.12914971795893
-22.127715142172942
-22.111413720049015
-22.116450103907972
-22.125661979879208
-22.12339909541128
-22.126584241151438
-22.117703942838745
-22.121464825185775
-22.116848173471393
-22.128524627105993
-22.12839798550507
-22.147341940779512
-22.145041424693233
-22.152049202260645
-22.148237358392997
-22.144970259296535
-22.139372952814373
-22.136131628086044
-22.134766627715926
-22.134638277754785
-22.14403796661441
-22.150980573141787
-22.153323730832174
-22.14610097498369
-22.142675666085665
-22.137541133052373
-22.133864710704263
-22.127352713591566
-22.11951318758843
-22.115986440977764
-22.114922347946912
-22.11890103879602
-22.120198023530683
-22.118053728065426
-22.115987058799973
-22.11599712366714
-22.12013851766803
-22.113080009659317
-22.112857993746026
-22.112463380494308
-22.10841405643691
-22.112977747674126
-22.1147104537254
-22.101750039035
-22.10616067439755
-22.10150792809836
-22.094425782926315
-22.0966146574011
-22.101168264320517
-22.10162061890744
-22.095487671989396
-22.10495957571141
-22.098781825271278
-22.10546410314376
-22.11203396971134
-22.1111370053625
-22.12087848998652
-22.119558915872354
-22.11298960569511
-22.10965125774918
-22.115072146110794
-22.109048945069688
-22.109472869796267
-22.111936593828922
-22.110238221456733
-22.1102487924166
-22.11725254697066
-22.113472160992178
-22.111343323342055
-22.107008570848866
-22.11193856885994
-22.1121708208911
-22.113789346844086
-22.115976517754927
-22.110458403869277
-22.116247858639575
-22.125065291203537
-22.13482798425377
-22.14366425586294
-22.14471806995125
-22.144063568329532
-22.138309671311884
-22.14242409499745
-22.14387799191297
-22.14044860910447
-22.145415934587408
-22.145680550361433
-22.152876627883305
-22.157005620917307
-22.151554298782926
-22.15475005407969
-22.15769921764958
-22.158345917520187
-22.15123864879675
-22.14841467715202
-22.150611308451357
-22.152124532087452
-22.15550149318837
-22.15711620932627
-22.151871083490747
-22.14618703453862
-22.143152627517054
-22.145204629634275
-22.134314624236975
-22.140847145727836
-22.142235682203527
-22.139585990153517
-22.14739383225767
-22.15764613090703
-22.165604040475724
-22.161453153347882
-22.167720295650714
-22.1641409636964
-22.16334054547519
-22.1604084887422
-22.157168216035053
-22.15674242782611
-22.157242000054985
-22.157131365021204
-22.15885185355471
-22.16140709174709
-22.162358850876895
-22.15823818823763
-22.15847073704074
-22.15257733806175
-22.155285447064553
-22.15137067083153
-22.15364929090335
-22.15669427081628
-22.15235133847399
-22.167383945687533
-22.16750094199347
-22.170615520841224
-22.167448705506732
-22.16608620162794
-22.16861605747918
-22.175202354047105
-22.17358002686516
-22.17099470786393
-22.169877434758384
-22.16659693314747
-22.168167045812854
-22.16981777195847
-22.165731945666018
-22.159484613232813
-22.156437586527534
-22.160191002813892
-22.154829715551514
-22.15561374485857
-22.144619412194338
-22.136299442376142
-22.139442681572085
-22.14147987512305
-22.13299761344179
-22.134906152793132
-22.129455505168
-22.125238127954958
-22.129793278967096
-22.141687726962115
-22.146518066686077
-22.14472694319652
-22.143857253784088
-22.13981019454116
-22.140922217151598
-22.139677773858526
-22.137035167673545
-22.141883167480447
-22.143572263958962
-22.150012101519
-22.154510102310756
-22.156322308116724
-22.14844738740013
-22.144773839179965
-22.14429945048666
-22.14387736008356
-22.147532601701123
-22.150820967673656
-22.159064394725856
-22.165360108334006
-22.16601835922777
-22.16372829215488
-22.168291494468942
-22.1644310692594
-22.16010154426681
-22.156263931293907
-22.16163345035391
-22.16048951797861
-22.160134785063953
-22.154696080515585
-22.159413252013938
-22.15928359417906
-22.15807398095838
-22.160326710587388
-22.160217758981982
-22.159660288413264
-22.151795020454944
-22.154379767035422
-22.14354936568453
-22.144013348208333
-22.145902132771106
-22.143003294896264
-22.145480832883493
-22.14565777732081
-22.155895921082124
-22.157458603053584
-22.158294459017256
-22.15449969119421
-22.15242685899808
-22.15987791858117
-22.1577689581509
-22.158353106424368
-22.158413093586837
-22.162537541117295
-22.17200703040067
-22.169721822191555
-22.171123961196546
-22.174380723623546
-22.18092437501351
-22.177826984431945
-22.177237273787632
-22.179198123124536
-22.174862478904345
-22.172980658359034
-22.170811740106398
-22.169481587677925
-22.1665479218932
-22.16043747410514
-22.15311207624636
-22.155656563841525
-22.15079869553178
-22.157352165421894
-22.166619564874832
-22.16458704086672
-22.16803201034217
-22.171388912801856
-22.175432420767663
-22.167565817568203
-22.17356006221087
-22.171379131688166
-22.165667757372038
-22.171246581092742
-22.174525443512508
-22.172763682675452
-22.1739513522111
-22.178347517640088
-22.177679961523513
-22.18312316401721
-22.174108388503925
-22.16819096990316
-22.16666241223506
-22.164146407446623
-22.16585702213873
-22.163164032745083
-22.166231424680802
-22.1604950670131
-22.16384708743564
-22.153125261021383
-22.160880859621514
-22.15966046255707
-22.15404159418262
-22.15853627890283
-22.156779830049796
-22.159104657620706
-22.16151885333095
-22.164643533971674
-22.17210717075207
-22.172734663112912
-22.190539732311393
-22.184226582125554
-22.18359566580247
-22.1799725336894
-22.178941325032277
-22.171442766183528
-22.171389576809133
-22.16674370874164
-22.164562520320235
-22.17235421513203
-22.185399421163364
-22.175613585342372
-22.177236007831667
-22.176184546083416
-22.18016522895291
-22.168743157677156
-22.175774343481404
-22.17799296732645
-22.18246389047309
-22.192963598810252
-22.19144222332061
-22.17786114385722
-22.178281764635123
-22.181023189830906
-22.189730121058435
-22.18756761638785
-22.188715310261415
-22.1884492550969
-22.185859276435373
-22.180597330530723
-22.181889709544468
-22.194398775069146
-22.196200576128998
-22.184074055797346
-22.189869238422503
-22.194179743661262
-22.19355145599441
-22.185924532327057
-22.174258624746038
-22.17835921965796
-22.179437944352568
-22.182917626393955
-22.17969682878988
-22.174927612546263
-22.17544496054495
-22.167571503186963
-22.170346408448903
-22.16601234343978
-22.15402254887678
-22.15534758440973
-22.159143174102493
-22.159485598150788
-22.15726508788772
-22.159990123192202
-22.168558412370437
-22.17473862981123
-22.181877389520263
-22.179987415211304
-22.17834824661042
-22.179363553977186
-22.16789056322817
-22.1701199313742
-22.167187259646617
-22.173544741491522
-22.16960928863689
-22.171629474015962
-22.175384564051594
-22.16260615672969
-22.16804173511973
-22.162957189310383
-22.165473819605182
-22.17009803381204
-22.182339168812028
-22.18358697322529
-22.176910132902137
-22.178833691408204
-22.182903650616836
-22.186091586576634
-22.1793094496604
-22.195425677524984
-22.183081241365254
-22.18111364000899
-22.188480025003965
-22.179929917965094
-22.169055019328948
-22.17371267970168
-22.172496349124653
-22.17317779538872
-22.167109586434727
-22.16754319241306
-22.155557062751708
-22.16148355591212
-22.171362793963777
-22.165200290419047
-22.167804010722865
-22.169558535882903
-22.16908063442121
-22.16700053110522
-22.170829904181602
-22.171170041945395
-22.171288924346705
-22.17051724100537
-22.17116178244288
-22.16627758184848
-22.16393784319484
-22.156244674674106
-22.156776862129554
-22.16068917324438
-22.1632581461987
-22.167951212028406
-22.16072098642904
-22.16442951364671
-22.175710515062004
-22.16541590057866
-22.16932474499205
-22.174347839340857
-22.175418411349217
-22.187179318504967
-22.184028843673502
-22.18203802053704
-22.188286419376222
-22.190227417269142
-22.189785320438194
-22.184879866177575
-22.19285919418687
-22.18870426455864
-22.183211488298497
-22.177633240246376
-22.183602436080747
-22.17679041076769
-22.17065336559383
-22.178987875280885
-22.179771127755725
-22.178924572140563
-22.173172644089927
-22.17536787648762
-22.17495839798125
-22.18309073316458
-22.185535365432393
-22.2037593515314
-22.206067881179642
-22.20537979430609
-22.203282675378226
-22.20326039308703
-22.199426008757627
-22.19556470646857
-22.193497346328325
-22.193861747574147
-22.199399142934066
-22.19007167906442
-22.196431638688797
-22.19744388700022
-22.19699591204686
-22.187892667633914
-22.18993958664482
-22.18608494262251
-22.181040949722018
-22.185698119984824
-22.188317409583313
-22.195584375869526
-22.19724037392017
-22.198805630672137
-22.20382916974494
-22.208469007005466
-22.215853656586155
-22.211874047465567
-22.21948748423407
-22.217947537967213
-22.21224658602219
-22.2134837735689
-22.204963215153274
-22.207100056122286
-22.22145837076967
-22.224148435426425
-22.229846452558906
-22.224983973502436
-22.215610143320973
-22.20982324433367
-22.212950538946686
-22.218137904853098
-22.21500063912018
-22.211990806179447
-22.209272093074247
-22.205029972034072
-22.200381099363288
-22.20376828503606
-22.209738068706052
-22.205779847782836
-22.211948867028607
-22.20883627143564
-22.211803085692733
-22.200315241478155
-22.19502037837982
-22.205041401707273
-22.197978997252534
-22.209339334530394
-22.204857757970863
-22.205492297056697
-22.21410497030557
-22.213596635461816
-22.214889248595004
-22.211869942784634
-22.21314301278486
-22.213767469081322
-22.215898318118477
-22.217686805784187
-22.20956496234835
-22.20289357141578
-22.20470224766923
-22.201361154599226
-22.19165203026332
-22.203590650649573
-22.1976670419159
-22.196784384205895
-22.189099141655074
-22.188146369042776
-22.186213623434973
-22.19272180956499
-22.19585686229501
-22.196878714096123
-22.17872428863794
-22.167907407817413
-22.172979987161575
-22.17228145799222
-22.166622343710966
-22.162710519331615
-22.14809557895668
-22.144418531968316
-22.13615243082196
-22.131250717245564
-22.134613021324288
-22.132663157472546
-22.129478890463048
-22.136642203771718
-22.1408464434544
-22.141893509198752
-22.141097753489685
-22.146761305110836
-22.149662237507986
-22.151868039824063
-22.160774184003387
-22.166254149448214
-22.16694492653072
-22.175841238319883
-22.167099425920156
-22.16314518665021
-22.15402053353115
-22.150734649890264
-22.153783925658818
-22.160435330553195
-22.159119559930144
-22.163388666862982
-22.169982522281707
-22.166652166378935
-22.172026746818958
-22.159391572409326
-22.16325420922007
-22.156934141682424
-22.171347086110043
-22.1782099935618
-22.183073870322218
-22.18245327545661
-22.17904719719169
-22.172654285953726
-22.172629783117106
-22.17937541385778
-22.1794546484841
-22.179446907634627
-22.18714871335113
-22.191377041825096
-22.198204580917206
-22.192636436033666
-22.199580003569196
-22.215208369505145
-22.21015004545926
-22.190831569957826
-22.185839178922176
-22.173811455768455
-22.1733325636292
-22.17791819075384
-22.173238252340838
-22.168997420099185
-22.17123001942078
-22.166429876252696
-22.166727981184994
-22.176573139706466
-22.173377211827667
-22.172881537130216
-22.17821491123712
-22.179062816637252
-22.18121649667402
-22.178440928694123
-22.169212080320033
-22.16514942395409
-22.161396543542747
-22.169844473752544
-22.171220231367187
-22.17166712426417
-22.17727416154443
-22.165541808776304
-22.173301932830036
-22.171649082961203
-22.1758196615317
-22.18972005998385
-22.191659567310992
-22.1973365950251
-22.18994609068026
-22.186208842905632
-22.184148127607063
-22.190682411633528
-22.192127695398455
-22.185658670047417
-22.18522748928032
-22.175436721134822
-22.175008156402104
-22.179629710048697
-22.174423609240097
-22.17354729685765
-22.174440985706735
-22.18344238025644
-22.176035013763016
-22.170166349013833
-22.163933013523
-22.168663908558134
-22.162734527365718
-22.169831381750182
-22.16982460735446
-22.172875841657206
-22.174036714126604
-22.171494603568682
-22.172825655300162
-22.176263832530022
-22.18270007616335
-22.18525042916174
-22.183876954004457
-22.17965483252829
-22.18012001445648
-22.179056073805945
-22.174361610381723
-22.162734566215676
-22.15800618729458
-22.16154702696306
-22.161552945868202
-22.16660222077231
-22.166966262652373
-22.170813796838733
-22.172791301990433
-22.178286653634775
-22.179952185434793
-22.178898367231188
-22.17090209307752
-22.174218103038623
-22.165690257011896
-22.17080407035047
-22.17342034170719
-22.163933422056093
-22.169556682551722
-22.174186080977154
-22.16903950447976
-22.168125926583475
-22.162752935382606
-22.164778902108385
-22.169481128856535
-22.170558059238754
-22.169697640036517
-22.17309288244234
-22.175356824851193
-22.187244961943236
-22.18248349899349
-22.183710046968926
-22.176209152900363
-22.17678067379804
-22.179564029097822
-22.18297822018648
-22.172187284712304
-22.17528439890093
-22.163976332197453
-22.170800283399583
-22.178250199142393
-22.18284057719454
-22.18525933305849
-22.18666076588113
-22.18836549865524
-22.20193617215386
-22.202072471318246
-22.198116849520588
-22.199597382935725
-22.198185477146314
-22.197932862535847
-22.19607569307566
-22.181757935700706
-22.174240805510514
-22.167489827702763
-22.16145650372307
-22.1669688428625
-22.167612478570355
-22.164673450946612
-22.15178167654481
-22.15419351452555
-22.153052228316582
-22.150614596496776
-22.156233102947606
-22.161665046109533
-22.174177597981036
-22.1773193398352
-22.174969503847944
-22.17380867372669
-22.166495179721636
-22.172961753486543
-22.171526395348074
-22.17025412450794
-22.16905132715614
-22.160685841884007
-22.15552425731084
-22.16232909987558
-22.160941192442085
-22.15275627261623
-22.157226118322704
-22.15891200697024
-22.153455122350486
-22.149546779909166
-22.149161109426828
-22.15780008684951
-22.17334601978734
-22.17276690456128
-22.181826762210473
-22.18390566816814
-22.186872441498338
-22.18883459691253
-22.18240646806832
-22.178027648314703
-22.166461330926317
-22.16693227761368
-22.170092565351844
-22.168933273602683
-22.170146117678378
-22.168723883913312
-22.176829834338317
-22.176307992714772
-22.179866613085274
-22.179845187807576
-22.17987872051088
-22.17969846668919
-22.181914604114137
-22.178260170858483
-22.189503623756465
-22.191591204802144
-22.18326652423912
-22.169520903455762
-22.166689807837372
-22.16971958252482
-22.163475071384646
-22.168886383957993
-22.163801687117903
-22.16193640396998
-22.163010252644494
-22.155816383034473
-22.14846549983158
-22.137853256750404
-22.117203200443118
-22.118660707908617
-22.113256880617204
-22.11605800601751
-22.110655369560433
-22.11433268215699
-22.12395020796165
-22.125577079542932
-22.13506380864672
-22.13052311669477
-22.138991340506674
-22.15036649826952
-22.153899779895113
-22.155233143153946
-22.162303367614022
-22.162390449643286
-22.16986147726204
-22.15172080038301
-22.14831630221691
-22.150493321027323
-22.15258086071489
-22.151634058784673
-22.156643086948097
-22.164831102051775
-22.165031445629765
-22.17245355578554
-22.166866076609743
-22.163201825429997
-22.164059020511235
-22.16446026333842
-22.16395303416791
-22.16439804681551
-22.16495857469369
-22.16825118590103
-22.16687715550963
-22.1649208315364
-22.167157635008575
-22.162336703557926
-22.156138385635533
-22.150849398386306
-22.148847646542432
-22.15443923468472
-22.1556168355347
-22.152872541418574
-22.161155485053197
-22.15235258281974
-22.1529111106825
-22.152457100257106
-22.144845048500667
-22.137040670120747
-22.134195459119145
-22.13191903699423
-22.14067602434316
-22.14492218068173
-22.147041446193793
-22.141020691565107
-22.145405890008156
-22.13828884113136
-22.13332332385578
-22.13505950662005
-22.13946772432408
-22.135564047355246
-22.137451136752652
-22.126803820463635
-22.134353026288046
-22.14138427835132
-22.14279089983134
-22.141434379495852
-22.136728468615363
-22.138176176099215
-22.13763579621536
-22.1434838185058
-22.144783741778124
-22.155700838382916
-22.15378636911074
-22.145081697852177
-22.15184143647737
-22.153165715655533
-22.14560848980857
-22.147599617075436
-22.15511214921734
-22.150308579088108
-22.155307879376338
-22.154328764252373
-22.156814208283457
-22.16344509234234
-22.157509463305125
-22.150610655378433
-22.148423695619936
-22.15010517634745
-22.149756220490424
-22.147257682627664
-22.136056682652473
-22.122990387292003
-22.12214249332922
-22.125046542747388
-22.115867136670474
-22.11043315576345
-22.10208185386271
-22.10240243473418
-22.10158969757939
-22.109568987534537
-22.112987139933157
-22.111057504496223
-22.121167980843875
-22.116683283759713
-22.121253939713252
-22.11746641662962
-22.11245328830706
-22.112643294714935
-22.123916500301934
-22.123988464165283
-22.137437664529887
-22.14146536493638
-22.13775864539921
-22.12771993844769
-22.132336006947853
-22.139007686510716
-22.14175333774088
-22.128052830614983
-22.12882595068519
-22.129585121220984
-22.14079861406837
-22.136878768987913
-22.131325322437824
-22.12754540956072
-22.123759911806296
-22.125604268851813
-22.132657464208087
-22.127703760148908
-22.124644368980952
-22.132556538396848
-22.1245076313876
-22.124226102482563
-22.11712458883159
-22.12789260780704
-22.128073509303032
-22.134838262013727
-22.140772867522077
-22.141370354654498
-22.127900467943487
-22.12952396311065
-22.120683313344923
-22.124980972369084
-22.11564387539645
-22.124100282845664
-22.119986351210088
-22.125755479069262
-22.128149726401492
-22.121392133965983
-22.126317817984184
-22.123010623427152
-22.126093214041198
-22.123630728498057
-22.126613969011295
-22.12658064258974
-22.12578685601104
-22.11320365792832
-22.11979660825141
-22.125527195581952
-22.115230856733906
-22.12675022969978
-22.126763704521178
-22.127730394565923
-22.13954688042955
-22.138887369203246
-22.145055380693034
-22.151618545748885
-22.152553438819083
-22.15547550151169
-22.15608435693456
-22.15453182883188
-22.142750325329967
-22.15013341484458
-22.15372551512504
-22.15621738990173
-22.156533386542197
-22.162644210428514
-22.16159162781071
-22.15309794322485
-22.154402815939793
-22.153940870925577
-22.155059878775923
-22.15841409934856
-22.158020727715776
-22.154127890210475
-22.14815589399119
-22.15245255333058
-22.148929123892163
-22.140397644915122
-22.130724415185934
-22.12496146874762
-22.12360963661624
-22.128641123250112
-22.13567857868885
-22.13615619675202
-22.130438891237393
-22.129695567970273
-22.13668397330638
-22.14861817642341
-22.133679632461835
-22.124787630893668
-22.128512826633887
-22.132614188061627
-22.120205031747556
-22.110536347018652
-22.11654891609213
-22.119437325428926
-22.130874536903608
-22.128717664531518
-22.128299998348464
-22.13180936677823
-22.139642044909447
-22.147447587954385
-22.148906733747587
-22.1547931488224
-22.14034469658147
-22.1429415267588
-22.134632745390604
-22.142078909922443
-22.145738087200247
-22.143814033542352
-22.137662223644043
-22.142618788819625
-22.135899697419053
-22.13776909312583
-22.118027936843728
-22.11503247744057
-22.116677136592692
-22.1175006205182
-22.118086753297803
-22.110886259728442
-22.118212741653096
-22.11580360701733
-22.1247240160065
-22.126059182949888
-22.117493874889703
-22.123198802296947
-22.1286481897408
-22.1218438833252
-22.11434966754531
-22.104640512602348
-22.110159989387874
-22.106638781331544
-22.10576276925441
-22.116225720424413
-22.112829086878136
-22.12015847012013
-22.120970758695027
-22.1190570673094
-22.12601846254949
-22.12173120464434
-22.132881684528762
-22.136343195857492
-22.137605101899567
-22.140270825876126
-22.157552582514725
-22.171768323784978
-22.16846205290879
-22.173713821357442
-22.17120820290908
-22.168923629526205
-22.163279006241655
-22.172519256361802
-22.161584344623044
-22.17102535407607
-22.17487530463227
-22.171437758912138
-22.169494155608177
-22.171281892500467
-22.167615603209317
-22.169839030686212
-22.17667484723033
-22.18746748855621
-22.193865750337476
-22.198578604307933
-22.18954142693615
-22.1893851721194
-22.18767454126784
-22.190546794840312
-22.191833595165622
-22.19487929125513
-22.18298497191253
-22.178547907978217
-22.190810892823443
-22.19128454082783
-22.17683237034541
-22.162674113692518
-22.171661079852917
-22.159147577900825
-22.159660387757043
-22.164492773240394
-22.159706214968146
-22.166742798325824
-22.169690999659807
-22.166142690134
-22.1696078150218
-22.164415950884806
-22.16624600926809
-22.167167494890318
-22.154865423489298
-22.151698694660226
-22.147006852232952
-22.14636899880703
-22.143072966379464
-22.13506249018183
-22.127182096618075
-22.12713631883224
-22.12522613019885
-22.11413920782154
-22.11493008624307
-22.120720648176587
-22.13097824643523
-22.139368260960715
-22.137341375083004
-22.14186532775588
-22.151940954802345
-22.15809039149898
-22.156211551287207
-22.144295662364147
-22.141957969817135
-22.14533647445164
-22.148674586339776
-22.136815804770535
-22.129578500462493
-22.13392751360991
-22.141058766283496
-22.151582077798015
-22.152139240363685
-22.154893716137327
-22.158507501539756
-22.155037740069844
-22.15410877078683
-22.16779589206399
-22.17274509344328
-22.17392229966289
-22.170442516845917
-22.17399481966694
