-22.16868320029447
-22.152176325566874
-22.15128939783121
-22.149579709755923
-22.145630628797804
-22.1483526743202
-22.14939774659987
-22.14709445447844
-22.153266090702473
-22.147533213753796
-22.144781406468905
-22.14283233673037
-22.158968329492616
-22.15430903107953
-22.139237303576213
-22.14374330441706
-22.139403468078626
-22.13335425687946
-22.124463117382753
-22.131746207439978
-22.126852141171
-22.134279468835924
-22.135797188609878
-22.13877708412108
-22.126997406922225
-22.132639735284314
-22.135349513168716
-22.14420125045636
-22.148173062788775
-22.136066564651085
-22.131265127658224
-22.127520782662682
-22.136563460868004
-22.127704358160273
-22.137066634885237
-22.134687603146336
-22.13206607079199
-22.1410542290946
-22.14911447242998
-22.14421291237308
-22.14166715828659
-22.13861259808716
-22.13926025573429
-22.1406524337236
-22.130103822816146
-22.131373723144517
-22.1292582963916
-22.11433763355222
-22.112117318840408
-22.11347476997416
-22.10431890408328
-22.110097189454976
-22.122732549727644
-22.130893649149513
-22.12183963266067
-22.136020167342387
-22.13093111391367
-22.128196176015763
-22.141681221935265
-22.141064688564974
-22.137819529080502
-22.129328858236992
-22.134934308854728
-22.11340868349121
-22.127950213862068
-22.112454044696857
-22.108514583314214
-22.116896624701443
-22.11741454083892
-22.12559093689848
-22.127666364640106
-22.11782256716294
-22.135443160609665
-22.136764224457345
-22.137593512756396
-22.139587803983378
-22.150812532901302
-22.17230634749045
-22.188788361499377
-22.179920026598968
-22.174579336778958
-22.168294865113207
-22.162191635249815
-22.155866858810832
-22.13963398447895
-22.138974403017418
-22.150822526219933
-22.15398555285684
-22.152826896600917
-22.147293432706867
-22.15031615495959
-22.146516920984187
-22.131582464402058
-22.15698919831854
-22.14661371749486
-22.140386323788206
-22.14942054728771
-22.162893696049174
-22.173752179756228
-22.176634009530666
-22.174135074664605
-22.16856393723515
-22.166229647671052
-22.17701911124642
-22.187969874307598
-22.18391568583886
-22.176316036882763
-22.163989340289024
-22.16205843766784
-22.16249913499124
-22.1509221106853
-22.145324023650517
-22.135986488119624
-22.137734957312265
-22.13469470327837
-22.134646709817545
-22.135568515627263
-22.129758883931935
-22.13531161439734
-22.144231853522356
-22.142139706677888
-22.135645770645255
-22.124608361842967
-22.106595196071297
-22.118140987406736
-22.12249658737785
-22.11944216151685
-22.11967474398973
-22.11371497433628
-22.115837547515465
-22.104384305031534
-22.09701855598148
-22.105868925740094
-22.094730096916383
-22.085797836151094
-22.086729570052764
-22.097635881175297
-22.11507656308078
-22.12492228724341
-22.133002788511554
-22.121222392650655
-22.109778088132078
-22.09914414103583
-22.096905742116935
-22.09579603224273
-22.09318027889901
-22.09780460187605
-22.088625550734733
-22.070234975520155
-22.08032126224315
-22.09763685336574
-22.094400051739907
-22.092025679783124
-22.09177859774798
-22.097884303015753
-22.109577224929705
-22.099725819119023
-22.109405666204676
-22.097566483484638
-22.098477252130994
-22.09356369082977
-22.083137871788107
-22.090875319842855
-22.09868050524978
-22.094111271169528
-22.101291391661626
-22.09383500248165
-22.095513726907758
-22.093782209877876
-22.09574936532369
-22.09976463956457
-22.093287845594247
-22.107727534232538
-22.116197375872947
-22.1218657129032
-22.12315181363787
-22.126097539674223
-22.132718692630398
-22.139341885008143
-22.120610030544924
-22.111708945249326
-22.115612207089736
-22.11318410818862
-22.10637857195833
-22.099785211087777
-22.099517102215636
-22.099135301575746
-22.092673714932904
-22.093418190167313
-22.08806874393556
-22.091416973548785
-22.1015268421637
-22.102363220672377
-22.111047599273526
-22.104487215492522
-22.111314790121536
-22.108612112146307
-22.111382361331035
-22.110036990824074
-22.097619316138914
-22.085081239207337
-22.086644852490014
-22.083613051165027
-22.092159626400804
-22.088381436900026
-22.101922416969114
-22.111405142034858
-22.120931383812053
-22.130920920551393
-22.125200060623378
-22.127128463562865
-22.130110909665298
-22.11794690890336
-22.112665125002344
-22.109334021091207
-22.11730698602842
-22.126785109061803
-22.125216914086938
-22.130558188572504
-22.136690768865147
-22.132294176709593
-22.136635946448898
-22.13480825343234
-22.130062098775277
-22.134830313183272
-22.122826362353628
-22.12862085845096
-22.13150379947975
-22.126442250937206
-22.124153206039963
-22.117597865642
-22.131926165153832
-22.13602968740835
-22.123816492911267
-22.1145209318858
-22.12036003847186
-22.117576622322684
-22.11290580665111
-22.133975488910128
-22.12383203995489
-22.12613274302005
-22.125725256972025
-22.12327094766466
-22.10914078620097
-22.089004412758484
-22.095287260615176
-22.099037379911138
-22.104941045933973
-22.10116629348662
-22.08547964928548
-22.085559341955307
-22.091471361647525
-22.083249191478906
-22.076097123151335
-22.075623377201424
-22.088677704561693
-22.10468686339374
-22.09783080932094
-22.10184379724366
-22.089897278103994
-22.086025057773494
-22.104668030213706
-22.098540772434905
-22.086481606214306
-22.08080740354804
-22.07788431914611
-22.08687373884865
-22.074915438422856
-22.070039072480498
-22.077476154208654
-22.08847337408755
-22.085341104600488
-22.080404562880037
-22.082220803385628
-22.091599695560934
-22.094347177678035
-22.09233862801569
-22.099425404720876
-22.10701403953704
-22.113437427316047
-22.0848966387653
-22.084209407697326
-22.080461511837306
-22.088956102419804
-22.08539036485347
-22.079621660102372
-22.083760339414738
-22.102409473737485
-22.09912098871143
-22.087985415307354
-22.091323840069066
-22.083083816110836
-22.08444145804781
-22.096438488302304
-22.099705280158286
-22.099066476875777
-22.110931164513904
-22.11098987167761
-22.103274713747382
-22.108493588043487
-22.107154255020454
-22.09879126846735
-22.103178409287576
-22.102928619104794
-22.101481799411427
-22.10963425634306
-22.108884406534763
-22.112238893405603
-22.097034703101805
-22.096376686506122
-22.089410114518877
-22.091335125927028
-22.101499613815168
-22.097623178915516
-22.089651477140197
-22.094740232879435
-22.104246029054636
-22.116522253929624
-22.119941276118762
-22.120740254675823
-22.131203682958116
-22.13485463465414
-22.125937373875963
-22.14074823398719
-22.11987089887049
-22.128377365862786
-22.125955989985513
-22.142345456005405
-22.151108771591968
-22.14181603801803
-22.13942190683564
-22.13604989869746
-22.137531177083776
-22.154957717002333
-22.164485500911255
-22.161372847356517
-22.15341165744692
-22.14846014786158
-22.154986312282627
-22.156741150683047
-22.155744780298374
-22.150845184401362
-22.142197341263035
-22.140782264634566
-22.128860663302888
-22.130020178180562
-22.13785465932956
-22.147604919320834
-22.151328973712406
-22.154391218105097
-22.15039755132753
-22.155429754161815
-22.157447550194345
-22.16153821763102
-22.154762087354868
-22.159606844900797
-22.159679244232603
-22.16562476224518
-22.152652849558695
-22.152027963582412
-22.140661147646234
-22.13786789825666
-22.13072504331391
-22.134444679394363
-22.14023731912084
-22.15605106413634
-22.150331926996696
-22.14577152939208
-22.1425039833106
-22.142794817764656
-22.148965193933897
-22.1557982884221
-22.14971740233117
-22.16882152413091
-22.17539484377868
-22.181097530592112
-22.162530770722018
-22.157166140278136
-22.164647178626
-22.160936256546766
-22.173197477410298
-22.16774139883811
-22.163327205984707
-22.1728655487107
-22.16999544957891
-22.173336177477772
-22.181907411141392
-22.1891078160398
-22.201418016458366
-22.1975254733906
-22.195119280922025
-22.183170645413256
-22.178419950243004
-22.17091524245178
-22.167980609626728
-22.173583668640642
-22.15996240036819
-22.160208757987142
-22.166054306141497
-22.173812433199014
-22.17894036130817
-22.170632042361717
-22.160750402473596
-22.14234230088355
-22.14902179178031
-22.127009075697174
-22.12292798572788
-22.123605272523573
-22.12408445413549
-22.121250575545467
-22.135344864041986
-22.1377486415336
-22.133295595703004
-22.12668400419676
-22.133594255900928
-22.142180317401145
-22.137259182588135
-22.134744264983233
-22.141368565966218
-22.132504979983587
-22.14645869045369
-22.134920268842023
-22.124625064590084
-22.12206380107224
-22.13136301619844
-22.144359191496804
-22.150920816971198
-22.139438740034866
-22.143785400415073
-22.131848685095466
-22.127450574246883
-22.136499673949974
-22.132518664729236
-22.134422569443654
-22.11711630315789
-22.1093604233887
-22.12432925031347
-22.115975048483843
-22.11538151800087
-22.11011557415934
-22.12467503847173
-22.128354934414684
-22.141615977184596
-22.136909559320856
-22.139743395180734
-22.129807220760174
-22.12475566287046
-22.14154036446801
-22.145459350878998
-22.15818382316455
-22.149896499737043
-22.14900768996448
-22.147213585097283
-22.1441001993443
-22.15259206036744
-22.153327364219944
-22.15072378687429
-22.137978052449686
-22.12750210801738
-22.13978234060747
-22.135981682589293
-22.148323129038314
-22.125582921442
-22.13490236370128
-22.14002373592884
-22.14423983101859
-22.141771498303196
-22.120090670012015
-22.139096796343374
-22.14650176405937
-22.140628465318667
-22.13832203894769
-22.141296098413452
-22.13167632211215
-22.13344967336089
-22.13407588949705
-22.128796042461843
-22.128765610332238
-22.13771065803928
-22.14263533007483
-22.14037586469118
-22.131266106501315
-22.1261107107392
-22.131486109373625
-22.11711910586121
-22.10399226971819
-22.091171061223427
-22.098118128004504
-22.09599514473038
-22.09303325339803
-22.087667533517273
-22.093226576394635
-22.096878913780724
-22.09233924807076
-22.10470146085147
-22.120675859727903
-22.115667918039527
-22.11024593327774
-22.117140072020735
-22.10922081654147
-22.105992770315048
-22.117062313261325
-22.109566240327656
-22.104819755245412
-22.104219162012917
-22.095262022472358
-22.09737097709044
-22.091495874762515
-22.098908514215253
-22.118594611000162
-22.132342607428264
-22.11137300438183
-22.117227185210076
-22.12391975770693
-22.118425467001618
-22.113172944213236
-22.110711347014142
-22.11183992359229
-22.111350677554764
-22.110981591537104
-22.117259162244896
-22.11726691534452
-22.113248369521106
-22.119211849579273
-22.10503742099334
-22.108740930782186
-22.10652950521986
-22.110946319893937
-22.117822470733262
-22.11532706653216
-22.11904440863503
-22.126801083361983
-22.116294256671804
-22.130137183216327
-22.129273931618602
-22.108272637695627
-22.114104536440795
-22.10206186707035
-22.109698507552416
-22.109336426666495
-22.110445868142143
-22.11049540630712
-22.111985495036613
-22.101833124171623
-22.107604969686932
-22.117310182798512
-22.1263574407868
-22.129926320458495
-22.122356004713644
-22.121968854801192
-22.10385766433843
-22.10892718662032
-22.12777719917555
-22.132625249198654
-22.141385148628892
-22.126042462288748
-22.13071293503872
-22.13193844225721
-22.12559409146672
-22.117633520724272
-22.11778150027392
-22.116298514095433
-22.12109687302935
-22.129988274783425
-22.117112346341408
-22.107101162098335
-22.115770527025273
-22.10804254692073
-22.118425063296975
-22.12992048241382
-22.13282615780018
-22.150833890171675
-22.151004287646312
-22.158657297966776
-22.155665357840896
-22.157335423218772
-22.146417052474067
-22.135206879774433
-22.129107595376368
-22.117779800418862
-22.122909649366626
-22.114782393307976
-22.11581878283039
-22.127396428461516
-22.139483779333688
-22.14348976387495
-22.142815800753137
-22.144276069129877
-22.133840967239966
-22.112981639845746
-22.109848165208923
-22.117038412850455
-22.10782763103005
-22.10311250241152
-22.11126881273568
-22.123297976895696
-22.12715060888497
-22.11736094118905
-22.115432495587868
-22.119229771315055
-22.127127744250174
-22.137734933922165
-22.13140930764626
-22.106599420580142
-22.103063767595238
-22.111749471487297
-22.12075474852717
-22.135571223803932
-22.13673902919726
-22.1350461797155
-22.131573360306966
-22.154197877761128
-22.147429622425555
-22.144598020734943
-22.150303818094343
-22.15814664240057
-22.16042897249612
-22.148215447387106
-22.144790270812454
-22.135057796439934
-22.11100837860497
-22.116677338489826
-22.119122104681377
-22.10927328839113
-22.102995203208387
-22.121080799892095
-22.11835661058562
-22.11467936849164
-22.10723564988474
-22.10886807868345
-22.10569436333357
-22.100751737568814
-22.10569175060867
-22.103764211136625
-22.108729584318038
-22.125053096631508
-22.116128493279106
-22.124668333615013
-22.140886528530576
-22.132405125449047
-22.12061210354008
-22.125035264911464
-22.132105447110312
-22.127723525601468
-22.1305588371597
-22.14958562149046
-22.1437365105814
-22.140240069600328
-22.147499620347073
-22.143641644653535
-22.143139858337396
-22.13641181387375
-22.13555620959235
-22.13076011099938
-22.118330509837165
-22.110436972596705
-22.111876211538746
-22.117892648184228
-22.099795784614845
-22.103452355630377
-22.118851275780376
-22.110821277657653
-22.12362179573226
-22.12857593360387
-22.124929082011217
-22.121687424680285
-22.11787945033677
-22.111890543325853
-22.108023089995424
-22.10949096433277
-22.12445799755252
-22.123312183581852
-22.115589190669454
-22.11948190104808
-22.115576179723366
-22.10844630889739
-22.115895500423047
-22.113371567848922
-22.12590244113271
-22.12242523171499
-22.115004700393573
-22.12806511708832
-22.113238898485616
-22.12499854169317
-22.131363228713713
-22.136809925038037
-22.137847362949454
-22.136133422091845
-22.131493628309087
-22.123447776263887
-22.1111686917241
-22.125017958092457
-22.116670906838312
-22.127340949507897
-22.12678058655457
-22.125257425225893
-22.13313243709417
-22.12611207819328
-22.14847970562676
-22.153023135332155
-22.146644208581467
-22.138573350149617
-22.156687675765507
-22.15230252635494
-22.15678518166601
-22.160681110040596
-22.162485173997915
-22.142862458104048
-22.145174214605106
-22.149301838553498
-22.153063799087114
-22.152582825530306
-22.13588097380449
-22.134672962006974
-22.132033505411215
-22.121762039529266
-22.113386334148597
-22.101707938566147
-22.100627193254
-22.082970743504053
-22.07615797279128
-22.08059319307645
-22.089285089104724
-22.094423752205472
-22.09146981955372
-22.08279775636319
-22.08205224474849
-22.09028079408359
-22.105316766245576
-22.109913577389097
-22.10488972655
-22.12639330487852
-22.13281568901694
-22.130675829659786
-22.132797414619343
-22.1315156670464
-22.133603630007098
-22.13574875719994
-22.136116303570425
-22.145485215551837
-22.144759149877864
-22.143562274423115
-22.131073808077964
-22.12001176262495
-22.107883288075787
-22.098221815429063
-22.128822595277832
-22.12400994987078
-22.134128300885983
-22.123851909144527
-22.11748120450538
-22.12966744201322
-22.132874976586194
-22.139025957547307
-22.136995145654886
-22.132447538547776
-22.130937646549675
-22.118217241290562
-22.126787640116063
-22.1297487085311
-22.119820702166127
-22.11798420245856
-22.128408716771123
-22.13921457222729
-22.141947275980318
-22.142402530418828
-22.139156670835945
-22.128431530141015
-22.136071209878338
-22.14126375026241
-22.12650421935571
-22.130346988203932
-22.123222380354832
-22.130404986961043
-22.13499066500224
-22.141711784345432
-22.13529337079825
-22.13667710801765
-22.136192352529896
-22.10885497482078
-22.12584383312631
-22.122790826166337
-22.12818057785491
-22.1258711629069
-22.119972933440362
-22.128806357545205
-22.124005901737053
-22.12304482676366
-22.120785097930675
-22.120422724959617
-22.116322497111273
-22.126266875142235
-22.134623609386363
-22.1196349394355
-22.11155520219904
-22.114365551107124
-22.124431881511743
-22.129856979707938
-22.114358493492198
-22.125977437234926
-22.135464853024615
-22.135935581613033
-22.114101863778934
-22.125041403043788
-22.132980399445124
-22.140233273477488
-22.140713388390925
-22.15726974122474
-22.152640323459245
-22.143361114940955
-22.14622763167429
-22.154189808458685
-22.150734212821177
-22.16560151590786
-22.158836732895917
-22.159564672418636
-22.162688259552315
-22.16241226502338
-22.160413404751342
-22.163775561988945
-22.166053347604638
-22.164907188980557
-22.155387480525857
-22.17325882793853
-22.16392466178067
-22.159799861604704
-22.151849421042268
-22.143831745298023
-22.13716635635388
-22.13856130756572
-22.149584718977888
-22.148826879851537
-22.138853835519765
-22.134299287254645
-22.133243245128927
-22.135434074290718
-22.132221865521686
-22.119367397555234
-22.116689805541732
-22.10759572106976
-22.112898726118722
-22.115621597473027
-22.11325324061712
-22.121321193013483
-22.124860553561632
-22.11604095906471
-22.115492289252824
-22.128825707301033
-22.134638130683285
-22.144496491962514
-22.132259329202153
-22.12902170248745
-22.136838310460238
-22.128419492723065
-22.131169712839093
-22.131503356732665
-22.109412665582525
-22.10717857721412
-22.11043045233091
-22.10798370509351
-22.105202672900997
-22.103910015484033
-22.122836605074088
-22.12428385539203
-22.115508068202036
-22.098972311909662
-22.10388131155872
-22.116625830671513
-22.109981702709675
-22.124991925463963
-22.1251903484409
-22.126030508405485
-22.14617984710741
-22.12902131725854
-22.12172523892269
-22.11774766412302
-22.10849165156999
-22.105844300357383
-22.096618627246773
-22.10139634577893
-22.095546245466718
-22.108381957328536
-22.10398093904501
-22.110129116338108
-22.102903176332845
-22.101748131852997
-22.096730750959914
-22.091939947589587
-22.094956038418427
-22.08611226036143
-22.080581404367035
-22.068571415298923
-22.0524832132108
-22.06404210214635
-22.063567811566628
-22.070712174139224
-22.077975485106293
-22.081238532451323
-22.107220674067346
-22.104189863175403
-22.121516491073177
-22.122794720151006
-22.134593775355498
-22.146051304035762
-22.131696682348707
-22.118723835750362
-22.11138901066899
-22.11506879001985
-22.10684993268898
-22.099924834119
-22.09657902572834
-22.10835935737268
-22.114441452813182
-22.108268105504965
-22.121237557379402
-22.106212778962327
-22.100253790222627
-22.08437796366958
-22.09145356030031
-22.082693374615967
-22.0942582965422
-22.100504861114196
-22.10818979424478
-22.112804920388253
-22.107556091169137
-22.09551594395263
-22.10016573780694
-22.11670066567286
-22.129543135082542
-22.12717849495024
-22.116859173875312
-22.1093291893443
-22.109924144453792
-22.12441169068188
-22.11289937404577
-22.12133982963503
-22.11367996201825
-22.12630077934763
-22.125843892348108
-22.125140536862165
-22.121836604591213
-22.12565903589856
-22.11321439333178
-22.096238181163063
-22.09856642187931
-22.099107126272656
-22.08916848615865
-22.088596033956364
-22.09412257104118
-22.101779922321473
-22.119504032196414
-22.121050035582506
-22.12598081454853
-22.133628928042647
-22.129465885798425
-22.130274894153438
-22.13926210666762
-22.140250985084343
-22.134447879242234
-22.13504276517741
-22.12403115275539
-22.1256261053789
-22.125365843378773
-22.12822710112246
-22.140254721303858
-22.14615153159883
-22.15446088810845
-22.147336468185607
-22.14674674346615
-22.140705387036753
-22.133768206788744
-22.131468803347946
-22.12949633910032
-22.120037585045537
-22.11485555923245
-22.13101279152356
-22.12056330473648
-22.122189630535992
-22.113038609325617
-22.095380259277164
-22.109767001870097
-22.101145821848334
-22.106809334801586
-22.10597540595438
-22.095962594107522
-22.09258952143556
-22.09795256861118
-22.094272781712952
-22.093593449992824
-22.095614903967945
-22.098928320893236
-22.0984530585216
-22.106678680641814
-22.104101977671604
-22.103236096910486
-22.108969740445595
-22.11516189275614
-22.127577689043594
-22.14694527143862
-22.150838115261006
-22.147823805604254
