44.0
43.84109007746491
43.67934554936245
43.50389746359015
43.30156723898511
43.07001839774389
42.83546094372776
42.56866008470306
42.29903429400474
41.99751325464639
41.661702667248925
41.302821294851555
40.94168814185118
40.50890812329895
40.04422655643184
39.54648368964826
39.041603263087445
38.48607571049085
37.867769978833394
37.20817837547813
36.54289421989435
35.85519961176704
35.128287637553306
34.32170454845557
33.495314337342556
32.6030457844213
31.717591084013424
30.75413129381114
29.743493170182006
28.70086180676408
27.622753388702897
26.515920386601938
25.391144630046412
24.21274322625433
23.095564344868876
21.84044779912163
20.59351516597493
19.343236702704562
18.107996549905963
16.860109320117783
15.62626467132967
14.456876543895234
13.248962441758822
12.085560935313971
10.916220248644978
9.746270813662631
8.61159919764759
7.465824619902578
6.351370311990846
5.316930376010977
4.252475401233406
3.2487495448548604
2.2702061464391687
1.3345078673973763
0.44009554241230814
-0.41432383702270814
-1.2526427300831464
-2.057726069265737
-2.802548810216402
-3.5409644067566277
-4.255092650720721
-4.962067088983168
-5.6030538970248225
-6.191482878856404
-6.752574548074158
-7.314679502607103
-7.822044261616714
-8.313881383001654
-8.79439066526094
-9.252229012618187
-9.659772370319093
-10.072030738248891
-10.451390179945932
-10.810013326511418
-11.135633596864983
-11.454049112636095
-11.750065509103688
-12.043579608008153
-12.318232599258197
-12.575511958514815
-12.826761422367358
-13.057357019648869
-13.24921451914099
-13.44724606650339
-13.638657186212189
-13.825401163006223
-14.00681777576843
-14.161679782553776
-14.293712774215898
-14.433171763139752
-14.583380262667005
-14.726586681125386
-14.84700735499452
-14.969780055133617
-15.09019453835262
-15.188710508266915
-15.289770758222271
-15.38554663834887
-15.485309983531447
-15.576520594814092
-15.672005568442103
-15.754877712982962
-15.844396517902748
-15.917268165893653
-16.006710993771954
-16.077047861447234
-16.146005644459077
-16.22454507870927
-16.30049823275785
-16.36098731768311
-16.427020556940075
-16.474153598825502
-16.52048282875061
-16.568949899449855
-16.617519410997023
-16.663763239440733
-16.706744275653232
-16.75185979290078
-16.789060225006175
-16.839650559256885
-16.871135954025988
-16.91646481973448
-16.962981304236983
-17.006510524729258
-17.0472416347511
-17.07843813106472
-17.122877226037406
-17.156699255823096
-17.191687910955757
-17.22929998301651
-17.256811896655027
-17.291162993923066
-17.31200689272737
-17.346178096760323
-17.367085342331105
-17.398281945186465
-17.425066888187388
-17.469665512060455
-17.49772304918414
-17.520739013499277
-17.541453474009415
-17.57209086553913
-17.600019103103676
-17.625442848012096
-17.660194440908917
-17.68888287279214
-17.721042331497763
-17.753545148318704
-17.761341161368392
-17.78103108546809
-17.802657586767065
-17.839376437689804
-17.85658053225919
-17.878739222280785
-17.89568562389284
-17.901174666282287
-17.917443239368097
-17.934166252939104
-17.948309830058886
-17.96956851764366
-17.978857967297763
-17.996202873675927
-18.021908851105426
-18.040150761954553
-18.06578123207274
-18.09837342666118
-18.118519545489356
-18.137825720686763
-18.154446454866243
-18.162055451892304
-18.177490867635846
-18.193885930954956
-18.208300424202484
-18.219663380735863
-18.233273047058415
-18.25195748107166
-18.26775630301961
-18.28208940777441
-18.292888273831323
-18.311160119730808
-18.319069665653437
-18.334348361029665
-18.341962604603637
-18.361872280436188
-18.374350250825763
-18.384670330712357
-18.400424210550998
-18.411261158571765
-18.42443810672159
-18.443927865164504
-18.46030848969213
-18.489805947257764
-18.487594417280523
-18.492820573571304
-18.49806144305745
-18.510821729891713
-18.526828547230036
-18.54216874518775
-18.55179353836348
-18.57187242363361
-18.589211720519724
-18.595498797827688
-18.5978358759576
-18.599197009331792
-18.603784380576176
-18.62165297990205
-18.62975641419236
-18.637576123235682
-18.639483682866324
-18.639806283272534
-18.648640219737135
-18.66667959732022
-18.68061099290167
-18.687281706450317
-18.698138891638262
-18.713069328868453
-18.726511724215776
-18.72999459294539
-18.732641697185436
-18.739352015898483
-18.742880823279766
-18.76027446271986
-18.765874680834393
-18.778450121363548
-18.781158648650347
-18.785184546652157
-18.798254268631077
-18.811636980318458
-18.828875869954395
-18.84008449308205
-18.846920280755054
-18.858855504874548
-18.855234793671624
-18.868403599120576
-18.877229148520414
-18.876005311016716
-18.881396984551063
-18.893453226161597
-18.9021579907004
-18.914798241909793
-18.920856190752513
-18.922948073004335
-18.93850615313541
-18.93613877369204
-18.948870585035422
-18.95038580353398
-18.949146620062912
-18.958316131600657
-18.969309819362763
-18.977403632038893
-18.98505352255473
-18.99074852581338
-18.996899757966993
-19.00403762336576
-19.007712056730423
-19.011802740296666
-19.024825584690653
-19.023002082418877
-19.024773700988067
-19.042174682126213
-19.051000378912708
-19.054705859784455
-19.07284480589248
-19.09006641825078
-19.091994900426602
-19.102861372742076
-19.11328093359926
-19.116348701609734
-19.12169585649757
-19.126810928733182
-19.14161911978833
-19.14185891128043
-19.14864486597013
-19.15903865716652
-19.16391906041082
-19.17435756798967
-19.179780019074204
-19.19035271143863
-19.194660328387375
-19.19735546782343
-19.207359622643487
-19.213416760448975
-19.22018150982379
-19.230948773172628
-19.238753674327203
-19.245320573021164
-19.246240615082765
-19.248629150825664
-19.25494715077153
-19.254915283036496
-19.264058729166045
-19.26234829411052
-19.269124254725572
-19.27325630655232
-19.274208624212864
-19.282883173235575
-19.279504295753437
-19.282114853245954
-19.289504533451908
-19.288428821256165
-19.311326883732846
-19.319175987963717
-19.326420541356182
-19.339730803348882
-19.33953474738976
-19.34284982433227
-19.34950406993488
-19.34819372534654
-19.349522182744543
-19.354637481492215
-19.353743282538886
-19.366370313029428
-19.37566777017038
-19.38725335029039
-19.386951247673917
-19.39789093550159
-19.40794356909015
-19.41637430540814
-19.420115098589385
-19.42838671962875
-19.435119067418437
-19.446417045567603
-19.460526431361412
-19.463949215036518
-19.47228656151603
-19.474525038459863
-19.477073048138777
-19.487361455963377
-19.498697371330277
-19.50037981530263
-19.519680286293344
-19.524272210543348
-19.521946998599834
-19.52757489875038
-19.535141142283024
-19.537223207368925
-19.548403998513574
-19.553748465891786
-19.55818030784891
-19.562053855546417
-19.566112323103976
-19.56648178279898
-19.570328884389774
-19.567678764190116
-19.579825953947836
-19.593177569895264
-19.590113263391686
-19.593979843879275
-19.603663011419577
-19.616565984890077
-19.619937787134216
-19.63004169208359
-19.63022548044121
-19.623161269560867
-19.624483297723522
-19.63022120307291
-19.638124876877157
-19.63754673962096
-19.63446562667063
-19.646455943835456
-19.648270833950864
-19.65990924460748
-19.661665865432507
-19.664248649332038
-19.66918698367244
-19.679767746444934
-19.68869236482223
-19.693272230923682
-19.697356838594832
-19.693251895888142
-19.70319348383367
-19.71504184581444
-19.718053305278882
-19.732502796081338
-19.734988896285838
-19.745706813321235
-19.748651464596872
-19.744444796613553
-19.757491322929905
-19.764142501516634
-19.776506847903313
-19.780182003607766
-19.778019647140695
-19.78194442556288
-19.78890116596637
-19.79180464092933
-19.799701693687457
-19.80822148661183
-19.81859426856015
-19.820364158672607
-19.822655976541444
-19.83224772062167
-19.8341382888781
-19.83106180584469
-19.834775092849892
-19.837098733646577
-19.843568351563665
-19.846256030709466
-19.852778766925905
-19.85683283934881
-19.85555175198625
-19.871734474065075
-19.87617368747459
-19.872188451922874
-19.872674377161694
-19.871235390423905
-19.871627268456788
-19.878880396126586
-19.87500212669218
-19.892108522978855
-19.899006953928396
-19.909485624669554
-19.921998773887207
-19.93329914473507
-19.938338139130007
-19.940116555777013
-19.942689700594734
-19.952434513509754
-19.958616049991058
-19.9579132145862
-19.953668818401468
-19.949670343439855
-19.956523093985812
-19.95945162924728
-19.96192437979768
-19.95507255411336
-19.950269559440386
-19.949504791497304
-19.962209411228038
-19.956784467691154
-19.955394917898026
-19.95606241038471
-19.96156665002652
-19.960908112892632
-19.971476392361254
-19.967420302624333
-19.95855069984275
-19.9602788483582
-19.9663683669101
-19.963557756829086
-19.968636839399117
-19.974690722389894
-19.980753458090216
-19.975416499945226
-19.981299230267343
-19.98847410582338
-20.00094143500427
-20.000499304817488
-20.01635686948521
-20.018480475412527
-20.03360525286392
-20.02832117190162
-20.038108468920612
-20.048839439779044
-20.04592095173025
-20.04765423494644
-20.058720297426884
-20.05802659281898
-20.075256720487264
-20.079464167561916
-20.080277263947867
-20.083478944016864
-20.082167011497123
-20.07632786780943
-20.079508226634346
-20.084076484253163
-20.086359334003856
-20.0857318548227
-20.090446590913167
-20.100824033457897
-20.109433080174693
-20.11084795336465
-20.111428323999135
-20.12248996618337
-20.128263506190393
-20.132334079260705
-20.133523380037445
-20.137488719629886
-20.14439577086299
-20.15131816863288
-20.161616393093162
-20.161325941366556
-20.16535569810434
-20.169813528646355
-20.166870699413394
-20.169386386577095
-20.168139922065325
-20.17142949321017
-20.16989420949595
-20.166837391402638
-20.17888016644759
-20.17767717620167
-20.183801857411478
-20.190329671039002
-20.19486707199954
-20.201956295848824
-20.202446913378825
-20.21130532892869
-20.21650081140181
-20.22311308107459
-20.22896825151148
-20.227672602680133
-20.236642753747525
-20.241861620797494
-20.24578582124584
-20.250755753294563
-20.263520306102812
-20.275444143561515
-20.275290730302345
-20.271090745529825
-20.280315480892227
-20.28280666652006
-20.28705680450776
-20.292254123411762
-20.293135229995233
-20.288940192624878
-20.289992391307536
-20.289721672037842
-20.297978233620306
-20.301659036908063
-20.31056583557635
-20.31327013388364
-20.31800356044012
-20.32827514188324
-20.34421018023876
-20.345407380047888
-20.33879799646582
-20.34603742887709
-20.3455669631707
-20.345472253908206
-20.35175867895666
-20.35026912999792
-20.34950136558992
-20.355695977084427
-20.35857582209637
-20.36956436523311
-20.38322009243712
-20.395500818245644
-20.404691560447755
-20.415665075105874
-20.411881528833987
-20.413295455014172
-20.425761269176395
-20.43199981466393
-20.436234080994556
-20.437773531255047
-20.4394972855146
-20.43261205946266
-20.447703818722346
-20.448109886241593
-20.453251670111634
-20.466644634307205
-20.46596027736572
-20.46303609963206
-20.46678154564522
-20.472731395792238
-20.486690362741587
-20.484353183857618
-20.48138016147536
-20.488983762425935
-20.49832371241187
-20.507989479565477
-20.515722033813454
-20.52253025377613
-20.525825767419718
-20.533994688491166
-20.53609225520197
-20.539893993928
-20.533867182011026
-20.538330752759965
-20.531328979991276
-20.53291744206014
-20.545014399228254
-20.54989305624962
-20.547346630807937
-20.550730810014716
-20.55282685405259
-20.561666948336775
-20.571378983486266
-20.575017641817222
-20.577593136017175
-20.58431807971936
-20.585063823044052
-20.58799321738363
-20.594525412234894
-20.60140005914604
-20.599781971912613
-20.59564553368252
-20.599528247217616
-20.606176924615312
-20.613912472611634
-20.623007247376787
-20.62391099445962
-20.62173037576584
-20.62216632689542
-20.628729433180894
-20.63297736752679
-20.641499714625354
-20.640829143972198
-20.64034481700874
-20.64427715923617
-20.650558659673464
-20.667529844004026
-20.662471162693148
-20.668155225977117
-20.675647405633427
-20.676289758905796
-20.6932802061791
-20.698496936276968
-20.70787434542584
-20.70943690304566
-20.711861170192407
-20.71826660476875
-20.72226222293512
-20.713886554312378
-20.724310559019987
-20.73064073044551
-20.725549951250507
-20.726448955477533
-20.728923034715518
-20.725824755354438
-20.718040198324474
-20.713174042601835
-20.729361949282755
-20.72531491852848
-20.72872473597148
-20.738750594161008
-20.74686783126289
-20.755044391281636
-20.759846884407967
-20.76769328769542
-20.764012315620715
-20.76206007544609
-20.758635132507216
-20.77698681367571
-20.769458783077308
-20.77182424658405
-20.77370999037338
-20.780705580919648
-20.78949805967311
-20.78788760889437
-20.786201019608956
-20.782998642633288
-20.785707877308983
-20.79480289178524
-20.804437043640927
-20.813272205388568
-20.813702813174807
-20.828977154714526
-20.83024319695487
-20.838061100983353
-20.841476990216382
-20.83419826939564
-20.83623003022469
-20.835893877111054
-20.833067443801884
-20.844954005134994
-20.857799692653202
-20.864609321709572
-20.859981322644437
-20.869481031516823
-20.87588940483424
-20.877426317131633
-20.880518401546844
-20.882059235056488
-20.893416462485323
-20.898697453876917
-20.895037037778735
-20.904151241533373
-20.91380014113805
-20.907915862891294
-20.91727945741094
-20.913178605027372
-20.912546105979278
-20.909509666763537
-20.914026690679005
-20.918336854146983
-20.932831302905267
-20.9329959284504
-20.92636009040182
-20.92681690067958
-20.940208199680047
-20.947894317764646
-20.949797814244754
-20.941811145405655
-20.937916076326275
-20.9385940458356
-20.935163069055026
-20.93760887334804
-20.934229386292696
-20.92945810350841
-20.94110728174403
-20.94872177873294
-20.959426883029828
-20.960804570955933
-20.961773199190247
-20.956553543732937
-20.960363139927537
-20.96581204308572
-20.963498939236878
-20.96934715876628
-20.97618119278619
-20.969679874290055
-20.97534858623681
-20.979914998523657
-20.980599524812792
-20.979076783919666
-20.982792867978183
-20.979156791823527
-20.969655196607377
-20.975641839773164
-20.980957508072574
-20.976660902469895
-20.990594646853662
-20.993461957868906
-20.999028450974553
-21.006836772532345
-21.0157077162975
-21.01837501739873
-21.011785079468424
-21.010421094004663
-21.01998395147828
-21.006225821557514
-21.00682170242479
-21.00406748722278
-21.004508213046062
-20.998004935651444
-21.002893145718264
-21.004618371176594
-21.00216428619009
-21.016790647720292
-21.01138301806855
-21.02674424064627
-21.037078190480614
-21.033381777359033
-21.04218071093423
-21.04184978903138
-21.04303674266492
-21.03829673892004
-21.050577486711486
-21.051766452096444
-21.06485514927042
-21.057674642375186
-21.068096290202
-21.073738401081076
-21.072305235855545
-21.07864477402323
-21.070629180410908
-21.07379754219853
-21.08944097414747
-21.106156734052554
-21.10360788187007
-21.100004529252217
-21.10527107394062
-21.096501174636742
-21.102283842467397
-21.105485978504323
-21.105491470877535
-21.112110284711733
-21.11097559030072
-21.114172707942476
-21.11469782575467
-21.123593954646285
-21.12820633189969
-21.13590414017734
-21.147083122627066
-21.140185289578707
-21.14375366013478
-21.16043599543158
-21.16474293281504
-21.15420603716525
-21.163740952785933
-21.16322439252202
-21.168157317375346
-21.16643300384093
-21.155369447025155
-21.144607186139822
-21.148209085259385
-21.153449038005366
-21.162554139902497
-21.16656066503472
-21.166437761752007
-21.173070548565768
-21.180500008663564
-21.179138143184225
-21.19211328924087
-21.192126184961996
-21.19782416834628
-21.19118643545008
-21.199381291120847
-21.194530545222747
-21.194470396641428
-21.203380712917163
-21.21007523891566
-21.20117606297601
-21.204891425632436
-21.20525479258523
-21.198782384442428
-21.199025601400766
-21.20132959509617
-21.209694501469315
-21.21561069319773
-21.223129026681807
-21.231442497785235
-21.224393951652424
-21.22993183439493
-21.232452543650055
-21.240655388352383
-21.23938965388625
-21.24400380584305
-21.24836675955402
-21.24774627678246
-21.25434757650297
-21.25995636199852
-21.253097909844122
-21.247735936821343
-21.25469343424715
-21.25761080099518
-21.258404848711535
-21.26049682511683
-21.261946808940124
-21.257610192566762
-21.270473487056
-21.2766798279046
-21.278276900106203
-21.282725389386837
-21.290089149975653
-21.29279628174477
-21.293782411196123
-21.296293999030947
-21.29973281606158
-21.291954335183227
-21.293644750692433
-21.31159244940511
-21.305938319397303
-21.316245123680687
-21.32080074499066
-21.32736858170416
-21.32996870727753
-21.334184618471195
-21.33626954165824
-21.33826709583068
-21.33870685727728
-21.336849037352206
-21.339628127088226
-21.350134582110083
-21.346725327296685
-21.358969838250026
-21.36371401145587
-21.361537075718008
-21.35756206629373
-21.36166076182469
-21.351718012209197
-21.359273732331594
-21.37328318872612
-21.37429347437442
-21.380267162557605
-21.3765691012903
-21.369079197773026
-21.362266039883718
-21.363675045229165
-21.365292705255985
-21.367065780351528
-21.369075223043772
-21.36643920220732
-21.380772414753658
-21.38340301010015
-21.385211121209217
-21.38691035423784
-21.392362033030288
-21.39305779711662
-21.395823818780155
-21.39853715380002
-21.387805730937373
-21.39565659167737
-21.415294221960803
-21.414185704733093
-21.409030183943738
-21.409142846406873
-21.418565123726204
-21.410262299368124
-21.417708786239828
-21.417484234674646
-21.416947754296455
-21.4291329866371
-21.434425529122613
-21.42232302330409
-21.40998366823563
-21.412428153862567
-21.416854613144206
-21.429043743290578
-21.437328141549585
-21.43896797173235
-21.43210533207698
-21.43302058698122
-21.427008535547834
-21.433423697561384
-21.438444880887893
-21.43648006064653
-21.43423475599491
-21.45037324157014
-21.45367699122818
-21.452457391035022
-21.451714973240858
-21.46701329173653
-21.468104159656267
-21.464390048628754
-21.477406950880884
-21.47168942576632
-21.473912239078345
-21.470290779586755
-21.47261355303488
-21.477931362168754
-21.474942364502724
-21.482746003233185
-21.47960236323888
-21.474006936065095
-21.48580168475897
-21.481676990262653
-21.482152738138677
-21.483815194612212
-21.4818166957294
-21.488082867465337
-21.497596943303417
-21.492862471644422
-21.489702461856243
-21.475686289196695
-21.4844636888919
-21.48372084450768
-21.48471002250083
-21.48845601131219
-21.487842453901813
-21.493446849157955
-21.494911606867245
-21.495816470842072
-21.49539482187441
-21.494539145799354
-21.488785490978117
-21.49276031098338
-21.494717038372386
-21.505306208677883
-21.509746354428803
-21.512957233189553
-21.5112803351521
-21.51624506967982
-21.52191490234809
-21.531708568412174
-21.527472319550327
-21.523891612985512
-21.528235094537774
-21.519657593741123
-21.528054832485896
-21.53529347061976
-21.54396034307808
-21.550937692016593
-21.56083376061468
-21.563137131426892
-21.56181976615799
-21.55828476064398
-21.562797489453562
-21.566007756099562
-21.57394282905088
-21.561828980649306
-21.568163657284334
-21.575588422607144
-21.569311730892817
-21.565604176792117
-21.56485067470006
-21.564585541260207
-21.56552271975621
-21.56741836198675
-21.576253751989338
-21.579401686287017
-21.587857036093304
-21.588401233010288
-21.593591045009944
-21.591398592886346
-21.60255462998767
-21.613679049594285
-21.6055750495096
-21.605517960359666
-21.61868139950215
-21.619307649892523
-21.616941607820124
-21.618469686946238
-21.6196511702177
-21.62236989959865
-21.619279140874873
-21.614941072947136
-21.612083238649006
-21.613064664604423
-21.60856819953658
-21.607459047302385
-21.614849864211216
-21.621877916293887
-21.626820721041156
-21.63398970336057
-21.646956178407113
-21.64426756996221
-21.649075575044876
-21.652617865810715
-21.658459313566425
-21.66569032591127
-21.670181545096554
-21.666694297341873
-21.660526190095055
-21.65646448010667
-21.66369042947746
-21.661769153557895
-21.65216747889176
-21.64724972311906
-21.64716439441513
-21.65712168885777
-21.65697948327703
-21.656126729815565
-21.664186235941617
-21.66426418058674
-21.653355651753785
-21.666839038085264
-21.67905528629004
-21.691631799200678
-21.69989707385609
-21.714506246412288
-21.717686527467293
-21.709570524728488
-21.715843401199397
-21.71198073729906
-21.713590404575786
-21.712512520510053
-21.714576486145344
-21.71810816792812
-21.72006109979438
-21.708272995614323
-21.70440840185977
-21.706214452478708
-21.707192067982177
-21.6993437584255
-21.707808991423928
-21.707652177537465
-21.719240897322635
-21.717653214791458
-21.720051898643906
-21.71855848727018
-21.712114995767532
-21.71283984622098
-21.706782803630418
-21.715824847440214
-21.710730180110758
-21.716386701533466
-21.7259314868995
-21.71962994028637
-21.72023642747025
-21.721214073981116
-21.713253502193503
-21.704564231318574
-21.70435650981507
-21.705392781973917
-21.708364483866596
-21.712051537810765
-21.707584974074216
-21.713393460427415
-21.702393289626112
-21.70967107256065
-21.703606102836623
-21.705470185968455
-21.720678162714535
-21.719392682251737
-21.70955679153917
-21.710660466180965
-21.70853747619649
-21.71397770871124
-21.714678756096866
-21.716274779614288
-21.704039787031068
-21.710198888337647
-21.703206041818323
-21.698592152488153
-21.706123774436467
-21.70986016693382
-21.716392726984544
-21.717662542982076
-21.721163131085124
-21.725810702226187
-21.73593335566479
-21.7319471735034
-21.729588778053465
-21.72735049311623
-21.727037991249457
-21.72379964107672
-21.72574861404439
-21.732528916779028
-21.733905215257337
-21.727709324603143
-21.727666122174497
-21.72825544266366
-21.734560776361224
-21.72984470451464
-21.720096728367867
-21.728242463188465
-21.73098261860688
-21.72971704475208
-21.72643405062416
-21.720001825813767
-21.723954067339974
-21.717434421698805
-21.713245344266806
-21.712619301919936
-21.711999843919443
-21.712573738205368
-21.725853195753
-21.726254742007953
-21.729321936734845
-21.734608465697086
-21.720630137662482
-21.724969788075516
-21.734620954527767
-21.723506783664742
-21.723569689170503
-21.719944332639894
-21.719300684740233
-21.72705422628431
-21.736825715874907
-21.73947552725063
-21.747501483756704
-21.746418510617733
-21.75100696716218
-21.751146827720554
-21.75960045933532
-21.7557305680452
-21.754250176932374
-21.769142057754056
-21.760613677194883
-21.769281438744805
-21.77491244635577
-21.776025980859874
-21.777242841256953
-21.779232066339805
-21.77907727112218
-21.79239958259283
-21.796330550591055
-21.78977135566857
-21.79169896328174
-21.791884462219944
-21.79725994924154
-21.801382358306952
-21.818165177084875
-21.817765171702753
-21.825867018244548
-21.823072650651646
-21.82690290699773
-21.830598299759224
-21.833586313392235
-21.826299614371184
-21.830036160410952
-21.836398068044435
-21.842604417612606
-21.849507147171906
-21.857832232994834
-21.847992226315196
-21.84987870370971
-21.848618634914754
-21.85229821119976
-21.845879582797114
-21.838409828309516
-21.845490741762806
-21.848505762066523
-21.85200822824298
-21.853988824182863
-21.860465815052844
-21.85740276884309
-21.85925920759569
-21.860398206884334
-21.863046549990226
-21.872072765353575
-21.86710114558074
-21.86852650567227
-21.872941484043697
-21.86274558089311
-21.862505996187803
-21.87320870218278
-21.88045153432661
-21.887299115585293
-21.88787627107904
-21.875723809039314
-21.877311128407563
-21.880350237231298
-21.883204096275918
-21.876268049869477
-21.870593079538274
-21.867424233503144
-21.85508562680918
-21.857049340228855
-21.858068140021743
-21.860872979526953
-21.840936364741463
-21.85080911312955
-21.848545501843326
-21.84275970861998
-21.843417256222654
-21.840492432269787
-21.840276598869973
-21.840341672902987
-21.8444467471294
-21.852657985925507
-21.853934686452522
-21.853717866893653
-21.847101104992834
-21.852922208569538
-21.85866737237792
-21.856815468257366
-21.864153171523828
-21.8546392262022
-21.859739692740707
-21.85294526894122
-21.845787669324785
-21.84929995078906
-21.85755913969273
-21.857769845764455
-21.845411442776054
-21.833710734588117
-21.83597628993088
-21.844844811068874
-21.83957813463237
-21.839131223107717
-21.84140436644123
-21.841714294849748
-21.82898995967396
-21.83966781248095
-21.83635535982146
-21.84322595112383
-21.846905053306937
-21.848265438217556
-21.85136598861003
-21.855461758159212
-21.870591421832724
-21.871395753482112
-21.87043577625492
-21.870095026639305
-21.874585502456537
-21.86402457996592
-21.86471542626129
-21.86299792381088
-21.856462968142008
-21.85967070946151
-21.865724597956536
-21.86394121288223
-21.87403135814757
-21.874976118626144
-21.87827941339227
-21.886671714761295
-21.889332605351584
-21.8892276034556
-21.882576792756392
-21.874858169920422
-21.870161340955768
-21.871100409357457
-21.86949958947902
-21.877252715317567
-21.879354934940654
-21.87660397585896
-21.884702476037138
-21.877953522293232
-21.872869975009237
-21.864006739712146
-21.87069588991953
-21.87748694651171
-21.881188619080906
-21.885636725816
-21.880735208460305
-21.88752510122875
-21.88598819194934
-21.884712381779654
-21.89336421187362
-21.901992450180888
-21.89835729541732
-21.89656495686385
-21.888335163814382
-21.891409207917167
-21.8915458916755
-21.895622154464277
-21.88526006193474
-21.889252077925324
-21.898874499019442
-21.897073092899525
-21.899064321562527
-21.898762391311248
-21.90638115773606
-21.913638300413922
-21.914036581969956
-21.905369449404603
-21.9056801297381
-21.909288530127792
-21.904828397025344
-21.902870756015233
-21.906683254264248
-21.901818585706927
-21.89605930768338
-21.900174795351727
-21.902606818661187
-21.895720631184307
-21.90657521386781
-21.915017351037772
-21.9194774015056
-21.92794044612294
-21.92903201799843
-21.92920601738623
-21.926138719687494
-21.92453036587138
-21.92994070684459
-21.922989153369805
-21.930152068670335
-21.931015397651972
-21.931988418660044
-21.925968072322554
-21.922701725742023
-21.925891901216858
-21.920861403626667
-21.92108250894293
-21.91887659259817
-21.920174493615256
-21.908655229172222
-21.913442850208146
-21.91690280022713
-21.91805706891684
-21.921221257382545
-21.924196634557102
-21.930732956795147
-21.930952994089658
-21.93258673880792
-21.9414903709999
-21.938601436356514
-21.935612463634975
-21.937831654097035
-21.93552855819396
-21.93149416165575
-21.94253518687917
-21.949084283034093
-21.94859677813195
-21.95384593940317
-21.955541081332708
-21.9477490755385
-21.94618282384333
-21.95170382032268
-21.95265378031978
-21.94870126178149
-21.94935575543455
-21.95038554731125
-21.94177502831287
-21.94234534788881
-21.94914256673276
-21.94334265663327
-21.94917249646245
-21.948376141033624
-21.94332941265205
-21.94061310809245
-21.941582138575082
-21.946211804850314
-21.94561988099996
-21.940805438193674
-21.946823455804893
-21.94955653941331
-21.950691755705844
-21.94358966297681
-21.954499664974584
-21.948306201850258
-21.944420982973725
-21.946219040509494
-21.951168511429156
-21.95012016238742
-21.94467084117765
-21.957310603430678
-21.946791445194936
-21.949223954055267
-21.951068011404477
-21.947888670800246
-21.950386574729688
-21.94688528868628
-21.963561588732833
-21.959408517839805
-21.954969898058454
-21.951581486282237
-21.943869013083685
-21.945790923042278
-21.944384642051467
-21.94862323124578
-21.94912948369831
-21.94545925520617
-21.96222917151437
-21.959745340180984
-21.9545829073116
-21.96738225993419
-21.97536080896638
-21.9808860798399
-21.98162325653882
-21.982996247106076
-21.97599185309799
-21.96862006091017
-21.967408547050503
-21.962784800466505
-21.969199054146074
-21.97311265295709
-21.968555876945764
-21.97216859291786
-21.97185798618944
-21.968186203807566
-21.970418639535847
-21.969116726898463
-21.97402418727611
-21.967546479744257
-21.967546287818926
-21.96948100285815
-21.97373128852761
-21.97907469344271
-21.985358645062256
-21.990466076181896
-21.992257349760933
-22.00793176205144
-22.00953099261914
-22.013931400863544
-22.019502215851464
-22.01590627454053
-22.012302260589173
-22.008715567151658
-22.00822293978131
-22.016482291483836
-22.01695304311654
-22.014602639601673
-22.01620922132674
-22.013713094707345
-22.023676047936398
-22.0351462018267
-22.03983194821731
-22.036022421539382
-22.028512341239495
-22.018368973497672
-22.014675054366936
-22.0068144790562
-22.00866946183442
-22.000077846216016
-21.997603162727316
-22.001508729615136
-22.001433409646516
-22.005742446967584
-22.004068997181506
-22.00635962477941
-22.002701430036435
-21.988815223126515
-21.983252850541188
-21.988235913247344
-21.996458647447234
-21.987610715904985
-21.99613309198762
-21.99910839251738
-21.99849616809641
-21.998020929249122
-21.99817752745213
-22.006660707584118
-22.01568352142624
-22.01548916161314
-22.010791414356138
-22.001854471234555
-21.99854756771098
-21.993965644867018
-21.992235062544854
-21.99358668942213
-21.982374416842664
-21.97401576506109
-21.97890502772148
-21.985922601228253
-21.98436873643487
-21.994913629176803
-21.98782604080894
-21.98345550816574
-21.97472752486005
-21.9914756754065
-21.98865920913575
-21.984256461014013
-21.992385175061965
-21.990209624124322
-21.993066650821397
-21.990236933193668
-21.99013549081498
-21.98631271954071
-21.989429542089184
-21.985795350265462
-21.985895559237125
-21.98905484817537
-21.991940920447078
-21.996822986982725
-21.998993706339594
-21.983986177336956
-21.990084659701303
-21.993864068385413
-21.989251296254032
-21.98114859104692
-21.975832052416443
-21.973181828596324
-21.968474077623007
-21.971943047119687
-21.95587314288271
-21.957882220889008
-21.965105952765267
-21.96041121849658
-21.952410707563995
-21.963498788105134
-21.967511465755354
-21.976426073162234
-21.98160240329237
-21.993992722343766
-21.993250469462083
-21.983890406574506
-21.983567987372396
-21.988967639222988
-21.994358568455624
-22.002374324608663
-21.997531857198787
-22.003776259759057
-22.00274448307487
-22.000723847792187
-22.003272855507234
-21.991124301035587
-21.999239800341012
-21.999451974712308
-21.98562414546744
-21.98928961116016
-21.99721533513443
-22.01057508828877
-22.000865776218223
-22.00006930382134
-22.010610510555736
-22.013630370587762
-22.014657869965372
-22.01681127679709
-22.018275047746457
-22.017747318794278
-22.021062945029666
-22.02163088590211
-22.026864976807158
-22.02452691729852
-22.026649778022772
-22.024666023112
-22.02565941363104
-22.038340777044937
-22.040661914702966
-22.040693232942207
-22.038197545547472
-22.041459011674473
-22.038967844750985
-22.036922616600215
-22.025101349273246
-22.02793866344738
-22.002895315564547
-21.99614645010802
-21.999538742643715
-21.99848696195064
-22.002621052726543
-21.99357487854212
-21.996048481727808
-22.006444713568285
-22.01991362870941
-22.02451676860335
-22.03012099877818
-22.019286779072925
-22.015755255970895
-22.02087531006344
-22.026067815862834
-22.02617534714162
-22.03280330762395
-22.037549524477758
-22.039428655174476
-22.041360770293316
-22.029715426381987
-22.02249190508245
-22.012925971154747
-22.015687444913173
-22.019033998600875
-22.028366412823328
-22.02556064616862
-22.03061104443813
-22.033369797768508
-22.0312984439212
-22.02396534116419
-22.03639642916955
-22.04097466997181
-22.034310581890818
-22.03935952790131
-22.041237162936465
-22.038170387764335
-22.037027933958807
-22.03292125656023
-22.039520739976922
-22.044002670267947
-22.049391276913962
-22.04570801308126
-22.04795200886772
-22.055971068330532
-22.06067176456943
-22.05819782484121
-22.060831109790616
-22.056655352876295
-22.062652657411398
-22.063135577202974
-22.055338498873887
-22.054399901827267
-22.057465947859413
-22.058843364161586
-22.062442642495757
-22.059507703454802
-22.055631413343423
-22.04659570447926
-22.049333693998587
-22.047509892024493
-22.05271205451592
-22.053158934636077
-22.044054870230976
-22.040583882173117
-22.03686412956112
-22.028785896166216
-22.028130951166663
-22.018486734918394
-22.01883850191714
-22.034160020540174
-22.032690740648512
-22.025312154255307
-22.0312658880221
-22.035594157664566
-22.028893265504628
-22.033479964424178
-22.036931479595193
-22.030027809521126
-22.02362063772591
-22.01240449201836
-22.011366081085576
-22.013801748647264
-22.013793621947002
-22.00820663494883
-22.009065278532756
-22.013968093180804
-22.017471800993572
-22.016539978087195
-22.015433810299506
-22.018349992717464
-22.01380469969098
-22.02263353521652
-22.036375807932245
-22.035765126056923
-22.038611946540914
-22.04077017000766
-22.038005675992412
-22.03719128635482
-22.04084986267063
-22.042550316706063
-22.042101891511628
-22.039298637141748
-22.049712309511513
-22.042763901748295
-22.045732993319806
-22.038773071018806
-22.041450341676928
-22.046937639265614
-22.047701472941515
-22.040977264297887
-22.039386324601498
-22.03830328474632
-22.048087641541215
-22.046964279827975
-22.047866043627085
-22.046213834592276
-22.041755237445663
-22.04424451322321
-22.047017038666954
-22.047598495943976
-22.055050408814495
-22.04959507193907
-22.055809745038236
-22.05181554233428
-22.051806615662365
-22.050270348579534
-22.051889884895207
-22.05193812205176
-22.051088168351292
-22.052978281470132
-22.052019696684727
-22.04930960220655
-22.054855422370583
-22.05122282219447
-22.055215274038297
-22.05570789027145
-22.060479588009446
-22.065158703591237
-22.058934067863294
-22.04694981652396
-22.047689872893713
-22.05033477310357
-22.058451316389174
-22.05391635322064
-22.067215833850298
-22.0669915438512
-22.069151138952343
-22.07010985555476
-22.082394774865367
-22.076947589074205
-22.073456539363715
-22.06662961638423
-22.065073826579965
-22.068930648432055
-22.05817302942763
-22.06036564040879
-22.057007142664226
-22.06432650061713
-22.066613460786275
-22.06588348615064
-22.062262809638955
-22.067198682118985
-22.0674279533501
-22.0710858902363
-22.072554839336004
-22.068954903467944
-22.07447963193411
-22.079197769700468
-22.07251444687987
-22.080122510269252
-22.0788997447724
-22.077561714460586
-22.067621375633493
-22.073717008498647
-22.086698908303845
-22.09529942744652
-22.08977009304645
-22.0893807730422
-22.091990367339776
-22.100047860225107
-22.099388058821148
-22.10117501016772
-22.109611092067716
-22.110762682841326
-22.11023857623322
-22.104799584613104
-22.10685689452841
-22.100091316528335
-22.09794050512687
-22.10487975645689
-22.101128872561876
-22.110736892324322
-22.099756655077215
-22.10673680936535
-22.100823196143423
-22.109017703506705
-22.101738655711873
-22.097678700004188
-22.091072641635854
-22.092034689555593
-22.088719974930616
-22.090758152567705
-22.080096070103483
-22.080072348829404
-22.080080213942455
-22.08097891477101
-22.08321783858719
-22.081203263328405
-22.079978635262464
-22.076011458042096
-22.071720367523373
-22.06669551684929
-22.061209170881728
-22.06615946399609
-22.06631489654993
-22.060102018033863
-22.058615909472312
-22.05757608273269
-22.060686434365806
-22.05144153878498
-22.046225297223145
-22.04277090274598
-22.043497066822393
-22.046691562152077
-22.039923857605054
-22.05232531395514
-22.05228824612355
-22.053244549040794
-22.051782497167423
-22.06317846194457
-22.06241009936263
-22.06711998708804
-22.068584983081276
-22.074910358934915
-22.067235655666167
-22.065676907724146
-22.064945459941793
-22.06152382334301
-22.062673457050966
-22.05451847770744
-22.060562405472783
-22.054997022925814
-22.049817791862345
-22.048111618230703
-22.05452653712991
-22.05335883709197
-22.047164685148978
-22.03943877940456
-22.03057480525383
-22.03542372721563
-22.036877585368188
-22.030936928325442
-22.036747683596104
-22.039067676709895
-22.041014845084977
-22.045480762849916
-22.047831347046316
-22.045981689913567
-22.052870928948572
-22.059271610730644
-22.05894575771364
-22.057211436929244
-22.05201072070062
-22.04473414718575
-22.051879658592984
-22.047095551869223
-22.03691598818056
-22.0405563206616
-22.028608695618978
-22.02585267093616
-22.021534809461855
-22.034757064844793
-22.03253642161295
-22.036286905357873
-22.040185194234706
-22.038413691005616
-22.04228814508439
-22.032999945564868
-22.036316166834716
-22.04200980891517
-22.03205536639699
-22.0331645102474
-22.035214258589136
-22.035089425859976
-22.032337974645586
-22.02782692494909
-22.032740946761695
-22.038630141131215
-22.048258283889837
-22.054125911555015
-22.051623657535007
-22.040321997994557
-22.05289327246843
-22.052654522368556
-22.045643268286003
-22.04942859142541
-22.0365174203177
-22.036650034254
-22.03956271484237
-22.032868379684245
-22.04711048099086
-22.050576342101674
-22.05077715582367
-22.054369679496812
-22.056512503543324
-22.065447458454187
-22.0605242068723
-22.064093891739855
-22.071939755753654
-22.08523097359136
-22.076138405777122
-22.075643917762516
-22.070226533143764
-22.070606673247244
-22.06028332099714
-22.06005201540977
-22.05403158432211
-22.06246790270769
-22.06578198442699
-22.06435430516458
-22.06148566982868
-22.066822462978415
-22.07028514258717
-22.062006319634744
-22.06327769072562
-22.065975099815915
-22.060622632179147
-22.06036814998957
-22.064439401104337
-22.070252515845162
-22.068136759395546
-22.071537929314935
-22.084185357258406
-22.079167745723982
-22.085391063835264
-22.08274788430339
-22.076155513759293
-22.06933425236734
-22.063732533772058
-22.055453496403945
-22.0523220708821
-22.052673278425182
-22.045783629968334
-22.045277728134533
-22.04439156032825
-22.05749240692175
-22.049551851211486
-22.051616126734377
-22.063669049684965
-22.076174156183228
-22.07166596622813
-22.07358335215007
-22.058968739094283
-22.05412046336443
-22.04726838754993
-22.04691978305565
-22.04446283180422
-22.048648721880802
-22.04768555517247
-22.04301071653903
-22.03886944227695
-22.030957322300004
-22.02641611574903
-22.028024061334015
-22.0223357842553
-22.019898071116476
-22.025078209121446
-22.031974258404365
-22.033027414350393
-22.04084967408133
-22.04468688970831
-22.044963255059816
-22.043943422756104
-22.03942455775217
-22.040573072211203
-22.044789664103096
-22.043122408726763
-22.051635647136433
-22.043691697193367
-22.04231768860805
-22.050964575504253
-22.04736443695151
-22.04184587192402
-22.044414192738298
-22.043282566971538
-22.044847580819756
-22.03397785173994
-22.03763832673657
-22.02370934363121
-22.030296443285923
-22.04071735986534
-22.043629613334684
-22.04468353837182
-22.046712394891003
-22.03636793188502
-22.036663450699393
-22.03153126526084
-22.037212455262395
-22.029319929535852
-22.037172426747563
-22.025320929263717
-22.02422809179351
-22.0332872717934
-22.037948704385677
-22.03774303184139
-22.034376324894946
-22.0342804795348
-22.031153930412074
-22.045393113014217
-22.043378330878404
-22.033310896394948
-22.029679599541485
-22.022962397828962
-22.037603184218355
-22.037307547154008
-22.037872775924328
-22.03617792429252
-22.042743485191593
-22.038324103982593
-22.039798315071057
-22.02961991824585
-22.034566418281177
-22.0309597387395
-22.036660589443503
-22.03776910541784
-22.04485486852506
-22.038186296498523
-22.0278133893727
-22.029395873041228
-22.034460153036985
-22.033762390221266
-22.033072774008637
-22.042122924099807
-22.051581366621015
-22.04452567623502
-22.039748824705754
-22.044177177540508
-22.044240418148856
-22.052500154004072
-22.055853166503436
-22.04943812801957
-22.0373880711561
-22.04092346839541
-22.042656744985067
-22.048166216470932
-22.049205928944158
-22.047991873319667
-22.052772762110337
-22.046766018193846
-22.049782426447706
-22.051026637740648
-22.060653921252904
-22.06742445212172
-22.069137704143873
-22.060167442071872
-22.05758585134995
-22.055266545780583
-22.049293237512344
-22.050196022901634
-22.044744971685173
-22.046954814145558
-22.048551781989865
-22.05377189129098
-22.059950652230512
-22.056049583066034
-22.060247121387718
-22.059288477919768
-22.05808752120672
-22.055927809131582
-22.061117688192713
-22.059659045321357
-22.05441035687561
-22.056603510525953
-22.056256230504903
-22.060549033449156
-22.06203754872557
-22.055590993671025
-22.056945686944296
-22.050607022550743
-22.049772968660815
-22.0511963425149
-22.04608525196514
-22.042724879984544
-22.050743401844276
-22.053199991423906
-22.05468533408744
-22.055543425232482
-22.064808792666025
-22.06621520323419
-22.059662211312
-22.062721441638157
-22.058155938333826
-22.052040987347606
-22.053379874471823
-22.052278221804524
-22.054783538110048
-22.05565832806767
-22.055036344226707
-22.053024964554734
-22.052681789657495
-22.045921465452306
-22.05505450937728
-22.05336836262694
-22.0625052234271
-22.070357451582645
-22.083090160996367
-22.089237043467982
-22.079371740732096
-22.09271156490192
-22.10337103706063
-22.103175446924215
-22.106908977233402
-22.106663789541958
-22.11210122228337
-22.116594539361937
-22.120455407117365
-22.1148594574856
-22.108302845406087
-22.099451280710028
-22.09128181553076
-22.095770423003675
-22.09302289738089
-22.085998604650708
-22.086728104620878
-22.08609169508623
-22.089515658282988
-22.08503825740895
-22.07044997000196
-22.07828668588966
-22.08310905504076
-22.086731320008944
-22.082868254185684
-22.065517404628828
-22.071482208510723
-22.071807913571156
-22.063046274454297
-22.063214790727045
-22.063543596009836
-22.055838765518043
-22.053823544360956
-22.06023187796779
-22.071410429032166
-22.073483407957045
-22.076865381365035
-22.07175321626154
-22.06192329510936
-22.07320546301138
-22.078922102378787
-22.075835688016255
-22.06430483497116
-22.065905625628492
-22.06454863247032
-22.06830231332421
-22.06570057874053
-22.068413921247025
-22.07145469951182
-22.08315570089942
-22.086642093265024
-22.087453160240763
-22.079212244683088
-22.085118289351758
-22.08549090360834
-22.081929355304013
-22.09293580431744
-22.092178536777354
-22.084059910189282
-22.093264377584536
-22.084731815141357
-22.079829205333507
-22.075468132294958
-22.077148010216597
-22.08007377895636
-22.080746882582748
-22.081381047426067
-22.08164785167715
-22.081671408103833
-22.0754706731903
-22.071213058139858
-22.07638750435094
-22.074345882443584
-22.075983414358998
-22.074799504865517
-22.068840759723113
-22.065817752308288
-22.06417216554233
-22.06259420100102
-22.059490927995004
-22.066326873955134
-22.06122051114087
-22.066186566034357
-22.063509138085404
-22.067493110349183
-22.073784956192565
-22.0727337300294
-22.074817702841052
-22.063582952226245
-22.072284310178606
-22.074730637778984
-22.068889211627415
-22.059214557689813
-22.055419326615215
-22.045190078161035
-22.050684821511208
-22.051469008193706
-22.044708203868066
-22.039502862113405
-22.050774927134185
-22.04973424926919
-22.050082468673796
-22.050298792329766
-22.047730814957596
-22.05122897600576
-22.053275985989796
-22.0491235370035
-22.054872653558782
-22.053806038156683
-22.055149455503237
-22.06945260928404
-22.081025132116352
-22.084227034482094
-22.092969223034448
-22.100159195208736
-22.099385123641742
-22.09632564414417
-22.101832793304517
-22.098665275769147
-22.092999348687556
-22.09046864479106
-22.08464226592746
-22.085912586745813
-22.07615554658672
-22.083062557662693
-22.08650760813492
-22.084022100381507
-22.088700735194614
-22.082632841033547
-22.089446693186108
-22.07755237388062
-22.07463973674097
-22.080515266957935
-22.075530801525154
-22.082030937200056
-22.078871679195842
-22.084668630189352
-22.087734549017377
-22.072423578371534
-22.071650659542343
-22.07658417673424
-22.079588189812437
-22.081604131109113
-22.09144373566927
-22.091674483730767
-22.091353925449656
-22.097703474333763
-22.091348544433465
-22.08175774695183
-22.085528805947323
-22.072635414340755
-22.06362735922167
-22.06474568766745
-22.051413064726454
-22.052117417702206
-22.053753827184508
-22.054236703283333
-22.04993151563891
-22.069268210635585
-22.072387912586745
-22.07837546472603
-22.072765476698077
-22.070788667773083
-22.074831343902417
-22.072109528124958
-22.06361734451585
-22.063168097845193
-22.06114335552031
-22.066681346644323
-22.061865264653
-22.052799134492705
-22.056639387196782
-22.049249274738955
-22.050576623413818
-22.04834989381342
-22.052373494230174
-22.05519790710066
-22.059762382424193
-22.063875083055635
-22.067207940118767
-22.074702878836966
-22.066436903533198
-22.057216463260584
-22.0524063599405
-22.058404951048082
-22.057117728718556
-22.060539659434852
-22.072286489598415
-22.077690688551932
-22.074912026680057
-22.06602864866124
-22.07106600176304
-22.072759616096736
-22.075247475076406
-22.079353315918684
-22.07942996858448
-22.07705024433242
-22.070635098550476
-22.07424051033311
-22.069567548673014
-22.06004484519749
-22.062735825588977
-22.066949225982594
-22.070614619956064
-22.080623298253112
-22.078642822107735
-22.081238762325114
-22.080726486209613
-22.078530210538908
-22.079573791307453
-22.07482117617497
-22.083591316630795
-22.082998753069948
-22.08829752535614
-22.088152294145342
-22.085024043277024
-22.088356123463797
-22.084677382130508
-22.080682641873082
-22.08595097113529
-22.07650480786299
-22.08233319755433
-22.07749377772729
-22.070903345627112
-22.07502343044576
-22.075911968845844
-22.07241956285758
-22.07618896348601
-22.077930917637236
-22.072132181807664
-22.06639290625622
-22.073619925882188
-22.081707465969743
-22.07636157763761
-22.079852320617107
-22.07609936101037
-22.079733907241387
-22.07789021535208
-22.079059954113337
-22.072155815297638
-22.067216541845347
-22.071279154864634
-22.07509539760859
-22.06030085287193
-22.050984803409992
-22.0552967827724
-22.065714174618364
-22.069864500278445
-22.06915824457814
-22.06902621124313
-22.072181728312874
-22.070186359396292
-22.082269731611277
-22.07534297584728
-22.069546067386042
-22.081166215307928
-22.09430608706989
-22.09365394476357
-22.092494671022077
-22.09227013051512
-22.090143975904887
-22.085132251757482
-22.080646820037437
-22.071837144171162
-22.075590332065595
-22.08332199839866
-22.073946895049676
-22.073715627460437
-22.065265643734907
-22.05651648125532
-22.068213602678398
-22.07088119708114
-22.063186838855703
-22.067960850652018
-22.057660373686954
-22.058571278224974
-22.056936085326186
-22.05860333366633
-22.059182274783883
-22.058662082646407
-22.05847446161641
-22.057602791754128
-22.05117816326359
-22.049390253189486
-22.046523817394252
-22.047462439594128
-22.052398455642965
-22.0486249470753
-22.04383588711781
-22.035988751502984
-22.037383148291532
-22.03869609707842
-22.044979536698797
-22.050749886415996
-22.055648109720252
-22.06139125532587
-22.056881138527253
-22.058659914865938
-22.064631930461967
-22.056882683817147
-22.05316262915884
-22.041378836312365
-22.03877622759492
-22.042456817053186
-22.051625817052724
-22.053267207212436
-22.052148200485558
-22.05398042633656
-22.05361792688444
-22.051380263511412
-22.045014452776236
-22.04622326625744
-22.04536571644304
-22.04916694029551
-22.048275767626333
-22.047078604485428
-22.049135277993795
-22.061406803164246
-22.058318607376755
-22.052783667904677
-22.053922347658563
-22.05329554736252
-22.053057358583096
-22.046770265998592
-22.04077136384099
-22.046465894298386
-22.049120207911077
-22.051605037274587
-22.050506683079753
-22.05590881385326
-22.05864517822092
-22.058007663746768
-22.064283088597627
-22.06180235488781
-22.06002927614411
-22.067344185290548
-22.056187411137472
-22.05591748322573
-22.06009522487727
-22.07349983097742
-22.072053017657495
-22.081242639765495
-22.07555537834205
-22.06804625601481
-22.084256322150203
-22.0893438092155
-22.082165753563864
-22.081639176916525
-22.080924292385152
-22.076862914434646
-22.088663252690395
-22.0808493803815
-22.07670217873569
-22.080417074264506
-22.072234609262132
-22.071038204206186
-22.077746693738376
-22.07300960379107
-22.067877793936784
-22.066787568443733
-22.076097044492897
-22.08064862825951
-22.081594216370263
-22.079230397683894
-22.079210402319163
-22.079065063823876
-22.091748605917957
-22.089295773333415
-22.078773554341527
-22.08519646975628
-22.075476011340132
-22.076972652340018
-22.091085835863698
-22.10422242022635
-22.103481520586303
-22.09891685586896
-22.093076739890762
-22.088353300598968
-22.088571947055094
-22.090055037492544
-22.089517396571875
-22.088474618249407
-22.10181751960889
-22.101168194252963
-22.088373114599058
-22.08537968489997
-22.089045711063516
-22.079011224430946
-22.080248017788303
-22.068687657345137
-22.075860075170713
-22.082811383594535
-22.072513892626144
-22.067913676257994
-22.065793205680016
-22.071518628763943
-22.076433759256506
-22.077030518225104
-22.08662120761932
-22.08461332792602
-22.08836530919207
-22.092037260512452
-22.095812463620465
-22.107594087500434
-22.10198462801768
-22.101832894155734
-22.093359965062536
-22.095135143441027
-22.087528488208115
-22.092246181488328
-22.098395752737286
-22.09258186870643
-22.087561646698017
-22.08648807584743
-22.07729698046852
-22.069509526221374
-22.07198906662509
-22.067270742574454
-22.06149292406712
-22.059425209624777
-22.055292339746945
-22.04332388516093
-22.045054324651318
-22.050082535363334
-22.046545770113156
-22.055579105023064
-22.059292426896494
-22.06130154322973
-22.06656296502048
-22.063642544103878
-22.05493303001454
-22.067269909564246
-22.06621326679896
-22.06024570424359
-22.06941874622184
-22.064870388241
-22.07211963875861
-22.084656005112585
-22.077478665088208
-22.079799050513493
-22.093007780891053
-22.092433107164567
-22.098951308226013
-22.105162300932353
-22.106686956085
-22.110128496246507
-22.112459842557147
-22.109253216961562
-22.11328108771235
-22.112611307474836
-22.117627856662367
-22.120834869008526
-22.126749819340336
-22.118897518182866
-22.119724065449727
-22.11826839225346
-22.112587124777157
-22.11612257446095
-22.10853343706531
-22.09160958714312
-22.085418041159272
-22.083248575217812
-22.08042616335555
-22.0894885307089
-22.097482440687607
-22.098968305915793
-22.088472249635974
-22.089859466015646
-22.092920657256933
-22.09799828258041
-22.091476348828536
-22.09059224629305
-22.08978723102306
-22.096559456099435
-22.095547836683703
-22.087730169264077
-22.089639376394647
-22.087675813829946
-22.082534803222302
-22.078560321523813
-22.078395580112574
-22.083936183543724
-22.083030259560136
-22.08694061317056
-22.07607210712364
-22.076629483062998
-22.07415801425955
-22.079022429571584
-22.07712157756077
-22.069390552149535
-22.073566799952218
-22.078164599278153
-22.082771199210296
-22.085887197737488
-22.089789908555076
-22.094924254306115
-22.090334039792594
-22.099088950228147
-22.08295589742274
-22.079681827618913
-22.078144438144683
-22.07809429360456
-22.070433174990647
-22.07157592493358
-22.07140722783331
-22.07753786270328
-22.077260538025104
-22.072473445793733
-22.07134696866619
-22.070782675307893
-22.07136292838968
-22.069289611600134
-22.069697155315023
-22.062112920511186
-22.05835814633568
-22.05231361053501
-22.052193989098924
-22.04971189704729
-22.058459621625165
-22.05847033530294
-22.070134413376298
-22.076076400503474
-22.07044181301584
-22.0772135334346
-22.069798799097534
-22.06643208344902
-22.072811853200662
-22.06799231246876
-22.065657588976435
-22.068757309392655
-22.063400745706765
-22.068440000227543
-22.073751531980076
-22.072796684533184
-22.066094720301955
-22.065762975345066
-22.06804746023816
-22.063722873066258
-22.054875037631383
-22.05063014136307
-22.056240809521316
-22.05317649470781
-22.050173231034933
-22.05618432269156
-22.05480713197989
-22.062947917687143
-22.062166551292986
-22.053515969196326
-22.05083815951667
-22.054622535391356
-22.05798373818939
-22.074494261824658
-22.077496608928257
-22.076570025891517
-22.07220079711388
-22.072170385439676
-22.063430686828823
-22.06675412435785
-22.066108309622294
-22.058642650212434
-22.05567064191587
-22.06129070104636
-22.05720610957544
-22.050704918266252
-22.04390117935063
-22.03588656603808
-22.04417689101616
-22.04405520392739
-22.047529029918216
-22.052072461480844
-22.052116335572265
-22.0438806819149
-22.04790946824249
-22.049830321504015
-22.047694073078382
-22.044964845758372
-22.039336302113693
-22.03827429505067
-22.039132688510545
-22.04893899999486
-22.05465805464857
-22.05427901726841
-22.051023491326532
-22.072030308155917
-22.06802388796864
-22.064307676546292
-22.075924874461805
-22.078737792352136
-22.073089420146804
-22.07310627972953
-22.080049373582373
-22.076908216633214
-22.082439024993963
-22.079278019549715
-22.072409851103906
-22.08411410383048
-22.078691696592024
-22.076618690042785
-22.082599765194804
-22.080435580592376
-22.092083393068837
-22.085010509878163
-22.08464894329764
-22.080280261185
-22.08927448955315
-22.089251569992477
-22.094107603993155
-22.093601711033767
-22.090669249980767
-22.096600870535507
-22.1062184528496
-22.108515178614542
-22.102129026572165
-22.100739556842264
-22.104407700722614
-22.096429151345422
-22.100209736679993
-22.08384750175846
-22.07472935958489
-22.071061777624106
-22.07436374107765
-22.071932945838263
-22.06469548636968
-22.056481683851757
-22.059656918743322
-22.05935521118091
-22.049465930360693
-22.049598211028442
-22.05055063445041
-22.055141276598484
-22.05863434482209
-22.065051923648877
-22.059677957993163
-22.062554948037867
-22.0649007048099
-22.056031548103128
-22.049772879381965
-22.063439487099995
-22.068680872060863
-22.064202852453086
-22.058395560592334
-22.06958329419146
-22.07136508965082
-22.072707696628626
-22.065280336466923
-22.06094584374977
-22.05055095098358
-22.05655890602871
-22.052528632553894
-22.064102683544476
-22.073459151179023
-22.06751978652251
-22.063974173657467
-22.05772755630357
-22.045697309694322
-22.04574169174522
-22.049095120142514
-22.05014651955043
-22.04543791305173
-22.04817945212347
-22.046206756720398
-22.043218289965377
-22.04281734143876
-22.03908583668355
-22.042786892689687
-22.042778693440688
-22.03201866710533
-22.029873940905595
-22.035654917428587
-22.02912679598553
-22.036418654969175
-22.040437619166447
-22.03683201628178
-22.04012640246353
-22.03449400635844
-22.035194504770633
-22.022657642707454
-22.026593866295485
-22.028149999123343
-22.026151909218985
-22.030119656796764
-22.028669093830114
-22.034988533767763
-22.034786541369687
-22.043936731943848
-22.0432340211064
-22.039535717329603
-22.038240296587432
-22.030906941570542
-22.034136660004602
-22.033831743609174
-22.0355941120883
-22.03898597137696
-22.039642718242526
-22.03975265963947
-22.038472018541075
-22.039426360914234
-22.041094335478757
-22.039521428828635
-22.034458803578982
-22.04098295033244
-22.042312157568016
-22.04464137463447
-22.051820479413674
-22.05511658234538
-22.055662694764553
-22.04800641908786
-22.04023110021281
-22.04107600762666
-22.043224314486245
-22.044626278209122
-22.051003394216963
-22.053700517830265
-22.04626399451655
-22.049614392847737
-22.055906425020478
-22.06480756161875
-22.06535991230201
-22.075152065905634
-22.080341556805728
-22.081627548521446
-22.080549899682545
-22.09419520303955
-22.097751767803025
-22.096433592311882
-22.101369253337793
-22.115697076325755
-22.109337912456265
-22.121139285576636
-22.11491206011265
-22.104237090800407
-22.097138282235104
-22.105496101471143
-22.10647256674801
-22.11140711766732
-22.108394670553643
-22.10114825991928
-22.10012324371559
-22.089304299458522
-22.094050946917726
-22.095297790841187
-22.08683088665076
-22.090973943612894
-22.096318344171877
-22.09129476150037
-22.095645583125084
-22.111459749650628
-22.109724964388267
-22.116763673963714
-22.116192022020673
-22.107747103658557
-22.10779645527916
-22.099541151801944
-22.09544925117603
-22.088418158325386
-22.092711088498852
-22.0836892831862
-22.08748035474149
-22.087559114096706
-22.088826437024235
-22.0843820232981
-22.08454294488472
-22.093192079020596
-22.094873515286782
-22.091294371758394
-22.092078728278683
-22.100085813681037
-22.096674734014428
-22.099480917582778
-22.101538660842287
-22.103488105127067
-22.09876012218303
-22.09241566166135
-22.098338907503877
-22.089275025516798
-22.0935903141899
-22.09958381948682
-22.098691496051995
-22.096407041597445
-22.0992498346682
-22.104588429083456
-22.11022130948019
-22.11432118783018
-22.1081495429632
-22.107412634456082
-22.11402882923826
-22.108947084130524
-22.11022260740727
-22.117125838166945
-22.113793824050187
-22.11445712608523
-22.114038773734727
-22.106669013407636
-22.10511760063616
-22.10466356776716
-22.095096115403845
-22.106610619767036
-22.1093988568338
-22.101318427407975
-22.098985303549565
-22.103879715489857
-22.100913435160756
-22.094085015729814
-22.1053023045231
-22.103254733188827
-22.094213639471178
-22.090741952752634
-22.09431039023002
-22.08353323223569
-22.07026111747499
-22.077427948313886
-22.072380645082852
-22.074059808504156
-22.069012292069406
-22.083053868156373
-22.087112871615286
-22.091816705648505
-22.091014404720852
-22.093855016915857
-22.09256320316736
-22.10303846584114
-22.101107466403995
-22.102755874593786
-22.090240464990085
-22.082766153994154
-22.078567868389708
-22.07779115471212
-22.07311324476612
-22.07828680329249
-22.079578865495552
-22.081418185595126
-22.087496957216917
-22.090031349705868
-22.088979580334392
-22.092413769467754
-22.090441819989028
-22.077686419978882
-22.07288482186415
-22.062288097041392
-22.066560022823268
-22.064662930812382
-22.06306069759974
-22.05921784800734
-22.066275443947646
-22.06417926976949
-22.067575061006163
-22.054351238644404
-22.054394862514147
-22.056346721297608
-22.054401277668063
-22.062209384540434
-22.063326578881185
-22.068469007866984
-22.070998330448692
-22.080766259369778
-22.082097796821543
-22.084790126951354
-22.084523547688264
-22.07563370288972
-22.0723878440688
-22.073844327347945
-22.07969590087454
-22.07962241765861
-22.077786409141698
-22.084529556295678
-22.084620182126905
-22.076708895536783
-22.075497861769975
-22.0758855699529
-22.079389475495812
-22.080064393048687
-22.074158490379347
-22.07706939639744
-22.08018432989947
-22.079054745402857
-22.06854970162476
-22.076919243588975
-22.082809164939295
-22.07547215099063
-22.078630746403537
-22.059640101920614
-22.059539683607056
-22.06389384157768
-22.07391645686988
-22.07130370300968
-22.078256818013013
-22.081427206212236
-22.08405013603068
-22.084336702605555
-22.08304694998769
-22.08358542946788
-22.085878099602283
-22.07024446901617
-22.07358249819335
-22.074698156014755
-22.066153111169605
-22.055212714960483
-22.05951077988828
-22.062628530462014
-22.06943075894065
-22.064198910897105
-22.068916043664508
-22.077129909558543
-22.071684585199208
-22.07210712953578
-22.07549171936244
-22.078016542179768
-22.08058758982814
-22.089610540945117
-22.084037472323313
-22.094429286733057
-22.09378394821152
-22.09592459946854
-22.09424228610922
-22.093275110120338
-22.098875532547748
-22.0960157860354
-22.091030590958024
-22.09125824713707
-22.070717834893617
-22.065815976562476
-22.066101667787017
-22.067815401774038
-22.05942688326721
-22.057827891492632
-22.04637544457853
-22.05472004003917
-22.057264751442688
-22.05311392090303
-22.065424941597605
-22.07226816082937
-22.06027403052789
-22.052683085552495
-22.04978482764999
-22.058322974963794
-22.064050587519123
-22.07104449183546
-22.06525849043133
-22.065624331408777
-22.07466078834607
-22.068443220386303
-22.07067836287094
