-22.07352423777417
-21.999217155471868
-21.985966071041457
-21.95769221799461
-21.966174485107192
-21.953777061241578
-21.96159218876446
-21.970351894821285
-21.97669749657136
-21.98023971229677
-21.979315883153355
-21.958734264015394
-21.95036113403161
-21.999266632793276
-21.953692534034587
-21.958258258519653
-21.972404514391414
-21.957239934125166
-21.97431174763991
-21.988648678474902
-21.972590456214547
-21.972781901379584
-21.976001019395373
-21.96806570641979
-21.965852341740998
-21.957983685495716
-21.966315997307483
-21.995283230675547
-21.964754149281365
-21.974987894445892
-21.967995538772854
-21.969280456684228
-21.993680984465957
-21.98360044036609
-21.9588652540581
-21.977509394537172
-21.9700792087959
-21.95889807156445
-21.96026055945785
-21.963877813863636
-21.937194761768424
-21.974057699263756
-21.970256046173116
-21.988692734841937
-21.975464435317573
-21.96537653144264
-21.97384556628112
-21.966272995517656
-21.95987570896953
-21.98039345132814
-21.960180772694404
-21.99463915591797
-21.97606131916624
-21.966598811746984
-21.969954636869122
-21.97786575517291
-21.986758360436504
-21.978999800974176
-21.953669002352797
-21.971980601174792
-21.97073767222683
-21.9694718296601
-21.95630104463606
-21.969504081842455
-21.967790360708587
-21.965651751943316
-21.980342652977146
-21.975720976406635
-21.98525686728204
-21.98154069178305
-21.98338562086936
-21.972385425793068
-21.982234118672203
-21.97643077448006
-21.99211729162449
-21.977048369224327
-21.97421095420155
-21.967124262856856
-21.969158365384704
-21.962796027076912
-21.969876920630757
-21.967486939184823
-21.975276034105722
-21.961672782859385
-21.966300524606016
-21.969395721254575
-21.960904771400173
-21.97747429026629
-21.966986072477123
-21.9921852584625
-21.9880897517936
-21.96262809231399
-21.982709368564752
-21.9753913546439
-21.978563640903403
-21.980135550503622
-21.986098362082338
-21.972975344398463
-21.985311401544795
-21.97226619940672
-21.98458138339984
