-21.919366681751917
-21.91369827865747
-21.919616034092275
-21.91796750138094
-21.91923686763961
-21.912697805835954
-21.90202775895896
-21.889309010644435
-21.876601538345817
-21.871762882772387
-21.85678078342679
-21.866480086342843
-21.862586179606083
-21.857229142903105
-21.876461407932734
-21.877113234865877
-21.880060832174934
-21.864195118416045
-21.877532325194398
-21.87398158096686
-21.886866935115854
-21.890370886006774
-21.890646239454345
-21.896892032610612
-21.885239442774985
-21.87890269826901
-21.873578753795133
-21.87945175428602
-21.879856150294373
-21.898745360878934
-21.883774748343452
-21.886090344243026
-21.896598325302033
-21.89294075305268
-21.907684056314373
-21.913222169640594
-21.91198026887345
-21.91033029348765
-21.933061471006614
-21.920928187034985
-21.91614579144705
-21.918089594921046
-21.915218464025806
-21.900097530898567
-21.887589990379983
-21.891826537046942
-21.900412738749505
-21.899372727149053
-21.9023049887394
-21.892697097527435
-21.891116188921398
-21.875605760971435
-21.86497460720943
-21.863631630499366
-21.865208811857908
-21.863887154841947
-21.866697462786565
-21.89053857134487
-21.90151308980918
-21.89059248023795
-21.87690442555444
-21.88604390821475
-21.88501294626301
-21.884884864574946
-21.892065990669817
-21.89767963303072
-21.89697616940175
-21.89596622024143
-21.893374803979935
-21.895762136532746
-21.890756943351075
-21.900235730333637
-21.906406021277522
-21.889894312112684
-21.888249394068648
-21.88803679638414
-21.8982367688945
-21.873260820031586
-21.87649172651
-21.884853584720123
-21.880748362411616
-21.87513175715743
-21.877060990153293
-21.876352177974862
-21.888091162653563
-21.879220794487114
-21.877465563967995
-21.876927464118765
-21.8823611568157
-21.876937411998163
-21.87991480334349
-21.887404881798577
-21.888521730317105
-21.891019978906005
-21.88196432558188
-21.884109906517356
-21.870696564126767
-21.866149339315157
-21.85700294747738
-21.87057365947085
-21.864129248338468
-21.869826295546787
-21.860641649989358
-21.857951536290702
-21.846810578247652
-21.851586740933506
-21.863989551607528
-21.864977841164343
-21.86176769699544
-21.867519841801908
-21.879469924290802
-21.849034023037273
-21.85008638249915
-21.871429246180362
-21.873212482718678
-21.864371758743463
-21.873299947732633
-21.873848774005445
-21.86445896055155
-21.860759394512257
-21.84960370443758
-21.855038333677676
-21.856316333774437
-21.856654901499937
-21.848584139906862
-21.85657830812006
-21.86159668470154
-21.871801306387525
-21.87226102299086
-21.883814347828356
-21.883413169799404
-21.87563539830601
-21.878683068583587
-21.88191722779181
-21.875613474554836
-21.868466213331267
-21.874262875009816
-21.886911995202784
-21.881682161959784
-21.879274286039294
-21.867351670248176
-21.86540766508428
-21.881665582854673
-21.88929413472198
-21.900801022539643
-21.88757816067883
-21.897113445640706
-21.891591561044716
-21.894490949130883
-21.899250151340546
-21.88436193676074
-21.885557574222165
-21.885270546345932
-21.894208140847145
-21.894917114532156
-21.880538263320073
-21.874168537530743
-21.882983219487773
-21.876435922816203
-21.870377164044143
-21.863114403875432
-21.869058521838237
-21.868346439726686
-21.866336076074944
-21.88234219290478
-21.881887877826294
-21.87293455836579
-21.87316189651889
-21.879574474430996
-21.87889646606688
-21.869255394547604
-21.869356235164624
-21.8712905552233
-21.861590547064626
-21.871930490151662
-21.859963319062583
-21.877033674627757
-21.868045571817664
-21.864463018685914
-21.86557012359474
-21.864107238705703
-21.86800277442925
-21.877147699120776
-21.871123839886174
-21.867143032472637
-21.870521260624876
-21.86418242245325
-21.865477567613375
-21.87820098641464
-21.87693475722932
-21.873028303723864
-21.875073787822803
-21.869928218137836
-21.88452967926752
-21.8945409286015
-21.894181292552737
-21.903060930974526
-21.89584179341061
-21.89007020692544
-21.87395382963363
-21.89130385253193
-21.891270364189815
-21.903355859443167
-21.921423888063796
-21.916688918775616
-21.916216119415594
-21.92216958249704
-21.927350278724496
-21.918222850683865
-21.915752532858704
-21.905484574633398
-21.90371703848523
-21.903441790528994
-21.911775192293643
-21.922696205270498
-21.92050924951122
-21.897588818182793
-21.912334747339823
-21.911137977762067
-21.909434920712002
-21.90978838445343
-21.918661127473474
-21.92803153737418
-21.909698539344102
-21.911140447684957
-21.892532587484972
-21.8964071186113
-21.87180352433166
-21.871838651935406
-21.880792971416298
-21.873693863637204
-21.876578517879185
-21.88065906314074
-21.8596608483352
-21.881761538652825
-21.87973366026076
-21.87655832782418
-21.88041105649781
-21.86522876185798
-21.856764924208353
-21.854986848887886
-21.847357946808696
-21.864733957031365
-21.87297853788411
-21.880965955623182
-21.87655034137965
-21.880244658970422
-21.8755522911218
-21.87073953796889
-21.866459254801185
-21.856257251814288
-21.85706632020791
-21.851684604072606
-21.848002108277598
-21.827761277775945
-21.833655655447593
-21.85403275726179
-21.849502811544767
-21.87063138256336
-21.884840366448987
-21.881929197004776
-21.898947410889196
-21.86922344377586
-21.880880212246428
-21.86847128628716
-21.864639504536687
-21.86867393768934
-21.87040825851534
-21.85250480083841
-21.851061715871026
-21.859387957198102
-21.85018561859272
-21.86797821692288
-21.867177548636338
-21.86895011221865
-21.86226398019547
-21.8779592815191
-21.882087542483685
-21.88889548858768
-21.87907474207257
-21.87788242114641
-21.883401954379956
-21.87362882192954
-21.867803408996338
-21.860085387143734
-21.868449451358277
-21.86492444735147
-21.86661313349689
-21.847035973701633
-21.85157679939956
-21.859552863684755
-21.871514652818362
-21.877775459530064
-21.868117770921035
-21.860318477744755
-21.857692981695646
-21.854633498682734
-21.86941569027134
-21.873767485153845
-21.870428093221047
-21.869161465768286
-21.873953482403028
-21.872724190812974
-21.878654899162242
-21.89986999416552
-21.89723495813309
-21.898003180243364
-21.888458870560225
-21.869486303747685
-21.86500271015382
-21.86860167626536
-21.876156243783416
-21.87142459515047
-21.884186368050603
-21.8830655102801
-21.87904589190383
-21.885799743779064
-21.89213384419488
-21.902133306014857
-21.913633002639703
-21.915199714361727
-21.90895925239347
-21.930860404886904
-21.923726475314133
-21.92954714521125
-21.919937728844193
-21.922509386325
-21.917572037357854
-21.924123137369683
-21.91707532430009
-21.900552594112394
-21.903142075893278
-21.918595658770293
-21.913435556115626
-21.914920570115363
-21.914532858495875
-21.917944556430204
-21.92307775777914
-21.90499725014432
-21.90546269180119
-21.895439247084294
-21.897351991562502
-21.897711480168518
-21.903513000596647
-21.90474726923507
-21.894269206148987
-21.896233625468817
-21.906309701622913
-21.903944651681268
-21.889121479279787
-21.899940793112126
-21.87187959432775
-21.884346775308796
-21.87489867011864
-21.870156968212658
-21.869971125926646
-21.875397825263992
-21.87543343769008
-21.854541207148745
-21.85429174179872
-21.842259481596205
-21.8480241141259
-21.85330676352037
-21.871715154949506
-21.85237386831115
-21.84575186434894
-21.83660011558014
-21.838035490418928
-21.818882075934685
-21.83440987575095
-21.823710704451354
-21.828375961371687
-21.82035044300239
-21.831631699543266
-21.831644242509938
-21.85756787531579
-21.86467803198107
-21.838075571409274
-21.83394344848703
-21.837612632813375
-21.84008691840967
-21.8528750430132
-21.855219987903336
-21.844405947560944
-21.847822164849163
-21.851653329066636
-21.849803562840187
-21.847352872928667
-21.863955619418675
-21.868362846004576
-21.867764602786377
-21.881598837878915
-21.87965320303775
-21.873276941915716
-21.87398678470308
-21.880723096853167
-21.875509346483792
-21.878567348592327
-21.87161351350325
-21.880620610387307
-21.875432180763575
-21.88414546580518
-21.89067916866054
-21.903097597360716
-21.888531197729097
-21.90668944365193
-21.904932210901222
-21.903464624516356
-21.88561638233449
-21.888529591687497
-21.889758935748482
-21.88618170984453
-21.878179771824147
-21.88214032814024
-21.871925216108192
-21.877490605590324
-21.875851665763125
-21.869272491181615
-21.868843487044877
-21.866931549636547
-21.87326885992038
-21.879310882252888
-21.894764930592395
-21.88816674503304
-21.898309167223182
-21.89312720208772
-21.878024116702893
-21.881359878446933
-21.869822193779942
-21.875880109304813
-21.88490810004562
-21.888535872154893
-21.893620787435136
-21.887305507891785
-21.88503157883062
-21.888258049352594
-21.877611391127356
-21.888892115436814
-21.88538335757925
-21.88026091545462
-21.887818910181213
-21.885087166985148
-21.88051663157063
-21.889686266788047
-21.88649275705503
-21.86805281003692
-21.87201576424939
-21.87793431368566
-21.88531872721878
-21.880823609160846
-21.893118948251086
-21.898529042127432
-21.904427056920834
-21.91511596494423
-21.90022297755536
-21.88743913542307
-21.89165861889674
-21.90720643517112
-21.902587456989327
-21.915863767855406
-21.92054861029006
-21.93031324430167
-21.92635237601302
-21.912723275913745
-21.898465113518167
-21.891524446856852
-21.882733029341434
-21.886831886463117
-21.88718357477817
-21.87613016069261
-21.88642883961028
-21.905111284613923
-21.90639013370297
-21.8999116505711
-21.89618384694251
-21.890366883915515
-21.894277923600235
-21.892580115745037
-21.886828629745416
-21.88329746987423
-21.89051989117407
-21.88544064283957
-21.88663690826784
-21.883708362534126
-21.874812044240787
-21.875949248325778
-21.901190367298547
-21.898374451493883
-21.914962132039967
-21.91991950837052
-21.913852510868228
-21.906245797827967
-21.901807626372253
-21.881617979633113
-21.8758668035762
-21.883719530430387
-21.880738896699217
-21.88919046322961
-21.90311706725144
-21.90444313476271
-21.90132030752508
-21.89755709064157
-21.891719398331503
-21.898853185870486
-21.910272488856457
-21.91386476257925
-21.906772406340774
-21.917266717316583
-21.914774726805152
-21.91825717546662
-21.913697158636822
-21.901760612225683
-21.886108647811835
-21.863312285936193
-21.86482154802749
-21.870273138427304
-21.86028229062357
-21.851722612225885
-21.850016568174485
-21.83631508546953
-21.846468661428073
-21.846662044143482
-21.85641866167283
-21.86538225010227
-21.85259295472304
-21.852697738748958
-21.848940466253154
-21.840458579105793
-21.838673665629653
-21.844417252672308
-21.846248733881872
-21.83723689014194
-21.84113712581304
-21.84107538297152
-21.84159096252593
-21.85696694260925
-21.845673317242163
-21.813430957115383
-21.826666420077274
-21.82724014331686
-21.82665961399234
-21.82782238579169
-21.839473414425946
-21.85403663559634
-21.85980266870738
-21.87229847675423
-21.86546171914732
-21.872101742800627
-21.865229193262046
-21.87781947510179
-21.876346056417624
-21.880328512527175
-21.890178634597984
-21.893886966792028
-21.888210067141227
-21.881336069485396
-21.87641285831571
-21.873575057220624
-21.86135936139381
-21.83966418616559
-21.831839367678004
-21.8301672772794
-21.831755424653558
-21.83894341631023
-21.85069537501636
-21.840112251491362
-21.837383864014896
-21.84070770162681
-21.849976580780265
-21.85739855540761
-21.858436290980272
-21.871509016733672
-21.8649616473189
-21.868263407653654
-21.861990880870877
-21.86820722892558
-21.87434439368679
-21.85339425496015
-21.838266337067733
-21.842083130917775
-21.831383610349555
-21.825339257039158
-21.842344108003115
-21.837058459084513
-21.854236225787975
-21.86117419687664
-21.861129268216462
-21.861391639697676
-21.844264578463743
-21.85889813488996
-21.85017353565513
-21.847899642538867
-21.84605212963205
-21.85183138955219
-21.855655511236492
-21.869685804055205
-21.875236267350896
-21.874675898308503
-21.87234345848153
-21.86867292037861
-21.875518249813354
-21.878970429889176
-21.88275706819979
-21.87933057516267
-21.87011301847596
-21.872203790579054
-21.86555364011964
-21.868091109531704
-21.85609126772019
-21.85002139013112
-21.846205558323526
-21.8720036371367
-21.867267869505092
-21.864362593725044
-21.863905063743182
-21.86505606106802
-21.860228156621215
-21.857089189721748
-21.86058987299883
-21.878695996301452
-21.888068534938533
-21.893816169176766
-21.90260739787384
-21.8941521847426
-21.906548401007818
-21.90176666897661
-21.90363819802083
-21.88400205622326
-21.898973920980513
-21.898463281811733
-21.90074053089849
-21.908159002622785
-21.920337209946247
-21.920890226140838
-21.931880476085933
-21.941429311536297
-21.95401951046116
-21.95876054019914
-21.956153435553265
-21.955001710477777
-21.967266713439464
-21.96444616083606
-21.951429037260517
-21.956060987332783
-21.971563774324448
-21.971409535116685
-21.95621207773458
-21.943709605387628
-21.932905804620734
-21.935638068304883
-21.928652930682357
-21.931914021302013
-21.90722318209724
-21.91021019472736
-21.8997893483907
-21.906729792117428
-21.89915351666588
-21.897222026942494
-21.90820806626004
-21.919126278703136
-21.910425550579554
-21.91487901356264
-21.92018350497323
-21.922780756272207
-21.931747980105783
-21.944897165902685
-21.953480927230245
-21.915746568523875
-21.922679385397654
-21.92170191004611
-21.924689588693752
-21.921047154544922
-21.91702581539439
-21.902923004486336
-21.900940855315515
-21.90056822680053
-21.92564490493986
-21.921332181935682
-21.896051343246963
-21.906215538341204
-21.90866763539512
-21.913200439719034
-21.914852941669594
-21.906874572837932
-21.906752365961665
-21.903827969952477
-21.90218248612702
-21.907117116371946
-21.92464438586629
-21.924914518909326
-21.92772384450484
-21.921629939356105
-21.914241387819796
-21.90841560303131
-21.916106728529893
-21.918841645425914
-21.924233029314955
-21.924125207523332
-21.91930270056973
-21.90382801774497
-21.906952600023867
-21.91381908231252
-21.90993106283697
-21.906566331238274
-21.897508222960244
-21.892401768740417
-21.891336135468382
-21.90529021802247
-21.883716456914883
-21.873859904294008
-21.858342620921267
-21.856122043908588
-21.861860248917832
-21.8480069060853
-21.86019835052035
-21.863873819657442
-21.87387219119582
-21.87284264486413
-21.86573697536997
-21.87874142160441
-21.880543114124517
-21.87737382502902
-21.866064311444486
-21.882030333771315
-21.87577009351763
-21.88786138158519
-21.884680731886608
-21.9021784910632
-21.884137202619893
-21.884831656716013
-21.886750154891384
-21.898812102562935
-21.885062500308646
-21.88626629421234
-21.872531595576383
-21.881279426869337
-21.88396949917312
-21.871887830706818
-21.866867868921293
-21.8583200629039
-21.85679052500699
-21.86498944889111
-21.854018846587987
-21.851653918619242
-21.859182168175323
-21.872842134453332
-21.870439340885824
-21.861848671442285
-21.86182320251648
-21.8602779304973
-21.853550414112632
-21.86057550946989
-21.86588637166498
-21.869796176293107
-21.875128669704626
-21.87166072099071
-21.864415762989793
-21.857771467573258
-21.85752922296925
-21.843324024244726
-21.839928462192113
-21.838879180517115
-21.8260173714184
-21.826690828781423
-21.817903250837066
-21.827682256827675
-21.8327432200194
-21.836688490272
-21.824577787735038
-21.830706067995557
-21.83382962358578
-21.835853602874153
-21.862165775234505
-21.865473206439226
-21.858933497453066
-21.867575310595353
-21.879091090426176
-21.86970980762331
-21.861423973358626
-21.848425308611567
-21.83607632007978
-21.84052965704944
-21.83134261022322
-21.84238492282599
-21.852521010545995
-21.860946278475268
-21.868649585665196
-21.845714230915487
-21.854278731216468
-21.852485225023873
-21.83986423141989
-21.836457736998945
-21.843778475776343
-21.84209262467799
-21.863776739687598
-21.855427458129594
-21.85668540431031
-21.853610221620592
-21.857192081888662
-21.853938187052513
-21.845704695648845
-21.84570265705731
-21.844084336406617
-21.84413100340718
-21.850445446651094
-21.827242172789376
-21.82747422272664
-21.833234108521733
-21.82393562029351
-21.824876321008475
-21.818097526896175
-21.810835628593264
-21.810271766560746
-21.811959712611262
-21.81950003983947
-21.836159507450816
-21.826730164499356
-21.856580798715665
-21.850229899425482
-21.85059233550833
-21.847485218707366
-21.839900423740087
-21.847045723027897
-21.854153418495724
-21.856708907780217
-21.856518572925637
-21.856401067346734
-21.85452931257873
-21.86531472267856
-21.862378525754433
-21.857753638455584
-21.86088234974952
-21.855892707395768
-21.87270767600587
-21.876891041437403
-21.881059670136807
-21.90087472107015
-21.9009307637136
-21.90966796631284
-21.9061870800951
-21.895897284315748
-21.892117858788552
-21.901430956152314
-21.892222381449358
-21.889576877278444
-21.879875763691988
-21.898359855237466
-21.887974657619306
-21.873574394691627
-21.86001531522281
-21.852793841975405
-21.863477155303777
-21.873123548293794
-21.860116362305682
-21.847514856884352
-21.841238895136254
-21.846161255673298
-21.870516630050325
-21.87448654033499
-21.861007188437707
-21.861100596960917
-21.868645898860894
-21.879689799957152
-21.9062391631757
-21.913105267450472
-21.915427330015405
-21.902277572821
-21.89448791982348
-21.901529675139475
-21.913471976903427
-21.90830715324251
-21.919527241862475
-21.908086117947636
-21.894176350430094
-21.892444677723017
-21.888349239108944
-21.87183261532795
-21.876980857231647
-21.883532918727223
-21.892183758767104
-21.88660501495211
-21.890823258870842
-21.903073318436046
-21.903604956883537
-21.89052048822646
-21.877192927975884
-21.870541066356537
-21.890785169175878
-21.88640089670412
-21.868190178613617
-21.886036093746316
-21.90059057573658
-21.90045040001546
-21.903908812222312
-21.909376459582464
-21.902038795981895
-21.913631147431587
-21.908625823442424
-21.910346207031775
-21.90878207883639
-21.916544540303374
-21.90904772100168
-21.922263230745763
-21.90819022784963
-21.910302462558786
-21.92932804146046
-21.94529765374456
-21.942976369097856
-21.945267684967178
-21.94553836213204
-21.92133404988066
-21.90331460888991
-21.895676179533353
-21.897590166072497
-21.903331788020743
-21.917969550257858
-21.905698710377436
-21.92067066964482
-21.930660747037397
-21.945724718896535
-21.944662204957453
-21.941956109041573
-21.93118566565116
-21.9305768923493
-21.957831651722053
-21.934401102673178
-21.925618094502376
-21.915267686979472
-21.92820478490801
-21.912515528391854
-21.90029876569928
-21.91427417745771
-21.905158068333005
-21.889780804411
-21.903219653208264
-21.905782058667143
-21.911348322025606
-21.898199029955535
-21.903874610857933
-21.914035598612447
-21.926246784168924
-21.923305481156696
-21.927953781910844
-21.937452033157026
-21.931252395671383
-21.914159950235344
-21.93491112467253
-21.937322932206918
-21.92955978210131
-21.92912436292742
-21.917450308378697
-21.90939420033116
-21.90063777634609
-21.88736231013228
-21.88093360083302
-21.9118582905998
-21.91625076210802
-21.908291185033782
-21.89717660636999
-21.899753733445298
-21.897999167032356
-21.907572258838215
-21.892894442378424
-21.90646181977913
-21.891309977310677
-21.866154556037504
-21.877214656746666
-21.88248732930601
-21.90141631945263
-21.89035264661072
-21.906798295218795
-21.89453455449568
-21.888935441664763
-21.882417262702592
-21.89878147103534
-21.895080658634097
-21.889776960513707
-21.90852172473324
-21.89778486999183
-21.90751175097957
-21.909291486727714
-21.893418272410173
-21.902813755974016
-21.897338063200753
-21.884702894680483
-21.885975023336886
-21.895024763050174
-21.887139368523037
-21.88718250932761
-21.879177422868935
-21.884913470538063
-21.874591112845998
-21.869653216580776
-21.876365683463966
-21.880531777251644
-21.8826917337088
-21.880714600870096
-21.875504001756173
-21.870238944081233
-21.871634632665167
-21.874353595305507
