-21.98458138339984
-21.90702512089388
-21.88225068021693
-21.87845650040072
-21.839860019356944
-21.88812752061514
-21.866394330457805
-21.865705509541023
-21.874329821654936
-21.884226080496678
-21.890408541949874
-21.872722837359657
-21.88402534512405
-21.87316540331259
-21.881479408020382
-21.88190470132275
-21.861773943436916
-21.872647299346703
-21.874415632373243
-21.8887900421514
-21.88735779699683
-21.868312762041278
-21.878614265545735
-21.900604784568227
-21.873235482964553
-21.855093840548417
-21.874960078214507
-21.85921223899405
-21.866768901031108
-21.88056508668725
-21.883387545636644
-21.87998077874499
-21.87281410424148
-21.89462171787134
-21.89295859428833
-21.88120582097777
-21.876434532982223
-21.874745465078387
-21.84727169955102
-21.864331139103882
-21.880517421936858
-21.87146802082865
-21.869616915116527
-21.88416747155783
-21.87630070186115
-21.892343284035643
-21.866773982015502
-21.878590217002657
-21.880421168743627
-21.867561793160746
-21.86747486353446
-21.882544684662168
-21.86448597235894
-21.875602567054433
-21.86457187113711
-21.891565424504957
-21.893249140886013
-21.87350667661156
-21.86812904738779
-21.86458058882685
-21.8768400327579
-21.861236581411102
-21.85685605336995
-21.863779502873903
-21.883658639708926
-21.8630535096993
-21.84517827160209
-21.87464563720945
-21.882646638183925
-21.880424666069395
-21.893031155878187
-21.88117469781825
-21.86209817972167
-21.884582639329214
-21.8756449035326
-21.871440809647318
-21.86956593861509
-21.86670555425307
-21.86744639809372
-21.873858182434457
-21.88498496660023
-21.888041779401092
-21.886941261847635
-21.874300437717643
-21.870152884746307
-21.887683479994298
-21.863640191010838
-21.86402605707667
-21.89242906822296
-21.889145269289987
-21.89193328435671
-21.891257561891386
-21.87740523850233
-21.864538681368494
-21.867779234967493
-21.860330806028934
-21.876147536070548
-21.878103205014767
-21.87423087407312
-21.846408541270044
-21.86756592543061
