-21.85208113574183
-21.842347342290214
-21.83272360156779
-21.819527820544266
-21.824576864503126
-21.838076240629746
-21.848618325771167
-21.827008080675345
-21.80362538408534
-21.81774304398007
-21.813440319601607
-21.83023474729172
-21.828700831676034
-21.829632682697056
-21.837172133150077
-21.847392474167766
-21.835971374897778
-21.816521590625765
-21.826699638117155
-21.838556852134673
-21.816120499418005
-21.816599948046708
-21.833930701002146
-21.82215985704364
-21.80798769090466
-21.807969559522387
-21.80489065864983
-21.816511601498625
-21.805511957677965
-21.80654836020302
-21.813859579294892
-21.803915546159732
-21.802658341181324
-21.784197103470518
-21.755799080726796
-21.745263543900776
-21.732968446528385
-21.74402159571403
-21.753836278962627
-21.765453654715365
-21.78261125017486
-21.78576561621954
-21.799085434392207
-21.798713276110046
-21.80379411700888
-21.796610967468332
-21.80974174819162
-21.81072137691452
-21.799543973932877
-21.789643621295475
-21.79410407241937
-21.78638196941575
-21.78341242438705
-21.76729107743346
-21.767792720752364
-21.774079463405307
-21.78095942821485
-21.775748673338317
-21.777627136881804
-21.78890753320252
-21.784507557406613
-21.786212971195067
-21.786208622046956
-21.784167446292983
-21.774858219305173
-21.76142725773733
-21.77644472180452
-21.793282933407472
-21.796877294268775
-21.7952886193366
-21.793771103006296
-21.786932424809162
-21.79881512155585
-21.809695236473956
-21.80349549679335
-21.801495875948305
-21.781120118248158
-21.79360954875965
-21.790306404615045
-21.795089922731822
-21.783931185313097
-21.789840273343792
-21.789877545625558
-21.79250611016633
-21.784057121730957
-21.78159014296584
-21.77522549148549
-21.77469165738453
-21.769927942516706
-21.76257739713704
-21.77418142633637
-21.75903368301242
-21.768443643626455
-21.75705306206169
-21.76004087137805
-21.76848339064492
-21.776122435078847
-21.783335604785915
-21.774535068201004
-21.770153444616906
-21.777330744063192
-21.77667431602132
-21.78417777861844
-21.78428495145029
-21.778678386420765
-21.789667013285865
-21.75434509981963
-21.76531993982082
-21.754154664620696
-21.752283864153558
-21.770712385776612
-21.756867352718558
-21.729530061417314
-21.740799470364465
-21.736321751299876
-21.746583821292578
-21.74255522613717
-21.743228651293112
-21.762916045898947
-21.75906210189619
-21.769791671003293
-21.760428026901145
-21.771200632745902
-21.753566183975696
-21.755446176682696
-21.753898001260737
-21.7688014558895
-21.768443982163674
-21.750635951941774
-21.747706710097237
-21.746691823230883
-21.756326174459385
-21.754185628908772
-21.752943673549872
-21.756146209875208
-21.73870004785612
-21.75542022039999
-21.756925029384355
-21.759278234502165
-21.76752221479892
-21.77680602585788
-21.765716039067495
-21.7720320841932
-21.776728843234682
-21.76958297128968
-21.77068141872403
-21.785755982392836
-21.798918666742566
-21.796053150624235
-21.790598100399496
-21.8081060265142
-21.8111704491201
-21.815196117736093
-21.81128814470087
-21.81361982546088
-21.81860160071347
-21.818885617280152
-21.832302539554338
-21.83520069356898
-21.833122180674735
-21.82306979847437
-21.81618124302416
-21.839641314207242
-21.83034880733256
-21.851885753983655
-21.850949876458824
-21.829911640636972
-21.834615767529634
-21.838521381522423
-21.835058993592686
-21.832486644070542
-21.834745864445438
-21.83073153654901
-21.835367878451077
-21.82849822399687
-21.813796015675024
-21.819434700019297
-21.813806001346986
-21.817187277503457
-21.801419638083708
-21.788792628024577
-21.778174572398974
-21.791794801976792
-21.810027790687485
-21.81582953955062
-21.81454368570714
-21.810766664090682
-21.790016115315616
-21.78685444552429
-21.77865791520443
-21.773494229209852
-21.775987852934854
-21.770258445296566
-21.780535780355134
-21.790055279739963
-21.792392085406956
-21.79694735774152
-21.79404982030552
-21.783509386049502
-21.77425383516253
-21.778564228084115
-21.802092071597826
-21.796881925572308
-21.815374113753467
-21.82108722132149
-21.81766457977087
-21.81340193383435
-21.828059155127967
-21.812269521496702
-21.821571223222943
-21.80687612776335
-21.79291968172112
-21.795403589829213
-21.808796320880468
-21.801695820991057
-21.81407885691214
-21.810365044344913
-21.817791395372367
-21.816668890077175
-21.796811198703267
-21.803595275500758
-21.807049761074712
-21.800530560615822
-21.805563507801764
-21.81971500081631
-21.813527888619095
-21.814504338943948
-21.825372297490176
-21.818272272870086
-21.8114512601963
-21.802745628180514
-21.82168942927544
-21.8206638082615
-21.83398289217762
-21.846366690258545
-21.8530440210832
-21.852544475349333
-21.86100159136675
-21.85605903029145
-21.845566587420766
-21.854415422285854
-21.854399202909292
-21.859625818787528
-21.84340634943307
-21.83421630945961
-21.81393298169539
-21.800799009409637
-21.80285057736395
-21.795641147312264
-21.798689785687365
-21.793748528494266
-21.793968652239506
-21.800177949337726
-21.78118313552473
-21.779594020593695
-21.772017579241
-21.77291328944262
-21.78698677407645
-21.789622471764652
-21.78296793518397
-21.797038911780213
-21.797109034717888
-21.818986263599204
-21.80047473335513
-21.792788738240596
-21.78299924196813
-21.780471625806346
-21.775301036896163
-21.774252105376465
-21.7659737935076
-21.762381942231993
-21.76618408466189
-21.74862553155945
-21.746633795306142
-21.75541712653085
-21.765070708285624
-21.76789680834462
-21.773750658002065
-21.783562258892232
-21.791557678416382
-21.782763451344987
-21.79589456873741
-21.78827318457507
-21.794964891032173
-21.797648945571858
-21.792755636950016
-21.804073814682813
-21.79340003132372
-21.772860527363374
-21.76650658360633
-21.791276616983417
-21.79614306913784
-21.80935882180738
-21.80041997533691
-21.79789224949185
-21.792930719594917
-21.802826760844923
-21.809251365780774
-21.81965602712472
-21.812544736233313
-21.79762996627015
-21.802276701919432
-21.787460732229825
-21.79854655140738
-21.813477844293796
-21.81587297460108
-21.829773017941353
-21.82786327644072
-21.817568799061426
-21.82293425842839
-21.825203727759476
-21.819390079136966
-21.831014210348357
-21.840695683920433
-21.82683616585254
-21.818054138058084
-21.814288178110175
-21.80754078926178
-21.805860838225083
-21.7994228241624
-21.79096393259231
-21.808421863873825
-21.810866825155074
-21.81240278051187
-21.816299380696147
-21.81246316148351
-21.810011209441456
-21.804855064926013
-21.80597717525887
-21.81739576640114
-21.824411511141736
-21.823879734470093
-21.829735645349732
-21.83533694361193
-21.820007934963936
-21.819902317147623
-21.809267591204325
-21.805201077474567
-21.789506340982353
-21.793352115035955
-21.788006155527167
-21.774185124547028
-21.767341533615703
-21.77445041318225
-21.76940122723974
-21.772139527823064
-21.776151436244003
-21.78949274281093
-21.80136428943242
-21.80302356818
-21.799177222543904
-21.785261085155174
-21.79998311763468
-21.801977515888847
-21.806619420933767
-21.80118727153902
-21.806995170372403
-21.799080670676005
-21.804491040230957
-21.79395453240069
-21.79837089703858
-21.806640395373194
-21.83373927288108
-21.8289858292388
-21.835482478042948
-21.817712108783986
-21.81340385392018
-21.827790524603632
-21.81216527023065
-21.80946669630641
-21.797940237757604
-21.806745678252344
-21.80171173052155
-21.78643032831967
-21.796021077198418
-21.804880533251662
-21.801371138847685
-21.79512758613195
-21.789376607046336
-21.812511072083463
-21.799262666383193
-21.796795269796693
-21.801173919102318
-21.809089680018356
-21.823763728806217
-21.81068465885401
-21.80982920696968
-21.800666446950625
-21.79004126104616
-21.802561188552055
-21.789977510080824
-21.788794368866448
-21.769564904628105
-21.783635463826283
-21.790876457400213
-21.788370283329208
-21.80221043398718
-21.795143259583963
-21.80086583064704
-21.79204735966469
-21.788051479346205
-21.791406009989092
-21.79428197987375
-21.799651707453123
-21.787624876488042
-21.782649627500025
-21.777742713241704
-21.79051113650494
-21.77884404376779
-21.77637915942773
-21.781800478003376
-21.802000472070304
-21.809279444881206
-21.82419678373291
-21.82512939726866
-21.81925645350838
-21.839189384276946
-21.83818795679034
-21.82911263525547
-21.81443534796562
-21.819963447642294
-21.82351180451273
-21.820875803631477
-21.810949904278864
-21.809586287997096
-21.792828911133757
-21.7804867388437
-21.79129491940979
-21.790220161810684
-21.80336666204832
-21.808639464522514
-21.811720628103682
-21.80977369923071
-21.807328000888564
-21.811991842105023
-21.788846671376824
-21.782496729931378
-21.778152916445634
-21.791283367688347
-21.781674788048754
-21.792562953682562
-21.777327172049027
-21.796577934220984
-21.810272675155364
-21.81190621368522
-21.802430616571378
-21.806435906838917
-21.80402507458464
-21.783991362007495
-21.77082020633568
-21.76411169144791
-21.757858225639275
-21.74768725310139
-21.75027693720674
-21.766704923795373
-21.7702959437934
-21.748021682488854
-21.75995041855986
-21.76001233248913
-21.769344170081602
-21.769705670598455
-21.793130159040473
-21.78461007918494
-21.77693204310197
-21.782160722914817
-21.767977027449767
-21.76238894985342
-21.75332418984466
-21.762453810820542
-21.771659066714847
-21.779367189580803
-21.78162370420353
-21.766986705195407
-21.779105163731206
-21.767094153556652
-21.765668228462552
-21.752378036678127
-21.757545501995214
-21.76062676023227
-21.75367951377686
-21.760791496914436
-21.762584197340622
-21.759124661283305
-21.767538120201035
-21.756774973440635
-21.74161389356988
-21.735573445993186
-21.750607681068036
-21.751588711164736
-21.730437651155988
-21.717972355265577
-21.732632284545033
-21.73015642033127
-21.727392510030267
-21.72947363971
-21.74219331295478
-21.755945095763803
-21.758769050575605
-21.773256630053247
-21.778591761285668
-21.78308195693148
-21.77940580917774
-21.796367108479075
-21.790326900871438
-21.79150578136727
-21.796735256416948
-21.801964447998653
-21.800745323309915
-21.791520366748703
-21.8123082249578
-21.80698393435568
-21.81284376269121
-21.801165751634024
-21.781399596220258
-21.766292489745002
-21.76998255453536
-21.76052034236064
-21.76863737667763
-21.751661943080673
-21.754978678537714
-21.759874098151663
-21.775522781083595
-21.784258237944126
-21.778292146552275
-21.782939174704136
-21.78356817414988
-21.78870950779575
-21.774392610609034
-21.766245622234646
-21.76507429689297
-21.751447670872206
-21.744204150633333
-21.748216038944225
-21.755924886039615
-21.753638433481214
-21.754747462782404
-21.77002791571406
-21.764013910322568
-21.760425697101724
-21.758019216006176
-21.760538593552845
-21.755019717561506
-21.77421577411772
-21.776111720194013
-21.77731820894478
-21.790929812438055
-21.78728371295858
-21.79422004328381
-21.796636604987068
-21.790313286943697
-21.810064303289888
-21.80170496823465
-21.81308562833988
-21.824791804434792
-21.842323249926654
-21.850494891201993
-21.83768294845123
-21.850279715628815
-21.85716195986638
-21.863036416856797
-21.850027445923665
-21.836410222960122
-21.83129553438674
-21.816655138823748
-21.83718572883383
-21.8456025968569
-21.85221997796075
-21.862209791228693
-21.86038142107483
-21.84903594027928
-21.83293811648158
-21.833371999557983
-21.842659017598244
-21.841757150456655
-21.823326813379257
-21.815181766936302
-21.828661556557996
-21.820295927605066
-21.817911431580047
-21.823645164529257
-21.82857344585363
-21.832126533488236
-21.834038829217196
-21.839788960447127
-21.840369470904502
-21.839475593055
-21.823689655522585
-21.810379497836294
-21.794762994353878
-21.81937090434057
-21.82723418776454
-21.80474717003885
-21.819338011170018
-21.82246476925807
-21.836779992858958
-21.82824899840377
-21.826744941654052
-21.851717332350177
-21.84029103570802
-21.823660590605847
-21.811542996272692
-21.80218520095675
-21.78790977652885
-21.794085963345783
-21.795069990956357
-21.797323015686523
-21.80435401948184
-21.791399073106003
-21.800808896893685
-21.801659349334635
-21.80697841926962
-21.791286333730334
-21.79144886265847
-21.796615478260488
-21.79848384109217
-21.79274738065839
-21.78545038672184
-21.772774717771213
-21.78351748783147
-21.780136210618515
-21.775980570190374
-21.774679938456345
-21.78015928977959
-21.78189384413192
-21.768715849507686
-21.756660040491415
-21.77145580167169
-21.769587958427817
-21.772901950559376
-21.790511926600374
-21.787479819782966
-21.78207555368616
-21.78300235255023
-21.771139203445625
-21.77360165855506
-21.79185366515591
-21.79223437049808
-21.784636008617692
-21.78519423904265
-21.79876707912124
-21.80350105407884
-21.801714216135956
-21.788425186756506
-21.794578573603047
-21.79045746324362
-21.784135421035263
-21.77723206232399
-21.785910372949544
-21.795966390852527
-21.809439986168584
-21.797317874649288
-21.793423979234113
-21.80462117388737
-21.783614517355332
-21.77641139826949
-21.78413390697846
-21.785463343049045
-21.794270698891804
-21.770669761375608
-21.76616828285479
-21.766591704702336
-21.76698882793454
-21.76164945586171
-21.776880192690918
-21.778099442148644
-21.774676960085195
-21.787567785393986
-21.791026933429965
-21.785938627292843
-21.796140971608686
-21.786268492152985
-21.782461233237495
-21.780737563928774
-21.770044003141884
-21.762770193293356
-21.76060730054007
-21.758563715994242
-21.781247372508037
-21.79734897728242
-21.805039508244384
-21.815550546422614
-21.812644119011303
-21.79767095899614
-21.79798128677838
-21.800200757561498
-21.80501022870843
-21.80357139798879
-21.809508266523146
-21.803653579263017
-21.80252740093071
-21.79942456546127
-21.79480507305887
-21.789706126307976
-21.801028643547237
-21.79221761148201
-21.78453516318389
-21.793790597628362
-21.808818774217183
-21.82664209132285
-21.847192326247193
-21.850308187039644
-21.857329955877393
-21.839247174788547
-21.816692112279156
-21.805921289102717
-21.814526057275195
-21.803759810887307
-21.81377623416787
-21.81040031671851
-21.807036851254328
-21.810524795216633
-21.815715156615155
-21.815260162412823
-21.811672057623067
-21.827965215538295
-21.806960257869264
-21.80899674235993
-21.808418156087455
-21.798302385868908
-21.80148160815446
-21.798123180200594
-21.787131058095394
-21.791941126969007
-21.785293608253134
-21.790168312683967
-21.780484673801883
-21.776848630757684
-21.770978598440326
-21.776627440094412
-21.79144287226691
-21.790465741104022
-21.77766298946614
-21.770154772396364
-21.782774527802147
-21.800356800523453
-21.795650573883204
-21.78272540609893
-21.80257160864604
-21.778655433249472
-21.78428276800646
-21.772476487110353
-21.75718968823401
-21.759497412309372
-21.748161314696226
-21.764583011631405
-21.76564371740011
-21.76384089120574
-21.770964566995367
-21.758443871086886
-21.761419349030522
-21.76414712525561
-21.755703972945675
-21.748903795910266
-21.750887149342166
-21.740351109831522
-21.737044405221457
-21.740510691075706
-21.753953999061668
-21.7719739324462
-21.766302920718395
-21.78430041882179
-21.775626578947453
-21.796194346681126
-21.813793038375053
-21.806913733825546
-21.79707490674649
-21.784052747998004
-21.790116825741215
-21.788178482100605
-21.789880135234654
-21.795626117403653
-21.793616674406987
-21.794748942150484
-21.793274407336536
-21.798997107936444
-21.797157109884868
-21.795659775961955
-21.783369173844534
-21.796311113822505
-21.79133477224952
-21.797702115156177
-21.79250094010662
-21.79551256928798
-21.808233404549853
-21.797788708288266
-21.797191833605766
-21.80237343695278
-21.777666436543306
-21.783754583944337
-21.794224392835833
-21.782028047370197
-21.79630904332607
-21.80028585845187
-21.796526475407234
-21.810102279357547
-21.804781796417988
-21.78231039161536
-21.778935075819724
-21.78388942899639
-21.773613118662904
-21.75985326490745
-21.766555379995136
-21.79294509177197
-21.781999766426928
-21.77561194559962
-21.766397777123014
-21.76357794879178
-21.765474282466876
-21.763943796728842
-21.7631775730436
-21.761392344539804
-21.75121334333586
-21.755912899093314
-21.770981709400488
-21.775636515132106
-21.784903956190156
-21.782144067263303
-21.78134059784604
-21.786722013576956
-21.801337368341876
-21.809609998978132
-21.811281894290463
-21.816411658367166
-21.825890291723244
-21.827265794933098
-21.828124866799566
-21.820193465844763
-21.813423951013792
-21.810571879665886
-21.803875490313306
-21.80833756885461
-21.803361914408615
-21.80529804602081
-21.820249965881708
-21.82353677328981
-21.822874564685364
-21.81962450418206
-21.83968207630977
-21.85092766298187
-21.849608801716123
-21.836945766927954
-21.819406766423334
-21.834734000510398
-21.83120973738351
-21.839373666497295
-21.835053749749818
-21.83008932054862
-21.82615468920946
-21.827709347291282
-21.813897331406213
-21.816677581582972
-21.81838235731587
-21.82974095869759
-21.82552969570359
-21.822494972223247
-21.8203721969839
-21.82394718644731
-21.82790010871329
-21.836000531737326
-21.81403872842938
-21.819636745317723
-21.812401008388203
-21.802732217572196
-21.8028196251698
-21.799341388951657
-21.7935422072638
-21.79509463768359
-21.784386201299103
-21.786709652310773
-21.79555909253954
-21.7858519575166
-21.782236936526555
-21.799794515138668
-21.794471611726824
-21.826249521490105
-21.814840812230006
-21.808365249715248
-21.79966103120309
-21.811675872748342
-21.812837475655144
-21.805518852072886
-21.808974163928962
-21.83248436939964
-21.827482255913157
-21.82265822261314
-21.814185576345725
-21.82083845794617
-21.821254852106332
-21.82253884149924
-21.82454754062182
-21.832710762132017
-21.815852306247002
-21.827917486114266
-21.824107326750493
-21.825372406975276
-21.80632437252362
-21.811298221285437
-21.81174376613601
-21.81113663422934
-21.82189628008579
-21.815201170748157
-21.824009549529737
-21.83217795332719
-21.834989869855537
-21.834824836932977
-21.839236130629956
-21.829214212219934
-21.82938790590351
-21.844057686467657
-21.81965885019658
-21.833643659345867
-21.83816267458642
-21.83945926428465
-21.82080979326192
-21.79835677129206
-21.79719966993959
-21.78977122639315
-21.794459487393606
-21.807240069565246
-21.8085002177044
-21.805061373151347
-21.810141994581855
-21.80607694041049
-21.816048777498107
-21.82253510261642
-21.810918365139774
-21.81424908311019
-21.802758032345416
-21.806917832885606
-21.79788603640475
-21.800097054347017
-21.795008576475055
-21.808525968323767
-21.8178618814447
-21.827931357938755
-21.829754949699367
-21.828797661920547
-21.825566391395967
-21.83457061150662
-21.84397739738824
-21.837065921617956
-21.82035301210559
-21.824624908077233
-21.82985174758753
-21.84300523895874
-21.842291225664987
-21.832452943925883
-21.814079376045658
-21.815448886435693
-21.843553103467894
-21.85054529393295
-21.844503967305666
-21.83927453301199
-21.83789538161791
-21.840511121097787
-21.829501988326857
-21.83440042043318
-21.828225312889828
-21.817196421951365
-21.808761218726247
-21.784552018260776
-21.77904465588369
-21.77134281235763
-21.782722349621196
-21.78890328115009
-21.78581334354302
-21.779124720253495
-21.774251267503875
-21.77653938259509
-21.784940121410543
-21.79446947004929
-21.79056014608091
-21.796909316689675
-21.80366579493756
-21.7934135548526
-21.778219143607487
-21.77068385017523
-21.785552882692045
-21.795085337852253
-21.785222067271892
-21.765808601739685
-21.776417940157785
-21.784962466536303
-21.765501180453267
-21.766467776074087
-21.790844009507225
-21.78309918086706
-21.790681360857064
-21.78437030480438
-21.76596431542966
-21.760266310083722
-21.755732701422744
-21.775452178419258
-21.783028002766912
-21.79940395785341
-21.808962523882077
-21.809323455783723
-21.79993912742512
-21.795049226318238
-21.801237411176924
-21.80358526633488
