-21.900033490762404
-21.859215342917324
-21.82537144900971
-21.825700539059508
-21.846550096259584
-21.83024276362689
-21.851087452443625
-21.843400053115605
-21.832493437574097
-21.83814306819376
-21.83743213050895
-21.83175509601062
-21.84253581015309
-21.838750533298384
-21.835083056805967
-21.834252206577375
-21.863974285536177
-21.836406290573688
-21.849680768234975
-21.843111277519917
-21.854891709441215
-21.839801588421118
-21.82140949758566
-21.838787477954064
-21.844310829733047
-21.848183287889782
-21.8596403625597
-21.8158551221211
-21.820591514104677
-21.846873688635743
-21.832653237660928
-21.83175178289122
-21.846222408111853
-21.8188680351815
-21.852170949557486
-21.855875038666447
-21.842199219142504
-21.854155600254153
-21.855267528580043
-21.83091360724805
-21.816377443384795
-21.8275578394846
-21.83470217553688
-21.837962259009643
-21.84477214639745
-21.829683420988793
-21.83785672666734
-21.846382314057532
-21.837232372935013
-21.840200997677403
-21.83435091597475
-21.853761416538006
-21.840954242569886
-21.848303759440732
-21.831129885093446
-21.84751488782223
-21.82092544821028
-21.832732000521315
-21.813087484430223
-21.827607326142633
-21.835153768503453
-21.827705548660084
-21.848837009971582
-21.815614130736392
-21.845839888034206
-21.813897808404924
-21.830212721797924
-21.83026355412296
-21.812539817125916
-21.835733646469816
-21.848321500772123
-21.85089336681132
-21.84315798288135
-21.83376815566017
-21.842569596669748
-21.840741360819614
-21.84228054945588
-21.84705096605725
-21.820749056435062
-21.81801411692364
-21.82413657904112
-21.81745880599065
-21.83538557130768
-21.834274750271547
-21.833386002324424
-21.806395880382322
-21.8265565961018
-21.79979588782437
-21.8253022447612
-21.829323339895822
-21.805896865964254
-21.837519295247223
-21.826684667155355
-21.850297982818336
-21.857666588152554
-21.82703472077935
-21.83945712974297
-21.83992889589063
-21.823934477361515
-21.837818299685363
-21.845228091163335
