44.0
43.82474220700897
43.63743683868033
43.434299782452214
43.213830414617405
42.96914754151275
42.69429791012849
42.41467964733135
42.11560671821664
41.7832665042692
41.41469395762239
41.02567772860773
40.57349447062645
40.114610546081266
39.626608408955306
39.087198930385135
38.52350723750677
37.91188367205341
37.273823771427175
36.58668699267719
35.88523713343967
35.13555761311313
34.3046767632639
33.438966852030276
32.52785122701045
31.558272588934223
30.575894291645582
29.541913766274984
28.506928926470238
27.416257502753222
26.29584373414672
25.139981923240686
23.960870847037878
22.761605364741843
21.573054803153322
20.348608374797507
19.147748601740407
17.950445876204423
16.74114207260606
15.512052918498215
14.32925732215467
13.122037507548015
11.922153448618266
10.720163756453262
9.570088348485966
8.444680663766398
7.325021606083626
6.273482375463749
5.244505398779592
4.232817335756473
3.2181460240424324
2.2388673731247044
1.3027424405838401
0.4610193144278221
-0.3757287139143539
-1.1678656781890402
-1.9566468093214628
-2.7271313572992284
-3.4589887937153767
-4.1053955552128265
-4.786732084454324
-5.420534982183345
-6.02065321717232
-6.5787006435049475
-7.1000699412720225
-7.589958786444245
-8.077220621840103
-8.560109835838162
-8.98840413731792
-9.39459336829121
-9.785453265205277
-10.16189761577652
-10.510691319561817
-10.831085987541183
-11.171708064318336
-11.44003625091569
-11.717778227910216
-11.990944134478552
-12.230218997173294
-12.470521162801822
-12.693399425863175
-12.895239401346476
-13.094873255958964
-13.271593948212104
-13.458039428702225
-13.64378093629217
-13.810075323072716
-13.967606342678142
-14.13459691152943
-14.286446812329679
-14.436941840550288
-14.580345284051
-14.701343665869507
-14.793532266947077
-14.892688277351912
-14.988465093339865
-15.093337576949445
-15.1891676589155
-15.288601112954147
-15.37867720908708
-15.476054313297979
-15.55876905986144
-15.632186556825637
-15.713160779990211
-15.799234262526339
-15.873449676064153
-15.941982588777446
-16.016267165208355
-16.088045771147417
-16.144774111320604
-16.195607722267937
-16.251491853370823
-16.301922804202878
-16.35209249389733
-16.3839459827355
-16.421261829437984
-16.468788184168766
-16.506374916209616
-16.555548726871134
-16.60012998826404
-16.648853575483145
-16.683757446655743
-16.72148153552223
-16.759177497263625
-16.81064292067258
-16.856562995321326
-16.88794206708864
-16.93497910994849
-16.967723296622385
-17.008914848921794
-17.045749043678267
-17.079726455761147
-17.106730792226493
-17.127033019821013
-17.147890199957924
-17.179527660499435
-17.214046964367235
-17.243480155919823
-17.27022458228554
-17.299051829645947
-17.32830939315568
-17.34732831729547
-17.368918773554935
-17.389120605919974
-17.414521080978997
-17.444487581757652
-17.463086813859768
-17.485368419625612
-17.514415130951647
-17.521397962374117
-17.5377254788167
-17.553558456204698
-17.578227002079515
-17.59582928169186
-17.613042555667292
-17.630056586995465
-17.637478266496846
-17.65847969983237
-17.67204046724467
-17.696557719893793
-17.717849232590503
-17.7361158434752
-17.74958466807283
-17.76852310461644
-17.79382117111387
-17.816080293328042
-17.828392088952402
-17.843000816629516
-17.85457721354738
-17.86676864570563
-17.89707797292592
-17.916406437616075
-17.93375501203868
-17.953907764716185
-17.96167483123017
-17.986658159432277
-17.993804270502963
-18.01080250560049
-18.026244558934387
-18.052947976378213
-18.0560404610954
-18.080898513097626
-18.104392775732588
-18.118472604327117
-18.127372523869173
-18.144155653900423
-18.160723923437132
-18.17759523287112
-18.17790660040435
-18.18324233322069
-18.1842760032834
-18.190930850522648
-18.21498116785992
-18.21959018551462
-18.23365688094159
-18.23741431958552
-18.24998614437921
-18.257273392873433
-18.262724406672472
-18.27063282743333
-18.283884959868157
-18.286785508780813
-18.31408662503697
-18.33988144713449
-18.35687762723652
-18.370611705280062
-18.37964258290922
-18.402753756677548
-18.399429745136597
-18.399126388156375
-18.41074118809612
-18.42729711800633
-18.420659346047692
-18.4165227317647
-18.424708757538074
-18.43754806534884
-18.436013700003986
-18.444303830958077
-18.453243554418872
-18.45312635799602
-18.464438935477368
-18.467575863969774
-18.490625350669895
-18.492355061972024
-18.502127698275075
-18.508045495654184
-18.51859589328058
-18.52719381239897
-18.53285019816946
-18.546360117721797
-18.560165037312796
-18.562605398120265
-18.568800828927003
-18.573764436884453
-18.588210181628742
-18.604135408381783
-18.619280570013185
-18.62990185784663
-18.63732396200088
-18.64314182897297
-18.652400471774133
-18.664035860754698
-18.66749708312608
-18.66922581187282
-18.68142977278878
-18.69723305874559
-18.711241465476817
-18.728586896710873
-18.73135501712969
-18.737097485944883
-18.75026035152565
-18.756061550269383
-18.76225896328729
-18.776241321637915
-18.779000101364538
-18.78549907905228
-18.786387060129794
-18.791824374072394
-18.799712190653022
-18.81777590444505
-18.824380629262006
-18.827938108646496
-18.831738927581426
-18.847896258262395
-18.862082741882002
-18.85928136127361
-18.853513045813372
-18.8617497271172
-18.862323150849857
-18.863471575243125
-18.86586034669998
-18.87320592706205
-18.873704911124793
-18.87994346087509
-18.875711979625997
-18.879304983139697
-18.876565850278336
-18.884591343190454
-18.885865611417223
-18.9029902624341
-18.905915428212364
-18.91764649143241
-18.925400211510155
-18.92861435741696
-18.94103275714858
-18.930994395562045
-18.940367113267705
-18.942753454259513
-18.9418090856334
-18.94002699972365
-18.95216247735048
-18.952509517822126
-18.95069744094509
-18.96192104130321
-18.961510743573868
-18.9725378520304
-18.970908585533206
-18.974676100455017
-18.985647897154713
-18.982528235335643
-18.991184308313176
-18.992830892953606
-18.98751336382307
-18.978228448922284
-18.981868384656075
-18.981454733664116
-18.983848785521413
-18.989999314831454
-18.994803320017766
-18.985337319810426
-18.998338917743315
-19.001726646557714
-19.01246234660106
-19.02595995694615
-19.037143640347676
-19.042533003168987
-19.048879538670906
-19.04974562005467
-19.05268973368711
-19.047006450770393
-19.049167137059452
-19.054583460537824
-19.053908319453097
-19.05477474770988
-19.065883418564738
-19.07052529682473
-19.069884930078725
-19.074034647777932
-19.075266919418855
-19.08328253069905
-19.076958305826828
-19.081841720445958
-19.086524366116524
-19.08273187651799
-19.08400961375204
-19.082587325922308
-19.09382135278151
-19.091724601448142
-19.093535552943596
-19.09275356265983
-19.086168989427186
-19.086573705765346
-19.101911583767226
-19.10149566849365
-19.11291654684529
-19.12505360507658
-19.125695451913902
-19.141791700815432
-19.137746758783102
-19.142996183441333
-19.14987113870058
-19.14661403458742
-19.159937130262527
-19.170490359574714
-19.175755581988515
-19.17394720210546
-19.190375504092806
-19.202137283779
-19.192245624846304
-19.20344294946695
-19.198038214328417
-19.197254711605993
-19.19394578648894
-19.195270556301388
-19.19832413169897
-19.194922767375388
-19.20642298837631
-19.20253376942404
-19.20440226208545
-19.20876922185846
-19.21849828422225
-19.22454013739625
-19.220003118746533
-19.228120160448416
-19.241947349600245
-19.24435598866907
-19.25056347700871
-19.259575433883203
-19.26584828458542
-19.26241675832857
-19.27015726773639
-19.27150016891565
-19.26345197230188
-19.26292825899929
-19.268374878100534
-19.281304864017674
-19.289761767055772
-19.295057034631768
-19.29656206101704
-19.306659284774586
-19.30873252106537
-19.29216173724186
-19.301471769933187
-19.30386680859605
-19.31132377975692
-19.31647298094567
-19.312880022411758
-19.3231698715262
-19.330818449387706
-19.34952613288751
-19.355585414239055
-19.360192774500064
-19.364619560707357
-19.369931527876723
-19.383637571761913
-19.385495125610202
-19.38898885099724
-19.390312859735335
-19.40670072441405
-19.41154543061053
-19.413966721702124
-19.414311335567056
-19.41651647451027
-19.423999477698448
-19.422196609938442
-19.424775967496863
-19.428296110100124
-19.437251061842474
-19.454822522393485
-19.460592184557857
-19.466046518245314
-19.477200727847368
-19.486129808579292
-19.48682757087489
-19.48892569363057
-19.493926931393613
-19.48763502333158
-19.484340922423655
-19.49242724689588
-19.50265080242542
-19.503978651250613
-19.51431547086462
-19.513514519275272
-19.507117816384888
-19.497419915701517
-19.511400284426056
-19.511134962849553
-19.519452193311814
-19.528446015807933
-19.543196200046324
-19.549367826386447
-19.556543133975982
-19.575460735584027
-19.578359483770694
-19.58416496211064
-19.589989690487585
-19.593174052484343
-19.600306268953485
-19.6063723662343
-19.617244380731805
-19.613895380553988
-19.61096745468699
-19.611925240992807
-19.613473873874984
-19.624159529468123
-19.617472157954555
-19.613241470552406
-19.614570047505723
-19.62712512767234
-19.634197494187593
-19.640309582872565
-19.651256992469047
-19.661184970289064
-19.659102706073075
-19.674283542821303
-19.685257356702472
-19.69518921115788
-19.696993559159754
-19.69211095339254
-19.689966404400145
-19.69177565879134
-19.684629816568396
-19.686011818024078
-19.68275588209065
-19.679749183257133
-19.690813396871032
-19.693590534169463
-19.694710016112168
-19.702486041932055
-19.709198906540728
-19.71191165570009
-19.709997474198953
-19.714465610229837
-19.724900435290646
-19.73638704502295
-19.748860937000394
-19.747042273897446
-19.744406956327225
-19.751420283713045
-19.759751019494793
-19.759923543852246
-19.773675050169338
-19.76197618477736
-19.773286217561292
-19.7844535298349
-19.791845059622027
-19.785772206885532
-19.779200318977292
-19.77463101310745
-19.77992114821231
-19.78691430071111
-19.79058830780954
-19.79239947070397
-19.808590240954864
-19.811627967770388
-19.812787953710895
-19.816748204172107
-19.814869749319456
-19.808729557542332
-19.81385486100732
-19.804794426010975
-19.81433267633315
-19.818169550106752
-19.82585595485311
-19.818616781782517
-19.831271474013615
-19.85008592415211
-19.847730869498996
-19.854690476344132
-19.86704051326433
-19.864270187366056
-19.87089070525279
-19.874238224725264
-19.88120512656196
-19.889697958237054
-19.887122563739634
-19.897869742270686
-19.903567515566742
-19.89769130842441
-19.899578857715678
-19.90562458346088
-19.91185529372971
-19.911575834445344
-19.90914841557617
-19.909791986376607
-19.924490325708863
-19.922003365319707
-19.92820188503203
-19.93765449704916
-19.944592496066356
-19.954167334261914
-19.956866420618848
-19.957400533073578
-19.95789122992681
-19.96874421638486
-19.988870423208493
-19.99164049573029
-20.0041135015116
-20.008323205430973
-20.003872224268523
-20.00819077827137
-20.006801834073926
-20.018333492445468
-20.020713057894216
-20.014218698054183
-20.020862349444563
-20.024433857981695
-20.03568724873893
-20.039013792050195
-20.04508199841065
-20.036084831057995
-20.04290021817365
-20.043659773626334
-20.046342328056788
-20.04565375418149
-20.049467253851557
-20.050876490435314
-20.04299492464773
-20.041491930815994
-20.03126112397096
-20.023775642006864
-20.03805119898228
-20.048636745174992
-20.04710799101557
-20.056024996463865
-20.054572562865037
-20.048559982563606
-20.0540360630113
-20.05823358340438
-20.056474795437556
-20.062517289447065
-20.05827982414015
-20.05165777045993
-20.056631343133837
-20.060977959102765
-20.062610642115942
-20.08201787753905
-20.076680654392934
-20.08440286171818
-20.088529665467835
-20.099854707376174
-20.10400922327488
-20.11229832612573
-20.122803536922063
-20.12070955050279
-20.11493604944737
-20.120583907092396
-20.120071951266805
-20.124452989245952
-20.142402591106947
-20.157006778971166
-20.146948051271032
-20.156195103027557
-20.16571190259236
-20.165035352697693
-20.167748972393873
-20.17845058185183
-20.190287033399766
-20.19407411104915
-20.187463218506668
-20.189440327363883
-20.184937497559964
-20.18764773054941
-20.19519058405679
-20.200333252841357
-20.19983710951454
-20.203659798293742
-20.212434681127196
-20.211915290549584
-20.2174098701016
-20.217360331215897
-20.227337946195806
-20.220138010381486
-20.209908151754018
-20.210867781091736
-20.195985100512235
-20.192711120738277
-20.198537023504088
-20.188735196983394
-20.198645571327276
-20.2115583817794
-20.21137242506776
-20.22000158598006
-20.224456481751417
-20.22477431823252
-20.238622882840204
-20.234065725282512
-20.226903927822462
-20.24018973391905
-20.243308547475586
-20.248635271228192
-20.26047868366151
-20.25406246912144
-20.253849829491763
-20.253154414500724
-20.26440540665189
-20.272384225034404
-20.27886415666087
-20.28709587384979
-20.288540161063832
-20.295400862890265
-20.315639280966344
-20.32030945422264
-20.331467825735576
-20.336257423087524
-20.33184067255658
-20.326130360674977
-20.329704993480682
-20.324513418619677
-20.33750735696155
-20.348767779127876
-20.360203959638756
-20.36890923598469
-20.37307798923227
-20.375564454864634
-20.37709326847046
-20.378737001311766
-20.383129161437207
-20.38005973871345
-20.38429634964963
-20.384269931616497
-20.379676867652197
-20.380469165390682
-20.380741396425655
-20.381223342007708
-20.390517274821246
-20.401172615082885
-20.40896024326972
-20.4116669936088
-20.418875448054916
-20.4236778034348
-20.441455167932677
-20.453765723249642
-20.457759174814008
-20.457446940527365
-20.462039630111384
-20.468392466811796
-20.472299835476967
-20.477961247990113
-20.47060361676544
-20.47643785298033
-20.480932381442702
-20.489924404193527
-20.488212118037755
-20.484149883123862
-20.4876724333798
-20.489398591892016
-20.493087653575902
-20.491636631005136
-20.490958065733583
-20.487507287570317
-20.492139100706368
-20.488309204396053
-20.489653505058858
-20.49884101804047
-20.497221383047005
-20.495802006160055
-20.503438001204824
-20.50773918109357
-20.503486122882897
-20.515133060416588
-20.50881496650142
-20.503196737609468
-20.50859228914941
-20.503596970990632
-20.505917202923552
-20.51523514202596
-20.52244453590776
-20.531521572261216
-20.533431067314705
-20.538334184243443
-20.55591634034697
-20.564184759919044
-20.568814232849206
-20.576172951263146
-20.582482722432527
-20.577246017857682
-20.57869175350025
-20.577115723726376
-20.579385187345157
-20.572403846829538
-20.579911710930602
-20.57921506855303
-20.58982290448292
-20.604233228947326
-20.60054368217383
-20.596969361154695
-20.60514076611154
-20.602055177503097
-20.601741880622257
-20.60200349206697
-20.611863416528784
-20.609241371506922
-20.619244370733192
-20.62005827488903
-20.623956190157955
-20.632864414833996
-20.62423715288719
-20.62778441129809
-20.62276267023071
-20.623686278962346
-20.627088479452272
-20.6331258051717
-20.638714789123718
-20.641198552577208
-20.627432847385055
-20.6299070076183
-20.634960038932682
-20.645731731972422
-20.641352942249593
-20.634907126126215
-20.640203781421246
-20.645437709549217
-20.657887391757548
-20.657991412084904
-20.65073388073765
-20.642154685280396
-20.641838433682384
-20.64026140761483
-20.64198295429192
-20.648894244486602
-20.6406294883789
-20.625535291586154
-20.62462523936948
-20.61944682723233
-20.632085107837113
-20.631570429651315
-20.63061176238629
-20.644179899653
-20.651532565525496
-20.65814871525283
-20.661185956885273
-20.669952967689042
-20.673576047415388
-20.678779119605046
-20.680963048296594
-20.6749197415549
-20.676786173600167
-20.67918268023686
-20.677476474924077
-20.68074226610269
-20.690005777444867
-20.69505370846886
-20.683538865803023
-20.682509176577277
-20.69366764187337
-20.69666464170754
-20.70797694406743
-20.729978022869126
-20.747894035773395
-20.75199663370784
-20.754122051090725
-20.76343169319691
-20.76205601371858
-20.74938592234217
-20.739663360046162
-20.755074332059515
-20.76588377387829
-20.764761804469998
-20.768542387467903
-20.77368725763602
-20.77186216697666
-20.758268009643473
-20.757590512507154
-20.75254340267817
-20.75117828453717
-20.758950436840045
-20.764496234394635
-20.776034808163057
-20.764178224431344
-20.768354305261838
-20.779174641385655
-20.78963860829724
-20.797181120426774
-20.807114248696664
-20.802817560265865
-20.796878978673437
-20.79784038047408
-20.797448610059387
-20.811174388737182
-20.814434903247182
-20.810256453674185
-20.82825630682806
-20.82927590326437
-20.83271415836632
-20.84075551740719
-20.84206836960313
-20.835219766490866
-20.84600034929226
-20.846044061323553
-20.84475972789819
-20.84262548412081
-20.846596489876294
-20.845529095791946
-20.855473104339023
-20.853517338102744
-20.85115103756522
-20.855015427068672
-20.87117487906832
-20.871206131499374
-20.876496078749593
-20.8766896941532
-20.89278716703644
-20.889652100476788
-20.893096021928468
-20.899672282552917
-20.909635568560592
-20.914246896393685
-20.915418585516903
-20.909119988173195
-20.921716933752972
-20.93099727480769
-20.941997234340207
-20.950427176852884
-20.954491960588626
-20.95485659151899
-20.95385128648771
-20.948022603089836
-20.952114576354056
-20.94141992528611
-20.938942561639546
-20.94423245697926
-20.94493637472432
-20.95770962844264
-20.968839040587756
-20.969134262326357
-20.977042732193475
-20.966282227971075
-20.96245558024853
-20.962555688181045
-20.95903331184727
-20.96412412678858
-20.95913626262137
-20.96577320270499
-20.9637342969065
-20.97119410225074
-20.974563247023024
-20.971438825524462
-20.970667715990622
-20.9725749104879
-20.979182408755936
-20.990027685234605
-20.997144019806935
-21.007820185013053
-20.99866501096697
-20.99628787868728
-20.989278123164443
-20.99727041244594
-21.000960355908827
-20.99898918215903
-20.998329163914434
-20.99187785983768
-20.99361361892693
-20.984882933065602
-20.99000864164867
-20.991603121895384
-20.987051121048278
-20.993496375386037
-20.99280213035374
-20.994973694023166
-20.99707389556954
-20.999566564501514
-20.999272334895068
-20.99830366993325
-20.989652778164793
-20.989764237627764
-20.989463260209696
-20.98913494477455
-20.99031438594281
-20.984226264205542
-20.98480468091234
-20.980640754098253
-20.989675286995084
-20.991020880980805
-20.996023104697713
-20.989161010209227
-20.988105220920747
-20.983187684081
-20.988863255441334
-20.987900610984706
-20.9906683970763
-20.982492037884473
-20.97747693461943
-20.972009133565663
-20.977481983872607
-20.98142679219882
-20.979919514072286
-20.99702721879155
-20.999250326053076
-20.999943200239393
-21.008439749468387
-21.016929685384678
-21.01741816258949
-21.02664701275424
-21.031335088835775
-21.03046707392304
-21.034904206511325
-21.030915954215224
-21.021185510255506
-21.018977728584883
-21.024096972143923
-21.035400633785017
-21.037935182138444
-21.038561126275567
-21.047128001141495
-21.04868428798921
-21.0495221762187
-21.053308891636902
-21.041470581668857
-21.0481721123271
-21.044860968735495
-21.052084808028557
-21.056052552339075
-21.065015341679196
-21.062806719606737
-21.054480314546414
-21.055921815385094
-21.057800947940784
-21.064947391426585
-21.065220894631526
-21.07194893687647
-21.067757707749628
-21.061161631699203
-21.067510142145434
-21.07138801251415
-21.071417277235543
-21.078244637865016
-21.075696596392525
-21.078323847008193
-21.08727031014893
-21.08886852091717
-21.09775757480343
-21.108835524545672
-21.11152972231489
-21.120515970800803
-21.133841237972838
-21.135494721823772
-21.137353051356808
-21.12612381319252
-21.128423562741943
-21.135581823473164
-21.12685225602596
-21.124869112856505
-21.13970199178564
-21.142861648475332
-21.143019207780636
-21.14714375036484
-21.150573291468696
-21.143954372841172
-21.14072662584377
-21.13667735410037
-21.133781992243694
-21.139400549774958
-21.140870698952746
-21.152518724227754
-21.15515653776039
-21.149957733658773
-21.166867160223152
-21.172888491251925
-21.1793155172888
-21.176326252257724
-21.17845334008362
-21.182835780599607
-21.18256044807958
-21.18040515419547
-21.177439765315217
-21.182985237312362
-21.188114257379915
-21.192225804747373
-21.18158888286186
-21.18996213621175
-21.187356719084253
-21.188559269693027
-21.190764873684778
-21.192600782004465
-21.196208871946997
-21.196800260475207
-21.187670657515362
-21.191070278277753
-21.201872605981016
-21.19196268878558
-21.198011377154508
-21.191187712555077
-21.195199956478962
-21.199280796328672
-21.209536146574663
-21.217606530072604
-21.21207105602461
-21.203807725771117
-21.215717575503902
-21.210088089759815
-21.21811280802058
-21.215104210500122
-21.213939181887095
-21.220956392736593
-21.210382543307283
-21.20536043694867
-21.214469679434632
-21.223280455397546
-21.21980724048908
-21.225135840409767
-21.22234926993648
-21.230406560530223
-21.23170266253951
-21.23145477706861
-21.236029117949702
-21.235109909837888
-21.235125077679726
-21.2422199673839
-21.24011594871803
-21.23226984154313
-21.240173503641632
-21.234527801066548
-21.239757217253725
-21.25432169294374
-21.244155955181615
-21.227822458374682
-21.236513222528632
-21.23856301606125
-21.249066967427307
-21.245043958845432
-21.253698588370405
-21.2627866242461
-21.260078531911724
-21.256957692546663
-21.256963785795847
-21.259790511792556
-21.265880510623276
-21.26542964568097
-21.267209326755122
-21.26989027951704
-21.261934072833665
-21.274384861152804
-21.275513463813212
-21.281070260444242
-21.292581448252488
-21.28930797571581
-21.28462671190675
-21.28664858941285
-21.271689408846402
-21.264320222467845
-21.26135177606374
-21.261995650407773
-21.259441831523315
-21.26272553831144
-21.263995150127034
-21.263169995131936
-21.27101321331551
-21.273996730666937
-21.26861995529862
-21.280063772203462
-21.2774147787074
-21.283363590264173
-21.28966368417445
-21.295846736231233
-21.299964736572665
-21.30010340149866
-21.3037901246671
-21.309905161577113
-21.31048606280595
-21.305568246503572
-21.316906596395125
-21.308714633569412
-21.310158608953284
-21.307259164435077
-21.319175278548723
-21.321107159132204
-21.32619792921611
-21.32952178399555
-21.324802204889036
-21.316875495002733
-21.324629047818203
-21.32911583725862
-21.32387199109132
-21.33130572332827
-21.3342563772329
-21.334495308546554
-21.33665760621108
-21.33811926453632
-21.33840342350771
-21.34229807908903
-21.341611828152633
-21.337569117760584
-21.34381182305375
-21.35262379189965
-21.3625273220172
-21.364057586584128
-21.363036829516783
-21.368788026479276
-21.3729054820546
-21.375604040339134
-21.378393468854856
-21.382966004538993
-21.387585546692655
-21.393068545778444
-21.39520174998682
-21.399631097620365
-21.396504024724102
-21.403089494624606
-21.39818646775294
-21.395295557540198
-21.393906825057798
-21.403708063626663
-21.398957177619977
-21.40665782233169
-21.395318255796536
-21.406578338739912
-21.415795604070777
-21.416785114250352
-21.40999334946132
-21.406334524620032
-21.404458484431203
-21.416931896069162
-21.419638462253317
-21.419667782445316
-21.421478026233178
-21.435795492076277
-21.443268467174132
-21.454361026366502
-21.444254155371375
-21.435390238289784
-21.44462834701029
-21.451655166961043
-21.45946454828063
-21.457582546178642
-21.454630278009123
-21.447469701395615
-21.443583241948836
-21.449228673296034
-21.43535385026907
-21.437142440937862
-21.430820751061304
-21.434332510045532
-21.427938267065137
-21.43240897690041
-21.435438604313845
-21.427379667195936
-21.433097844460047
-21.442188970813692
-21.43892240611315
-21.441346460328305
-21.437682106817828
-21.445329054831888
-21.444279529407208
-21.440001184919986
-21.436486323403237
-21.431676134083393
-21.43975594797841
-21.46114218847824
-21.455287634126112
-21.455716331305748
-21.4561969832417
-21.46565967639514
-21.473528461232387
-21.47095952419855
-21.479551575472748
-21.483313163966297
-21.481658612400025
-21.48256469965981
-21.491762879401215
-21.49114321263748
-21.501330193170777
-21.499366528364774
-21.507572851934306
-21.50969544309527
-21.520576989314204
-21.515575718286787
-21.520001974913946
-21.51177020305505
-21.504443441999495
-21.500704732199395
-21.494422609630114
-21.507614404945606
-21.511261397695584
-21.512659025441625
-21.519427770007727
-21.514632789210488
-21.51750166955651
-21.523378344665026
-21.51785292867669
-21.504585695885122
-21.49993302841574
-21.499716755950978
-21.50426825991176
-21.51636097535993
-21.514503820769917
-21.507502459181648
-21.49701976410346
-21.498420612945324
-21.506511882656408
-21.509048838404464
-21.51702174133933
-21.513366939325905
-21.53025482101464
-21.525533341706236
-21.512862008823745
-21.514923648101195
-21.5110054757841
-21.51898941130767
-21.513712213381492
-21.52269060534102
-21.521183800094246
-21.523643437292552
-21.520121158427685
-21.507922664868204
-21.507784620984253
-21.514373565668723
-21.51481878808644
-21.51337938057314
-21.514713044183956
-21.51567581638314
-21.512619014164407
-21.52919156289824
-21.530216210301997
-21.531563633084822
-21.533882324501608
-21.535002365093124
-21.533059414825225
-21.533598493812445
-21.535004193465852
-21.532696368909146
-21.539019254622097
-21.538541421841987
-21.536040811370576
-21.535959034861236
-21.52896473101458
-21.526552735757118
-21.52664803403596
-21.52230353473551
-21.516124360953533
-21.520399140371406
-21.513045809060138
-21.513361848553167
-21.51287908859452
-21.510859639936015
-21.509742075213445
-21.51560704332917
-21.502644740441013
-21.498172269706195
-21.49818955088814
-21.49960960204483
-21.51375879008936
-21.51001881425381
-21.498093666611297
-21.508138830638973
-21.507734707913112
-21.512267984668117
-21.51698511498765
-21.525671913981682
-21.524592016993715
-21.526121438273673
-21.536928536093054
-21.534801235294704
-21.535695807281613
-21.537552279471353
-21.53568975274852
-21.534758721618722
-21.528144634004008
-21.532888218060236
-21.52006775428935
-21.514496628038017
-21.52186059148672
-21.526210119148146
-21.52597144153588
-21.541973380088525
-21.553505842231633
-21.549150699552722
-21.54538176397467
-21.557224123468664
-21.556581514680094
-21.56873955768526
-21.57105430604908
-21.562212440088594
-21.56189818572662
-21.57167853547245
-21.5783818920653
-21.58403887926252
-21.583949084606
-21.581960503183772
-21.581818878762306
-21.579287968116663
-21.586596571718452
-21.570956368037095
-21.577129063657125
-21.581886288786478
-21.59017959184692
-21.577029965010667
-21.566956474069972
-21.566509498802613
-21.579781150367538
-21.589376623899504
-21.59357926570141
-21.59020316156422
-21.591583753899155
-21.591090483992758
-21.581222039756764
-21.586225139195268
-21.589281000233076
-21.58992197877281
-21.589688327987677
-21.596427683244983
-21.60301788202513
-21.614574282142982
-21.62535489634527
-21.613075025624884
-21.61827920031478
-21.6280879842955
-21.637124003421434
-21.63033219314476
-21.613477869373224
-21.617731152957603
-21.611003002156583
-21.60546792311495
-21.610173969410678
-21.612327064299187
-21.618550807447548
-21.616070002862767
-21.61231882323431
-21.61910424626238
-21.611027355230664
-21.603201718641543
-21.615513845030303
-21.611603788353623
-21.60295464439862
-21.601083071750992
-21.59607200764331
-21.60757183836259
-21.594833206052005
-21.608016351748912
-21.60768501634407
-21.611359681442572
-21.612385630817666
-21.629290995728827
-21.625779396344164
-21.615533681713963
-21.623752561524572
-21.631039327998497
-21.631203310797904
-21.6231558392932
-21.62384063858281
-21.62630953773346
-21.630480874438998
-21.620912188353717
-21.627675376779713
-21.633577108152235
-21.62671944800654
-21.619553873571736
-21.628437266743397
-21.634242001530037
-21.631023146792828
-21.632034558029243
-21.64328167214081
-21.64329679251875
-21.64197896838127
-21.63659673414364
-21.634313250587443
-21.642106177354883
-21.633858217075268
-21.63216267131944
-21.64256216140678
-21.651439866447124
-21.65588842560478
-21.653155787911814
-21.658870923771534
-21.659488433686185
-21.657193906534637
-21.659359550481827
-21.659788084248216
-21.660687712369818
-21.662806772797087
-21.659608952353455
-21.661574226831128
-21.662416422695063
-21.654804020168612
-21.657249833443316
-21.659730433466386
-21.654891694501373
-21.655399487548383
-21.67035990710627
-21.67400177925481
-21.679981422888225
-21.6825481717919
-21.68240085496805
-21.682632334948245
-21.679429375642606
-21.682433988783004
-21.672294673036387
-21.669140514403658
-21.669834983040047
-21.66522617270771
-21.669423969205127
-21.665470748812695
-21.665585217520395
-21.674413081842296
-21.676201765016486
-21.671895678928546
-21.674966593148447
-21.66123637135645
-21.66517239904769
-21.65937355758364
-21.654220279042818
-21.654821464099296
-21.65908872925163
-21.643948384876946
-21.64010010992871
-21.644261628644653
-21.652507225838196
-21.659103907537396
-21.6609829437911
-21.655154606715556
-21.652267574347363
-21.650197173065056
-21.656151663846625
-21.659465362165232
-21.65730391716887
-21.669891284244375
-21.67040868853038
-21.680386880125027
-21.686681072786744
-21.67700710271796
-21.680078827808284
-21.69196376001938
-21.686818489276067
-21.677010082446873
-21.676896229084512
-21.676614067843907
-21.681562397519844
-21.69016176615776
-21.676202550395715
-21.6862971697721
-21.67591967134769
-21.671711940671283
-21.673417912814358
-21.68652802274776
-21.68945407326982
-21.700430761072777
-21.685540022601465
-21.677129231029074
-21.683076519790276
-21.67846107662108
-21.66354672969316
-21.66717650507028
-21.663119220337997
-21.66550626495005
-21.669144911496893
-21.675496905594958
-21.67198151874609
-21.671336656553233
-21.67895125130003
-21.681577440630434
-21.680761735412045
-21.67651178471295
-21.673000095080187
-21.670502116980224
-21.67212620067178
-21.679078523992747
-21.67796123882999
-21.68206015920516
-21.680412118762362
-21.674522723780942
-21.684472802912012
-21.677158858654085
-21.674680882064134
-21.677425512089574
-21.67466002999164
-21.66422074548163
-21.657153969256438
-21.653173142942332
-21.661767672086263
-21.649296294397224
-21.64322268192849
-21.655475151983264
-21.652454575432433
-21.649243704133166
-21.650508888587883
-21.65907479473141
-21.66071397189361
-21.657960279651373
-21.668488157716162
-21.66826511520157
-21.67998333187425
-21.678092899998315
-21.682935751332067
-21.680197435742198
-21.686261838466255
-21.677047879767372
-21.673899231494097
-21.67177596333045
-21.67162684718213
-21.672369270553894
-21.68244999939107
-21.67882030532306
-21.67822425413972
-21.682315200376824
-21.682363940936217
-21.69457852923725
-21.688391436357055
-21.693446617146186
-21.697423541196176
-21.69659517257692
-21.69440357888165
-21.69345880272542
-21.688173715827674
-21.693558578075073
-21.708192925897134
-21.698451417194295
-21.692811655980645
-21.683582766718832
-21.689255831113773
-21.692852350204607
-21.681443294089714
-21.687054099589513
-21.679734568323862
-21.678948501491472
-21.683386962034746
-21.683920797013446
-21.696232317862187
-21.690560333107634
-21.693727809303166
-21.700634205133753
-21.704058690404963
-21.708315943038606
-21.708019386035808
-21.705074326179997
-21.697184712394765
-21.684849853025703
-21.67787206905152
-21.673412975833223
-21.668374897601495
-21.669906491863532
-21.66700078201099
-21.67810510988099
-21.682426392605095
-21.688154480390136
-21.695222962763417
-21.704155893397687
-21.710294102210835
-21.71074343305161
-21.714389867283472
-21.715330769125018
-21.720807092468256
-21.720766115558618
-21.726654066079718
-21.727170133239195
-21.72524108813568
-21.734146419383354
-21.74421231227274
-21.73128866349037
-21.731376700664647
-21.72453870155775
-21.720181760432116
-21.71726788068609
-21.712338966195617
-21.722394941395283
-21.703388380360188
-21.71779923526801
-21.723053493017588
-21.726326045309357
-21.734647609786496
-21.737361344644967
-21.744639343065966
-21.735244844222844
-21.7341385502064
-21.740622329723767
-21.7395642542845
-21.735210218200397
-21.73020342310246
-21.7205728318437
-21.706171327242732
-21.70324124604641
-21.698945561146694
-21.704955571990155
-21.705889239706867
-21.710704971631394
-21.71654580346336
-21.71358905005953
-21.709074737520897
-21.71508048702315
-21.709746151415736
-21.708957199719098
-21.715987445411756
-21.714155158129294
-21.719959352544873
-21.718335523989776
-21.71646038132512
-21.710775562667322
-21.71487350421824
-21.720957507501474
-21.718170429186785
-21.69472714847334
-21.69961215767613
-21.691109470228064
-21.70162711628803
-21.711029142728144
-21.706232170441165
-21.712898072300824
-21.711224245418084
-21.714988959012185
-21.713234325315337
-21.697748978187768
-21.696422492523872
-21.705120877955142
-21.709704034639643
-21.696900748731487
-21.697608794872924
-21.695254602007125
-21.69648025230262
-21.683594696057433
-21.68258899740658
-21.686368965579693
-21.689150570258008
-21.702391301044145
-21.70595250194303
-21.707311540914482
-21.71218707910132
-21.715407849596133
-21.719455811798923
-21.71508376524512
-21.714997628891123
-21.722699670297004
-21.73290438632339
-21.732093915635243
-21.72820750125553
-21.725806185802387
-21.721601590280777
-21.71405210476454
-21.715798486697803
-21.713869224729077
-21.71427629714239
-21.717425524804057
-21.717654212696022
-21.71289908046896
-21.713396348263384
-21.715254813577786
-21.713423405873506
-21.71709459112028
-21.730192117894912
-21.734141609689495
-21.72944156737118
-21.717504919109768
-21.72126313119474
-21.718442268080977
-21.721270763514728
-21.717581316310444
-21.724120091296495
-21.709744345738994
-21.697219288061124
-21.697498200192477
-21.705815844973756
-21.70903952231518
-21.703018255565148
-21.712502131575455
-21.705856237462523
-21.72016311929289
-21.71361664664207
-21.719704522888325
-21.734904291815457
-21.741892092788163
-21.74357026836299
-21.744909110050955
-21.745520582504792
-21.74037198048018
-21.742487455825938
-21.740065702430122
-21.739682123695175
-21.732461646046744
-21.744759784247403
-21.75293535926565
-21.7619055299796
-21.75144060040115
-21.75473371024366
-21.764131365023857
-21.76517876801505
-21.7599628654592
-21.771179646009436
-21.770648679716988
-21.76928768953533
-21.764695403629
-21.76727954500256
-21.77120264856139
-21.76801665467084
-21.774638740500503
-21.77436894375154
-21.770528466416184
-21.772620578911564
-21.7638185381367
-21.75279848088523
-21.760479711050074
-21.75513393671847
-21.750396849132024
-21.75134442990481
-21.751690717559693
-21.750474856141683
-21.754498561710456
-21.74806215181869
-21.746246494326904
-21.753731836194266
-21.75419165029432
-21.750520494018197
-21.75702482896835
-21.755704839815863
-21.758451642642434
-21.769068840562383
-21.768077678150565
-21.764951317961156
-21.76724152572647
-21.759244496064504
-21.753732636207744
-21.757216047427903
-21.758248790027196
-21.74952588933892
-21.75020176391041
-21.741234502123998
-21.74371824433132
-21.743840404994103
-21.745522885482075
-21.74827375645729
-21.750534892749286
-21.746014945049563
-21.747036206898972
-21.7398358618931
-21.735115779384177
-21.74236116633642
-21.734405838018954
-21.744061660989427
-21.7444470617233
-21.75343660965226
-21.745508742543397
-21.745153837792106
-21.748166428394256
-21.749164321163136
-21.750992805838333
-21.75098789223831
-21.748248408479114
-21.75080997800531
-21.752862965852675
-21.752440751391486
-21.76068429628386
-21.752428146909594
-21.75579113933376
-21.76169432619578
-21.77644368868373
-21.786705258373672
-21.775629372075855
-21.765064624696407
-21.76106537169008
-21.756443245123553
-21.74881971063475
-21.74793460890146
-21.73462515362701
-21.721019466168624
-21.724708377392833
-21.73389842812636
-21.732810556139764
-21.73513890450817
-21.726701330174077
-21.729266486834252
-21.715487059869794
-21.714333943794742
-21.721154468137975
-21.72970825995684
-21.737361230521227
-21.746898192581277
-21.747281652382373
-21.74904668123863
-21.750235371297887
-21.74508539835157
-21.750424753704987
-21.75860005490514
-21.76111224699049
-21.761412773394113
-21.766910053258727
-21.747733102530443
-21.750082019476263
-21.746051836937763
-21.759736810951736
-21.764536522467264
-21.773737259650137
-21.767929730301713
-21.771404007220678
-21.780325451740786
-21.79219663753089
-21.79084831185191
-21.779525319208688
-21.780945556321175
-21.770765727912217
-21.772223189411072
-21.7770781885773
-21.776057882740652
-21.76806329478914
-21.761337812895317
-21.753080818613743
-21.74809726080012
-21.751911824489397
-21.749556152531564
-21.755624072320238
-21.75809508308855
-21.75482737168309
-21.752119618975026
-21.749798719778617
-21.764619865156032
-21.756695480967544
-21.75974981887701
-21.776023590602637
-21.773343605345616
-21.778846908967004
-21.76898798988559
-21.76694269158916
-21.768369411764716
-21.771461474278027
-21.773081704675455
-21.771013084875015
-21.7732718983442
-21.767534968847524
-21.770861251943828
-21.76240493430514
-21.76572568128699
-21.778049226868372
-21.779172429721367
-21.78527280767025
-21.783507055227734
-21.787772318112165
-21.777912086395578
-21.768655663742
-21.762275798709517
-21.761851576928457
-21.755921861386916
-21.76210387115828
-21.75645264146908
-21.750510400174385
-21.753698205653286
-21.754235821144185
-21.751293422624226
-21.764517853333007
-21.772098712646248
-21.766865420172344
-21.7614930267188
-21.76369239996003
-21.768675637378806
-21.77572451595473
-21.78555979423117
-21.789061448736017
-21.788133131442947
-21.79603226601333
-21.79160797977974
-21.79168024781859
-21.788697299660548
-21.772773507270745
-21.765347449868564
-21.757270283965546
-21.747294449967292
-21.74430935418884
-21.745076696524976
-21.736924852405465
-21.732440577230193
-21.731838789409757
-21.733503663554135
-21.73033189545819
-21.7305622509543
-21.73230305633514
-21.734102078377017
-21.741242303369
-21.742602600546675
-21.74461802767853
-21.737127628203858
-21.74993418452577
-21.7548544713366
-21.747235843476055
-21.75341277887228
-21.74650166978067
-21.749852975273676
-21.75248759921879
-21.755399323061226
-21.770296410706667
-21.755427611129676
-21.752252120246613
-21.769452708884796
-21.762253058522543
-21.76789589940895
-21.776227172960667
-21.771764144396073
-21.768956403769533
-21.768213536734706
-21.76707863492716
-21.762945420065122
-21.773554826842133
-21.773669093117693
-21.7704391716269
-21.76499627982546
-21.769807897179906
-21.77720252631088
-21.77713918782752
-21.775724516997304
-21.763502076685537
-21.75661252633029
-21.75625293499019
-21.748613202488254
-21.745377343716456
-21.74551589256319
-21.752316238279985
-21.743262574416015
-21.74386916451414
-21.74820779632802
-21.751602939884243
-21.74667588669719
-21.74369981236609
-21.73257351577651
-21.73055531192826
-21.73138751582784
-21.728039175824215
-21.71344676862568
-21.71715738263195
-21.72970331531758
-21.725634034429884
-21.72650371242439
-21.729005118635783
-21.73258359596195
-21.736858530694807
-21.736934481331087
-21.73348303842032
-21.724216602180963
-21.73085723928344
-21.732401636566326
-21.72819823099028
-21.7195226508313
-21.717838044549612
-21.72511928428279
-21.730668095658068
-21.730887818040216
-21.72854700396851
-21.741247462036853
-21.74464416106936
-21.73425894141557
-21.734815635994078
-21.724860444107406
-21.737674663170704
-21.738279951239527
-21.752277182158913
-21.76205011232001
-21.762946586948587
-21.764065656007155
-21.761744766839982
-21.75423096310244
-21.749136336084316
-21.75335607096043
-21.75449145845939
-21.763815838418715
-21.762154608221095
-21.756513704354283
-21.755400363523727
-21.754974948954537
-21.757619672567753
-21.75017176590493
-21.746145935132958
-21.724110382677242
-21.72815093138861
-21.71172012193228
-21.718327280131533
-21.721099145637943
-21.719176241131883
-21.72455562033251
-21.718874074093254
-21.714203202159474
-21.7116754085466
-21.711551453309472
-21.705704122553527
-21.70685432361583
-21.707130379231216
-21.70013264789959
-21.698111737071116
-21.705597392877152
-21.7215141052827
-21.724577123062183
-21.730317615997365
-21.743267543528425
-21.741654602609167
-21.733877737179498
-21.720365256012997
-21.719324370644937
-21.714484188615792
-21.705885171413215
-21.707004577343195
-21.703925726244233
-21.71232851171487
-21.72520109852961
-21.722175149907045
-21.717822827454146
-21.716371424779172
-21.73184918096195
-21.73860099872835
-21.730024176603713
-21.730178570475005
-21.732051175308555
-21.736677850585338
-21.74285393650946
-21.736980346347153
-21.741090320031795
-21.74909346664547
-21.757774795878323
-21.75098770945044
-21.75435387345328
-21.763103837273697
-21.757284158527913
-21.745903016815586
-21.735977773968852
-21.737731965757142
-21.74208779946256
-21.742975355150374
-21.733258406087874
-21.734258171231428
-21.732439715015754
-21.74389579563347
-21.74243178982777
-21.736532053042733
-21.738379080527032
-21.746427792718602
-21.74707884365787
-21.750564539907327
-21.753933908876537
-21.75537184207509
-21.74827374051374
-21.757539238184386
-21.763790470006285
-21.7658194136414
-21.75661611172799
-21.75495665664085
-21.754083218129438
-21.75702263702311
-21.75112793396207
-21.749215679394975
-21.75861278931478
-21.762852667836
-21.75168291290332
-21.747333277816438
-21.75863820073203
-21.751519909744804
-21.747934917117398
-21.756172497848265
-21.757211323236078
-21.74818665676776
-21.745355889944005
-21.74041499618356
-21.73935070256576
-21.74127293436133
-21.73689860383268
-21.745952872447173
-21.74607018999699
-21.746881580283144
-21.739904315023164
-21.73923215077155
-21.735717499563727
-21.74070835436602
-21.74696434022117
-21.74390565088957
-21.74533995260033
-21.752879428679872
-21.752302531091416
-21.753759353642995
-21.751794560447642
-21.74752742991973
-21.771860783250236
-21.767877250235024
-21.76003059480305
-21.76012796738411
-21.760813627866913
-21.7558212801119
-21.75153118038774
-21.756740258767397
-21.758902067743424
-21.756999058566336
-21.75293713886288
-21.75217211214279
-21.747157457970847
-21.759411712239885
-21.759392157045024
-21.75635513431778
-21.76296092450379
-21.76173788877343
-21.764961598515747
-21.764882916330105
-21.760595727724432
-21.756606945189052
-21.753851918797324
-21.758439346478838
-21.755087152217207
-21.753072878330418
-21.758211418564777
-21.757904004258712
-21.75346826252635
-21.755620768563293
-21.76062876629932
-21.767443562576585
-21.768057015736293
-21.771809490604127
-21.763225021257718
-21.7680878875301
-21.772226111502917
-21.77843532865996
-21.780813860139418
-21.77587643288983
-21.777118007653183
-21.755076851167654
-21.754540769524983
-21.75564247877751
-21.74919099772088
-21.754669176679823
-21.756196086560923
-21.755605874881148
-21.761398159277892
-21.754559386319528
-21.748924718546743
-21.744825160040456
-21.741068260336714
-21.736992502525634
-21.74562113991336
-21.745917402866823
-21.756723803379135
-21.74511928848287
-21.741385403821603
-21.73654722352122
-21.736087861087313
-21.728334407184818
-21.71938387611801
-21.70847572018168
-21.702978320388883
-21.702955855592755
-21.712362316529187
-21.71694945006734
-21.715024603744954
-21.71357758351631
-21.718154000931985
-21.71792468492254
-21.72217783076798
-21.717507619993405
-21.718191583963254
-21.72369568418539
-21.71598082049106
-21.718664440900532
-21.722464016690438
-21.711776015319423
-21.71628719070859
-21.722356936355354
-21.723847724144253
-21.724286612442114
-21.730264267310787
-21.735474865731025
-21.74186626747282
-21.739018351206543
-21.738798722195387
-21.74573365959139
-21.74894931255098
-21.737447411040034
-21.741184851833836
-21.737124056715686
-21.741213710999848
-21.73741554951985
-21.735549914790777
-21.73305662704343
-21.73771397108209
-21.754881026066506
-21.756104876461162
-21.753295899301335
-21.750849217493037
-21.750645979390082
-21.7381183318374
-21.74095557149704
-21.744271373385015
-21.73620734756515
-21.74613623812347
-21.749139085914674
-21.741200770039608
-21.731436267275896
-21.737168825333345
-21.73503467803265
-21.731151992018727
-21.744348846481593
-21.741304112750388
-21.73801464777887
-21.741214762594414
-21.741589468567497
-21.739609006239334
-21.725187705354962
-21.72600013284745
-21.723930577295473
-21.71701491936637
-21.725923978761053
-21.728428446551387
-21.723037398407385
-21.723187972052887
-21.724818649961122
-21.717108647019337
-21.715225416689915
-21.71572538927188
-21.730866116263318
-21.729511536811167
-21.7305908241631
-21.733732636906208
-21.738970829999356
-21.740281080128717
-21.73780172886772
-21.752465231485363
-21.757109720254864
-21.75296925504155
-21.748311805258997
-21.737015164354208
-21.733933623377517
-21.727696014527677
-21.720281075299166
-21.719398307856753
-21.737597001015885
-21.741044053208515
-21.73809938237193
-21.74063186320516
-21.744850989394926
-21.746705562666097
-21.753414064108192
-21.748695840596813
-21.741509919848934
-21.744949138797292
-21.74885992643215
-21.749246465291606
-21.75165620405334
-21.761158273001683
-21.761232261003432
-21.75906463247036
-21.753087099283285
-21.75123119787978
-21.75915854872454
-21.746612691970405
-21.76221829037523
-21.766291818776402
-21.77420424546944
-21.786283361186836
-21.792448294000103
-21.787205777294282
-21.774382419835447
-21.767914393430942
-21.768212220083072
-21.762554408614772
-21.762504535171935
-21.770073137620734
-21.774923478241504
-21.766459558885284
-21.766457009715758
-21.769943386413676
-21.773810465844143
-21.762946691301526
-21.762320424405637
-21.759507667227478
-21.766294878863988
-21.765532736660628
-21.764363033822576
-21.760586672642212
-21.74452650328817
-21.751567898468334
-21.74309130905937
-21.749767109089216
-21.745066913215158
-21.742587950976624
-21.74969326050611
-21.745113640864016
-21.748210557851532
-21.76660937758217
-21.761946137132934
-21.743865207609932
-21.742679214154304
-21.744680669858294
-21.741708190641788
-21.744572201951467
-21.730137981912247
-21.733911593601256
-21.72900097013362
-21.724717740452647
-21.72661632013958
-21.723957377069016
-21.726670763040044
-21.740185751828637
-21.738969333009813
-21.737509303115445
-21.754929942855306
-21.748554003744722
-21.75469843154048
-21.749284912168193
-21.756918837767923
-21.755040817861648
-21.74963646210873
-21.739636076059806
-21.72745757791012
-21.731158512627875
-21.72943814844052
-21.718962513574457
-21.71853518183361
-21.715893149930682
-21.721442318903765
-21.726353038307053
-21.724008033834977
-21.727107168315186
-21.737526038112378
-21.736305988891708
-21.745846068226825
-21.75296111310758
-21.758745449696427
-21.74804512543225
-21.739596770575606
-21.741771786620546
-21.738337741887634
-21.74106038333767
-21.7353751242688
-21.721442849047637
-21.713003343127347
-21.710362411103333
-21.711543549517717
-21.70657756200355
-21.7226868432559
-21.710846591125105
-21.710939980319033
-21.725364018144862
-21.732279612063696
-21.7265677119689
-21.713841373644833
-21.718652298930284
-21.716773085386514
-21.710433098094153
-21.712917655129296
-21.712277398243174
-21.718554655456767
-21.720400461733004
-21.720333020800382
-21.718530733072022
-21.717057669378562
-21.7126631355545
-21.72153586126105
-21.727462705817473
-21.721891644993867
-21.725202266294474
-21.719227760499976
-21.724269243828687
-21.725404147732405
-21.729860841982614
-21.73429376911018
-21.73255267509836
-21.735383014895845
-21.742085974361103
-21.742218063405158
-21.75350158734782
-21.752534785016195
-21.746730075818896
-21.750514359119652
-21.749316323596563
-21.746722856326855
-21.743914684280547
-21.74879568936192
-21.762346905382444
-21.766188160302857
-21.766453680909258
-21.760753729171814
-21.757009530939722
-21.752621758352973
-21.75899754145851
-21.75794369791641
-21.749641354624238
-21.75295317365988
-21.760491172030306
-21.751139315837968
-21.767767167149888
-21.76919840907078
-21.77224567339811
-21.780600160541233
-21.783822513615338
-21.774778639406247
-21.780323608619685
-21.778838500402284
-21.770775798497144
-21.772417168979725
-21.775331811574144
-21.770299278747437
-21.774443993970483
-21.770204534651985
-21.778118096380016
-21.78927123355812
-21.78976447208054
-21.784411350954876
-21.77953670538692
-21.78509934467153
-21.79100916912083
-21.786542985212343
-21.780188603708186
-21.791008595641927
-21.785231203074268
-21.790508419412472
-21.794186384760323
-21.795622072620233
-21.804323843525243
-21.80002611882776
-21.791450317248707
-21.799519999759827
-21.799999830169927
-21.80289028429727
-21.800837130348118
-21.79266158670801
-21.795117751345355
-21.787417461559496
-21.777779012334616
-21.78373923167321
-21.774265027094376
-21.780289432902332
-21.779390781871875
-21.775586573293914
-21.772916439187117
-21.768553674335344
-21.761074960009474
-21.753788221803955
-21.762161439155204
-21.762675819749894
-21.761612191313585
-21.761165809918655
-21.764869414758554
-21.759054931622376
-21.759788433878256
-21.76216517671819
-21.760882653198532
-21.769286956989035
-21.77025756396159
-21.763002049992416
-21.760029215802664
-21.76866529837378
-21.774223721579446
-21.789071531512818
-21.799101029303092
-21.79437446228084
-21.800411816819746
-21.79023640328046
-21.805178909273636
-21.796889270007277
-21.793371670455198
-21.793183978647484
-21.788510841295558
-21.78610920740707
-21.79090792762875
-21.785745089141766
-21.777326695115374
-21.77441144803985
-21.773842792432365
-21.78461432943273
-21.782406216894657
-21.778428842785353
-21.77250604486037
-21.76410149219281
-21.76535758848541
-21.76575334473402
-21.762741628093643
-21.750566641881512
-21.747447737642766
-21.741439177351225
-21.744842027507143
-21.750575095103976
-21.756825706990004
-21.7498286202493
-21.725960563754075
-21.726907632741565
-21.726076352466848
-21.73243718026107
-21.7350262457381
-21.738727775661268
-21.746485441654478
-21.74063992361375
-21.742897279470736
-21.755083431419948
-21.758957222299596
-21.76301615105839
-21.75575094580219
-21.761810531648745
-21.75246268359789
-21.755614848935146
-21.761437222210347
-21.768102881933086
-21.76709781969406
-21.744506847022517
-21.745384447396575
-21.751637297770632
-21.750927736029
-21.74044943035948
-21.746564761538195
-21.754158580513284
-21.762063220234538
-21.758104339242063
-21.773020308318056
-21.77657967191609
-21.762808520307384
-21.76659019589202
-21.751348500463767
-21.754298654488842
-21.762416989096188
-21.762494548991917
-21.75169048746732
-21.747526161944215
-21.742485418716864
-21.724187954802204
-21.72455356054655
-21.73068935776149
-21.732749302859073
-21.740095648463317
-21.746842714827945
-21.742695853045834
-21.741963390353433
-21.74266835557036
-21.74146817936216
-21.741440951997987
-21.750191783489914
-21.746629825144506
-21.742407557166384
-21.740692439524405
-21.748227471386038
-21.734536429984807
-21.745787620949297
-21.73721977507125
-21.754641409085107
-21.761134881815593
-21.76311087504688
-21.750186447755482
-21.744905812112734
-21.754011492277794
-21.75108764234737
-21.758678786243472
-21.753893657410067
-21.76102624584912
-21.752356501116154
-21.75439174783347
-21.76757617759006
-21.769641781194686
-21.763918991103704
-21.764760535243795
-21.765002300929044
-21.76862579816586
-21.76955224509517
-21.766884482298
-21.76162538121865
-21.76751677631562
-21.76362733883811
-21.763919622703316
-21.758467302311068
-21.75152637520773
-21.760108469345738
-21.768204563727465
-21.756861634179646
-21.759982531571374
-21.756807128099297
-21.755626454062686
-21.761509955767586
-21.771602544179476
-21.77378590459921
-21.777892851666035
-21.779839875404566
-21.786194895468117
-21.77813753282583
-21.77917937638438
-21.77444938486663
-21.762326782139446
-21.75550280075005
-21.756285922655668
-21.768711497865137
-21.76097526415626
-21.760136067219502
-21.755647711054063
-21.756451429112268
-21.753974535033112
-21.757984418087034
-21.75657288932899
-21.76120959598764
-21.76517099253489
-21.779157563215794
-21.78276075019991
-21.786682316755993
-21.785352991260513
-21.78685361873824
-21.78443889652578
-21.78732144897815
-21.779913149698743
-21.764919911354298
-21.757506768896345
-21.764737370624207
-21.76924526641437
-21.75651674039642
-21.750884645475583
-21.753402971982933
-21.765770160442067
-21.765968773493793
-21.76996894720236
-21.774792144318145
-21.773851085332705
-21.774005395641986
-21.777636896959898
-21.786689941250586
-21.781782356925387
-21.77589943999291
-21.779081907025372
-21.77504058918562
-21.769427968549607
-21.770899357212517
-21.765218746307095
-21.770273047435843
-21.776633116496576
-21.77454072412361
-21.76890987794974
-21.760446272970825
-21.763289199897926
-21.769422009704144
-21.76727879520475
-21.759769883901466
-21.775094489736407
-21.771740231749394
-21.76220750512341
-21.7601144964882
-21.757338227193326
-21.762653880172834
-21.75482798200477
-21.75237304656356
-21.7562328123586
-21.77030476723715
-21.773471610772816
-21.769123104870605
-21.77281533777504
-21.774380321127218
-21.768127952290175
-21.756635187774556
-21.75976143053975
-21.768402944171584
-21.76937812964489
-21.776067766731376
-21.777217507082188
-21.78527791709257
-21.786395467492227
-21.785599528480105
-21.778584413734023
-21.766291033958964
-21.763417754217897
-21.759104143066264
-21.752767134072712
-21.762712869189112
-21.758134486459948
-21.758667410750913
-21.75411673387277
-21.758039840512698
-21.750285236157634
-21.740436510651914
-21.734157270322484
-21.73228710232215
-21.735091580450348
-21.73170005630619
-21.73513556884216
-21.72806707642776
-21.730737937187556
-21.740261978981742
-21.748717094148336
-21.755726227477947
-21.75787266429365
-21.756736210855586
-21.7568075305419
-21.763633687983873
-21.75175498676477
-21.753084950835635
-21.756718501943187
-21.74792368884612
-21.75364207045897
-21.76251728364443
-21.766664825895575
-21.768330803450606
-21.77049161491768
-21.765763746857242
-21.753501310042033
-21.755700764599506
-21.75768740992153
-21.756012132034297
-21.761560830570932
-21.763011810508004
-21.761313487637455
-21.772379981182436
-21.768834505096134
-21.774055136125302
-21.770442120355508
-21.775326257100993
-21.773901472329772
-21.78122399939096
-21.7709544672113
-21.774514882980736
-21.77222186555594
-21.765312053555096
-21.756823741072665
-21.7472143988009
-21.74887787702237
-21.75121156361433
-21.755561890539163
-21.75624545039959
-21.745180699976544
-21.74015064348919
-21.74231495194332
-21.74225143427915
-21.742377196001133
-21.737930540400107
-21.740891821910175
-21.746346166794453
-21.747574320109067
-21.751543950480137
-21.74517543197943
-21.742291706862964
-21.74029193673079
-21.747568363159132
-21.74939822142622
-21.753174301552963
-21.756082192270682
-21.75473311979534
-21.74765295493932
-21.75067237730504
-21.744291578783958
-21.745553086998935
-21.737301599136273
-21.732286285000313
-21.734175563729128
-21.73214188696941
-21.736702143506285
-21.741069109945936
-21.75622173675161
-21.755299793544488
-21.76555420130425
-21.775087353356348
-21.777358854228282
-21.778976170357367
-21.775793700829063
-21.77145909860413
-21.77704945288944
-21.769918170022983
-21.76989462353266
-21.769390260338763
-21.758177717096192
-21.751785000485405
-21.761971033497208
-21.74758377366486
-21.73133350874936
-21.72733303019297
-21.71984781695274
-21.706294184740116
-21.707222927648992
-21.70879421075997
-21.70964245135752
-21.705881505085042
-21.714114326512593
-21.721699747872456
-21.71878760614409
-21.721222333033296
-21.719410189840243
-21.73199114058928
-21.74224466493571
-21.753800399076095
-21.75062154771635
-21.74986334766941
-21.740524520075066
-21.73971622165202
-21.748323236258955
-21.754592008563325
-21.749463671263687
-21.750781317149112
-21.74251511778665
-21.74066245104929
-21.741399342266753
-21.735205349860216
-21.73130424305851
-21.72849463077874
-21.732950411925867
-21.74751232988468
-21.750994216156528
-21.755820289845374
-21.749662700396687
-21.74517195914806
-21.74121026997091
-21.739009636561217
-21.73303216639623
-21.727805013346526
-21.722370564781862
-21.72269338730031
-21.715708260115424
-21.717158641645636
-21.716571232954188
-21.71288158196329
-21.704661339824938
-21.714753214513756
-21.703698961263374
-21.697018545609907
-21.70985854486047
-21.71416092702647
-21.720072453520583
-21.728904695484857
-21.729792221288594
-21.73690488196594
-21.74850807081506
-21.756328893411816
-21.75192773095975
-21.745656305694258
-21.757357198517504
-21.757572878384238
-21.759079686579653
-21.749809723016
-21.741712114875828
-21.75563184611793
-21.757849077513608
-21.75966176629658
-21.76149296394339
-21.749417170317145
-21.739227351708355
-21.739316566084877
-21.739411746882396
-21.74056662899405
-21.762380308112828
-21.75175428291213
-21.751734306640603
-21.757658210882457
-21.755872091120896
-21.755739165369537
-21.75376054905296
-21.750514519757566
-21.747381876796936
-21.744236421427406
-21.740708391750424
-21.729680350644514
-21.730435885970646
-21.736533066378254
-21.73808652734956
-21.745497175364545
-21.750037621984404
-21.74528114870482
-21.74133115466744
-21.74165671461408
-21.75113197386911
-21.757417005587172
-21.755070941591597
-21.748226520541905
-21.75861046854485
-21.75923345257696
-21.76116153421831
-21.754608562948945
-21.754933642734304
-21.7549165774408
-21.75250124205666
-21.75203250102711
-21.74695845528938
-21.7465363628224
-21.740424589155104
-21.740762433948184
-21.736291595153926
-21.735020517180594
-21.73089882285942
-21.732423427286005
-21.74531169596022
-21.74410081840057
-21.74033606540452
-21.748746406124297
-21.75764404889274
-21.755984558794758
-21.759658956833373
-21.753429127463868
-21.751870984983675
-21.761075052931165
-21.75573375810952
-21.75609906308916
-21.763736972199546
-21.770339705408215
-21.76995512245781
-21.77393511205544
-21.77260700112992
-21.780021932950625
-21.788399112704482
-21.78585058268531
-21.786863385924107
-21.785388639919635
-21.786083770436672
-21.79609632875927
-21.791509913517032
-21.77484062417112
-21.78107486911727
-21.77434742950378
-21.776741351190292
-21.78205557812528
-21.782029269542292
-21.770593810674654
-21.76756499613036
-21.75713393104317
-21.762822593092757
-21.765022510178394
-21.761147537462893
-21.76058012644294
-21.770484247569563
-21.77369123074467
-21.759829169250423
-21.7536552423111
-21.755476550974056
-21.75699101862647
-21.765131401205505
-21.768916306574166
-21.77395466823996
-21.771821843265545
-21.775096588526097
-21.781815922006274
-21.790297568459625
-21.784292157904805
-21.78486621362536
-21.781053435737224
-21.790623774383945
-21.79087705988278
-21.797263013266967
-21.795978144187625
-21.797080364141575
-21.801543929633418
-21.80140103542809
-21.797110509347924
-21.78578448042419
-21.780796267964217
-21.782801795995777
-21.790997345407952
-21.780499978356012
-21.782638505738884
-21.778280643833828
-21.78392325034131
-21.7914820445267
-21.787052111050393
-21.777624893436116
-21.776140294457594
-21.765208403572224
-21.76770240142386
-21.773442986215404
-21.76791580168867
-21.77201289527798
-21.760707175650825
-21.754839409788048
-21.75603401429973
-21.75198750877179
-21.76217980705488
-21.752624556749623
-21.748344254534935
-21.74700624581536
-21.754338231971506
-21.756463098426952
-21.760453915160934
-21.766662021235927
-21.763536233657817
-21.757374785009063
-21.763555702435852
-21.763749761850725
-21.753204709194808
-21.75199240494619
-21.766853749647396
-21.762055506650743
-21.752351890874806
