-21.768011502514405
-21.78754273326011
-21.77248985845651
-21.769892235564576
-21.770736305254484
-21.775001469709018
-21.75075325308984
-21.76205816875774
-21.762597065871102
-21.748735528171277
-21.755268286687226
-21.744183420709422
-21.75070097889997
-21.76538595826138
-21.761632773040688
-21.763519556414867
-21.759616715401606
-21.753624615255287
-21.731892098315342
-21.730025993496806
-21.724279998862762
-21.724209463046886
-21.731953177868363
-21.714184223315435
-21.724123015172434
-21.717908500071022
-21.713594256071524
-21.708926939947425
-21.704213147293697
-21.707296796977527
-21.694394576440274
-21.700684009429423
-21.658277905127708
-21.655462926084518
-21.66119211464313
-21.658019508374107
-21.667028166061158
-21.67085529251658
-21.68412303753084
-21.685236892446312
-21.68792739305715
-21.694746699573184
-21.699713156735577
-21.68120678308084
-21.684719649041174
-21.691931302252865
-21.673517584995658
-21.670880522430636
-21.67669681420378
-21.669461132042127
-21.662813240619744
-21.663950481711264
-21.690831846940988
-21.673391065147598
-21.67740236241514
-21.660916794416085
-21.683059117230144
-21.692379441248796
-21.7090736769919
-21.7175151387254
-21.713301239238145
-21.722574012322188
-21.699997869393915
-21.704346328475637
-21.7153767020247
-21.71383037799344
-21.712389559808237
-21.705808515875983
-21.680773310665174
-21.68778678546691
-21.683426140898682
-21.697524682901243
-21.693544511672222
-21.68674716611675
-21.66625893406716
-21.680328988757143
-21.68666076199902
-21.701364595108917
-21.68377999545391
-21.680534897809103
-21.690640913120774
-21.673805826911682
-21.680433727493497
-21.679656283461274
-21.685818726474285
-21.68577666447205
-21.668949882955047
-21.669970730420342
-21.66665776199155
-21.67477627549694
-21.68619444648958
-21.695441855946257
-21.67733734651875
-21.67413704792491
-21.6735112884265
-21.70352868696747
-21.696934149040104
-21.687745133481148
-21.68402289220432
-21.684310724335816
-21.686287910644886
-21.6861028772211
-21.709040987612415
-21.701114620188868
-21.691489305544142
-21.684351119197476
-21.68560790862096
-21.70040726525391
-21.710726450810448
-21.68927836356202
-21.709605426089613
-21.727923304980745
-21.722466238075214
-21.731885302096675
-21.731923821479985
-21.733076058019044
-21.726864224086558
-21.738208149841906
-21.747525857293688
-21.747896713493176
-21.731604666482426
-21.73899694553303
-21.72865593087039
-21.730824398051514
-21.717637104512956
-21.712601732086387
-21.700721405655244
-21.69909928766098
-21.7134182723924
-21.70203308370589
-21.697662051355806
-21.71178093470862
-21.71281687518514
-21.696126141904646
-21.681738264110653
-21.68315461921693
-21.699599925697417
-21.70394989241583
-21.723277594486845
-21.70656829765007
-21.71235665786142
-21.712051696565023
-21.686717377284847
-21.68003278390617
-21.684171061317514
-21.666132025525883
-21.691176663371145
-21.683743398618727
-21.66885917319198
-21.680439231853583
-21.68272050149471
-21.695628417810365
-21.69788341111075
-21.687552112278873
-21.686214114154872
-21.693997981910005
-21.689586584335625
-21.688907250620897
-21.70399308097735
-21.714896472211432
-21.705736264767225
-21.70422398409655
-21.722791972148784
-21.737175732321745
-21.735824766711186
-21.72721117274177
-21.73342428506105
-21.73872933193741
-21.723826809431618
-21.729919418052035
-21.724484296170605
-21.735252624076054
-21.734603939606444
-21.737178757688525
-21.733967592554915
-21.731678623790888
-21.717479863016464
-21.72333738198371
-21.7131072637319
-21.717341423065868
-21.715693115887817
-21.718523039233986
-21.72215645681727
-21.732092281859668
-21.72755739569009
-21.722834286768418
-21.726797412468418
-21.713655211096093
-21.722174989964444
-21.730948574782182
-21.7441768680398
-21.73070325705425
-21.707131702271617
-21.70413645402462
-21.700653602596105
-21.696872547581712
-21.69694828317493
-21.680741798848562
-21.668392120699867
-21.657317995115925
-21.654016983178447
-21.659092764738247
-21.670814836139193
-21.703338440496687
-21.69937886867891
-21.709168035130133
-21.704463676236767
-21.687600023955866
-21.707083266293505
-21.70302043762036
-21.699383778363686
-21.695627785566394
-21.70009104901249
-21.701418209090267
-21.704249096771495
-21.69846277885691
-21.69077222152073
-21.70551794198752
-21.69927350955958
-21.69890537241169
-21.69757661828112
-21.703090587652053
-21.690251838919455
-21.677998820036123
-21.6850772424617
-21.657050329948994
-21.639069957116327
-21.630547575620366
-21.62526026792465
-21.622253035304215
-21.62774748787885
-21.634323024247898
-21.64064807976861
-21.64919774164965
-21.6343661439424
-21.637402691925853
-21.621622717334176
-21.609862167900253
-21.6030508727357
-21.61780424944404
-21.620721058168456
-21.63388596375331
-21.63515917049491
-21.626773520323322
-21.623212180424886
-21.61878972581712
-21.63825602681262
-21.61915534152662
-21.62017859968626
-21.635736954922034
-21.621378996865023
-21.62793001662899
-21.650599046137245
-21.660039075806594
-21.668404425759416
-21.66274403871832
-21.667289737426472
-21.647392849022534
-21.656393400984758
-21.659325706653394
-21.668443182884484
-21.680592085590856
-21.67522806851744
-21.666306155731633
-21.649981900606125
-21.646992094574177
-21.644670425684975
-21.64628821886615
-21.651098274855233
-21.648248651369936
-21.660049414764405
-21.6531695081042
-21.67478817982838
-21.671187726359996
-21.689822279316886
-21.680957619259768
-21.664789405755016
-21.656366020340332
-21.651902424733823
-21.64143880537715
-21.62807453358482
-21.631261811219
-21.618779898154838
-21.601131681413452
-21.603429530848697
-21.5997025505241
-21.62283381378721
-21.612464824546045
-21.623067189623303
-21.623088257959452
-21.632359360545493
-21.625556288836837
-21.639873506507154
-21.62275004212273
-21.614605322830872
-21.598338000241128
-21.601978835301235
-21.60901087198421
-21.609243689793093
-21.628135572086297
-21.639263151503293
-21.648510208502938
-21.640585382664163
-21.636672273457403
-21.63229505316646
-21.636903211092015
-21.633712830547076
-21.6293370503731
-21.629082257317698
-21.64152197204991
-21.641740985058185
-21.64955486621036
-21.649311985715237
-21.649652678279114
-21.675095843210684
-21.66981950867864
-21.68345510072149
-21.683937549729805
-21.681317612486897
-21.66722184163387
-21.64862013536572
-21.659211230359006
-21.665705083065642
-21.678012012188933
-21.66969228820263
-21.66022301844244
-21.654948988816308
-21.648426182700845
-21.660409514356694
-21.68506689834036
-21.686152779242207
-21.674695772912834
-21.65838770041645
-21.646994836983705
-21.653429679406223
-21.654832455929863
-21.64816504455924
-21.653292055865226
-21.637704018702024
-21.641267260439403
-21.6413637084449
-21.620063830392848
-21.6446682864565
-21.641305354175312
-21.646518561037407
-21.646663366927687
-21.630147596181025
-21.637622246208693
-21.647177256998802
-21.65789999415401
-21.65746401069973
-21.64831823813901
-21.66505732923536
-21.655940371523872
-21.644782279146995
-21.64690480778317
-21.663252108646578
-21.67715059015377
-21.681094910493545
-21.7063147353217
-21.695766105989225
-21.7047448498403
-21.68721419824667
-21.69257208197082
-21.69610660522489
-21.699289261468344
-21.71268978235785
-21.70270789436956
-21.71313347987174
-21.706827251341764
-21.706293806325288
-21.7149655800816
-21.71669285800269
-21.706032974558376
-21.705829760955037
-21.69871133384281
-21.700640107926723
-21.69729293312801
-21.68750569247669
-21.695189187093987
-21.687760628073633
-21.679329259551068
-21.68505415549074
-21.688954715442076
-21.699847488980243
-21.702158836372657
-21.692423546392593
-21.686429506079115
-21.701352803087126
-21.696543762521983
-21.712509706365655
-21.713489522860225
-21.705184975853253
-21.719272883572618
-21.715081145707458
-21.712459446973117
-21.67923717134187
-21.68813181159659
-21.68487436689492
-21.67598180862197
-21.691979336929347
-21.685309204978534
-21.67744449974271
-21.660767191755173
-21.656268022809556
-21.660304097070984
-21.658212131916265
-21.665549046556052
-21.6780208424472
-21.69555251239907
-21.695922275647163
-21.688258438027503
-21.6816520954242
-21.683692999813093
-21.663466373389213
-21.66861052561341
-21.648772853002594
-21.643314759317594
-21.65061950192445
-21.644153233499665
-21.63482612681736
-21.648969372462506
-21.648737992699886
-21.671649518252448
-21.6718472815269
-21.676519938284127
-21.691777570803676
-21.6781048962239
-21.660572999039868
-21.671793078714607
-21.676684705744687
-21.679910414608464
-21.683513578278806
-21.69048525560703
-21.676584286303623
-21.66991745849658
-21.674102897719216
-21.6834205908143
-21.679067221442136
-21.68872254606507
-21.68648497639197
-21.693295587758158
-21.70085307107754
-21.717287789374634
-21.695598061800993
-21.694524454255745
-21.68702999954786
-21.682376048201004
-21.6754290140423
-21.678053351311164
-21.69679861411418
-21.698343961791373
-21.69621278811668
-21.69716345949861
-21.69279225766239
-21.710920384943332
-21.71193798886554
-21.722798811771337
-21.724030507964468
-21.724675881981938
-21.70887634713493
-21.708512811614668
-21.69065155291375
-21.692578246750536
-21.693123294822712
-21.69068423933531
-21.69855738419567
-21.683219277135183
-21.683156427436085
-21.689449767116514
-21.705541347953268
-21.714374584361703
-21.697381347117002
-21.70113935449472
-21.69457002789455
-21.683951546676997
-21.679296108583678
-21.671942839503355
-21.67044921865891
-21.680758006265958
-21.687865878507157
-21.69365767461211
-21.692101158463576
-21.673327954171903
-21.687101067491188
-21.679455253851863
-21.67346304061754
-21.677683817727914
-21.680747406355774
-21.667546559688084
-21.680164307382693
-21.666664361690014
-21.67413031998033
-21.68720875869361
-21.690634122980928
-21.679607078221174
-21.666344522379106
-21.661830345447505
-21.66913984877298
-21.674028881048276
-21.677008400777538
-21.690886099443215
-21.7047760472773
-21.72367450666499
-21.71688444509112
-21.71012842336615
-21.711440098345477
-21.714693181774102
-21.71570547795729
-21.692511947514166
-21.678741040403164
-21.680085262911252
-21.66933058333476
-21.660299893298674
-21.66089192409305
-21.657337695455986
-21.65528101872053
-21.647570007750534
-21.66606085181419
-21.674928479892237
-21.672400405791443
-21.664117347061694
-21.664041237524035
-21.6651098365269
-21.638948939002905
-21.65940405638413
-21.66933061311672
-21.681848947905365
-21.675576987863632
-21.696506499835724
-21.667593619442627
-21.654860978498096
-21.65836616374312
-21.67743372309718
-21.668302996542085
-21.69143668252465
-21.689684147135008
-21.695570344501895
-21.69129874646059
-21.69893414352105
-21.7097470208882
-21.710491941816272
-21.70272306644717
-21.707888786634133
-21.723938242261415
-21.685379621542047
-21.71033225762863
-21.687494303231016
-21.69175417097421
-21.70628786264357
-21.71760285178308
-21.716721077942857
-21.6961399164705
-21.706927119283467
-21.71124676418349
-21.726941067920443
-21.7366967079481
-21.72865180343433
-21.727373697337914
-21.733287000585193
-21.730512959701322
-21.725044594336474
-21.725479518843883
-21.732426007408254
-21.72283657492215
-21.71659392328597
-21.71652920997945
-21.708608105267025
-21.727433344615054
-21.716425940353105
-21.72303593747087
-21.718200264272806
-21.726843169403942
-21.729109306854575
-21.743314522587454
-21.744137391978526
-21.750936524921336
-21.74076769776767
-21.74428679993059
-21.73263610688384
-21.72231226783504
-21.730504405921767
-21.714746589245667
-21.72279419377207
-21.717690187698988
-21.69974784178941
-21.707625409363313
-21.710702881072212
-21.71253126067804
-21.688825827707454
-21.668260367313568
-21.686972777898568
-21.688771644353046
-21.689130892573807
-21.691692882381247
-21.68822563471849
-21.684050294145496
-21.68262344557378
-21.69734916219106
-21.701749828105523
-21.693690823600296
-21.703895402436142
-21.707328833950072
-21.699121114742038
-21.672203450690315
-21.682623161557295
-21.690253071517542
-21.68747040982557
-21.692621405710327
-21.675925198166926
-21.662715023468586
-21.656532985212966
-21.657507996641524
-21.680670901315477
-21.690312475945632
-21.694448499814243
-21.704011541549868
-21.714156987202816
-21.69812729895504
-21.699580387839042
-21.702291614703817
-21.708312255824037
-21.68977146671228
-21.686766399937074
-21.691941141245504
-21.69088287418155
-21.675485009510677
-21.67056493446004
-21.67106791626784
-21.684358036480862
-21.676268799490078
-21.678534042036656
-21.66643555602826
-21.67446994584196
-21.681648857480766
-21.668862839588186
-21.666478297942398
-21.666804681693677
-21.678998893140832
-21.691369358288426
-21.682852232097446
-21.693607818584383
-21.69661278264047
-21.701281140148538
-21.709882744195294
-21.703501705310874
-21.724454806458844
-21.720916853947994
-21.72642123339942
-21.708675098201383
-21.705692389410885
-21.71611705418117
-21.707251454543563
-21.715732718691978
-21.704400121684
-21.70654102930526
-21.70609755568571
-21.698496598030523
-21.697471000556902
-21.679652743752303
-21.705035352482096
-21.696379344756345
-21.699740850286165
-21.684218078667634
-21.676123364023542
-21.678601875277074
-21.69200376906831
-21.69817320283215
-21.70251452848404
-21.69811934072257
-21.6776272786806
-21.674617279662133
-21.66825967467524
-21.66691205083393
-21.650981951899166
-21.648783361551597
-21.652790538348327
-21.654853705703548
-21.676418042507873
-21.666906295601212
-21.683299383091924
-21.671927987637893
-21.672949315140304
-21.670447419206692
-21.666275492032668
-21.671835678120463
-21.65278832635002
-21.646103638269643
-21.66066295997224
-21.657558052647037
-21.65802134695736
-21.68034422496986
-21.673507282649847
-21.679330915823048
-21.683871543570557
-21.669168236762737
-21.66022159696673
-21.67276839049115
-21.69190595857677
-21.686924521619016
-21.659065265156055
-21.659054707824055
-21.66251554100129
-21.670127704537588
-21.679481845764386
-21.69723969637762
-21.699189865872114
-21.70418827736144
-21.701956742069083
-21.707797776319207
-21.72414265054142
-21.713508414693745
-21.719895131024984
-21.720926421558673
-21.73482925462814
-21.726789044868358
-21.72570982839795
-21.72822314548619
-21.71773016039565
-21.72029645661401
-21.717125266845223
-21.71936861162699
-21.71851460071754
-21.744483060523052
-21.75132536995508
-21.74778580663333
-21.75170267614835
-21.736233628088886
-21.72202085227119
-21.7209580737482
-21.713581795109505
-21.699803142440782
-21.72179917447408
-21.751126723724415
-21.743098470449326
-21.749379930825153
-21.751591668631868
-21.746404030757915
-21.74053873295006
-21.746822148634518
-21.73444081916528
-21.72226975510744
-21.714286690165604
-21.694971319450097
-21.705972167087
-21.71130813822534
-21.707904771074887
-21.701207423270592
-21.710900555027163
-21.721230023089195
-21.7123234975757
-21.714393686966183
-21.72162173268351
-21.722371843264956
-21.715816427131802
-21.704484566809132
-21.679264188300507
-21.665452291241113
-21.67321004621987
-21.65720452594688
-21.66506244706773
-21.673818647201816
-21.685621478555365
-21.700465106557935
-21.71016406356876
-21.709736270594796
-21.694352662401016
-21.687510170527446
-21.696737137331205
-21.67748914455126
-21.688597396327072
-21.69141847044318
-21.69318414178871
-21.67582008075887
-21.690811634429327
-21.712940923623584
-21.708307472104273
-21.713742265622564
-21.741090987146336
-21.72829998566187
-21.725344912620976
-21.720660797010286
-21.723203859500263
-21.715134660205788
-21.73383978454839
-21.739953985316873
-21.73405229836447
-21.734288177706983
-21.738684497821097
-21.727408901695796
-21.732366767313447
-21.73152721029308
-21.731718695925494
-21.72425674688513
-21.733869470344047
-21.73300645150223
-21.743220006996946
-21.740954762786977
-21.735557261139196
-21.743886464944726
-21.742459566864266
-21.73566242893375
-21.72228821916201
-21.71479827628085
-21.7088132729926
-21.714808707964927
-21.709581343749797
-21.716822626477835
-21.71178770004635
-21.686236503494676
-21.690680650727128
-21.670753946020984
-21.667179458733433
-21.671402683353037
-21.68548149928985
-21.691544660682375
-21.705582755487058
-21.714348865463
-21.721924342962748
-21.708100367335856
-21.725059816561686
-21.739016813076287
-21.726331360439687
-21.729171798411933
-21.73994300763543
-21.72128350433237
-21.70841823512184
-21.723970144370483
-21.712078463853125
-21.703345633638158
-21.70241809630747
-21.707566006365134
-21.698308074627896
-21.707416202599525
-21.714917068433788
-21.721127248532206
-21.71991091684014
-21.717608931524385
-21.712961835385805
-21.721877250014188
-21.70844828985953
-21.70411806659036
-21.699564649301042
-21.7052195396214
-21.69729772785935
-21.6951978781659
-21.699097906900764
-21.700552271232706
-21.672078745766743
-21.691593908313777
-21.68286671029243
-21.67849679870457
-21.661400106913035
-21.67201167415245
-21.66147189283449
-21.648009812016845
-21.642625978018824
-21.63748801452086
-21.63369046080812
-21.64678957634288
-21.64690498038534
-21.66012802541723
-21.661437502201192
-21.656573863646486
-21.653141294202612
-21.639344638265523
-21.654111447314992
-21.647938838692443
-21.662370979738775
-21.663584805964494
-21.66140316076297
-21.656535236140734
-21.648544651458064
-21.644919154982205
-21.641468891796606
-21.645112282479406
-21.663044363637002
-21.668339016699097
-21.669352540326006
-21.667729822709187
-21.683091745808472
-21.686189110266614
-21.686617734832232
-21.691706216564423
-21.67794970831804
-21.664734080437828
-21.653387119207338
-21.672724858400144
-21.661324045419725
-21.65715279586071
-21.660953962291696
-21.682270175427462
-21.684037288122916
-21.691841055990643
-21.68028940048721
-21.679472063306843
-21.67228942800182
-21.67899987956557
-21.679959809732445
-21.68704038619718
-21.68157241297576
-21.693805576069725
-21.706055687094135
-21.693787928473
-21.698135879227657
-21.695634810139484
-21.69628539109946
-21.705791742123342
-21.698214459989998
-21.682758681607236
-21.69033762764105
-21.681125587511648
-21.683250918779592
-21.695113819327123
-21.689739046449365
-21.709998934988832
-21.70203099729215
-21.687791568051626
-21.703514317617934
-21.681102450567757
-21.687657364249308
-21.694110873959012
-21.68854974441801
-21.696025058167397
-21.70744549191214
-21.706437546881194
-21.701743477534556
-21.69878766675687
-21.71103868931933
-21.72640149697449
-21.717731789456234
-21.72845384112602
-21.738193007689638
-21.754344285601206
-21.75960535871417
-21.731711373579685
-21.730216688265653
-21.736480594837147
-21.731606058980642
-21.720790550340556
-21.7135453306048
-21.717156312890687
-21.7137487422
-21.729238647861777
-21.72537076746542
-21.72183483336817
-21.725657539167603
-21.711394514033255
-21.714521540621234
-21.699414511147655
-21.697774301545806
-21.692302129091633
-21.687593696916313
-21.701350870249495
-21.683051629481774
-21.684379527296848
-21.678167031329206
-21.687456292664837
-21.684910061348372
-21.689240063558216
-21.687532913638968
-21.685824901660904
-21.669385025220663
-21.660001774818713
-21.658222258428776
-21.647318345446156
-21.640035668796948
-21.646451064144166
-21.630231661646924
-21.65033179803465
-21.647388138441908
-21.652225164945403
-21.63755107975674
-21.62772680575131
-21.62198701131732
-21.613579021657763
-21.607016551298237
-21.616283266386464
-21.635304272189575
-21.648720466772765
-21.62299061171527
-21.619114563816535
-21.62791041361441
-21.612173695367826
-21.621578345274983
-21.60958451050279
-21.63162702606174
-21.6184948015795
-21.623920622905832
-21.60548402770546
-21.606128606446365
-21.61307943261662
-21.621684089312343
-21.637579534950113
-21.641873421859366
-21.653118467320162
-21.661616926012933
-21.656251391643604
-21.661092234526294
-21.654489808724257
-21.64385360179857
