44.0
43.814269390014054
43.62213208850344
43.406016477618444
43.16336744321561
42.93366924063405
42.66752664801382
42.3920548210226
42.05958323483364
41.70786659977737
41.3370816337427
40.92880762332127
40.49163267900968
40.03410168087089
39.537307684674715
38.99471813851288
38.402915703799806
37.779028714203385
37.12134904848485
36.416770524819206
35.65291378200158
34.85442067893839
34.01744062681833
33.18004530668899
32.26945814666509
31.344206663818195
30.386870718322996
29.375039317553803
28.323650430194746
27.212829633216067
26.06058104640313
24.916732736415373
23.738703909262114
22.507120084042274
21.28648636306557
20.03507301937221
18.783116464298125
17.550120244313007
16.330008717855904
15.088083780908313
13.904658066795056
12.637843161744788
11.474503464947674
10.260891172256091
9.088438623375499
7.946502366096653
6.868692694898546
5.800544823351063
4.7661062868489
3.7653512374875455
2.79155978702739
1.8627973302559686
0.9472709919106247
0.05476424524568158
-0.7789381954086914
-1.6182502507318057
-2.373249457952787
-3.1015658574499287
-3.8226186436168534
-4.4836617198569275
-5.1097338475403555
-5.708080644872302
-6.301429531032842
-6.805559299108357
-7.346619218758595
-7.839021299329974
-8.317930583863335
-8.744381315365946
-9.163159350823035
-9.57665455338915
-9.957197832332644
-10.312825169373433
-10.680152349158485
-11.013690930107181
-11.296423989853523
-11.595681603402175
-11.862237194109593
-12.109903788966873
-12.367107261086131
-12.594925671818137
-12.812651983443363
-13.03479842764655
-13.231631461845987
-13.416882017270883
-13.584717398084956
-13.760999357749926
-13.91389025353398
-14.053608581495643
-14.202887983537577
-14.327302199479687
-14.462273606545827
-14.571255870726942
-14.69947090276022
-14.820261137923854
-14.922326998864555
-15.019763293619551
-15.139546181222777
-15.249802514868318
-15.348418578007685
-15.445315131986897
-15.524028142197096
-15.578102975107958
-15.674822015806932
-15.73973432089149
-15.820069663776055
-15.895960593892202
-15.957947580027248
-16.028037387521945
-16.111188422901996
-16.18113195770965
-16.242072052187112
-16.295127894622397
-16.33697047694124
-16.397252589979605
-16.435512107325096
-16.476697103926213
-16.531306606251547
-16.5790861585595
-16.63967187363693
-16.6782460402062
-16.72734644041031
-16.76752746243909
-16.81394977333763
-16.85133802050892
-16.887834533217514
-16.925691626973922
-16.97125201377109
-16.992842218037616
-17.041170413233328
-17.070250606952555
-17.091315941295395
-17.11895506246095
-17.151938033639492
-17.189434248567274
-17.225471885209966
-17.25681991421518
-17.283661651270673
-17.30385720110334
-17.3223468363887
-17.354030003950427
-17.373654569155626
-17.393795993258475
-17.423105783896133
-17.443234500539845
-17.46521488038031
-17.479235031862057
-17.497697413130396
-17.51487819786535
-17.535774437356597
-17.554699150413107
-17.59012901129948
-17.60488194905549
-17.63613673923918
-17.657609187215588
-17.69174548489173
-17.710571818443817
-17.72720470423378
-17.75299671509264
-17.773411630483768
-17.788276607190078
-17.80948612045118
-17.835767864425026
-17.849652373446116
-17.868563726862252
-17.8840949344688
-17.89841862206412
-17.915980329330047
-17.92531635668038
-17.93538577201276
-17.969835253562753
-17.98311017496848
-17.997098547136908
-18.013131939832338
-18.02665916709045
-18.043430651601728
-18.055775070387647
-18.073454303222388
-18.085833193110854
-18.09123750182621
-18.0980337861937
-18.122514253900825
-18.133277263015405
-18.153201233472814
-18.150477656195374
-18.163405073675165
-18.18707904040681
-18.193720747824262
-18.20415815354021
-18.209980693134348
-18.227153888987843
-18.23989920930665
-18.25168770290115
-18.25572376106735
-18.266745545603214
-18.2697565136638
-18.280511345876725
-18.297153986751574
-18.326033653772008
-18.334067003339484
-18.350274526440835
-18.363913299972154
-18.36253911058182
-18.366017175414296
-18.38049960338135
-18.39197770197758
-18.393644007144786
-18.399798169696734
-18.413817472473344
-18.42094365696237
-18.420218294020135
-18.427441904006702
-18.435936544338578
-18.4417385125857
-18.457077643350505
-18.465165823747974
-18.479969823736546
-18.47309867774169
-18.485272660399065
-18.50658036755026
-18.51681895301178
-18.532409895746795
-18.53457831633471
-18.553056303150125
-18.567375312073562
-18.57741683100154
-18.583241018894206
-18.595925217848084
-18.60392863850478
-18.605866600177194
-18.614019442205947
-18.614335538104328
-18.624651644467658
-18.63653867745982
-18.639303363004053
-18.640298900437276
-18.63406923695891
-18.634907626195737
-18.636856205989197
-18.64983024730233
-18.647650321553375
-18.66174579234958
-18.671991446434223
-18.674724523365843
-18.679113377570978
-18.680852273570213
-18.682607047683053
-18.70083754157464
-18.707483676762255
-18.71999759362347
-18.732390269237378
-18.745648769911977
-18.75674986490341
-18.749456487881286
-18.756072317019807
-18.759117461543067
-18.774220943856076
-18.777874767315556
-18.771398316932327
-18.76885670881672
-18.780765170959988
-18.786265482157237
-18.793770029573963
-18.812563401912726
-18.80904931882893
-18.81461200176312
-18.816947260523612
-18.82755809955817
-18.83225952811996
-18.833473435252348
-18.84223272176
-18.849392029904003
-18.850969733035125
-18.85974309024311
-18.870694890312343
-18.871859455884195
-18.883501521424616
-18.890018001623663
-18.891748096488286
-18.893049726360786
-18.902432582317864
-18.909394021244353
-18.92100369891439
-18.924695273250975
-18.930125122886327
-18.932019556482143
-18.93616040571777
-18.94779490000121
-18.9589616118028
-18.966832027179922
-18.971502839023376
-18.972918325554584
-18.98048351590883
-18.990059928788835
-19.00049144550081
-19.017763696680742
-19.01431105780747
-19.028896090378538
-19.040581032221695
-19.048206477272444
-19.060148818797998
-19.06128743790412
-19.060630908403823
-19.075216074225796
-19.08411119112249
-19.08384704319366
-19.086089473905872
-19.083258946745143
-19.077763736660717
-19.08725343825024
-19.098881481030862
-19.112768316126072
-19.119246302922186
-19.134154454627197
-19.13481509529602
-19.13630990164892
-19.13750493634329
-19.14850265893222
-19.150704887311957
-19.145535382247328
-19.1475973613498
-19.164099951124385
-19.171282642860515
-19.167941127823948
-19.182698020367898
-19.19228731597519
-19.19864219620027
-19.199219923281834
-19.19986827068173
-19.205221295600413
-19.21440387021985
-19.2131759862424
-19.230258026942007
-19.234835255087397
-19.243447258522604
-19.227713223004294
-19.23860633198285
-19.23740845182478
-19.248560346699957
-19.257008899311323
-19.25189182778005
-19.251225040177314
-19.25827600608744
-19.26788921699912
-19.26138876195685
-19.268798341910095
-19.27583573939322
-19.27796306048692
-19.296514148931294
-19.301164433094257
-19.307718454155623
-19.3075114089543
-19.30977448343027
-19.316551138066846
-19.348219125515666
-19.35953519299528
-19.350626116017555
-19.35926663151575
-19.353842119293105
-19.355296794671798
-19.371731376824535
-19.369420168488194
-19.37375693659872
-19.381667531580288
-19.386321992391828
-19.382145819869216
-19.39378691286428
-19.386775081472152
-19.396872578084082
-19.412621064106634
-19.419132816563554
-19.427330888913808
-19.432124810462053
-19.43660155806325
-19.442976439060057
-19.446981948714757
-19.455523827370655
-19.467944351801023
-19.476012828332216
-19.469786489507445
-19.46835217977227
-19.480457565838194
-19.47075022971644
-19.471607599076098
-19.478854875236397
-19.479706076836163
-19.48467006862606
-19.490841089959662
-19.506134133289013
-19.520662114441528
-19.52257394089593
-19.529887055382694
-19.528785227300137
-19.52712181196778
-19.524749326971715
-19.544245970221887
-19.558748610458878
-19.5622000643807
-19.567535542560357
-19.563789313172258
-19.571144781117642
-19.578605812685684
-19.58027832988158
-19.59496302262233
-19.584635916610566
-19.584640058338668
-19.583246824744336
-19.598200399113487
-19.608298183416625
-19.61343337298545
-19.61311808769809
-19.616895815808803
-19.632563169214386
-19.644082045929785
-19.639177104701105
-19.64814278958286
-19.644316147570738
-19.647083482926895
-19.655908489300256
-19.658415948746647
-19.660822789051906
-19.665933349293415
-19.662947641132718
-19.664392267644587
-19.667339410007408
-19.68068000539049
-19.68342700774806
-19.69110943841659
-19.696777997030427
-19.712760504214522
-19.721229023249723
-19.721151168748868
-19.724108618124806
-19.73436506426887
-19.7460553587264
-19.739555106355816
-19.747587893209214
-19.744335984903216
-19.748186982449774
-19.756635389197516
-19.750878798250444
-19.75397267800683
-19.763594589949655
-19.76102989814061
-19.770077082991016
-19.7725578081018
-19.76541865036147
-19.768934174811502
-19.77149399709943
-19.772541221227645
-19.78657518553154
-19.78253574206394
-19.78558698917874
-19.787766724910192
-19.777064601872045
-19.782681922080748
-19.7841828537475
-19.80305553867537
-19.807721491973904
-19.814936696893678
-19.821636990643917
-19.825507712023672
-19.833426236511794
-19.829684181955276
-19.850052802716913
-19.84904210840275
-19.848203327119748
-19.863034851305134
-19.86892810879572
-19.886231203019072
-19.890149798548876
-19.894581067428543
-19.894177086057443
-19.893705679243492
-19.905537309151047
-19.91253869768862
-19.914206996863488
-19.92071130400814
-19.929221823483275
-19.921018991603166
-19.923940807815523
-19.926143990134893
-19.909702540220522
-19.910704949899735
-19.918773094240066
-19.919277673581785
-19.91848109291446
-19.935154190997295
-19.94134471879402
-19.94560809882822
-19.948051758441647
-19.9634539946383
-19.96569814685484
-19.977818231052527
-19.980021105213993
-19.979313476087885
-19.982764541924773
-19.979340094719458
-19.986756925748526
-19.99097302653011
-19.990712660438597
-20.000619128775114
-20.00570549209601
-20.00814001460799
-20.01786871430433
-20.018482004824683
-20.024362905855433
-20.041930907966528
-20.037478752574486
-20.027417119949483
-20.039951038395312
-20.048380015188393
-20.04497587235992
-20.040210954082063
-20.045345300883497
-20.041866316003386
-20.05179078090822
-20.05604643857784
-20.06659138029451
-20.074617121027643
-20.072025718724895
-20.06453633505702
-20.0722350516892
-20.072762094919376
-20.07827472094785
-20.07751911534209
-20.072297858951753
-20.07496019811378
-20.07770444883218
-20.08386458267481
-20.099731883547918
-20.101398864379718
-20.108948626712955
-20.123419935161497
-20.130570030345698
-20.130130925469633
-20.143149738475586
-20.157834629347334
-20.166330134971993
-20.170857659714375
-20.182560317672678
-20.18554471152583
-20.18954727961071
-20.183631359469462
-20.18419411303251
-20.193277052686803
-20.201646220127977
-20.197567054749378
-20.198578676789584
-20.195994759371867
-20.19874659817188
-20.19572308428206
-20.196904091399485
-20.20293046703052
-20.20544800499267
-20.205548446904643
-20.201455046250455
-20.207818284260682
-20.213020712833462
-20.22118620823734
-20.22647519172921
-20.23048717656906
-20.223663011424776
-20.23001258582807
-20.230914262272993
-20.234352338026287
-20.245702028391438
-20.25676751534159
-20.260377829341156
-20.256505233611094
-20.25126289954719
-20.249206606359838
-20.246028069415082
-20.253384161126096
-20.250701897360546
-20.254452971941337
-20.26185448541373
-20.27061760742006
-20.260971811246897
-20.26514663472439
-20.268377184076133
-20.264579601623364
-20.26955590939569
-20.273276493580276
-20.267736089192592
-20.273754536287232
-20.283498158417327
-20.295864956745543
-20.296989965779627
-20.306813926115172
-20.309511239821887
-20.319108931902377
-20.331294584507905
-20.331223367349864
-20.338580719383252
-20.35059660419132
-20.353432103709743
-20.35467165488967
-20.359746397959704
-20.361275111103392
-20.36932630743989
-20.37493594124622
-20.372614883264347
-20.385046161811303
-20.393458798897456
-20.392646331031788
-20.394553208627677
-20.40859775803529
-20.420536838088076
-20.414686611307975
-20.414369222829446
-20.420536822719082
-20.42970865405409
-20.44486976052533
-20.452108675850063
-20.45560249266857
-20.4629602008561
-20.4622375466798
-20.462007163159324
-20.468933900328082
-20.466268166331204
-20.469674384151148
-20.46276723074313
-20.46927133493876
-20.466526705636312
-20.47201284561904
-20.491601776577763
-20.48444429121075
-20.48408184651765
-20.476624222955284
-20.483742844597035
-20.482021859854385
-20.4974044175551
-20.504061645724878
-20.5084464620318
-20.509706481972053
-20.510300321192858
-20.518177156125105
-20.518581209542134
-20.512891878189386
-20.534476836933692
-20.53404605014788
-20.5355287772582
-20.538845913349473
-20.544516807665875
-20.556002560603382
-20.5753156187248
-20.56836167485376
-20.554610040970513
-20.560582544260388
-20.5672847963484
-20.5655016332092
-20.567975303135153
-20.590806199249755
-20.598355058135795
-20.590238493834292
-20.6053487265611
-20.609374328052798
-20.600639284351598
-20.595240982195453
-20.595104780814165
-20.604037548581932
-20.610403479051566
-20.6037420331648
-20.608936796302338
-20.61472766295641
-20.62358442083863
-20.62304074088539
-20.62459346283835
-20.630707108629842
-20.639360325207853
-20.641481280569316
-20.639395713904527
-20.638310118113594
-20.64479620610028
-20.64321532827553
-20.64415743662506
-20.63990240917683
-20.634995797422647
-20.639669915049886
-20.641134073345178
-20.65038408378239
-20.640058916531906
-20.648664436873236
-20.65203347630503
-20.656156173724263
-20.657817311393792
-20.659779241052735
-20.65073357277753
-20.656324493685688
-20.66597265005929
-20.67369359106933
-20.681253710760213
-20.67481322455046
-20.68969475308902
-20.69751117030186
-20.699391051511014
-20.70044163139652
-20.702762592377287
-20.708320216663076
-20.71752688344307
-20.713878492268115
-20.713954267202393
-20.723918612741492
-20.718874116973346
-20.719172519028646
-20.72820933307758
-20.74586577040822
-20.747183082451162
-20.741744546059827
-20.74681046395823
-20.75459814474038
-20.753641243609056
-20.758565487426527
-20.753285941610866
-20.771555477834184
-20.766712276950326
-20.777014348288528
-20.782490163380192
-20.784963512368194
-20.78790276893342
-20.777024945643756
-20.78612290174278
-20.793895213147433
-20.78964264930425
-20.798429626829975
-20.804960114651283
-20.80936880486667
-20.815820195941512
-20.80369413850033
-20.813312786927142
-20.81890330305324
-20.813911730162243
-20.825060048340944
-20.83493520300453
-20.844632481918303
-20.852690693812796
-20.853839122233435
-20.862352016271597
-20.862000700145558
-20.862495656151083
-20.865844837449206
-20.882480757496047
-20.889729768253783
-20.887609779454728
-20.879856482475077
-20.87869603440528
-20.869314620725117
-20.868645069575823
-20.876144004790095
-20.884586764124297
-20.88687870461804
-20.891740994674766
-20.89448192691845
-20.890347541134826
-20.895595666044468
-20.894006526011108
-20.903569014400524
-20.905020780194658
-20.904265762283583
-20.905097822890983
-20.898516315894724
-20.896084138472922
-20.902284670901313
-20.905542395224835
-20.901811545926925
-20.909113928879375
-20.913415525665634
-20.914207558952292
-20.9146584670509
-20.91421268451204
-20.90843595570115
-20.911606172534423
-20.930595248331322
-20.932233142259378
-20.949847945033053
-20.952620699806594
-20.9484467891109
-20.952645330018775
-20.951003263204495
-20.961433919317475
-20.965603757951012
-20.964520944547225
-20.971017786957574
-20.968691811328586
-20.963722250100876
-20.96770947708709
-20.96519217362736
-20.967870134532014
-20.972855266468663
-20.978192556725826
-20.98857363328776
-20.982331847755347
-20.996967679772037
-20.99356883620821
-20.99129994875707
-20.9930363661727
-21.00062489493224
-20.99850250222782
-21.00995238485835
-21.01915985402134
-21.017345659758075
-21.027254448161298
-21.023924942788206
-21.01905026792682
-21.02953107921391
-21.023305674395356
-21.01627304673045
-21.014397358952472
-21.026277407307038
-21.025201061121425
-21.0227903148445
-21.028162859641157
-21.028907107974614
-21.019232018084537
-21.02210984149917
-21.023746037980146
-21.051530113561654
-21.048703865674053
-21.05170153488208
-21.0459035226887
-21.042608793903355
-21.041907865927143
-21.040243779864333
-21.043273935538256
-21.062187024808086
-21.052031110512424
-21.048984075828592
-21.055606123508
-21.044974441866593
-21.065194640705343
-21.058054363310912
-21.068610699293693
-21.07149280135287
-21.083818454604675
-21.077468245271323
-21.073202499173977
-21.076700568075445
-21.071232338959216
-21.064429096078516
-21.06901862320123
-21.078902288971296
-21.070105547100557
-21.071382093249923
-21.075106250750597
-21.071367651332718
-21.090325992817807
-21.08758241861316
-21.093163784792566
-21.103372959000616
-21.09956844826304
-21.100880211886242
-21.100117588589907
-21.10256424525984
-21.101104187692275
-21.105194791925744
-21.104638941919465
-21.09427055334498
-21.104590615162753
-21.110532396391104
-21.120781254269545
-21.12610196325263
-21.133224728687832
-21.144285054612
-21.14687264066981
-21.141314611912364
-21.13343287760716
-21.13963203205401
-21.148880743847045
-21.155769440848474
-21.164695428085945
-21.162106683714295
-21.164316030573996
-21.16237281245904
-21.174828099821564
-21.18646648479203
-21.187599257957498
-21.18377779456392
-21.185032440406097
-21.184572250192616
-21.183124967994914
-21.192082782348233
-21.185646237500237
-21.19819453570096
-21.19908733985891
-21.203190535780863
-21.200992690860282
-21.20641431152746
-21.20070281549462
-21.192958804633694
-21.193842458999097
-21.19999519023827
-21.204330586626526
-21.210670949929746
-21.21098134659832
-21.218541055504033
-21.218085242514594
-21.22011975737967
-21.217331815469382
-21.218832907952546
-21.228110163811696
-21.224539336661724
-21.221533781502448
-21.218524789239467
-21.21540326937049
-21.221904900392452
-21.223853322721713
-21.23018608494077
-21.221709190623915
-21.22156635064734
-21.218076028709486
-21.22530954287984
-21.23113703163742
-21.237224588432515
-21.230304289901117
-21.227763966780707
-21.224951598322583
-21.229954462500334
-21.225360937185783
-21.239909784229955
-21.240732731227652
-21.244070133209142
-21.25179692155281
-21.25366553363281
-21.25402338072116
-21.25954547145646
-21.260626449162718
-21.258067100078748
-21.264729763609147
-21.27687549122222
-21.276567418858182
-21.281133116506318
-21.281006015891702
-21.27506904319197
-21.26877014396374
-21.26209837481288
-21.268977686123694
-21.277025474566
-21.286134971731716
-21.281938663632598
-21.290727435849895
-21.302392099459173
-21.297522981772058
-21.29192128943321
-21.292273451022073
-21.285699816911563
-21.29064200531277
-21.293269477876134
-21.299855285829306
-21.301104043465408
-21.29646311044971
-21.301769311204605
-21.31245354072584
-21.305174965750858
-21.30532003212844
-21.316442580000945
-21.318713563259422
-21.318461375954577
-21.316814292959208
-21.30745952599218
-21.30489643930153
-21.31168823541008
-21.31227782884514
-21.318941717206574
-21.322117805863137
-21.328721534807947
-21.33269038113361
-21.346224038687794
-21.344314167893106
-21.34573121431811
-21.348280571715556
-21.350303273818934
-21.350348743617463
-21.341128491473548
-21.33816642540554
-21.342000046909504
-21.344626928222024
-21.3533209044897
-21.357476883987268
-21.36185833621171
-21.370990851589195
-21.361852973353248
-21.35323408368094
-21.357215931268005
-21.354632439800415
-21.368794346453008
-21.373719662857198
-21.363831482341805
-21.3640053185698
-21.361271496356373
-21.36512849174295
-21.358518544913846
-21.366171450205492
-21.380365040709762
-21.37950563760506
-21.384556013092144
-21.3844913536429
-21.384593390804557
-21.389536466662715
-21.38463140538168
-21.392550495444457
-21.398636636391906
-21.396819541362625
-21.406081177629098
-21.412115766372114
-21.416790526342147
-21.424904211918086
-21.426464610967376
-21.42382407478125
-21.417262115732314
-21.412528947165583
-21.41807718961054
-21.42466790042824
-21.420796623629734
-21.41318603852882
-21.428464727711777
-21.43556023003738
-21.439922093073168
-21.443310549892477
-21.4463482023016
-21.449700564565465
-21.45582323963213
-21.45706544560063
-21.440495629908398
-21.44568859107361
-21.43667079143854
-21.443118633219775
-21.447915874970533
-21.451870035544577
-21.452503142197468
-21.450399189321356
-21.448959345882262
-21.446645810559072
-21.445612640660567
-21.456644723004874
-21.4577307474011
-21.46948626972962
-21.465107375010053
-21.46786495028132
-21.468452635025937
-21.459502699873084
-21.463704952812158
-21.461461796297474
-21.45825631430794
-21.449887284580882
-21.449567336480676
-21.448880853071667
-21.442775308761828
-21.429947830455482
-21.427957877285785
-21.42215465930629
-21.42317137159197
-21.4231414842189
-21.4277318175144
-21.424523022051652
-21.423822433952733
-21.435774415677802
-21.431152886120024
-21.434532374154603
-21.435310622829366
-21.445222840190585
-21.44975675361373
-21.44580020132375
-21.443877982169855
-21.446356996165992
-21.44839156278033
-21.452871962110947
-21.459632837619814
-21.472886547732646
-21.484296549741984
-21.47280575574357
-21.485567111209065
-21.48383709031283
-21.4867875884064
-21.49499349140345
-21.49901453358077
-21.515466208055972
-21.50762463194696
-21.50894761605911
-21.515982871035423
-21.527841585681877
-21.513792975765874
-21.509534531381526
-21.51522152511077
-21.51748196136522
-21.510367406797535
-21.513735353881074
-21.512295912623205
-21.505336558614577
-21.513506765511305
-21.51152949616867
-21.51005045358936
-21.510839805632642
-21.506099631606737
-21.509761857669567
-21.516317959160133
-21.52185611730513
-21.535909121091787
-21.527055180034385
-21.523560819269086
-21.52024626769015
-21.518128163032895
-21.520901440021746
-21.51492854653021
-21.519726597769484
-21.527768484174352
-21.53750508194594
-21.542986702560434
-21.555895747258
-21.563239504646344
-21.569056077534405
-21.555059470126956
-21.56288436954513
-21.56180408322291
-21.564730496021735
-21.55488723449354
-21.552484741793286
-21.552255000485022
-21.556621083230596
-21.560228520035608
-21.557154552405255
-21.553936308441617
-21.55856379208454
-21.571907106912498
-21.56925802821144
-21.56892126833261
-21.56948118708821
-21.573544681724744
-21.57909967794099
-21.578436236081096
-21.579090507008782
-21.577080204329473
-21.58726169759093
-21.57487769225421
-21.569644090290893
-21.57126043982742
-21.561363652306063
-21.555108350885906
-21.55058685679163
-21.54564091633237
-21.54675956778282
-21.55256443181378
-21.56777811821935
-21.566761331934348
-21.566613850651883
-21.56830199782481
-21.5710543202038
-21.57503720524894
-21.568416827009678
-21.581770108989982
-21.59369391542261
-21.5937693587284
-21.598713047359105
-21.600240870366065
-21.594388963836376
-21.60025705276014
-21.588805663258775
-21.586223687769113
-21.588348734004455
-21.584752795851756
-21.575231931938855
-21.570571382185047
-21.578573199498855
-21.58961114014194
-21.58034832922328
-21.57476722932373
-21.577471525923595
-21.585301760176332
-21.576150794816403
-21.576072885446926
-21.579737942608
-21.57765425888805
-21.575261302298507
-21.573889756220602
-21.577220916882364
-21.58218576122237
-21.573296994226062
-21.575737904506795
-21.579576089284284
-21.578697286345683
-21.58482668899489
-21.586533041477924
-21.586146542136515
-21.581131600358635
-21.580937554627162
-21.58049431149625
-21.581374736707293
-21.581457571742323
-21.58212769549293
-21.57848980875716
-21.575196475671774
-21.572217663725105
-21.566658112180516
-21.572831886675676
-21.582450864728358
-21.590874508587614
-21.590615848003704
-21.594759159049996
-21.591460021538424
-21.583394352323594
-21.59272889527898
-21.594638409053566
-21.598031207817417
-21.607072042353323
-21.60091492569148
-21.594550663340442
-21.59948863665088
-21.591242348185244
-21.58725926011438
-21.59383768580276
-21.601598901980832
-21.6153444425524
-21.626072285444774
-21.62267911150414
-21.62307163765912
-21.61294891867447
-21.617895991950377
-21.626231776176134
-21.617989057932864
-21.608331149323394
-21.60333372286552
-21.603891452107863
-21.60961706955119
-21.60037772453884
-21.6029796681835
-21.613936288705673
-21.630257054987137
-21.622821114263218
-21.621740036134135
-21.616198461278174
-21.623639388910885
-21.637391195424797
-21.631837377471243
-21.638967116725883
-21.642896521927934
-21.635752124878213
-21.625087033098133
-21.61626681211279
-21.608752091881268
-21.614708562008083
-21.62169723027577
-21.620484363673192
-21.62414756312993
-21.616469101468848
-21.622104505403144
-21.615994140868732
-21.613237568153302
-21.61446600348729
-21.611581559689437
-21.625056917271603
-21.638830009325098
-21.633657221756064
-21.631084406085012
-21.62780316097118
-21.64058509458131
-21.63248366863965
-21.630612269201706
-21.641004036948633
-21.64294803537758
-21.63416161083198
-21.64392561612982
-21.652351898768497
-21.655613480614523
-21.659126423456165
-21.663954616624395
-21.665007648174782
-21.658902143470982
-21.664911921215346
-21.667934667580226
-21.671083744685408
-21.6698087051494
-21.672916913409836
-21.66327790761685
-21.654884514907653
-21.651724546184383
-21.661270684809736
-21.65906356161317
-21.647159768807125
-21.645352619714952
-21.64154725939547
-21.64341092929753
-21.63908117057346
-21.64072574992768
-21.639201866465875
-21.62998813992173
-21.624865391785047
-21.626743851488094
-21.626718713310883
-21.615998575468115
-21.618290802447905
-21.618690111406945
-21.621559689537563
-21.624511199079567
-21.62765967881995
-21.64973715558374
-21.653129018578145
-21.661046508476563
-21.661109555379948
-21.672068840469095
-21.669341910037748
-21.663626694907098
-21.653716825662126
-21.643764975307857
-21.644488290858334
-21.655102955298606
-21.64854766822141
-21.65297090487423
-21.64584222581604
-21.641398627284783
-21.64236116468705
-21.644391332397838
-21.653901725079464
-21.662185519680815
-21.66338274512513
-21.66444081583252
-21.664959301848853
-21.673289222918118
-21.675676773612828
-21.6857171876666
-21.693920708180997
-21.685786096174407
-21.684897408551965
-21.687089849287197
-21.671890964767915
-21.665829264999548
-21.668793851334005
-21.676675396048104
-21.690631047868482
-21.685564952463007
-21.70091160143603
-21.697975245336696
-21.70242331164243
-21.696528466678007
-21.7009494617872
-21.711606782531103
-21.713276572743855
-21.711584193858002
-21.718541523529268
-21.7085300250261
-21.7145875017109
-21.70871856410359
-21.70297238715863
-21.70128987912203
-21.691792937604095
-21.69283858920222
-21.706368586302386
-21.697402672551096
-21.705200633095913
-21.691155991120706
-21.67445952971736
-21.664730284377235
-21.66941286262018
-21.666512001656685
-21.667162478673667
-21.670173025043923
-21.670300499554006
-21.679878876390294
-21.6990803599913
-21.69611194871346
-21.69513777793398
-21.691828835999825
-21.6880586952253
-21.68355626738654
-21.686296224185707
-21.698773725189845
-21.688419215111885
-21.689388235288934
-21.70241460344437
-21.69470220387051
-21.698231686882504
-21.70129262301853
-21.69575013519034
-21.68656914314982
-21.685123332773486
-21.68249063760712
-21.68369612188024
-21.685590173568837
-21.67927043874072
-21.68497282675518
-21.686870382192886
-21.68207395465691
-21.67438346689407
-21.675052502124988
-21.662244105328934
-21.682723219170708
-21.685540512034326
-21.682163336706765
-21.689278344059815
-21.682626178857472
-21.687388048348232
-21.690799656581845
-21.688772846267447
-21.688801732248614
-21.691123205498936
-21.686539513559914
-21.693566776100923
-21.694304253837043
-21.69473361003167
-21.69432638058788
-21.691739102612043
-21.680672246906497
-21.687038032818478
-21.681869437076465
-21.680053175219154
-21.681949339538836
-21.693199940023018
-21.696078926194126
-21.70191828942299
-21.70201284010597
-21.705212483552828
-21.698856613055415
-21.70116133249941
-21.697213540159417
-21.69402886964199
-21.70628234866215
-21.68982235171495
-21.69704870865064
-21.69899059482961
-21.69577664348798
-21.692841455216236
-21.708844384764433
-21.70673463000275
-21.712038737110067
-21.71220823464764
-21.711254168918067
-21.710036704065953
-21.712528327959447
-21.691808856893072
-21.701118510444203
-21.70209084996334
-21.696706278347158
-21.691154175831432
-21.692824887303797
-21.70640512824789
-21.712108746926233
-21.71365614836008
-21.70793569887352
-21.718130839560054
-21.70756605218768
-21.712768310304043
-21.717428007036172
-21.71089917305296
-21.70027714194568
-21.700755639618663
-21.685682199631014
-21.688623140642783
-21.68475273379243
-21.68473322521457
-21.679819675606243
-21.68383124161908
-21.68404772047207
-21.673094405181413
-21.65876709305429
-21.664471004874095
-21.68084762301761
-21.67586647434874
-21.67367338190986
-21.66554757297768
-21.670309941066407
-21.66549800876768
-21.68223908037709
-21.68655693529937
-21.682936708853426
-21.692245848000454
-21.687408547890325
-21.674225414516712
-21.67535141707742
-21.67821782426354
-21.674733052656865
-21.68006289358149
-21.676229438260396
-21.679216829122144
-21.673228523907596
-21.677780204561042
-21.675838774177016
-21.678238065220572
-21.677733217740265
-21.678840479801906
-21.671063699290052
-21.67456099548898
-21.673249634251246
-21.667395381557053
-21.665671516602284
-21.66557821511168
-21.67220077380507
-21.685323953400147
-21.69021998426406
-21.690256354870897
-21.677881161909035
-21.674214281376827
-21.68160547964808
-21.677926923539584
-21.663366090503295
-21.66750495681019
-21.67058118484221
-21.668969092059914
-21.662427574381578
-21.66157096034792
-21.662318568556568
-21.658949745410872
-21.65745811316935
-21.649898662936007
-21.657097148859954
-21.659070176188397
-21.659526792572734
-21.65664144579133
-21.645110748090627
-21.643259239666374
-21.64701680829071
-21.646660701027614
-21.64875056959115
-21.663637454466805
-21.660292123870374
-21.654043126558904
-21.662324331076633
-21.663850291591654
-21.66279902118747
-21.657723738587695
-21.66512089579926
-21.662779189699158
-21.67236233894459
-21.672477175163305
-21.671693081498578
-21.67246905599656
-21.672212208693775
-21.67334611039038
-21.67844610660219
-21.678199445171416
-21.676125480776758
-21.681119999379685
-21.67430693390556
-21.669925647383895
-21.667154993690975
-21.671990317770653
-21.669446506957698
-21.663770476570548
-21.665902334872992
-21.670226724269572
-21.671458641462475
-21.66762365025685
-21.659410280244206
-21.654415761431522
-21.661144535163594
-21.66393374958764
-21.655736464344493
-21.648849027483646
-21.647032828076295
-21.64195013307315
-21.649975092582515
-21.64857394588425
-21.64753117755152
-21.646034127370417
-21.65319770550184
-21.651800517872754
-21.65893491695347
-21.672931981675642
-21.664548909772407
-21.666130422775502
-21.666400518303035
-21.679726110849163
-21.677997942645565
-21.67952418087118
-21.675233103101846
-21.68882115563871
-21.683969960378366
-21.67658894557425
-21.67770015901115
-21.678226241146945
-21.679988167989354
-21.67688010146484
-21.692364951136366
-21.68954714203652
-21.695164029019345
-21.687588542099025
-21.687988221101204
-21.686599594028163
-21.694912340397007
-21.694012465740794
-21.69076477305688
-21.68780291954129
-21.675998781421335
-21.667842123112468
-21.66921586061016
-21.66962821699746
-21.665162923781303
-21.663064471046834
-21.64964420988368
-21.647301548575207
-21.644687461634092
-21.647308928653807
-21.653225798518132
-21.653818470780188
-21.643307932267927
-21.63718967343429
-21.635049124890294
-21.642362915710386
-21.65243610247692
-21.650824134219643
-21.652705433110253
-21.638351377638752
-21.64358740416523
-21.632641694763173
-21.636718112411472
-21.64432900966117
-21.6355664475006
-21.63712402656464
-21.642705365081852
-21.643964814426155
-21.637784021656973
-21.643814792186145
-21.655484175851747
-21.65412659181667
-21.657323450038025
-21.649642366938934
-21.66136463252544
-21.65959637382046
-21.670760573069476
-21.678638321086037
-21.687281031112583
-21.681290378315524
-21.682174458550406
-21.6872201847868
-21.68052653736969
-21.680567326031543
-21.679669527761423
-21.672968023016423
-21.676445195111878
-21.66626766619786
-21.654885704991234
-21.65728130148696
-21.638440337184953
-21.64604897842794
-21.630533569681184
-21.630667590554598
-21.636450617686318
-21.64353614101013
-21.639301046566494
-21.64362319890044
-21.653483535597715
-21.6631275277856
-21.672606058875395
-21.670411787083864
-21.689409480127047
-21.679228089368905
-21.685566298168478
-21.689488015582228
-21.69209274907267
-21.681808380766693
-21.67768543352569
-21.679328337651473
-21.673068977576403
-21.677558224640915
-21.67633389511463
-21.67314206114364
-21.681706166854223
-21.68192214457145
-21.681624568719602
-21.68116768303669
-21.668362815542814
-21.673547796663897
-21.679096683911194
-21.6689509649068
-21.674099792818904
-21.689293329934685
-21.689773093270087
-21.69552208242181
-21.69220141103542
-21.70104147763927
-21.701666493418955
-21.703775749269994
-21.695088436786907
-21.689826373545916
-21.696569767500982
-21.699146591673767
-21.70140290496272
-21.705863641027246
-21.703377575727764
-21.70317357456534
-21.704543508036945
-21.713551108408353
-21.708192938033704
-21.702349303028402
-21.718029517835973
-21.70822188590952
-21.713545231521202
-21.721788825783435
-21.718491406951483
-21.7132222666136
-21.709834016704917
-21.70758679318887
-21.710304776393386
-21.707860452880034
-21.705030736244314
-21.69249090617118
-21.692845234755357
-21.704346293304603
-21.707745055380506
-21.70636683848525
-21.710846510355076
-21.709868296071296
-21.708256718085075
-21.706015478202165
-21.699946461901614
-21.68663516081175
-21.69017116149782
-21.691076127079025
-21.67787146821059
-21.67518024773874
-21.669997707825978
-21.669231686162163
-21.66828516278159
-21.667410949307556
-21.683731690187518
-21.68987843360015
-21.679102589928824
-21.683512685016492
-21.689929356603518
-21.69992388204068
-21.700470286967033
-21.70925880332924
-21.698166693977498
-21.705695857797792
-21.700750414400343
-21.691525460900248
-21.68953923489473
-21.695676590395905
-21.694226585040166
-21.70948915653038
-21.72454845957586
-21.723778894427692
-21.719431916670544
-21.72275189001176
-21.72861115025119
-21.724882497185995
-21.71625121980746
-21.71735294940251
-21.713723964188592
-21.718401061957447
-21.713560731084584
-21.713920904860682
-21.705251097301883
-21.701370933301348
-21.70919748527437
-21.703467396125173
-21.709138001524448
-21.70970973799796
-21.712642962763116
-21.711322362360168
-21.70855421029597
-21.71097899065779
-21.71646086961507
-21.72860189912528
-21.72559991977835
-21.723541337619118
-21.71353442874829
-21.713505658600607
-21.716925222537842
-21.70515145850118
-21.702795488445208
-21.701051752401106
-21.712089411040335
-21.714954905534917
-21.719470006081174
-21.722038386544202
-21.712311631089943
-21.711508583753837
-21.71422888184246
-21.71983900077221
-21.719775531894314
-21.724241379568323
-21.742025648499098
-21.740029756171445
-21.735554011005107
-21.729609143980635
-21.728216466731467
-21.733169371458143
-21.727379281644296
-21.721789165986777
-21.717970357244887
-21.71057550506144
-21.71413792254304
-21.70855728471586
-21.69764930306499
-21.69836706809087
-21.712466046200614
-21.708653462143236
-21.706990956560684
-21.707508023949877
-21.70349395597093
-21.69275617448545
-21.70469523663324
-21.685979672335264
-21.694597103833345
-21.691924945428735
-21.694331336621023
-21.6886398020848
-21.67394160738654
-21.675066907599863
-21.678997831509296
-21.690654237434597
-21.692467401789195
-21.69019145971131
-21.697262959496292
-21.69877629323699
-21.70661598026654
-21.69795042076341
-21.69166358234483
-21.705275543834833
-21.71907415760138
-21.723819881463868
-21.717906336914258
-21.713592660673818
-21.708237151600432
-21.70996095982174
-21.69578015903936
-21.685591870814974
-21.682556646943926
-21.672514989662197
-21.68533774843648
-21.699533467244787
-21.69887889835555
-21.687127887346744
-21.683183038595825
-21.69172768843361
-21.694481565785882
-21.701951235895283
-21.699733064371333
-21.689635383101187
-21.686330092830353
-21.703055629750295
-21.70025769781181
-21.69242115772496
-21.698306709798654
-21.70578431739642
-21.707769233356856
-21.70105765676385
-21.700396357242433
-21.701581734595962
-21.703899551241957
-21.697357855754642
-21.707371134189344
-21.696885868490362
-21.69739420110494
-21.68206283465191
-21.681265160526905
-21.676089549637688
-21.67418596798363
-21.683276036486777
-21.685896625091367
-21.687680705721476
-21.690182169876525
-21.686090573496863
-21.696942725886935
-21.700007209449264
-21.7035961891873
-21.700503432370354
-21.694929049115284
-21.70379202514046
-21.708616410916914
-21.714296196509025
-21.718440331584
-21.717159259067287
-21.720241728585503
-21.737197057185995
-21.746566335726985
-21.74664573237862
-21.73940983767682
-21.732327995838023
-21.732302780474264
-21.732800384534958
-21.735531272241534
-21.738436415905404
-21.73560345028993
-21.73960955791568
-21.734826751483958
-21.73451257196265
-21.732341588419395
-21.73060954904073
-21.71984392811331
-21.72974364534519
-21.725666927453524
-21.726357164389523
-21.71219461940914
-21.708687395336206
-21.70369391351997
-21.704171553965136
-21.713644077982554
-21.71714833687386
-21.72075990946595
-21.713825258401283
-21.713005534163262
-21.71484781119021
-21.71369716825048
-21.715386717461076
-21.720539672918324
-21.735430039946735
-21.73084008947147
-21.715373964418834
-21.712134179299184
-21.71895073868619
-21.726458345585204
-21.71986807308238
-21.72796462515784
-21.72373888095346
-21.732852520450574
-21.719269683027836
-21.7136221095247
-21.727713997471003
-21.740310156523428
-21.740621953096028
-21.738982464361378
-21.729681408378752
-21.728678521570565
-21.73569144260379
-21.74562822545357
-21.7377509067827
-21.740373652009662
-21.736278323229385
-21.739115297123774
-21.740798659116194
-21.73083519893345
-21.72189046544507
-21.72230407874224
-21.719819238192237
-21.723778296427778
-21.73094698006465
-21.727950480241752
-21.72827465288404
-21.72892110362152
-21.732297580752856
-21.72223178652757
-21.728060773443097
-21.719820976308725
-21.71152145859531
-21.714923405322644
-21.722541273147808
-21.727347370225775
-21.714043966484088
-21.7128616542758
-21.71548261078136
-21.718610468360133
-21.718907272868872
-21.714054280028968
-21.71327775774615
-21.715035681725027
-21.707269667023663
-21.70021891143899
-21.694487410208787
-21.69698483138356
-21.699013227640215
-21.698273601105683
-21.69466952899505
-21.70924490696228
-21.69707932035055
-21.70068359000114
-21.695966898504437
-21.697215991298503
-21.712927725077797
-21.713793726419564
-21.72051691938136
-21.728288428462744
-21.74145061907105
-21.74374193816177
-21.734597377086818
-21.72912733726185
-21.727621284569004
-21.730574048237933
-21.742302494595187
-21.73653296673833
-21.749024717611015
-21.74884880525832
-21.753900520869045
-21.742413229960654
-21.746680159814478
-21.738545893460405
-21.74065720448932
-21.739137378863674
-21.735414330746565
-21.751154175449095
-21.747811478714873
-21.75069892995275
-21.73546141161656
-21.727044209256682
-21.718690627552444
-21.726250591223703
-21.730814274790426
-21.730140774822463
-21.72389389999575
-21.722889204476118
-21.733655524175003
-21.714521231382484
-21.707766139408037
-21.71535462396906
-21.728690842879207
-21.719227208746045
-21.724311184896983
-21.722186982198174
-21.736684722069064
-21.740890472373827
-21.738138484740215
-21.738641400485413
-21.748272872578877
-21.74491067678699
-21.73380672124295
-21.734058551529127
-21.727625232853406
-21.737077126446476
-21.734884992226533
-21.743504037476484
-21.731046228078274
-21.719127823994096
-21.724634334745414
-21.726295947786777
-21.728218200866113
-21.722516589127707
-21.7081339774749
-21.707037170340833
-21.702067345322263
-21.717041660743327
-21.72315258116511
-21.73693265486234
-21.73562021385563
-21.732264076757517
-21.730484220120577
-21.729749916284508
-21.730270305034196
-21.74276387430388
-21.734192447446024
-21.744532868046893
-21.744467438249234
-21.740788618846413
-21.757796421004386
-21.755300525507657
-21.762046362134104
-21.746600844787732
-21.750335578869226
-21.757169815972713
-21.749384120253396
-21.746851862941586
-21.73368087591212
-21.731467513345347
-21.722852926076804
-21.717569663767033
-21.735391296099877
-21.73540906463957
-21.74853469222531
-21.748011171274207
-21.738813133727536
-21.734367069451217
-21.723293203959194
-21.711246272664088
-21.699969507958922
-21.70118870212163
-21.693167806460153
-21.70163766103453
-21.701037792302614
-21.710723971484104
-21.706428084803505
-21.707459076629622
-21.703099643231397
-21.71584306988089
-21.712724846498794
-21.712461021883914
-21.713031912483302
-21.702707544894743
-21.702666878685907
-21.709947866581512
-21.72008593947671
-21.715746320881422
-21.719128663414832
-21.728896993652164
-21.72440190501641
-21.728873549021603
-21.725737930694166
-21.72300451115177
-21.723142808156574
-21.725079855256478
-21.735657030755004
-21.741052863482967
-21.744384561802075
-21.729255331145932
-21.736581998019442
-21.744454270498565
-21.73123558340762
-21.725448964457932
-21.732720333481375
-21.741429006354082
-21.7432001691953
-21.763118840263548
-21.773030396055525
-21.770249420467383
-21.771870008797656
-21.769106484214447
-21.76313935405077
-21.767416613946075
-21.764999600205133
-21.769142168639316
-21.761148377735747
-21.74816656218143
-21.74492325861499
-21.729013815431042
-21.743915844221355
-21.749614775670274
-21.761669479248955
-21.766055016986964
-21.770735168627017
-21.766671957622485
-21.776350730742852
-21.76910093854552
-21.77421058651818
-21.771990303702992
-21.767153852230123
-21.766345173752974
-21.76150095178634
-21.764201301914433
-21.76209874854209
-21.754039104262823
-21.750036034470533
-21.755421961121524
-21.7473032008749
-21.73881517165011
-21.73910719332845
-21.747837528942302
-21.746825341399795
-21.75033292891928
-21.751871852580543
-21.764832687906786
-21.758246466286415
-21.74466289351946
-21.746266724219026
-21.74071598086949
-21.73662560810632
-21.737508200454783
-21.732057572082603
-21.730767307693082
-21.73523667933731
-21.74494666023284
-21.74185894773865
-21.74377411275122
-21.744563194342195
-21.74022019718398
-21.75358679038952
-21.753571040203962
-21.755101484915926
-21.749380470620775
-21.74314838055803
-21.742009366808894
-21.730171675552487
-21.730882980255455
-21.72438024281262
-21.726409595725375
-21.71949333539657
-21.725602449371394
-21.73194772484865
-21.728328591904848
-21.72772866570171
-21.719931177544524
-21.725185627099908
-21.71512477759498
-21.712497661072693
-21.71021929699044
-21.72083839687507
-21.73114654838704
-21.7262741293069
-21.722484232540825
-21.724357801582695
-21.732674954659483
-21.731506519867597
-21.738094045751456
-21.7393196238047
-21.742701689660983
-21.75076231006904
-21.73971478703361
-21.74884512523413
-21.76315762228879
-21.754258926929474
-21.747048274935175
-21.743079768713862
-21.73965712254426
-21.726203718263093
-21.712099276142318
-21.7178644953975
-21.715906372781095
-21.70876862636573
-21.710676045595307
-21.699640272072926
-21.703370573298187
-21.702955574031368
-21.703907781304643
-21.699085591769784
-21.70025267917625
-21.69105456034092
-21.70340950546165
-21.703644987263203
-21.699085263557624
-21.708740802351198
-21.710704839337662
-21.717089083872757
-21.726027636141275
-21.71326945230571
-21.709662593663936
-21.721270549893593
-21.71967890086598
-21.71171900797704
-21.713922186393873
-21.71416951385837
-21.712243804418666
-21.701712981657675
-21.70580048388141
-21.707967324272346
-21.712116588640967
-21.704884779154035
-21.703999678037857
-21.7050826869062
-21.700319390810783
-21.708041626200167
-21.702401035468895
-21.70614681742205
-21.714747873437613
-21.713345054340603
-21.711776533213726
-21.714845239049815
-21.712744431163213
-21.728412556128383
-21.735511866012516
-21.736862135892224
-21.735450514036202
-21.731344530612937
-21.72265808913955
-21.718538661620435
-21.713227763066683
-21.715660846645584
-21.723060596753395
-21.727899528351262
-21.720812345161594
-21.725334276248855
-21.709768041797155
-21.70842726199981
-21.709490562277942
-21.703089701696126
-21.69829175824353
-21.702844559479495
-21.696531675184406
-21.704195261788456
-21.712269578658738
-21.709180524506678
-21.699599758188157
-21.707868080967362
-21.7156683052277
-21.719808133184586
-21.71649517862114
-21.714447682429135
-21.72926068189096
-21.7347873958509
-21.73812773912632
-21.73871799534169
-21.737630632780597
-21.73817521171873
-21.739995468582087
-21.731025232085724
-21.7204836117705
-21.723701111251323
-21.722941205607672
-21.71724631966831
-21.718430567797657
-21.721700915237147
-21.72754065762973
-21.730141995245923
-21.726582354258284
-21.7371860619963
-21.744429420073338
-21.744660288364532
-21.737696225970726
-21.73074710940767
-21.736516931233506
-21.74053029447545
-21.7399615172847
-21.74129345834832
-21.72541753436497
-21.720286316635164
-21.725149916755644
-21.72210935094475
-21.723316381175398
-21.71745517933678
-21.72475392572339
-21.727134654573454
-21.726958153649583
-21.715364534705387
-21.710915140465033
-21.715119764743076
-21.724595412643744
-21.729519619560083
-21.72693322142112
-21.738956009950105
-21.743949698396484
-21.748660396546725
-21.764534249850943
-21.7549872818398
-21.756231310703775
-21.76403626332407
-21.7581782467598
-21.755640296405222
-21.746530724200834
-21.751459533829497
-21.75573966130611
-21.756183563492126
-21.747065623055565
-21.75073665650524
-21.75689625393576
-21.74924606406783
-21.741659290749837
-21.754881178442567
-21.753391393818713
-21.758381160973133
-21.75185599408493
-21.73940880940379
-21.739339215332198
-21.732882974803516
-21.7334976477549
-21.748252487943052
-21.753227729183713
-21.76015420765992
-21.76261264163849
-21.75696747296693
-21.75330361036302
-21.741356001839314
-21.743061644057207
-21.73887341038243
-21.735831708223092
-21.739312766796363
-21.738706994272274
-21.728612918499895
-21.71993235077487
-21.723524038958736
-21.72004291108046
-21.72377367755263
-21.73754491143503
-21.729055587072352
-21.732883046546423
-21.724537845720594
-21.72400900720068
-21.729319527891032
-21.74273263341967
-21.736991274731007
-21.737462689897853
-21.73950885397706
-21.739403223677648
-21.728752723189626
-21.730656399653707
-21.729265136853098
-21.722698853097288
-21.725082775026173
-21.729327576435633
-21.74027717647937
-21.746896995534822
-21.74740526097157
-21.748194498686495
-21.733304116639726
-21.741385552760253
-21.734576443132937
-21.73278137890026
-21.738996119657845
-21.745557711501373
-21.750511181578037
-21.749228718560726
-21.74958420817155
-21.750140594049363
-21.7514400286935
-21.742164719138902
-21.738172350844177
-21.747621337585937
-21.73411892758295
-21.733574119972804
-21.740811368159132
-21.730376077494366
-21.731371264153125
-21.734270897703265
-21.729363139212513
-21.73965225050849
-21.736292236887476
-21.744075651724284
-21.746962358071247
-21.755026887144616
-21.760110054660856
-21.755766414143885
-21.761893194574597
-21.758619871745434
-21.754278799446432
-21.76325947952233
-21.76604835816838
-21.776300506272026
-21.776302602751496
-21.772236625398588
-21.77287063115852
-21.76122026166293
-21.759905736835815
-21.749752604847476
-21.755105555807177
-21.750128944851603
-21.748073060336473
-21.758356847970376
-21.76045805821913
-21.75945762254441
-21.748888578858953
-21.745019134693134
-21.74939468518733
-21.747434551340167
-21.75547887189344
-21.752546921905175
-21.742352386917755
-21.734330336797633
-21.74217973717771
-21.749428920960252
-21.75418709828919
-21.747720100335208
-21.750388606394985
-21.74349240977777
-21.746321194065086
-21.743315986953355
-21.744941620034858
-21.73998569373792
-21.73120992288167
-21.741632417722535
-21.744245404016247
-21.739867960834456
-21.73971160616567
-21.741766999280927
-21.750705063315195
-21.759787441299693
-21.7601598350113
-21.759855450650296
-21.75203203458189
-21.75116864920137
-21.7391389038059
-21.744646251348936
-21.7258741269029
-21.725164143164708
-21.73645203573856
-21.74099772626561
-21.740163172285413
-21.7409531535804
-21.732694963758217
-21.75202444423853
-21.766763820882904
-21.76966108017594
-21.77359899737115
-21.762450204192188
-21.771637790695426
-21.771151110724613
-21.76969472041714
-21.758942166689767
-21.75924042100761
-21.754271276774627
-21.744488839863102
-21.74130422373272
-21.740717779078132
-21.739535605955403
-21.735857428193203
-21.734345059168508
-21.73150851411134
-21.720543617813966
-21.732069499770052
-21.72958567541209
-21.72394645859655
-21.723020699273057
-21.72235208208796
-21.714460007295592
-21.70965749577338
-21.70641133719269
-21.705863048131032
-21.711124410527468
-21.723770215377954
-21.730851635668547
-21.739894564546127
-21.7408559441687
-21.739058000041812
-21.746264989102418
-21.754500280607736
-21.748315965714564
-21.752191086850942
-21.756673504586008
-21.76006452996374
-21.759857921753888
-21.75284677386997
-21.75553381234611
-21.760453758671236
-21.761927515156028
-21.759746042718316
-21.762028085616844
-21.761347110812398
-21.765743436951052
-21.76274022317682
-21.766869852309693
-21.767334833627945
-21.778363435352382
-21.773028110781922
-21.76752512551278
-21.774550502035662
-21.78108996378008
-21.7728302648466
-21.773371161668727
-21.777087222423333
-21.76838588782742
-21.766425908218583
-21.75422069532845
-21.745278763635298
-21.74065282483712
-21.747383983327733
-21.74389564180892
-21.73935232657843
-21.73938729364976
-21.731489109594577
-21.72856675904509
-21.740142207215186
-21.748535068360784
-21.753572179577482
-21.751139695107778
-21.7556346734039
-21.757869854263934
-21.75689765592816
-21.741139193659293
-21.74938798184969
-21.74350714154432
-21.746126844560436
-21.74852853590867
-21.757899523234776
-21.76493039266218
-21.76100178272
-21.75214643317246
-21.752484320134972
-21.752220094439277
-21.747466448767938
-21.74050521027119
-21.73449718763803
-21.735324668580898
-21.73912038435021
-21.73495306086599
-21.728396669649467
-21.72513546552839
-21.729603875688202
-21.727151291891918
-21.734658643093386
-21.738979020329733
-21.751799458955826
-21.759863065541374
-21.751447064582205
-21.748159832909902
-21.75158373064109
-21.736701628663866
-21.735541349201807
-21.733614929337964
-21.740030886850747
-21.736999112183113
-21.73658361264511
-21.747435763615634
-21.740679582895304
-21.736042983800917
-21.726158465223914
-21.729256799398183
-21.738209135282702
-21.74106225380251
-21.74471147906324
-21.739544638374444
-21.734610032584346
-21.73682631571225
-21.735649442594173
-21.73358017242455
-21.71087109791862
-21.703571690174893
-21.709644148956592
-21.708153573638572
-21.71429745601016
-21.71625465814146
-21.705350796792285
-21.711313932492565
-21.71652979657573
-21.72232945007435
-21.729544929123072
-21.75104311629889
-21.75544744393976
-21.752470923419665
-21.742977753936632
-21.745110105555653
-21.738141692564266
-21.73300036189066
-21.73380372703098
-21.725250388199644
-21.733997431292018
-21.742958893254922
-21.735237613061255
-21.72561838025789
-21.724987118563934
-21.729851897401634
-21.74061646794893
-21.738788799260092
-21.74862576333433
-21.744636779164612
-21.739607626951596
-21.739273371298825
-21.74167354290879
-21.74945214195352
-21.74401411846613
-21.74607974905604
-21.752218179338495
-21.745674911665983
-21.75630200994664
-21.745653961508225
-21.75606532261497
-21.74658236177465
-21.75351684382497
-21.763110940257373
-21.759626679427402
-21.767224446001567
-21.76519627832775
-21.76343845400318
-21.756001368037946
-21.747909690494193
-21.74013722133206
-21.735341956492885
-21.73722159243294
-21.71691252797065
-21.709235392711182
-21.721424420002098
-21.720068158126285
-21.710339687420106
-21.715524032884314
-21.714809972982923
-21.704540174304213
-21.705558879632495
-21.704198288332282
-21.71372943253202
-21.706892502882962
-21.720309616288038
-21.720596190605026
-21.716313581884606
-21.710546548551395
-21.70840686863057
-21.708232376293495
-21.715726297314927
-21.707616689487043
-21.709097123297507
-21.717288410523647
-21.7193285183352
-21.7328249514808
-21.732029891388063
-21.722670702065766
-21.72115399942426
-21.730861309139858
-21.742995947315656
-21.744481157175215
-21.736985732893828
-21.734709069386554
-21.734455783112757
-21.7217143637652
-21.719656435280918
-21.71581004973512
-21.704145791409267
-21.69781857105479
-21.694384637670947
-21.686909644358458
-21.695458039140014
-21.709447288039435
-21.703282231603303
-21.702266424488457
-21.705432366574648
-21.69784051051832
-21.706643237059062
-21.70766807649167
-21.71274797096432
-21.705272860267794
-21.709281304856184
-21.711884030282107
-21.70615318791951
-21.707974148539385
-21.71569894368533
-21.704344240753947
-21.702848250959587
-21.710573010339377
-21.70134831884627
-21.703130729575353
-21.707587361512473
-21.697523445668143
-21.702305755770002
-21.711569488747188
-21.71439066270469
-21.72350051978762
-21.716171089550997
-21.72143455222814
-21.716480269179716
-21.719655441375302
-21.722174462855307
-21.71324924060769
-21.71623598617806
-21.716133835750792
-21.706730571482314
-21.713681291171596
-21.707271355703654
-21.70286316986286
-21.698998904006753
-21.706643829431965
-21.704622564938035
-21.707021938112742
-21.71001074042762
-21.703781637970984
-21.69481706041107
-21.692774504148314
-21.696714400846382
-21.69445432815617
-21.706120702333088
-21.710328287773937
-21.714924412052277
-21.709361124109247
-21.708128619257174
-21.714739784663845
-21.716113996078082
-21.716935551415666
-21.720309218569728
-21.710166927888135
-21.70992688577689
-21.694476595039514
-21.687373688093004
-21.683372959414115
-21.682145843588277
-21.686421260653816
-21.68943257557448
-21.69784592025719
-21.692442940729954
-21.68483981058835
-21.678566569986817
-21.686414591556627
-21.674883362835615
-21.687603940397004
-21.692637279279037
-21.701888479653256
-21.705512382345162
-21.712795341923396
-21.70731930546955
-21.704781309214457
-21.708364095267143
-21.698117993161752
-21.70038575818606
-21.691652645036967
-21.68349390732722
-21.686374785581666
-21.690207501313775
-21.68983255616282
-21.6863801927353
-21.69283032451415
-21.704029061401958
-21.708998559224405
-21.711182566300465
-21.710154470519008
-21.71624616927457
-21.720844658625428
-21.698700460758058
-21.70335021062978
-21.707660139970848
-21.706489079223626
-21.71389704625906
-21.724513229901877
-21.71675611962822
-21.719820241369895
-21.716508025105362
-21.705242627638313
-21.716895533176828
-21.726967707553843
-21.730646627959654
-21.72317058081799
-21.732331495098947
-21.7289089062179
-21.735313287274398
-21.738320110230912
-21.73120029296122
-21.724957928793508
-21.731954294164836
-21.72727874223295
-21.733134018405583
-21.746176909136576
-21.7398508935422
-21.740572459984975
-21.740131368827605
-21.735655071904915
-21.74819989938403
-21.744029994012394
-21.740465746875767
-21.731913495052634
-21.736496817449854
-21.746360193400292
-21.75286543013821
-21.753879705728984
-21.758678246054433
-21.759942845524517
-21.763067854387188
-21.76334969502972
-21.76689206957734
-21.776793512841046
-21.77124818581227
-21.763235419713666
-21.758716242040016
-21.7547364522129
-21.738451202695828
-21.729105545063625
-21.731519037172223
-21.739136312281094
-21.75042911491193
-21.74806228954011
-21.744176939692796
-21.753403763761195
-21.75939476507466
-21.762024309698294
-21.751569841251403
-21.753988303514678
-21.747406888519095
-21.748586231709513
-21.75769176592682
-21.741721724996456
-21.748365518744553
-21.74441668470079
-21.74412671971441
-21.743217032407063
-21.741771565717304
-21.740988311286785
-21.744563184533828
-21.741093250044436
-21.744690744945
-21.752643244694536
-21.746591189233687
-21.74284930073127
-21.73690008889218
-21.747673316015916
-21.758700235098107
-21.76014129815232
-21.758816580261737
-21.754398923797222
-21.740223264568105
-21.73133500280338
-21.725911730105505
-21.722401676495366
-21.727015417299846
-21.736107537569573
-21.73801077729834
-21.742112192172435
-21.75121223504765
-21.755966351659332
-21.756146954681494
-21.758686975316166
-21.752354358235337
-21.756902498226307
-21.7548718282221
-21.758467042530363
-21.7535867498419
-21.75948065118283
-21.75749232505714
-21.754411457071924
-21.74429670764149
-21.7430640635676
-21.750182779882433
-21.74261947917506
-21.737829332378418
-21.731567915153526
-21.737345878905696
-21.7411281169861
-21.748298851245707
-21.744019608577496
-21.734138829187412
-21.72806989784898
-21.73261064724625
-21.734294627444015
-21.746116014390243
-21.74218814616324
-21.73576482317591
-21.738018862377363
-21.738011206700392
-21.735335219250217
-21.730793510136756
-21.72983638716927
-21.734745268968798
-21.734660679889394
-21.724467151350293
-21.729721749418687
-21.729130133649182
-21.732973414322984
-21.72819834015448
-21.738774905593573
-21.75350763419117
-21.742850440578557
-21.747740786556477
-21.75019861843435
-21.77201204487298
-21.77140439319647
-21.783809441159836
-21.79062847876146
-21.787706393349133
-21.77799063101937
-21.776524314076944
-21.779864905396995
-21.78092189179188
-21.776588278388914
-21.77344580934483
-21.78368721430849
-21.77508903816683
-21.76002847668349
-21.764932987222004
-21.774930622584733
-21.777319024564754
-21.77827082249289
-21.771936636683
-21.767956609398617
-21.78954373794747
-21.79378568008528
-21.77343708615636
-21.778258479580987
-21.783141530466423
-21.778088230943435
-21.774532308970667
-21.76871485741341
-21.75734079439682
-21.75584043489107
-21.760233669987432
-21.760235296773708
-21.75194342064915
-21.744838745461138
-21.745485245077234
-21.749246628654006
-21.758478250522487
-21.7588948994782
-21.751931131095553
-21.742132911494206
-21.74590946351973
-21.74489640876147
-21.745197925032365
-21.7409905773023
-21.73001532877637
-21.73559850920557
-21.7270006414712
-21.742027266471474
-21.731565003014634
-21.72662974377069
-21.726715620091134
-21.72950279259911
-21.734876653857267
-21.73291881847754
-21.745047481204146
-21.734750460147605
-21.73428139903091
-21.72604786365379
-21.71532543324819
-21.73703331764045
-21.733460897888957
-21.72324621082647
-21.72615427713326
-21.725283237446284
-21.71523228999508
-21.714047165036256
-21.718664667542093
-21.712030577583686
-21.7181997485252
-21.720351099362365
-21.721316043081888
-21.732063158411663
-21.73422396410008
-21.727925621735775
-21.724066014620426
-21.71665423504101
-21.711069941691065
-21.71056864919677
-21.70783019090859
-21.710297082459373
-21.703967988504658
-21.69395930581974
-21.7121610226118
-21.714245310196826
-21.71612369223207
-21.70284421660663
-21.689648471052248
-21.68938213374183
-21.692744885632592
-21.688859712751427
-21.700698776898147
-21.68972096764573
-21.691831748384608
-21.693634011072678
-21.690914342404373
-21.691214761013022
-21.688538016297475
-21.70496873078019
-21.707792663605147
-21.70034147692391
-21.69347704160636
-21.687041591292047
-21.677799065507067
-21.683480810888216
-21.67808973222494
-21.6820856616378
-21.681503621970137
-21.681511614313354
-21.685201921438725
-21.686110328539556
-21.681783497954612
-21.687192452632274
-21.680935997968096
-21.686440869230687
