-21.64385360179857
-21.625135124679353
-21.637339097681295
-21.633621980425712
-21.63311356551109
-21.634825678120027
-21.645193322214514
-21.630819865304343
-21.636025491520968
-21.646571362519794
-21.65814238126758
-21.674639752059885
-21.667851349532306
-21.67694651825296
-21.69009246420764
-21.66939273202235
-21.67604626095858
-21.676034759603784
-21.67337248735672
-21.67635792503167
-21.681469829729284
-21.68866235500745
-21.685319555336783
-21.65977956673907
-21.668020155631616
-21.67295029103418
-21.670181082994823
-21.68666072584915
-21.68661732682169
-21.69042093379262
-21.716041603752473
-21.727342167970505
-21.72051986318973
-21.708830796578763
-21.691339869781945
-21.689904083710687
-21.675509812152708
-21.649519038939882
-21.6448448205407
-21.660090972594222
-21.665816472839865
-21.66235477398894
-21.64775709088238
-21.650424688971725
-21.64760457657609
-21.649674980602207
-21.658414647766268
-21.674096894396126
-21.666283024125523
-21.655033070407534
-21.669604129166643
-21.658210434929877
-21.69157646628838
-21.691507417139203
-21.68963115618387
-21.681688679214023
-21.66332161659553
-21.65919181813293
-21.661567334081344
-21.67033171409273
-21.685364527024397
-21.695910673931667
-21.70015275833278
-21.688723530235812
-21.68492026340986
-21.69497026317875
-21.682631031506435
-21.697816908347985
-21.707041005238256
-21.70694027672107
-21.714279446752798
-21.707661379055548
-21.713837714390223
-21.71467338490443
-21.71086081932217
-21.71641145378351
-21.719980062380838
-21.70959499875481
-21.69087549804242
-21.679303730132535
-21.674314991327616
-21.66725416376349
-21.65784471426659
-21.648410099557623
-21.65186930389062
-21.649281276687443
-21.653315968285767
-21.637006918136958
-21.638634019001298
-21.638957000332415
-21.635717632453233
-21.63386388930649
-21.62746567108553
-21.628732109731175
-21.62294914810841
-21.607107081875792
-21.608179310234178
-21.600240751701193
-21.61060329376049
-21.61290854886791
-21.606032298907227
-21.591494615509614
-21.59837592499418
-21.605230342828143
-21.620131353308373
-21.620582330259168
-21.628056959463052
-21.63401047529371
-21.61454138205044
-21.61166814924183
-21.634256938898883
-21.60803862930196
-21.59891234745961
-21.616091838442603
-21.626150073120982
-21.617264849592512
-21.62483250505076
-21.609962199556325
-21.616890005480652
-21.613326373603943
-21.620806119746288
-21.623352435339044
-21.62799386753858
-21.638547428799026
-21.63446041359364
-21.63727010417683
-21.63859615487247
-21.637719865631453
-21.61585835463444
-21.612676765276188
-21.60005829525067
-21.60976887077111
-21.61178203445562
-21.618540080839782
-21.631763501314797
-21.622422600959933
-21.634372045534583
-21.61455842239542
-21.60476300681013
-21.594558631573218
-21.601433435396004
-21.592058353493194
-21.60495138208779
-21.608118226010824
-21.609201131664264
-21.59351588770474
-21.601046214467893
-21.59450082520007
-21.605545933300725
-21.612655601802498
-21.609578684388712
-21.61068101892287
-21.595969884949138
-21.598393893807156
-21.610973273458153
-21.626450234281293
-21.620652088578396
-21.597309365763223
-21.597641729082657
-21.618094767028634
-21.614439768571984
-21.642899527394857
-21.648669447453948
-21.637300184856304
-21.647406049364957
-21.634086539756407
-21.62353531256764
-21.633639169554648
-21.65930138746251
-21.651085837203077
-21.645420146303607
-21.625756618640544
-21.624813199599714
-21.630142762382736
-21.652819821551006
-21.644439183425664
-21.608252897606707
-21.59813681107258
-21.596663437089852
-21.61691085994981
-21.616639039672876
-21.631569038905155
-21.649378500152825
-21.658727936336057
-21.653263502812816
-21.655247487894144
-21.66141689605688
-21.664548729674458
-21.65362735903921
-21.645225589970558
-21.66394789261574
-21.667552835974707
-21.680066212833882
-21.67411385255585
-21.667785442711857
-21.649422683462266
-21.662602418042226
-21.645818386825358
-21.64995629961484
-21.641989445288107
-21.658312310928945
-21.659188214155186
-21.653301892006642
-21.65154300770397
-21.65923806671144
-21.648593805836597
-21.63597428565018
-21.640586120774053
-21.651412257902276
-21.636980447104573
-21.647964536735767
-21.643047383612533
-21.637859935813687
-21.636199031232977
-21.635872818444106
-21.62500016328769
-21.621592606481403
-21.6029090256468
-21.592992220885602
-21.57794509559787
-21.59435021442734
-21.599917463438004
-21.61675055853056
-21.612166581373202
-21.618688989189064
-21.620298188405854
-21.62285901986593
-21.627373807708647
-21.622397616563763
-21.627628024262833
-21.63488823650475
-21.650497958765627
-21.64819184695023
-21.65498482248415
-21.65588951480765
-21.649421732249372
-21.656109760438397
-21.66427470228364
-21.667199267227627
-21.65907367341058
-21.6737491111658
-21.64446101186415
-21.648492532072662
-21.64219132872977
-21.647203816862856
-21.63980262814512
-21.6345781466806
-21.62398092982009
-21.609194371789844
-21.61821685481193
-21.609514368062023
-21.605212217238
-21.620996829896537
-21.60387578297167
-21.590695399493846
-21.58467705425145
-21.577215667839077
-21.580902445724394
-21.586575425737692
-21.596001813602363
-21.605160366858666
-21.607612815586513
-21.619673898988772
-21.593716337026855
-21.591502516170994
-21.591772287510995
-21.606849597246377
-21.62977250018631
-21.631778899675368
-21.64936005540992
-21.657596974836355
-21.660065005054488
-21.661170443819806
-21.673945366176927
-21.684451149510682
-21.673045650326454
-21.682625617203115
-21.674361129381364
-21.669706382142937
-21.680417622991122
-21.6796265110397
-21.680679921400376
-21.671173534858216
-21.669928540454748
-21.66255864199099
-21.66314976452396
-21.657237530676813
-21.652654062191083
-21.65006824117891
-21.650350732697916
-21.66971442120479
-21.658950675121396
-21.658197793553995
-21.642610792327435
-21.633591619623385
-21.631671069181333
-21.623015247403888
-21.61561653722821
-21.6175886750361
-21.61486215598729
-21.62436344097878
-21.606772080083097
-21.60688422621344
-21.61260911789908
-21.627074906429637
-21.620876923784174
-21.624938617109944
-21.618762856136314
-21.639250047911318
-21.656859967129673
-21.64934341746081
-21.637305179916588
-21.631551277025864
-21.633009363147472
-21.611049119845774
-21.631200262040718
-21.640372746716118
-21.65385414685261
-21.651551200239886
-21.655330311398735
-21.64576017446912
-21.64674820916135
-21.654229172345197
-21.66122518905963
-21.64184392004021
-21.636358402816814
-21.632051958597867
-21.640620286644655
-21.639055607095916
-21.644514425434764
-21.639502790627176
-21.632065208877357
-21.652562456107884
-21.64667631689568
-21.64907739593799
-21.64551892722541
-21.66236832590853
-21.649498317932828
-21.645745055936402
-21.65782987241416
-21.660383036692203
-21.675271180515324
-21.67319626949287
-21.656440907855018
-21.65956977428729
-21.667990040275704
-21.679582410384
-21.68365414688714
-21.6737885751016
-21.666728268250907
-21.66740531909483
-21.659692700691288
-21.640315802800856
-21.64033189194919
-21.636063887938608
-21.662159528443112
-21.654103841153905
-21.64080329577146
-21.656800948853313
-21.657170465944102
-21.65435315471923
-21.6577587768374
-21.653928150576977
-21.650014295250088
-21.65439402279075
-21.642787723522225
-21.6475249857187
-21.647535510778358
-21.63696454095538
-21.656738661213037
-21.654420706703203
-21.664187786439427
-21.67467731904677
-21.665726280259193
-21.669205382141502
-21.67341317853698
-21.68461199800939
-21.6837178653858
-21.682113369186414
-21.66919556039562
-21.671461699978927
-21.64249721739202
-21.647349901613936
-21.643584161341987
-21.65324073519942
-21.64367325311503
-21.653302053788856
-21.654460410136295
-21.644178505419482
-21.647093908832062
-21.623901888559768
-21.62251173841644
-21.617008415645852
-21.624797293435034
-21.647954517232623
-21.642267576336664
-21.659840819936427
-21.681567014781184
-21.676250922141584
-21.664069603237817
-21.649462216428724
-21.655011454082082
-21.64648889554804
-21.66146795611533
-21.667355416792237
-21.656894849185036
-21.66236728029241
-21.65950279269386
-21.66063068770015
-21.66103812467536
-21.667604705427294
-21.675320570674888
-21.662725587656404
-21.64473401070534
-21.634150628080604
-21.651933334966852
-21.65889432210986
-21.643373091177523
-21.650506764822147
-21.642521986124827
-21.653077323531424
-21.650675953697267
-21.65279560063449
-21.66953741394719
-21.643276454227603
-21.64456714635758
-21.656328728605885
-21.663919920841515
-21.658814187856155
-21.64473953814234
-21.651055665620643
-21.64973664038282
-21.65529759906292
-21.647947396790997
-21.646014706900427
-21.654792978644878
-21.653671071501833
-21.652878754936147
-21.665135167084657
-21.672491330731205
-21.670930203097967
-21.66616238299405
-21.66284615890066
-21.674469126377556
-21.668215294084526
-21.66675513242881
-21.678654803775586
-21.66638555298874
-21.670709225195736
-21.655071361503026
-21.66297850905262
-21.691017760056436
-21.679415004380505
-21.687287198257344
-21.679030841324668
-21.67242613612097
-21.669356579636815
-21.678021519760346
-21.676418674706536
-21.683578520833624
-21.674199322164313
-21.67722479378669
-21.68209888641871
-21.68033808372953
-21.690068304782837
-21.676073378199924
-21.66296613500625
-21.67529742850463
-21.687191897101314
-21.682282887168565
-21.64623552719589
-21.647046615851306
-21.646797067567903
-21.667863038267843
-21.656808253316026
-21.644215283738816
-21.653623814434564
-21.657409165722882
-21.654702902157076
-21.674131846549916
-21.685099102401786
-21.689780470670225
-21.695329492284312
-21.693248081300815
-21.6914978605583
-21.69298013828843
-21.6882569343783
-21.679022223405166
-21.698098278830685
-21.681288236744482
-21.683210731698466
-21.66379544420921
-21.66194334979079
-21.66808318757984
-21.657081143875555
-21.662425152556814
-21.67870182449696
-21.661946385317094
-21.675450846570214
-21.654753532886822
-21.654307149943005
-21.64584443717103
-21.648114847709788
-21.670050823750707
-21.6903439692838
-21.689288635040892
-21.695090649983133
-21.67819286179237
-21.663949416233997
-21.658684753821923
-21.656817174158448
-21.665600046092393
-21.68402351485859
-21.67539857633309
-21.680079618060066
-21.661617408333388
-21.643817657348492
-21.65038357632281
-21.655893903776327
-21.664170197231996
-21.654369582571814
-21.66260163843434
-21.648638580647315
-21.622287151142338
-21.623635010741694
-21.636321843596246
-21.63811163549019
-21.652738417630122
-21.65747252516399
-21.64430267482795
-21.628993244294875
-21.625968303190234
-21.629985906354932
-21.635029898547007
-21.64627142032982
-21.628261585270025
-21.629596850364464
-21.64781215303314
-21.669693776516958
-21.665068064650505
-21.677209833241687
-21.65995185994519
-21.667444264959094
-21.66878530266603
-21.661042847142358
-21.669281501647497
-21.662500916475928
-21.653797725198253
-21.662777251113162
-21.653888561685804
-21.665216721913826
-21.672995614569047
-21.676833026823765
-21.67669932632788
-21.687107474082538
-21.66515062772572
-21.65325320980832
-21.6587376282647
-21.63831140383126
-21.641136531709282
-21.63155424079265
-21.614640637283085
-21.61629446341762
-21.61294921128822
-21.62130930259215
-21.618657320562626
-21.6207280441619
-21.628689175334138
-21.62910124742714
-21.62347672139037
-21.62661583561124
-21.648716046031332
-21.641511737133428
-21.61548663589118
-21.617690732078977
-21.63208155773451
-21.614922203167563
-21.624338474744537
-21.615127404593302
-21.620798472156814
-21.608413669474196
-21.621087931127505
-21.631442709672818
-21.642049091818247
-21.640838922342926
-21.653882814634823
-21.667991297897473
-21.670107644142597
-21.677050356041594
-21.67719658346019
-21.670587934944457
-21.65301727712342
-21.645282706221646
-21.64948719372264
-21.630739388488795
-21.628895306091433
-21.616439312412734
-21.616744326480823
-21.619518319419836
-21.625512666242006
-21.61408332110659
-21.629327435264674
-21.62514082939995
-21.648334052020804
-21.627010335647263
-21.628539472378936
-21.615718670793683
-21.63729021452883
-21.64969315611483
-21.652202890319217
-21.66664281344211
-21.666114794599164
-21.66534727593894
-21.674413862866576
-21.673686866700056
-21.680560020288347
-21.67845524691005
-21.666585360910407
-21.677776473735772
-21.666427182928025
-21.668673004596293
-21.694694340104252
-21.698260913039306
-21.696620445210005
-21.69439336453604
-21.708734763705106
-21.705846011046656
-21.6818037707461
-21.7013364907677
-21.68909438084395
-21.673081802813027
-21.68665240053538
-21.69320728981351
-21.695596574836095
-21.68989379153353
-21.67897950036524
-21.687663160332818
-21.682410871507013
-21.67353304753802
-21.6732258071611
-21.674902035799207
-21.659303126720175
-21.66516771429025
-21.65543666995663
-21.65258178769152
-21.64782716275619
-21.655388225598287
-21.649059432991837
-21.632344755158016
-21.642500535588827
-21.626789885263033
-21.61949285837948
-21.60968485940236
-21.61589945404851
-21.605366543054043
-21.59761152792874
-21.610395325980694
-21.607197180426823
-21.601977502810428
-21.630780363944343
-21.636941192761775
-21.651111386846196
-21.65090577891465
-21.647609713705545
-21.66015028013959
-21.652926051685068
-21.64775703582268
-21.65910693353612
-21.65923345813419
-21.655726914765793
-21.650680718559098
-21.67016065015356
-21.68323042563871
-21.70567237433833
-21.691621641245273
-21.677345997637733
-21.684448023472484
-21.695453373593914
-21.678778683143936
-21.66475089402752
-21.660500155258767
-21.665155914642018
-21.67060571506926
-21.6815115195368
-21.66805405411523
-21.66224099989156
-21.665943329338088
-21.659025017232572
-21.642409533169815
-21.652054979245904
-21.66287437079712
-21.670386285429675
-21.667734831764367
-21.6578044682367
-21.65820086691539
-21.644078087808403
-21.641068601724974
-21.658690737849987
-21.6677340859834
-21.648506898472526
-21.64541644173262
-21.64803529126313
-21.654217831059416
-21.64740902023053
-21.654064702904453
-21.679377742937262
-21.673782631991315
-21.68107216584141
-21.688088340382045
-21.675382770120226
-21.660242671796322
-21.656065392404926
-21.644118434267046
-21.640514950561997
-21.63642145030159
-21.64686912409536
-21.649530721722375
-21.664124805904045
-21.654385986424366
-21.643491106526646
-21.636592678639015
-21.63196796444704
-21.623745023942895
-21.61575207127008
-21.618385463272077
-21.604734354562826
-21.59582082876872
-21.592095198053933
-21.591665077072026
-21.60705366592762
-21.613843892753934
-21.604067427365838
-21.604558239989153
-21.61059286721741
-21.608316317584627
-21.60994121112657
-21.599694384220047
-21.62007571957276
-21.600401454474234
-21.62284158532453
-21.614543819915035
-21.61668438183108
-21.624406898094726
-21.624478698385584
-21.631359585604773
-21.609495490146628
-21.603878105779778
-21.590728817057066
-21.595513240858175
-21.60899589881358
-21.602856508582725
-21.584621121970596
-21.58183060517981
-21.58140809710476
-21.598545916428023
-21.617528657012393
-21.629732430462358
-21.629848727237377
-21.625763414968205
-21.635921634794105
-21.64154360586836
-21.648534761015046
-21.630945525759536
-21.626192189807888
-21.621985266474432
-21.63733987687741
-21.639693149007826
-21.636515928522563
-21.646382011790017
-21.646404067271856
-21.640949705065758
-21.654605972184257
-21.6790217163028
-21.66720165775804
-21.657076882511422
-21.645315506796322
-21.65014638003288
-21.658375368011495
-21.65938411903163
-21.65722497642765
-21.643175608174808
-21.65628129308567
-21.65982512192588
-21.668128589857744
-21.673826256654145
-21.67621808976804
-21.681452755027973
-21.660747835905696
-21.64386219121611
-21.642739897069195
-21.633198313191823
-21.623214961870687
-21.625751637673478
-21.621349246859754
-21.62013457004962
-21.633454686312817
-21.645666799044054
-21.642741545582204
-21.61517809335617
-21.626541103135207
-21.61461093454229
-21.608080521976127
-21.609610008695455
-21.628640129160456
-21.636075167324925
-21.638682664454716
-21.64532070781348
-21.643237836213835
-21.640852507227784
-21.644083825702424
-21.639279208550263
-21.629658302799633
-21.647427608583016
-21.644170315467978
-21.637460102143145
-21.648933170105728
-21.643214109842692
-21.640095028297722
-21.647217053085146
-21.63028275901813
-21.634333426579193
-21.63324742818967
-21.63904758727453
-21.64060231632512
-21.640407541273646
-21.632531509814754
-21.64940498138283
-21.651145799456433
-21.648648166450187
-21.653807964343827
-21.6556048530242
-21.64698280293422
-21.63930534391201
-21.62801258407092
-21.649211674416563
-21.670116376290594
-21.684929879486045
-21.69708922350262
-21.700324421423183
-21.68561579978132
-21.697566650119327
-21.69227603055431
-21.67473484540369
-21.657242485421264
-21.665130137758563
-21.67088561595631
-21.663895281122073
-21.649254586045938
-21.64330081696813
-21.665970804697448
-21.671945872343255
-21.66913881531362
-21.672315904455967
-21.676386393329107
-21.667066649569698
-21.650834937776267
-21.641595285787673
-21.65679695201949
-21.659705442915403
-21.65822255581709
-21.6602129373115
-21.643315439857737
-21.643523449353783
-21.656893295804636
-21.66789148513846
-21.653720280283416
-21.647029590797114
-21.65624489077728
-21.64945191236145
-21.647427518186646
-21.645513235574008
-21.662041965107857
-21.65793940886286
-21.650725509099296
-21.65851628083902
-21.667754919432678
-21.659862171112565
-21.657888232785485
-21.65971745498565
-21.657303029447146
-21.663777968671575
-21.666554099242973
-21.65777270150948
-21.67633269160328
-21.660582081397457
-21.687136415891057
-21.69297566280852
-21.69450297521261
-21.692113900112833
-21.682971867109604
-21.675834577458584
-21.663094058946466
-21.66099419832161
-21.6606850325199
-21.659784011487464
-21.68381835049581
-21.69015479121235
-21.68256647528743
-21.681044337041754
-21.674017391100758
-21.675917657072954
-21.659134660466904
-21.666507519912013
-21.685877577116816
-21.692679710280988
-21.68527088540325
-21.68030843076452
-21.693921756006528
-21.69263090794697
-21.699871246859193
-21.68197167905848
-21.66474212710713
-21.671035981867476
-21.68307576272431
-21.660153432423336
-21.656457143480417
-21.642018847339024
-21.65653030989113
-21.647123475474075
-21.65944289354031
-21.65965612823263
-21.657621081529687
-21.66382057237434
-21.653464280951777
-21.64823219010808
-21.652003346555176
-21.65886402378577
-21.666472892415463
-21.653598733106527
-21.655301190124423
-21.63867939211829
-21.629937248078598
-21.625232696687494
-21.607389419098418
-21.598898477557317
-21.584427618553995
-21.59328801856427
-21.58813699637241
-21.614918356652115
-21.610732952546645
-21.629622923696928
-21.641900742841763
-21.626010775525444
-21.636265340472537
-21.638337651983004
-21.659571447478687
-21.649043040479587
-21.639105455573574
-21.63352207974113
-21.63338909304049
-21.639173553045183
-21.629705220550814
-21.637619614103727
-21.642353637144172
-21.632923826712144
-21.651228308219544
-21.65457575115994
-21.66410597921102
-21.647830347907682
-21.646992494170874
-21.66080879336005
-21.64083138297197
-21.65647919442711
-21.67278323023006
-21.681204881485094
-21.68002658566158
-21.691363763964347
-21.681085599884337
-21.69275306752251
-21.656873224467418
-21.653536207468008
-21.65464258688106
-21.650982405896496
-21.650172719781175
-21.6476830153358
-21.63002335350625
-21.638517885558727
-21.659409260380304
-21.669332779186643
-21.69034233649038
-21.700036269634165
-21.68910365975003
-21.691601533632635
-21.685154602349588
-21.670893954405003
-21.67973057162106
-21.677281940779835
-21.680210536395194
-21.669323117800108
-21.685076578887294
-21.675821383221887
-21.67544999789638
-21.677490342621365
-21.66380898100802
-21.67579784746379
-21.65713665634855
-21.66862113835531
-21.64846392236076
-21.675278513450092
-21.668425724599828
-21.665358472227947
