-21.665358472227947
-21.671771291027913
-21.658985315572096
-21.643530233689404
-21.63278111978094
-21.63332932112159
-21.64189134056515
-21.617757807373238
-21.611214818045877
-21.597289546068193
-21.580883907019658
-21.577326209636983
-21.596637832233693
-21.60662909232636
-21.600490050864558
-21.589361065091396
-21.585337630019076
-21.56969426291465
-21.578726267880914
-21.579294087534567
-21.584084694006844
-21.57881880177491
-21.58254192417898
-21.588815125414058
-21.580415081203594
-21.580021601031998
-21.574970825132006
-21.590556758558186
-21.58897605148948
-21.591597472464542
-21.59978817393852
-21.609302973294383
-21.61539456707343
-21.614784510371404
-21.602245006224
-21.599435288701777
-21.58882304988395
-21.58531334632923
-21.600494775711315
-21.60494616009868
-21.612207973069953
-21.63649672786168
-21.638834208495894
-21.644582335286543
-21.635398033572336
-21.629098225268002
-21.63813650817097
-21.638861082164528
-21.630278766109846
-21.62988986007887
-21.64191586070028
-21.621538386805923
-21.622241035251296
-21.624320825995287
-21.63161387083361
-21.627192967326593
-21.617005217300797
-21.627219274147915
-21.630552795398085
-21.640750874608404
-21.645954502269273
-21.6454597316493
-21.64632750662709
-21.646838943149795
-21.646284136393664
-21.6435974171479
-21.639925958262854
-21.61581129248838
-21.63173376252557
-21.63203814402337
-21.631539577609278
-21.618543219710453
-21.613339571008268
-21.610289293802033
-21.595961214779443
-21.591976204375296
-21.595767833562494
-21.60225328610626
-21.601192108620555
-21.579652281139918
-21.56977351350109
-21.59256870754256
-21.591018461594953
-21.605908669491253
-21.580620618924236
-21.584679296707428
-21.594184701063778
-21.580234367935724
-21.57680251807102
-21.580150934969453
-21.5813592085222
-21.589143996670078
-21.592219410315355
-21.597489154966855
-21.588681284020414
-21.598121385886344
-21.599364360018075
-21.60857103464397
-21.61630161160839
-21.609877946510732
-21.61301816106593
-21.625071828322316
-21.63339988276764
-21.62709887293922
-21.631353222099012
-21.62894807171564
-21.62586092247556
-21.624195274542867
-21.620086875729072
-21.61559401358369
-21.620604990559638
-21.62000646575751
-21.62712318699735
-21.607326254472895
-21.588255813338122
-21.59076599419965
-21.594784948572954
-21.6018348048222
-21.596061024515226
-21.595617052913
-21.59806432571943
-21.605845724017943
-21.608816960357036
-21.60056857005288
-21.593644862097833
-21.582096481626184
-21.599270237939397
-21.57710874476289
-21.573544706277623
-21.572981978530255
-21.573979058451684
-21.552969399011804
-21.574499593435213
-21.55666596143628
-21.590229723943793
-21.584487647461636
-21.601773632828138
-21.608960780229598
-21.604073831875954
-21.59893393014346
-21.611088229345484
-21.606024422072334
-21.60850485988396
-21.585950430111296
-21.581741704951135
-21.564237635012155
-21.593000095039002
-21.610580524493542
-21.60777370139331
-21.609651869551495
-21.619737740241963
-21.611504465045137
-21.605780086597193
-21.59833791320727
-21.602212165830046
-21.60315398728922
-21.611389221134434
-21.604714404794514
-21.60514574501577
-21.603746300392785
-21.596538022296233
-21.588509949515114
-21.58960391756629
-21.580241921025745
-21.585464707678238
-21.5873482765148
-21.583080825279886
-21.59550219242286
-21.59034632582685
-21.59242804624094
-21.588832327567737
-21.593012574826076
-21.573816897019064
-21.55086468652692
-21.562500740426024
-21.57666722498764
-21.598655077930182
-21.60292694810446
-21.609102578209615
-21.60612125004484
-21.59007917725007
-21.576228151725445
-21.57464397904033
-21.594041146087125
-21.58992846454425
-21.592990289138875
-21.592579532992943
-21.598325817961847
-21.606964683929686
-21.589508944995444
-21.597480389948938
-21.588370163433996
-21.574019499513994
-21.565051960698607
-21.583677945064967
-21.587882409785752
-21.5825164890959
-21.588089094349396
-21.60072578214474
-21.59470928293095
-21.599013502866978
-21.607768755862146
-21.596120449966993
-21.59535298015453
-21.60075616637766
-21.605250419449714
-21.603377903605303
-21.588572832969653
-21.593386328249373
-21.60282653468085
-21.610200516001992
-21.641744645161776
-21.651405099027183
-21.633482109214146
-21.635323018928762
-21.647260421072506
-21.64145319510176
-21.631811537352895
-21.613771027052422
-21.61410229026824
-21.613485960546615
-21.601225516864435
-21.57768860941684
-21.566337079740737
-21.57612652455875
-21.594015556844646
-21.59873642371974
-21.604533612140727
-21.60181851745624
-21.604800277624534
-21.602916882866413
-21.609518606438893
-21.600759987492697
-21.592422810502118
-21.59093161403994
-21.560626709310686
-21.561468238257326
-21.58892711878683
-21.589079322967265
-21.584843153258408
-21.60018259609433
-21.614399453416684
-21.62305995448108
-21.611645705783946
-21.6192352766887
-21.6157396983607
-21.60952681995776
-21.586055999559782
-21.597814513549295
-21.61333941801681
-21.622096184961624
-21.610022089269034
-21.62341363540006
-21.61090229178506
-21.610322329702058
-21.610286945938874
-21.599786960536825
-21.61998386224789
-21.602790387177578
-21.591214246005332
-21.595954270529397
-21.607674706575885
-21.608407714874755
-21.60248431287028
-21.60826015677008
-21.61868101272213
-21.614926190723324
-21.58944085851404
-21.599363557522576
-21.59670926166725
-21.583281978331613
-21.579176874960535
-21.57859182067654
-21.57026563172794
-21.57929897766168
-21.583798276872475
-21.59325756779455
-21.608436271771286
-21.58759156441281
-21.577041640356512
-21.60256145127129
-21.597615270904363
-21.589172709013862
-21.5927565008109
-21.594192913238434
-21.580323628092113
-21.578687618142727
-21.58511497953994
-21.58431651535215
-21.58398038449711
-21.582541659893383
-21.580778917261465
-21.58307493430926
-21.567168451772663
-21.572483318999492
-21.566756608596087
-21.573635062427194
-21.571746597204122
-21.57443278825725
-21.573464086397635
-21.59137233470901
-21.612744218443993
-21.60403624313453
-21.608236640035308
-21.625452294394886
-21.631165777470198
-21.620132003017737
-21.642273639902932
-21.65198492230668
-21.652865332045444
-21.628025908691765
-21.62723396766181
-21.628745372433457
-21.618390662806647
-21.60494353842811
-21.600424826881195
-21.61786759996301
-21.614404933369116
-21.634790781971034
-21.640754668485187
-21.63839335689709
-21.639919538243742
-21.626923721723227
-21.616592735289096
-21.600032960604924
-21.580789534155798
-21.568913547022454
-21.580605809836502
-21.588561097817987
-21.59471115813221
-21.608901574304987
-21.595022664925093
-21.590512042562697
-21.60270153731169
-21.605683181482345
-21.624920452101314
-21.6228185025938
-21.613138032168017
-21.60524117007119
-21.61655238145917
-21.61194955190607
-21.610123173176554
-21.5953397954664
-21.603691028404413
-21.60806482383614
-21.594423068176265
-21.596590757943773
-21.609463047511312
-21.615041167420273
-21.62230536957235
-21.59769880723136
-21.599355874416524
-21.58271220707368
-21.59330853836058
-21.57622556214075
-21.58957044946124
-21.608511188652493
-21.59524720705669
-21.58853004574678
-21.598129510153917
-21.599219180421983
-21.576896726486396
-21.57068642057367
-21.57065727806219
-21.564698599575717
-21.567830475551027
-21.577683967468527
-21.577129924665794
-21.58414797896767
-21.576500995582858
-21.583711356992396
-21.597995362674613
-21.600820435788414
-21.611982844547697
-21.602407186205614
-21.63063153677097
-21.61885833367752
-21.624110159335324
-21.632114839517005
-21.649602827293865
-21.645272597252397
-21.642992830952835
-21.634606578123126
-21.63383368482292
-21.62430435942257
-21.616208231792186
-21.617781229489268
-21.630752289961293
-21.628972219304703
-21.627474755165725
-21.625076772545345
-21.62305029541735
-21.629194798301928
-21.63460574710218
-21.62616783514654
-21.63913557549445
-21.622530558546753
-21.620879526402632
-21.618726900584786
-21.611312957595793
-21.61552232088375
-21.59676598813967
-21.59469304898503
-21.601266664460546
-21.612885730900963
-21.606426267442956
-21.61801246622692
-21.621005459526796
-21.632597699677394
-21.63629362655904
-21.64565154264404
-21.64896762245961
-21.656011920922452
-21.634890045415325
-21.63626776194495
-21.6108713424997
-21.61191328705447
-21.606304925049287
-21.599930869695303
-21.59920598259507
-21.601597420051398
-21.60053133055893
-21.60626367052934
-21.58863825881877
-21.578701649931002
-21.572141296850592
-21.573939903473445
-21.585994957961194
-21.599197223860706
-21.59196144966363
-21.586249565016416
-21.600434413450568
-21.59500570663486
-21.5900794000886
-21.59708273408838
-21.59306425719441
-21.59834047152759
-21.594822690194473
-21.596602601619544
-21.59877064348164
-21.585790121919374
-21.595135629528276
-21.594976292726876
-21.589496989871652
-21.599335021392722
-21.5916466252341
-21.591341945723908
-21.586421647914914
-21.604412317978692
-21.61444791847757
-21.601218122787287
-21.615941995733102
-21.614658790531827
-21.613306408983743
-21.615081250391828
-21.614864366376047
-21.614110981349256
-21.59956716842778
-21.605494982488036
-21.613523402167008
-21.619297417158254
-21.613219999781595
-21.602940103582462
-21.602424586743687
-21.602980431843832
-21.610692022391106
-21.595204108143893
-21.590679604887757
-21.608211202153715
-21.610537555285404
-21.624746215823798
-21.605784054403966
-21.600435217153173
-21.617553442825937
-21.63387737124
-21.640347110200306
-21.63245199689035
-21.621036699391098
-21.62067608712009
-21.62353461728116
-21.60374938064355
-21.598728932251124
-21.59144208536727
-21.610014373015577
-21.622518902118575
-21.627497826076443
-21.61146803945325
-21.61510775560834
-21.611981219064898
-21.622510757388245
-21.612576505427988
-21.626120547541984
-21.62109653366144
-21.623323377454334
-21.61919186894894
-21.605389181898285
-21.60670857876224
-21.60191066015128
-21.607675290669366
-21.593080685638053
-21.5989622608247
-21.614490827126165
-21.634632243046045
-21.6288591245356
-21.63572819981786
-21.62522157278319
-21.637361760625247
-21.633780275581127
-21.62918918148761
-21.62573812616159
-21.634035370177383
-21.63077276983843
-21.639739742909683
-21.630364450889108
-21.630793124641873
-21.630339871606218
-21.60884537522885
-21.602445381062967
-21.601499427320974
-21.59453709997191
-21.59990339243888
-21.59198336442183
-21.597744426010724
-21.595600610495264
-21.595130186105685
-21.601463432667703
-21.612549095015403
-21.635601398060697
-21.630172001510914
-21.623293304544788
-21.617191196662574
-21.617043220779273
-21.615269983866988
-21.61037315158998
-21.611993053512503
-21.603773266345744
-21.61562616293308
-21.629953131600505
-21.64979736502254
-21.628664299382343
-21.624631940103598
-21.616950170402305
-21.610493109101093
-21.617088561004852
-21.62269230164713
-21.63679974006264
-21.636165319888107
-21.615137963164578
-21.616238526385693
-21.622852880032493
-21.608068108666256
-21.593217991475992
-21.587766339110292
-21.572933982231064
-21.57126289059666
-21.572683291516686
-21.583913995714333
-21.579978145687512
-21.5713903393664
-21.581912494820454
-21.579287393525654
-21.57041982525747
-21.580471196602232
-21.565983490448204
-21.567223191642995
-21.563302310549105
-21.56249920614164
-21.563584582203834
-21.564661279652174
-21.556490411167516
-21.554226313773842
-21.536709387797558
-21.51936234843495
-21.50738359149337
-21.51167413588473
-21.521093987251252
-21.531234959668744
-21.52743205138058
-21.537596206436543
-21.547963812596606
-21.536757972852794
-21.529769903378753
-21.524664250240363
-21.54151176138514
-21.530298700737756
-21.524888836006028
-21.53536758894416
-21.540049192298003
-21.552652608412217
-21.561664739593553
-21.56911049073178
-21.588695209917333
-21.573588241619625
-21.568175186833027
-21.57843319589841
-21.565647825830556
-21.5601317284931
-21.570432282132344
-21.592599837792683
-21.583863384918036
-21.596067382819015
-21.600442407082554
-21.620370399599313
-21.635181787030564
-21.62802257529862
-21.61884332246891
-21.621937641977247
-21.618777439259482
-21.61952329072016
-21.61514325328563
-21.613625610057248
-21.6270577022566
-21.63272980367863
-21.619766134079104
-21.628877930620448
-21.628092926561298
-21.630931787543858
-21.629799169348257
-21.61574799832314
-21.629924315379302
-21.60816814091321
-21.624865408610123
-21.642338717997163
-21.64126159841685
-21.64423669476939
-21.632343607907735
-21.6258714928986
-21.60967732721641
-21.610091900827335
-21.602179957979306
-21.599062037627675
-21.602649987183742
-21.622459607265537
-21.62818047197656
-21.634542226934812
-21.638511443069245
-21.628651373900002
-21.61659567097125
-21.628295695798773
-21.629469058094298
-21.64040045330733
-21.650843773206315
-21.663952607036997
-21.648384314000808
-21.640768694822295
-21.623943833801253
-21.61996983938626
-21.61750416967504
-21.602910759407077
-21.585324211978968
-21.60671005065331
-21.62641566914499
-21.616099180016775
-21.603072575830502
-21.586783600684836
-21.578803137044517
-21.585208829058285
-21.56345634268569
-21.583026868679713
-21.589644016118083
-21.575149635901344
-21.59871191685781
-21.595149343940268
-21.590164527916713
-21.593757196091754
-21.62180068788476
-21.62562369736027
-21.637924865576217
-21.622204435742358
-21.610661746172603
-21.5892327820661
-21.585038614772145
-21.57439247704416
-21.592195574705983
-21.585430832020307
-21.567812094197855
-21.560515611641947
-21.571227006209316
-21.577082403480475
-21.590907544694684
-21.61439603867675
-21.614543402910023
-21.598408566255102
-21.595037726419772
-21.58808977904718
-21.587596108425302
-21.600346845960797
-21.593263261039393
-21.594176772537867
-21.588295694579678
-21.595455509844665
-21.59153022669035
-21.582047342914205
-21.58190924474487
-21.58532042675669
-21.57903768196651
-21.582392566996415
-21.60567216204458
-21.59941731772604
-21.59090959071787
-21.598222511312503
-21.605394610916452
-21.627406506845716
-21.64081345018991
-21.63424660998786
-21.62796066975162
-21.64200594642217
-21.63665130663257
-21.63560860389412
-21.635647350713178
-21.63918876354415
-21.64008701195144
-21.63479436900843
-21.643181860868317
-21.631727917756326
-21.622957542770664
-21.621617923786154
-21.642722829300162
-21.63431650798543
-21.64027197688576
-21.637264468191486
-21.641140431564395
-21.62413091027005
-21.632705246908117
-21.612128328488073
-21.616386667800025
-21.627876591892313
-21.624673184389216
-21.61017838956416
-21.605128473441532
-21.59426796873379
-21.594893009864148
-21.58768730136621
-21.57988313290664
-21.557231166729736
-21.55943723583037
-21.56397357246229
-21.575570915132467
-21.576354825454032
-21.569848601471467
-21.55706090480899
-21.570507330012425
-21.592231065968306
-21.60014897715316
-21.61153462767425
-21.618414939530254
-21.602455396514625
-21.5904609135248
-21.58049015900078
-21.581074377912266
-21.57642144947866
-21.573715540311436
-21.5744112000704
-21.57191899429546
-21.5835044523001
-21.585282788803834
-21.577716974046012
-21.593095672153172
-21.59006345457107
-21.595612538433553
-21.592693092289057
-21.58788177412878
-21.571885673508476
-21.57149769329496
-21.552701010263775
-21.533633148420222
-21.54350665859129
-21.545390239258634
-21.53954088618776
-21.53673867603492
-21.524491128358072
-21.52536275362862
-21.533533544327273
-21.551766635075186
-21.549592585495255
-21.536877292036774
-21.54644371640127
-21.541251006059053
-21.524098152828337
-21.52431397660787
-21.50624845612458
-21.52568742216873
-21.52436374517387
-21.519119005867797
-21.52377915198137
-21.530382099572137
-21.550583828898194
-21.54706843488658
-21.536231832015957
-21.549622247364923
-21.551794054362887
-21.543134378089693
-21.540046007602598
-21.5570330314793
-21.575793085857566
-21.553383501676247
-21.559437163110438
-21.545367137459515
-21.548230502235246
-21.53615852572324
-21.542954439513615
-21.557832637791854
-21.546865275683786
-21.53826348310371
-21.55807262129343
-21.55844678526359
-21.56717151447508
-21.567747161763993
-21.543995631307215
-21.55608939420098
-21.579967763739674
-21.581664067672808
-21.584305032814186
-21.577243648333948
-21.574035419770617
-21.557043831254955
-21.562253545590895
-21.54591461200392
-21.549228117326116
-21.554797966975958
-21.5601439610903
-21.5742352412615
-21.584643972140793
-21.56660810727935
-21.565734273025416
-21.562043417955035
-21.55016180827191
-21.55203387053634
-21.548195979029565
-21.556153846731057
-21.5511457229899
-21.56282753995526
-21.57296998578527
-21.55082533719022
-21.562571571691926
-21.578457364467834
-21.59795298978605
-21.595088951585026
-21.596146349231645
-21.58258216886276
-21.591313902938058
-21.60819791592904
-21.623028694409197
-21.617469038725357
-21.61484785340831
-21.62038525696037
-21.609984565326783
-21.62454164275154
-21.628799699648837
-21.606737942777077
-21.60879436424339
-21.619550372793377
-21.618481434758074
-21.63093981320682
-21.62624247903538
-21.62554509395625
-21.59626289702597
-21.59055982289838
-21.588115800545726
-21.584854998346803
-21.568753474509045
-21.573017547269785
-21.570114984191445
-21.575551145454394
-21.575555827773243
-21.577209242612593
-21.56094383089778
-21.55305530394652
-21.56508599125964
-21.56897412120855
-21.56838179339831
-21.559260324060386
-21.5697007884059
-21.58387830295347
-21.579546271446723
-21.579989756464673
-21.59157828209479
-21.612530456827866
-21.61415139045205
-21.608110367865926
-21.620899692366333
-21.613501701616098
-21.616330543816474
-21.63161938524534
-21.628478828812895
-21.60470015954569
-21.60177794804938
-21.618726209886976
-21.613767284891896
-21.605003005226585
-21.600262539710354
-21.60349421856441
-21.588004764511187
-21.584302985942273
-21.574105170961378
-21.579250640946047
-21.57726935066941
-21.571199645992216
-21.574965037365885
-21.573350954463745
-21.56340123711958
-21.584882340515176
-21.57980359184082
-21.575550876089643
-21.588419423418905
-21.612151902848932
-21.612384802724268
-21.618789417231156
-21.62847107075841
-21.60837368354236
-21.609607854332122
-21.617406728587234
-21.60235248207008
-21.619675541263867
-21.61247759155908
-21.613847681432066
-21.615003399713235
-21.618924401747986
-21.619167416736545
-21.619462975869745
-21.617181219368117
-21.604839181618946
-21.593478370372356
-21.58758838015771
-21.59580624822993
-21.582028780254845
-21.581552620490363
-21.585389912011735
-21.574848616037908
-21.56896914049455
-21.546009083821335
-21.55209227549074
-21.569503982999894
-21.5657840975359
-21.575794136605516
-21.57119990628137
-21.559648694450278
-21.56180941956588
-21.57674402870048
-21.585787899262602
-21.568249101834894
-21.57484965221839
-21.597955385063596
-21.601453939495293
-21.5934168506945
-21.6035866849276
-21.620811406684332
-21.632284997448952
-21.629850191068357
-21.626364904467405
-21.625073723979202
-21.616309456765823
-21.596083646808196
-21.59410981943232
-21.608118011602684
-21.611518026669785
-21.61929939085926
-21.63560372296609
-21.636911980784046
-21.6558077468365
-21.64973108353679
-21.660614751018585
-21.64885009206458
-21.65953596604618
-21.6590790575215
-21.659553775965968
-21.64546480578254
-21.63834173428577
-21.642524573112723
-21.653059118440336
-21.64881937515106
-21.662881171397267
-21.670046833916796
-21.67973772222915
-21.66523569017194
-21.6566214915376
-21.65206416476674
-21.650951624112253
-21.628099964397173
-21.63171602944357
-21.6176978929995
-21.631260945574088
-21.615230422347988
-21.62790960568867
-21.61813643709036
-21.63646954208012
-21.65811660328927
-21.65475857272237
-21.645330999238098
-21.65426721122484
-21.64999845467237
-21.651756855697727
-21.658341041772537
-21.66313996371941
-21.671107129575457
-21.655376664337087
-21.649380400542324
-21.64191865378746
-21.624080596971265
-21.619982258266912
-21.62458641993737
