-21.61853833622527
-21.60253089649974
-21.57371602674908
-21.596122746682006
-21.588397866986064
-21.580556093646237
-21.583093322711978
-21.585071304107643
-21.59703456719195
-21.600563662815716
-21.574100262682837
-21.592555987933547
-21.59463119479706
-21.57252533797851
-21.574557248684478
-21.56092087910966
-21.60656501040546
-21.594367978156622
-21.628194520713095
-21.569074345506895
-21.595635021345874
-21.57005548226196
-21.581428181564124
-21.591159686797088
-21.580291641611158
-21.57414315340742
-21.607354929563254
-21.588136211483068
-21.56374951963048
-21.574012927769136
-21.599730233167374
-21.599089706224976
-21.58194795640876
-21.58442151907077
-21.599923766269914
-21.5910146172036
-21.588574347333616
-21.60536243189788
-21.582079279799284
-21.579417803550307
-21.576946656107175
-21.615719526308098
-21.574142382126617
-21.6225346741711
-21.578721326873925
-21.579598328357157
-21.605242602896425
-21.58125268409623
-21.572309205817326
-21.598876532859965
-21.584802429468912
-21.590166835258508
-21.58928500680161
-21.58295624997023
-21.585000548068706
-21.595718552445344
-21.606407910084208
-21.57831301499503
-21.605384017092323
-21.593003309293053
-21.59393378895749
-21.581003969864582
-21.60424868584263
-21.580212473048363
-21.582857218971295
-21.585183002182475
-21.59841785831824
-21.628474837021916
-21.593832232189786
-21.582355999963585
-21.57139297015795
-21.579403437531806
-21.589341879781905
-21.62407185278784
-21.59245856450847
-21.599618852501848
-21.583024269908126
-21.565932722929528
-21.5630754217729
-21.5904330211271
-21.60516950620564
-21.583150022056167
-21.59031605368543
-21.582004322991807
-21.570166913912807
-21.57348933183085
-21.588250344394382
-21.590404903044732
-21.590951894769674
-21.604907115465842
-21.5783094807489
-21.59493624585777
-21.572463794153478
-21.567325490981283
-21.587486024385562
-21.59228481226863
-21.558615246586637
-21.612821235219954
-21.586414576784023
-21.58225823476402
-21.589492286644425
