-21.48533495222357
-21.498055458003787
-21.508059174303273
-21.518629439484755
-21.514803453111778
-21.510769620560044
-21.50248669522108
-21.500265016942198
-21.514990882808235
-21.53241290089632
-21.535217446371888
-21.523785870326908
-21.547325629734114
-21.543162914960426
-21.54410398361739
-21.538674355899655
-21.5376353226486
-21.543296171139648
-21.544588762173586
-21.526976903265062
-21.517654633262612
-21.513726163684183
-21.514761374056956
-21.509077791677857
-21.504463984471275
-21.49156991940744
-21.492257119222998
-21.47513230377933
-21.46410664076777
-21.474857230407526
-21.47763043466107
-21.47844212301635
-21.485639547315117
-21.499248877131055
-21.498698024748744
-21.502478798082834
-21.50232921777283
-21.50784064053116
-21.498890022779676
-21.4853776562451
-21.500747344803802
-21.512297497399523
-21.539692219190705
-21.53029922372481
-21.526279629130713
-21.53303562082619
-21.532340146510556
-21.52462901469288
-21.507990218451376
-21.50358642121052
-21.509224717418064
-21.504672941661134
-21.5072502201763
-21.520243825149016
-21.529565940874676
-21.502189851252535
-21.502120922523527
-21.497653760509195
-21.492435167940158
-21.51710118301043
-21.510070206040446
-21.506121101806063
-21.51706481628907
-21.520515137555336
-21.522483913248916
-21.51797295655411
-21.516486585494576
-21.520009787913686
-21.48694241166646
-21.500360244016253
-21.487755233325963
-21.48308079228998
-21.48148491305075
-21.478492759850614
-21.488545636250418
-21.50746184353059
-21.515408487492905
-21.511347896501793
-21.502776223316044
-21.50856421950675
-21.516450373616962
-21.510848602992546
-21.52024393572403
-21.510442090714346
-21.523452978253957
-21.54208074069713
-21.527251846941333
-21.523647672951103
-21.51233137857016
-21.516047172736368
-21.52243448345188
-21.51858523843261
-21.49196115790283
-21.49829573780719
-21.49205434905287
-21.47983162082285
-21.499088119942183
-21.53733120199853
-21.514773336278118
-21.53953457697571
-21.522459257219406
-21.515673459680944
-21.510901491458313
-21.516872195461257
-21.505881991737343
-21.515245790333367
-21.507485652564437
-21.485116723184678
-21.490943435165732
-21.50356897916512
-21.478751206221915
-21.471608201209087
-21.48122085008795
-21.486420220300648
-21.5013445855157
-21.49949709538156
-21.49560949209913
-21.495062427422727
-21.499461053513947
-21.49060203733227
-21.49571752804127
-21.50142006828446
-21.510239363725415
-21.494765401650074
-21.479713350179665
-21.490360015649394
-21.48878385618068
-21.474854654555642
-21.484424945263406
-21.494574493772994
-21.501625748843903
-21.491870186460847
-21.48863488009503
-21.48977789297383
-21.515762917827654
-21.51735058066727
-21.510625209934236
-21.49916287713941
-21.504091767192364
-21.50059535502601
-21.509949085547294
-21.5286334017771
-21.524851476903336
-21.524373988482573
-21.524944182963907
-21.512836829864327
-21.51602297388766
-21.5032878085472
-21.51822136969276
-21.519962500592566
-21.52934268730258
-21.52636179711326
-21.520615267514906
-21.5118283359777
-21.523682540205158
-21.520550047683987
-21.530624711178945
-21.508351424058333
-21.50576166210526
-21.504689759561455
-21.49164115262434
-21.48768085318747
-21.48525585376041
-21.48218853038965
-21.48585750189961
-21.50285765002133
-21.492866597935812
-21.49166595014109
-21.498977989684548
-21.49905022741048
-21.503312510746223
-21.495493343815394
-21.51051681724771
-21.524840259932606
-21.522720222357208
-21.53084437077237
-21.538912501452966
-21.52847840578259
-21.514555068857838
-21.5193656135085
-21.514923360390487
-21.493030247228962
-21.486360042445458
-21.49587824996112
-21.51061412734293
-21.511753824240316
-21.506904970539576
-21.498213753476193
-21.50020761213973
-21.497359183200146
-21.484629880452538
-21.46669365379646
-21.468569193127024
-21.467293408971962
-21.451187940398754
-21.46473709199344
-21.467616545662356
-21.462509673820733
-21.461803799249118
-21.455330746693186
-21.452502352979526
-21.444303137480457
-21.45227540412562
-21.47024290396279
-21.483830819464956
-21.477376387372306
-21.47194914261999
-21.482963555163792
-21.498113539795575
-21.491426720321716
-21.495223755539556
-21.497863612647077
-21.505939334565696
-21.502732084816113
-21.48674005580419
-21.47694050254726
-21.47866250585324
-21.484199497023997
-21.481997080744293
-21.49139567725093
-21.48608338455077
-21.47425071076164
-21.492914727428264
-21.505030045576813
-21.485921376723166
-21.486780215260165
-21.49026684539179
-21.48529358589379
-21.49877767689152
-21.503275936143012
-21.504144405861553
-21.5081518921184
-21.49640733860068
-21.485357986257796
-21.499692406059175
-21.501468310770232
-21.500921055507167
-21.510072552201013
-21.520981954148578
-21.515794730616655
-21.515103164351796
-21.519996297483942
-21.514331664101014
-21.50724522900095
-21.517116540272326
-21.513456574191675
-21.51789252903442
-21.51862438660399
-21.510346901620412
-21.50015445678427
-21.510145731857396
-21.511597482300985
-21.501150413415846
-21.496470531912937
-21.49620364939074
-21.490816085862594
-21.48102687636737
-21.465487135783853
-21.472761122679316
-21.475054167062854
-21.465293131486852
-21.467147014228516
-21.465806445952104
-21.468497664303328
-21.472316593686934
-21.47244801392753
-21.46376070205664
-21.466554515858743
-21.47816664373124
-21.47866338153058
-21.488333530627546
-21.470007661264308
-21.466690378729815
-21.46249988465886
-21.461575549336427
-21.465867254501667
-21.471632348517737
-21.455096583750915
-21.442521935437988
-21.455967677750102
-21.434521687677695
-21.416154088857862
-21.44570406718966
-21.44748086998411
-21.451185612975877
-21.457841551656415
-21.46422625083536
-21.472043290799842
-21.480111695442098
-21.481020672338385
-21.476030499959286
-21.486720436516094
-21.487210392409047
-21.486732597998348
-21.478313816149416
-21.47049591199989
-21.478812544631467
-21.472209352532147
-21.48414667812474
-21.465779096353508
-21.466757689040254
-21.469705141486024
-21.482090248442
-21.478102714286234
-21.48222502212665
-21.469875558063762
-21.48171488584121
-21.488348391754638
-21.47967449883084
-21.472811383466922
-21.465786116411653
-21.47160796563443
-21.473111751082005
-21.494502884965605
-21.48009509857046
-21.4768481645711
-21.456178249839038
-21.46704437848688
-21.46033531825174
-21.459811415027218
-21.46406444964218
-21.469203863539573
-21.482033388120477
-21.4836747904749
-21.47508442480569
-21.473475184990388
-21.474686890159877
-21.485809342508446
-21.478699245249576
-21.480766179241517
-21.48598501257594
-21.477261515441654
-21.492629196143206
-21.490300512751883
-21.473404144302705
-21.5043397675446
-21.50486257698555
-21.493411437777805
-21.484304657586552
-21.473918387884233
-21.481296728345168
-21.49967022348876
-21.506594110894202
-21.51186970958678
-21.509919467351263
-21.492165753414987
-21.501071976032986
-21.511078108191416
-21.538036685183982
-21.52813468153282
-21.526537523308743
-21.536320131863683
-21.53804291894115
-21.553440952778228
-21.537557940690423
-21.531235446631204
-21.549709439724023
-21.531026297785218
-21.534621657948414
-21.53191814812826
-21.527771334525152
-21.52589205989295
-21.52998177493838
-21.54437481327905
-21.54376235083231
-21.55859552504768
-21.549155583907442
-21.53501424127347
-21.53121842003064
-21.520973290404843
-21.51198640661382
-21.508433113894608
-21.524997424060754
-21.514268777662114
-21.517760129896764
-21.508746254685853
-21.512932457760073
-21.51280862342006
-21.501311163474874
-21.503861068750552
-21.509715093744827
-21.516824763892018
-21.52594063636146
-21.505857580772627
-21.508548081807387
-21.501727939071035
-21.489047982479093
-21.482023321283645
-21.47826979773364
-21.486179278285114
-21.47672326269246
-21.47392463845334
-21.4514551166617
-21.458375954165515
-21.465394401918243
-21.454957116000386
-21.460198363956305
-21.466327462337205
-21.46430350652434
-21.475614384358465
-21.458792539689
-21.45682938161497
-21.44928407213746
-21.44906309192712
-21.453950770937087
-21.464760582540805
-21.468048622073372
-21.452770955104405
-21.462122765784873
-21.466617432754173
-21.46953219739175
-21.47349021586184
-21.474344395715768
-21.485731870982193
-21.49109149294801
-21.495522281513125
-21.504851364769795
-21.511134806358786
-21.498243352312784
-21.476218722202425
-21.466278089954645
-21.469597188586896
-21.45980152924236
-21.461765605174733
-21.468680289899247
-21.45173267394232
-21.461025300271523
-21.44796820312506
-21.423196975486885
-21.441034565316116
-21.453623002499928
-21.453573260924685
-21.451542820692563
-21.457233870244597
-21.44882736732011
-21.458808431252805
-21.44709496076354
-21.44227176526994
-21.431142101588737
-21.414788923057234
-21.424783178756034
-21.423315381403913
-21.44152542928711
-21.44133509063061
-21.446116125130974
-21.441157329872556
-21.42575471178051
-21.447971755547435
-21.438838786650727
-21.44213471453538
-21.434429707758287
-21.414419806378902
-21.425409554594225
-21.42577385951399
-21.433085162765515
-21.41690325152815
-21.431362236557764
-21.44161319077199
-21.45011986985654
-21.44753460984364
-21.452648438696475
-21.470909765109667
-21.47433208299478
-21.463392904104513
-21.461477970175903
-21.448608501025134
-21.43233825803956
-21.457621388908596
-21.457003967034755
-21.474850683034113
-21.46419824448731
-21.47208576761115
-21.467763572994112
-21.458505389319647
-21.443972263979767
-21.44997683722429
-21.45659549766484
-21.45749215986599
-21.447640557356074
-21.425490713455577
-21.4395907005397
-21.45198751969834
-21.456288952066338
-21.44862893151422
-21.443792543932975
-21.4431253654619
-21.43476605943872
-21.444580904980434
-21.44991882687486
-21.454814085056704
-21.460684810317197
-21.47213137434187
-21.463472064097484
-21.449049659702936
-21.44547347929142
-21.453934118225302
-21.438418426763775
-21.431275038950012
-21.431975790590972
-21.441824318777133
-21.45383238411489
-21.447728059202653
-21.455496091358565
-21.463064630014713
-21.450093914893174
-21.44082683855987
-21.442894516595032
-21.466226870640646
-21.474244923084722
-21.461155874568977
-21.45087968109942
-21.451095595280396
-21.438438329161315
-21.453142602750034
-21.446309422119405
-21.42593417083712
-21.43150013688313
-21.439758775198538
-21.434786359372254
-21.43592937246816
-21.437939372815404
-21.4556528640005
-21.44531557237804
-21.436403170058025
-21.4317243598749
-21.455628365045953
-21.46140798089628
-21.44942885163135
-21.457945674777786
-21.443940005322286
-21.468284035849436
-21.474929167022168
-21.481007112596245
-21.474166437794143
-21.46633170354707
-21.45868454670991
-21.467811047176344
-21.48107231430943
-21.49784002076845
-21.489000199455706
-21.477752297794606
-21.484423474120053
-21.48176180297438
-21.487766063036506
-21.49529936306956
-21.478242862479892
-21.45765216678529
-21.448212821063805
-21.44477105688143
-21.44500245672018
-21.4437193191215
-21.46549673618523
-21.46674011840367
-21.472086926982776
-21.47512482911882
-21.494384297581327
-21.48944964327143
-21.490326437641905
-21.497939172252856
-21.50152214641261
-21.489747354234247
-21.482015323052238
-21.471949383647168
-21.460414263447753
-21.450350096224092
-21.466480955136003
-21.457137247331005
-21.4517162923058
-21.4471104589197
-21.4499167389392
-21.443664188740488
-21.435996636516734
-21.426090288706632
-21.432177653385946
-21.435058450250718
-21.42721822366225
-21.42235444178649
-21.413962569829142
-21.415308932274336
-21.430616442862963
-21.447811809516764
-21.445251450523397
-21.447540261766125
-21.45441333245899
-21.435672907361944
-21.4551463305225
-21.456916866222603
-21.46375945550163
-21.47272884265938
-21.474551557719384
-21.481560987868622
-21.46740077580392
-21.463381088641732
-21.45813194941826
-21.47674697457374
-21.47437056727304
-21.478317470909918
-21.480395054227362
-21.480337000744765
-21.481593630345834
-21.47158876909699
-21.47169220445597
-21.469732975666076
-21.482272022112866
-21.482140419864805
-21.49228462149921
-21.51690872404727
-21.508926307474034
-21.529344170964915
-21.531987478949095
-21.535038209916816
-21.540578992207728
-21.51974764736014
-21.5324931675679
-21.535616269044958
-21.53832854125241
-21.526117069519636
-21.524600565096033
-21.526146432570727
-21.514511389792116
-21.524109782360778
-21.5150239098247
-21.510358950845287
-21.511915619553605
-21.50058657935636
-21.509008104108737
-21.520325433627864
-21.526965488275607
-21.526566818682586
-21.5134059508766
-21.516223417639953
-21.535355111397468
-21.539653802516018
-21.500379111015167
-21.522412581693814
-21.523167509590845
-21.518476784573807
-21.522953112103625
-21.545211083627784
-21.55542646820787
-21.54526309592963
-21.554192986270234
-21.551504343263307
-21.563525741192855
-21.55207122236376
-21.54949210495804
-21.5533716349242
-21.545348545368853
-21.546238089651375
-21.52419929823858
-21.533724787792337
-21.53567869424957
-21.519789662729394
-21.53273178920392
-21.54723727245019
-21.53337648642137
-21.523279830230052
-21.525141060849776
-21.537775661769324
-21.535422315682624
-21.529858668274045
-21.512829409278023
-21.494498945851014
-21.50188161943408
-21.50155633948449
-21.483052844797836
-21.48325376129347
-21.47440244069471
-21.470843858308807
-21.466955052328437
-21.46888950586937
-21.473401307259156
-21.46997446249021
-21.490165078899963
-21.50032212026832
-21.513190754651593
-21.509781279255744
-21.509687425110847
-21.521802003592168
-21.526998675681252
-21.543631698119622
-21.539032789934364
-21.529359653147072
-21.53409459364158
-21.526942407775977
-21.530082641985025
-21.523717973158373
-21.522854144924406
-21.524113757963413
-21.524867591853344
-21.513626770411136
-21.508691983250724
-21.487870259259154
-21.490327380219814
-21.484943196440124
-21.4829008924907
-21.4927016394606
-21.47968474107831
-21.502708968965493
-21.499664850577638
-21.513676977958017
-21.498622143241096
-21.50074186630002
-21.527074322835272
-21.505725217500878
-21.49907048510537
-21.47692550636447
-21.481746379819825
-21.468635778396106
-21.4709624739978
-21.45853582751603
-21.479151767686044
-21.49349836923466
-21.494130555078605
-21.497514419212283
-21.479070096955546
-21.455838346601812
-21.4454218560707
-21.439504540797532
-21.450909714617413
-21.446306478247273
-21.445042629109434
-21.453855851134108
-21.471348759625414
-21.448582788325417
-21.461458879982807
-21.466027255408402
-21.479088003160534
-21.477753371853975
-21.47829164278267
-21.470303293103402
-21.453793944172475
-21.46615392712343
-21.4518968585068
-21.441818823336376
-21.439119835360753
-21.459258612632023
-21.48735363387077
-21.48270156586538
-21.46342671828859
-21.48546335198469
-21.50767620250028
-21.490238977885898
-21.483749375883097
-21.467000557799885
-21.473959674006455
-21.474225605409146
-21.466526425141446
-21.464296783343944
-21.44207883486327
-21.439906562621985
-21.436116532538055
-21.45478585291887
-21.43763602319459
-21.42972115335916
-21.441158465119912
-21.447908895445323
-21.448039239987494
-21.45775237543284
-21.465467715254796
-21.473166445752764
-21.47143080769608
-21.480448916939356
-21.467379100047815
-21.45818121992169
-21.452792630302607
-21.46242755718653
-21.479887023114948
-21.47075721033098
-21.495570295233538
-21.48340563455984
-21.492862952665647
-21.50472524837956
-21.50554738017317
-21.510958418670732
-21.51118608825636
-21.510466880314095
-21.51895293002168
-21.518977078894647
-21.525712742111494
-21.531445148713672
-21.51258725357278
-21.507647899367125
-21.50083943906848
-21.505997670386243
-21.499483027050367
-21.483953952432103
-21.468266976538423
-21.46855463913559
-21.473548694182455
-21.468036549780066
-21.454104148252604
-21.454949232451806
-21.45846971618761
-21.461433691022457
-21.476716044705682
-21.477624462562684
-21.479681215468958
-21.481320024826378
-21.488589012982658
-21.472865477163076
-21.483492936036452
-21.478861240067477
-21.481799801051228
-21.47967988243171
-21.46559876488651
-21.475169633546507
-21.481515635493402
-21.474396616299625
-21.479521699303525
-21.489868721337448
-21.493982044874564
-21.48900765072091
-21.490413316117817
-21.484066597423297
-21.481024274192098
-21.49427970424573
-21.495784745401995
-21.483662798906757
-21.50125949847741
-21.49773588877158
-21.500085563531954
-21.509116079168084
-21.49186383623475
-21.502706135502418
-21.51054474144272
-21.49523981622833
-21.49378602681793
-21.498890947784
-21.488120506114058
-21.47465454484958
-21.46897099521551
-21.47936401835044
-21.466119493594924
-21.476930544600304
-21.480199781271544
-21.4799620273589
-21.462507102633776
-21.455268315118815
-21.44804223590533
-21.44504920927368
-21.4510796981463
-21.44124979407199
-21.428740083243767
-21.439445887021876
-21.43667370585094
-21.441540434485134
-21.431663706077064
-21.435978107079112
-21.43697917637901
-21.438680450314166
-21.447714873772256
-21.458412716683597
-21.471295382323596
-21.484925822742127
-21.48464983504033
-21.47852096982595
-21.474918584118253
-21.464026995482694
-21.45412252255863
-21.45782012341912
-21.44873114772016
-21.437325130043284
-21.432886917976273
-21.445866545265968
-21.455231602694823
-21.454133205407985
-21.437063903041352
-21.44564567231531
-21.425700071731097
-21.434778725130418
-21.453589427634046
-21.43976089575118
-21.440101837810122
-21.457116202054348
-21.461837981088824
-21.45956754479943
-21.46392423345922
-21.476610237883595
-21.48186951138154
-21.488981628216614
-21.47380469186573
-21.46795941144735
-21.458980187706747
-21.470451809695064
-21.464904509239158
-21.45560043891456
-21.45876266317349
-21.483827306375474
-21.47714972966794
-21.467647147798722
-21.47793110379029
-21.477550686417853
-21.493800758983244
-21.48466023866947
-21.480019605584637
-21.492967345184713
-21.507416213367833
-21.508694323233055
-21.492542772703093
-21.5019275881806
-21.49803278931331
-21.500368456291294
-21.496621332628113
-21.491427120308472
-21.46959155656597
-21.46500572222845
-21.472524540799117
-21.46156369722075
-21.462504488288552
-21.450847391880778
-21.43830882110185
-21.446378643834088
-21.445089657546244
-21.47793340279111
-21.475527179895465
-21.473896329416153
-21.475674019128636
-21.50769446060412
-21.49219468245958
-21.469993637240627
-21.47082060002967
-21.45839844561556
-21.457783548105642
-21.45403280947036
-21.47245860078177
-21.47406079539392
-21.47514014284947
-21.476683382614155
-21.484646868477554
-21.480341035879352
-21.476354102108555
-21.473159554887445
-21.474458713526925
-21.486423397546503
-21.486266614787485
-21.49100540280293
-21.476519310465296
-21.465021910946476
-21.460218763257597
-21.4586473413861
-21.46016298732612
-21.482440175957038
-21.47497169951644
-21.47263993298531
-21.482614812830285
-21.46273928328854
-21.464500074181394
-21.48361830394012
-21.49648857995825
-21.508143357285693
-21.514842357745326
-21.507884071799843
-21.50298068303234
-21.481259252080985
-21.50910365654832
-21.52089295495831
-21.509705049671396
-21.50805178158743
-21.518461616447375
-21.51045485141905
-21.490110085690077
-21.49433072503229
-21.500091815891743
-21.505920813585636
-21.50479513981142
-21.51078712539731
-21.50228611961342
-21.51858505362679
-21.518365277275148
-21.520251613825174
-21.521777482951734
-21.514056503305447
-21.51050226169179
-21.500434060674003
-21.51036266527186
-21.510586750235763
-21.509361946103347
-21.51579914544775
-21.524430063904376
-21.504395363890843
-21.496703891787536
-21.511598113541908
-21.529021094090318
-21.51026501876549
-21.529909062800453
-21.531178734870792
-21.530189825438992
-21.53928840710841
-21.53534589945258
-21.541461412106347
-21.52819542844216
-21.531301400555886
-21.518730352132938
-21.515491533486593
-21.522301076904245
-21.524346479048663
-21.518093663246333
-21.526914118473112
-21.524883373677454
-21.517257571002933
