-21.63611846646269
-21.547176207711427
-21.54691774590082
-21.551773512646303
-21.552441320163958
-21.52942639444593
-21.53721072905327
-21.567421316021225
-21.52649813364322
-21.537881443602938
-21.537116908841416
-21.535317293503816
-21.545711158564618
-21.52281947106768
-21.544826158365858
-21.554346521969606
-21.544005449202043
-21.524303792174262
-21.557274584982633
-21.535023307823234
-21.549745081479745
-21.52430136120364
-21.54503664259573
-21.551981160660606
-21.54507186721628
-21.521435215196604
-21.526565329745342
-21.526943617561617
-21.52727916206431
-21.558178432726784
-21.531839120200114
-21.53070414512899
-21.532673114406556
-21.548410616258224
-21.54497486825455
-21.548790182043458
-21.55932413060452
-21.547098298134696
-21.541488410450363
-21.57308763657707
-21.54613815917232
-21.531357782159862
-21.55871703897791
-21.560432964601397
-21.529378642562158
-21.518527471139986
-21.521061602536644
-21.515654536489663
-21.5333209933721
-21.53571483421184
-21.532900856268736
-21.556225887097597
-21.54759645561041
-21.530852184970975
-21.53753222844369
-21.520003715352914
-21.52909762195557
-21.539606027325043
-21.547723603022742
-21.537808985494742
-21.527511287223486
-21.512382942399135
-21.5473465001321
-21.55102574477429
-21.536479930915547
-21.54371311567071
-21.533564143202963
-21.546675567819765
-21.555556006421696
-21.552918822910797
-21.557626545171612
-21.505590859379442
-21.541861361716013
-21.526080812121005
-21.546518843590864
-21.515895376845513
-21.544461355266915
-21.54707297012768
-21.5398820921131
-21.522223004981065
-21.57287709026865
-21.53240672964196
-21.535763720177876
-21.555486299574188
-21.565008051238642
-21.540167617212074
-21.540474271876267
-21.52329926061237
-21.53657467124362
-21.52660753396214
-21.545717282672175
-21.52315268231104
-21.543409603207877
-21.54174584731451
-21.54794366179399
-21.529783702969098
-21.537435875592674
-21.54987596956385
-21.572545933255196
-21.54957823489034
-21.524239226583163
