-21.54629001206278
-21.501433375443323
-21.501857156618108
-21.504301482641733
-21.490646406468894
-21.50383752728375
-21.50647729026846
-21.497774936773823
-21.502418980674445
-21.519319173123566
-21.47675902737875
-21.47521888799463
-21.493200518028157
-21.483556520660393
-21.506351910515047
-21.488802239012486
-21.509594163854853
-21.484916613772416
-21.485196658941717
-21.477454364396355
-21.498626933217086
-21.497324936893918
-21.51254152760171
-21.48249592940115
-21.499168692752264
-21.469695059178772
-21.462912485435556
-21.467547843042723
-21.47155474126533
-21.48391124167984
-21.471152873343907
-21.4841496005459
-21.482058014169045
-21.491981794623168
-21.507346371575615
-21.50730782384795
-21.470808471001785
-21.49035971266671
-21.478151138197163
-21.491296667153424
-21.49374100580847
-21.491924054515184
-21.48833604781256
-21.507173791122625
-21.47081776751492
-21.491317375589382
-21.506708302843528
-21.494166264647127
-21.44357794627021
-21.494799147302246
-21.484986796819058
-21.474866815741606
-21.482050756305398
-21.4637083344722
-21.490774834639705
-21.465142270763952
-21.518521616392228
-21.485316963633913
-21.46803889006129
-21.45555036931673
-21.492212749645947
-21.51675679919284
-21.48567211977811
-21.475464629780603
-21.482318930073774
-21.492415909666228
-21.48013169170117
-21.494755478435728
-21.511164999704196
-21.48177700740092
-21.48948530984219
-21.490993621206314
-21.513299911997283
-21.49290585043853
-21.509126542449856
-21.48379987355629
-21.472538496495233
-21.49997891272215
-21.49903422421608
-21.507746309792857
-21.493805696590506
-21.49507556058079
-21.46704148268787
-21.48769936884478
-21.463239879989846
-21.49622263515854
-21.49710350191891
-21.471714189886097
-21.486256979232998
-21.482423182624625
-21.46854015605524
-21.47568257244818
-21.480210651264045
-21.479070019193532
-21.508121097900165
-21.47098842822533
-21.475248500236447
-21.517473223157968
-21.52013221247376
-21.469314662145443
-21.465282336067197
