-23.97586437445114
-23.972475243349034
-23.966093884039992
-23.963311841109967
-23.963178255361896
-23.960910153160256
-23.957809467537103
-23.957320825310536
-23.955687033827505
-23.95293430535462
-23.95127722927529
-23.948810587219548
-23.94843756994514
-23.947563884071812
-23.947360040946062
-23.947207458892443
-23.945740074512248
-23.943681201993353
-23.94259863039447
-23.941200544413796
-23.939008548423327
-23.93818934489756
-23.937365474294495
-23.93594773764114
-23.937643291610733
-23.938495186063378
-23.939278342431464
-23.937164418994563
-23.939202858511344
-23.93972238951623
-23.937988809380826
-23.939268243962264
-23.941131885946078
-23.940942302390674
-23.93872955026292
-23.938504745251358
-23.938298467785643
-23.938064102990076
-23.93824667194161
-23.938889462447072
-23.940370169800005
-23.941769958700597
-23.94212027062505
-23.942007801210586
-23.941555995868764
-23.941714263801437
-23.940773388044096
-23.94074348914858
-23.93809168814156
-23.93776140069313
-23.937740261465315
-23.937839804704264
-23.935474340456345
-23.934237621744636
-23.935231038887913
-23.932966464006043
-23.933502744704665
-23.934595763872252
-23.936277577704995
-23.936752034156118
-23.93760097836451
-23.936243655623873
-23.937144414711373
-23.9382562119584
-23.936749775628854
-23.938755588725897
-23.939700021734655
-23.93986848432537
-23.939995746352064
-23.940085290725897
-23.939935616325638
-23.94122497209244
-23.94110119642793
-23.94241757602128
-23.942094806977956
-23.939955571827525
-23.940100135324506
-23.939043060438117
-23.939782126866188
-23.9392655406582
-23.938217517994307
-23.936999266378514
-23.938368237022022
-23.93698480781253
-23.938587666458883
-23.936798087886352
-23.9346263032215
-23.93296147205201
-23.93390467719854
-23.93416280715052
-23.93640432352945
-23.93489868905286
-23.932265661022367
-23.932776021357636
-23.931889048270474
-23.932369555472608
-23.930480392954227
-23.933325034634873
-23.93428264554519
-23.936463571424458
-23.935828885078074
-23.931909131322286
-23.933530613469042
-23.934429474589336
-23.93479597391057
-23.934847254226565
-23.935391921322985
-23.933999813075374
-23.933168801332148
-23.935095039523958
-23.934178186856197
-23.931342117425913
-23.932875216976882
-23.933444462790657
-23.935554991214325
-23.93527088921216
-23.935093357363442
-23.936096887569416
-23.933669572939806
-23.934378311614807
-23.93345703744194
-23.932780176851843
-23.93425202320423
-23.93458269935643
-23.935250173241826
-23.935439265705448
-23.935382107985937
-23.93552156737283
-23.93525672563959
-23.935139014568673
-23.935901889030642
-23.93512913992096
-23.93512366999106
-23.935552601016393
-23.935813123976754
-23.93420139837074
-23.93291438533615
-23.934054764671323
-23.934687894090178
-23.935738981741324
-23.93633334854196
-23.936894334666462
-23.937859621174965
-23.936817162099917
-23.935543820042163
-23.93633921255185
-23.93705818410356
-23.934985598101328
-23.93499387348238
-23.935257917978355
-23.936133294195887
-23.93608299940862
-23.933598540780324
-23.932692406599315
-23.93248125649019
-23.931806773460636
-23.9300721929731
-23.931414129618272
-23.9322656574894
-23.93162033028359
-23.931241261196693
-23.935172589908007
-23.935232270996526
-23.936159863799848
-23.935056966869432
-23.934716380955305
-23.934730660661106
-23.93382215562804
-23.93409657789688
-23.933594783148507
-23.932477845165707
-23.932736967848562
-23.930909514768004
-23.93225524074373
-23.93214392058659
-23.930376611232827
-23.92903128787734
-23.93042327229505
-23.930784798707684
-23.93127447403755
-23.93108496485631
-23.93237964607934
-23.93171604750608
-23.932524808913513
-23.932528360450927
-23.933133512241216
-23.934004246814403
-23.933057924985967
-23.93447326681164
-23.9322013749644
-23.931495771804762
-23.932256249690134
-23.932927612375575
-23.934749946737426
-23.935123864692205
-23.934005729251833
-23.934330169139045
-23.935974761278548
-23.938078595112927
-23.937960324823717
-23.93756334375765
-23.938383601107716
-23.938424507933533
-23.937519802769646
-23.93728063124791
-23.937796160343314
-23.9350820162203
-23.934722679216005
-23.93532801322204
-23.934952113673724
-23.936268442754898
-23.936495780078623
-23.937037940559943
-23.936787750498322
-23.935426962916026
-23.937393975473547
-23.937396783844125
-23.938636103195893
-23.940274804434598
-23.938886248826773
-23.93775748720235
-23.93552504960112
-23.93492175437957
-23.932799815173773
-23.93143964397889
-23.93025554060136
-23.93004269426771
-23.931066397951856
-23.9323452748288
-23.932026786301872
-23.93134207625879
-23.930461020241676
-23.930393306238944
-23.93093638269506
-23.928974049051742
-23.928442066017936
-23.92853255807795
-23.926705123863606
-23.926113451996894
-23.927732788689095
-23.927045775680273
-23.9277325351992
-23.927580514855705
-23.92816275576386
-23.928432862299346
-23.928867203014473
-23.92976483186967
-23.930066855570768
-23.93038366074036
-23.93049815583272
-23.92987362458142
-23.929738136704113
-23.928411338982517
-23.927444997642667
-23.92886175797388
-23.929029655159084
-23.929316248466954
-23.930482425923113
-23.926860679670597
-23.92822234156707
-23.929708456546006
-23.92978710457623
-23.932127894800896
-23.930476097960806
-23.9306014240532
-23.929940127386704
-23.930213143435044
-23.930635151499956
-23.93118922706158
-23.932031021282665
-23.932156909769212
-23.934517157228647
-23.93539999655177
-23.934356798065956
-23.930746274293707
-23.93342042112935
-23.93293524017801
-23.933466387076876
-23.93048957466953
-23.928719586051425
-23.928133283440907
-23.928782882400753
-23.92799817301709
-23.92889468423252
-23.929352145665483
-23.930708498023183
-23.931262085312415
-23.93052036426091
-23.92970195291278
-23.930926905364352
-23.932137101651392
-23.932366965029036
-23.934769137925954
-23.93528206157919
-23.935273096732903
-23.936209847688016
-23.936727157271548
-23.9370030592035
-23.937565992409453
-23.938418809989926
-23.935918459526196
-23.934313976072136
-23.93688507779392
-23.93671808510555
-23.93716784225268
-23.93605469785614
-23.935572657055253
-23.93533658182527
-23.9352391677549
-23.93384870295874
-23.935233592773244
-23.93666977364944
-23.935475758466836
-23.93526009577665
-23.934849396536627
-23.932213138012663
-23.93126682206615
-23.93087804749754
-23.93252554162284
-23.934768786859664
-23.933390361134816
-23.934272288532963
-23.93397464313635
-23.935294836692815
-23.93565699066515
-23.93520059079017
-23.936862988970475
-23.935643916635986
-23.93389885493097
-23.934531294745234
-23.935232570578705
-23.93531744299227
-23.935000268496577
-23.935732884622787
-23.93463458910679
-23.934979384335943
-23.93342720060065
-23.93396834134668
-23.935455049779662
-23.934133585934415
-23.932757097861632
-23.932281725961257
-23.93169595323714
-23.933224184081887
-23.93177967829495
-23.930764771650402
-23.930562711744578
-23.928920596151592
-23.92987064634298
-23.93060025470271
-23.931411012326524
-23.932644600993182
-23.93261360702797
-23.931222020908244
-23.92984521964511
-23.930377496663755
-23.93171373277469
-23.929501403291873
-23.928512587856506
-23.928838240059303
-23.929645052137392
-23.928568066035616
-23.929327117615316
-23.930106643611147
-23.928957584287154
-23.928529401692717
-23.9273980954055
-23.926541753159448
-23.925303479575664
-23.928630623564878
-23.926824135377373
-23.928562051534787
-23.92789627410916
-23.929086102249297
-23.92913680800242
-23.92845145304898
-23.92993124665845
-23.93056351653311
-23.93083390524271
-23.93035458788196
-23.931053560982214
-23.93304874260543
-23.933106793129223
-23.933746207059095
-23.93482494530268
-23.933560350329458
-23.93277547606387
-23.931538856068535
-23.93114466222846
-23.930966791940794
-23.93037507611502
-23.932206391588828
-23.932935744306384
-23.93216050527918
-23.933456192609444
-23.93277328702078
-23.932326376306346
-23.933743949209163
-23.934067898196048
-23.934119237296947
-23.934281478073473
-23.932888640302405
-23.93390850306087
-23.935268693840314
-23.933950689221767
-23.93335807866839
-23.93512714186412
-23.932439147252612
-23.932694672389726
-23.93371953190655
-23.93246468423977
-23.932514087910885
-23.932259823730316
-23.931265964146935
-23.931972006338196
-23.93216028465165
-23.93337148509758
-23.933959144677136
-23.933003107069254
-23.933055829009128
-23.9327045849717
-23.932836102638227
-23.933650057467762
-23.933355233787456
-23.93203548841438
-23.934056545193645
-23.932693908973018
-23.93213138135586
-23.934133790330144
-23.934790665478975
-23.935091947595698
-23.93480530890652
-23.936507935271866
-23.935579437466263
-23.934218443495777
-23.93466706311655
-23.93577451002105
-23.935060382694985
-23.93488441684072
-23.936133895218823
-23.93963986789603
-23.937777308436033
-23.936069970185454
-23.93548367157263
-23.935363968192235
-23.93584514437101
-23.934865655163197
-23.935150238571538
-23.93533434653277
-23.935492647637975
-23.936094325816352
-23.93626565204066
-23.935790704597977
-23.93297594797299
-23.932913637796627
-23.933784822578904
-23.933725523609038
-23.933309467026103
-23.935317736814472
-23.935562289092257
-23.933923672639917
-23.933388129784166
-23.934574558837298
-23.936255794688847
-23.934853068181116
-23.93388441040353
-23.93587793344571
-23.934936277161373
-23.935491653964196
-23.934299929530134
-23.93666271317522
-23.93474241988333
-23.933727834589853
-23.93235726820901
-23.931862004298026
-23.9343305807506
-23.93611931862826
-23.93744625536674
-23.937150856576086
-23.939228561920316
-23.938079338004485
-23.937228923218598
-23.93612494185376
-23.934305644944143
-23.93444620060693
-23.93518654232536
-23.933901459248478
-23.935366100832173
-23.936343605151354
-23.936496291301697
-23.937334852968903
-23.9364256689187
-23.937891340042725
-23.937828595270776
-23.936442202474726
-23.93597245837821
-23.936502806775085
-23.935028412396818
-23.934471195439894
-23.93460299463402
-23.935050924680013
-23.935405659573053
-23.934586630517078
-23.934122805104153
-23.9355254806478
-23.936242713824786
-23.934504353130375
-23.93523727585053
-23.937067370803824
-23.93780527320489
-23.93762027207148
-23.937047317301683
-23.935529045350837
-23.93498020165981
-23.935867157695707
-23.935362250889895
-23.935561048848566
-23.936540519711905
-23.935556552996303
-23.934807256250878
-23.935206629607332
-23.93615616433708
-23.934386421497624
-23.935297719925142
-23.937318259545275
-23.937802236877594
-23.93836381989735
-23.936325776582382
-23.935863614645434
-23.93380445150667
-23.93413832721541
-23.933625030646436
-23.933264632893163
-23.93217218503348
-23.93149534120128
-23.931613112628412
-23.930671634944996
-23.930968217818013
-23.929214470352335
-23.929895200969934
-23.931813175510083
-23.930906493131868
-23.930416573593828
-23.93230229508603
-23.93282943956359
-23.934005751551652
-23.93034397484789
-23.931225693808575
-23.93045705541651
-23.930318050698236
-23.930836109335168
-23.931772207319558
-23.931380461076877
-23.931428111989955
-23.929486228720553
-23.929896968747506
-23.930750497604183
-23.93021336907253
-23.931440275110134
-23.929416489294773
-23.93077608343845
-23.929312565574858
-23.929293632197584
-23.930306409861945
-23.928175418220732
-23.927927053686272
-23.928353365033104
-23.92729743268503
-23.929718080783
-23.931075313617622
-23.930939624867236
-23.93074495578859
-23.93126954830827
-23.930939179915377
-23.932070431378975
-23.93209613094324
-23.93095663867134
-23.930250536438606
-23.932061847145434
-23.934129137184993
-23.9327291624631
-23.931889881745235
-23.931021697982366
-23.931682209560858
-23.931642814507686
-23.930830760872794
-23.931114118998064
-23.931709614877875
-23.932021033274236
-23.93155724416467
-23.930082886283774
-23.93194500422907
-23.931134249950276
-23.929424020942434
-23.92975912922457
-23.93225916091314
-23.933193388080248
-23.932590223035227
-23.932780786170834
-23.933577652032298
-23.9321310417717
-23.932465608101708
-23.933869420265655
-23.932875191897057
-23.93334574580174
-23.93351213112356
-23.935177910544542
-23.935443421706488
-23.936359720204862
-23.936581934011542
-23.937085299958895
-23.936868446799455
-23.936058211493677
-23.93639746311643
-23.935813308757048
-23.93437441377725
-23.935593344357994
-23.935877793294974
-23.93744255337045
-23.93832766187238
-23.937965072432974
-23.937301877971485
-23.938297168101105
-23.938557693213863
-23.93690677393834
-23.937459052601923
-23.936236924736136
-23.936058590491736
-23.935013702728853
-23.936149676479754
-23.936077538882845
-23.934513526943565
-23.93635207100131
-23.938375879530952
-23.938173883211356
-23.940218865779123
-23.93772455482277
-23.93736920422467
-23.937156254963018
-23.935940114700625
-23.934181142313996
-23.933749876389484
-23.93357717635842
-23.93544350634384
-23.934767171910096
-23.93653345466531
-23.935482537740423
-23.93505436327565
-23.93241210999884
-23.933575185934387
-23.93291452113354
-23.933223945663798
-23.932460180303604
-23.93233112063821
-23.932927646765155
-23.931578092068406
-23.930778641750813
-23.930649951961968
-23.930917048824057
-23.93230971695634
-23.933326745142953
-23.934917932525277
-23.934794131814723
-23.93370064965557
-23.934362536510587
-23.93327978547865
-23.932513574492024
-23.932785715703005
-23.931741886767387
-23.931489783343046
-23.930238238509652
-23.931087010243147
-23.93155017411455
-23.93143649176396
-23.929466650302217
-23.930963800356505
-23.9297213600277
-23.92987075831482
-23.929039349144198
-23.930317196241973
-23.929325526880884
-23.92699033022437
-23.928249097073508
-23.92788707313327
-23.926521603064085
-23.927457166566366
-23.926202228832288
-23.92766130511284
-23.92516903707286
-23.92596350269183
-23.92763679796935
-23.928405884215852
-23.927296665164942
-23.92769563243132
-23.927859784682695
-23.92688691625928
-23.927718981929058
-23.928683727448142
-23.929216082535977
-23.928497872284893
-23.92943508854428
-23.929669862405547
-23.92792136602622
-23.927006545265566
-23.928123808148538
-23.92895396490544
-23.929140032315836
-23.930567460720525
-23.93044573672819
-23.932000590153116
-23.93268741311027
-23.933753481379956
-23.933234069329824
-23.934249556974997
-23.934676811626776
-23.93357455870923
-23.934888027853606
-23.935030515876278
-23.93369969143789
-23.932819331950057
-23.931819772356693
-23.931820283444157
-23.930681697526484
-23.929578406105698
-23.929821578177567
-23.929693241542022
-23.92912126745802
-23.929849859364438
-23.92821614294503
-23.929731596430997
-23.929916163824913
-23.932414727897086
-23.931376409663354
-23.92937290372065
-23.929985555113067
-23.931684492384925
-23.932583503812168
-23.931544326735217
-23.930511846042933
-23.932301821801065
-23.93377484149509
-23.93274666414584
-23.932831784190775
-23.93184074686242
-23.929663701106666
-23.927888165641658
-23.928370164841333
-23.928913550595578
-23.929354285009406
-23.929938224893203
-23.930734610157643
-23.930704887909737
-23.93289894862729
-23.93183395570269
-23.93304484460917
-23.933663477917232
-23.933492686447405
-23.930668676936502
-23.931237113347716
-23.93362728705574
-23.932854803425222
-23.931623318507818
-23.933180230077745
-23.93415906720518
-23.934375333185624
-23.934277497742983
-23.933688504742822
-23.933132820346085
-23.932041801400974
-23.934346793102343
-23.93367747204399
-23.9331536914175
-23.93503041170018
-23.934126104192774
-23.935811124367575
-23.933808546909038
-23.93324459835144
-23.933907516444965
-23.934235337003425
-23.932655829862036
-23.932159224725034
-23.93303470384682
-23.933600893814074
-23.932623559891876
-23.93130541614312
-23.931197876852323
-23.92987649977484
-23.93006525798628
-23.92890613158153
-23.92867280109952
-23.929328375115173
-23.928956336817894
-23.929734918919124
-23.930386769695364
-23.929248266479778
-23.930767046287887
-23.932271643265977
-23.933500377466345
-23.933027708530556
-23.93198942245934
-23.931337583522083
-23.933845855871308
-23.933584767708854
-23.93475906980612
-23.934605759259366
-23.936258851145634
-23.933482159097593
-23.93616025038566
-23.936515452046436
-23.93391966638789
-23.932229261105515
-23.93430623891108
-23.936131982516617
-23.937155988077837
-23.936569994726693
-23.936840869322957
-23.93756487605127
-23.936695915075628
-23.93617827131294
-23.93402254121473
-23.932237552142585
-23.933074921324348
-23.934686099105626
-23.93271638929432
-23.932442033612162
-23.932648098231834
-23.934390520077006
-23.933693372095576
-23.934094418936613
-23.934133188311858
-23.93404792270602
-23.934148396588256
-23.932718754087738
-23.933673793372403
-23.932724718014832
-23.930750603048295
-23.933107998593613
-23.93357091779838
-23.93281518776909
-23.93261927487287
-23.93258585194878
-23.932580012848685
-23.933035823569778
-23.932154883070965
-23.93224125303301
-23.93433625050001
-23.936350733814244
-23.934600721543593
-23.93230929037697
-23.932736724740856
-23.933134468082166
-23.931664266235593
-23.930947663857914
-23.932438494895333
-23.93223254374434
-23.934451829561592
-23.93585728331609
-23.931643423613426
-23.932060255822257
-23.931626432820636
-23.932149490546305
-23.931261063934535
-23.931019314953716
-23.930434617669636
-23.930123537534563
-23.928871055431042
-23.928488507355368
-23.929841543670932
-23.930146480731697
-23.929328302779346
-23.932392455466417
-23.933741827461787
-23.93440577891422
-23.936597875918423
-23.937098215376118
-23.936006356419906
-23.935347253034504
-23.934965484963897
-23.933095836804267
-23.93268418751927
-23.931043016065942
-23.93151360802362
-23.93079885520518
-23.931079670592062
-23.931775927971874
-23.931196539131847
-23.932593034704446
-23.932973859190824
-23.931167600762038
-23.929360728406753
-23.929781036334564
-23.92933181470031
-23.930717261036623
-23.93118816711736
-23.929765820428265
-23.929993359883937
-23.92807102132377
-23.92815260386023
-23.929020538810292
-23.9300236235533
-23.93153691880345
-23.933545539030046
-23.932898491353438
-23.935066578924392
-23.932473125661453
-23.931229467871113
-23.932449184057937
-23.93464429246607
-23.93447017719199
-23.934686288516218
-23.935037042964062
-23.932523856834603
-23.933589703062538
-23.932172205460166
-23.931929296815614
-23.932438943954175
-23.931750751685797
-23.93298329971623
-23.930689521260863
-23.93221385644297
-23.932475952076267
-23.93345876971461
-23.93494210089612
-23.932509566756192
-23.931893217284266
-23.933519466990305
-23.935648010598428
-23.934319035215157
-23.93575554063873
-23.936456614736716
-23.936633103781748
-23.93523816664885
-23.936343210433236
-23.935160892282106
-23.93412092610498
-23.93429477231822
-23.933632991914486
-23.934521053171064
-23.932833196808648
-23.934052432655484
-23.932735647834505
-23.933639679731357
-23.934109380531208
-23.933588735927035
-23.934792191175738
-23.933988422187312
-23.935387585063694
-23.93645014000848
-23.93527563361115
-23.93386527196026
-23.93437907755723
-23.935804609545432
-23.935900553812214
-23.936612915822778
-23.937312597644315
-23.935264360610454
-23.935248476536433
-23.935566770418117
-23.935064118218968
-23.935689904857185
-23.937241812009262
-23.93691280497598
-23.935085057751937
-23.93278566783739
-23.93237747965845
-23.931236218585873
-23.93191898115989
-23.93348322766466
-23.93424846221515
-23.934970781017185
-23.93556226895312
-23.934786063181676
-23.93548854977999
-23.933471432476022
-23.933338577718423
-23.9318426108312
-23.931164525999733
-23.932674605196382
-23.93020701935734
-23.929942272610024
-23.933768718720106
-23.933841471305755
-23.93495832250353
-23.935455285631264
-23.935053490648905
-23.933965771290296
-23.930836201437877
-23.93170847665101
-23.934021910762024
-23.933554080377704
-23.933819686128178
-23.93423658760599
-23.934128053313593
-23.935176766856166
-23.937958966272397
-23.937934570513164
-23.934962717228533
-23.936376437689688
-23.936385070638355
-23.937042136538814
-23.934236974011938
