-23.934236974011938
-23.932762209016825
-23.92966924212266
-23.926294794838366
-23.92260090104504
-23.921431210646464
-23.919356830803405
-23.91899295582881
-23.916329015485086
-23.91634922406818
-23.914774539337895
-23.913617966234607
-23.91067398773111
-23.910244583227165
-23.910686510211324
-23.909386293014517
-23.90872612264237
-23.90719285160573
-23.908309569745672
-23.90877063881742
-23.906162873253802
-23.906214247725966
-23.904802755994634
-23.902471293281224
-23.90241524850651
-23.902215162724847
-23.900267560938826
-23.89913392458473
-23.90065912062695
-23.901182285598715
-23.899264765090916
-23.900281532005202
-23.90097397390462
-23.89781666754825
-23.89704267074843
-23.896888262870704
-23.897445855691668
-23.895046224612187
-23.895218911731433
-23.89542556615729
-23.895693992358318
-23.896281684006443
-23.895050428192523
-23.8962581410366
-23.89720238401316
-23.897500128676693
-23.8958824951877
-23.894771246070224
-23.895289042240186
-23.894824353934876
-23.89420184527207
-23.892285392904135
-23.89230538238528
-23.892849595245153
-23.891990526324545
-23.89211122948295
-23.889670917909083
-23.88844055797005
-23.88930727351432
-23.890105694286014
-23.89154583905978
-23.892689688835297
-23.89164883800095
-23.891661153573146
-23.890572644254213
-23.893249314531317
-23.89263410045111
-23.889568652236093
-23.89053339381444
-23.889173886078133
-23.88974359145693
-23.890025240427143
-23.890461888649234
-23.891105515727833
-23.891043679282298
-23.891220749164518
-23.890704581393063
-23.889889520131423
-23.890782735915334
-23.891771241232004
-23.893892543844238
-23.892313955331712
-23.891013944543673
-23.89156318298629
-23.890285741679293
-23.890826000320786
-23.891315663035996
-23.890893535584134
-23.892782019830033
-23.893103220562026
-23.893088869594074
-23.89494009843467
-23.8953898240457
-23.891495891948622
-23.88889503071718
-23.88847655488921
-23.889442164899325
-23.887701665013306
-23.888409550656583
-23.88640753452282
-23.885094782235104
-23.883252586725888
-23.88212089519934
-23.883787268686053
-23.885427001582322
-23.885244990638686
-23.885563369078092
-23.884828055982943
-23.884940238357583
-23.886261375200327
-23.886344629656115
-23.88717894151527
-23.887888281721235
-23.890129984173292
-23.889829921627516
-23.8887241708856
-23.888459610150694
-23.889224022463182
-23.89006417348813
-23.887054662785133
-23.88602401091492
-23.885916046096696
-23.88692747832942
-23.887738073096912
-23.890645821064023
-23.889826971347528
-23.89040469660097
-23.890994121811136
-23.89302813633456
-23.893429796519875
-23.894405661724605
-23.89249090750797
-23.892180834707883
-23.892009440109593
-23.890669957403276
-23.892943907355335
-23.88993613692205
-23.88954969068289
-23.886373212223184
-23.888787066663227
-23.888630558157818
-23.887200401440086
-23.88643635674776
-23.887703345388893
-23.886847019824486
-23.88544915729845
-23.884951282728544
-23.886288410278198
-23.885446736321594
-23.885876792008638
-23.886216492243907
-23.88680286684784
-23.887224288186825
-23.888383379816233
-23.88930763409616
-23.88771471892351
-23.885786527295956
-23.886207453828007
-23.88745805355332
-23.8882733985978
-23.8889147478199
-23.890032975503516
-23.89218197277421
-23.891542181688433
-23.892128492425673
-23.891101111029954
-23.890091499327752
-23.89047978671088
-23.88893049379155
-23.888682044444536
-23.887694108668423
-23.888549820226956
-23.890077603987702
-23.891161806630194
-23.89002533692075
-23.891179534755864
-23.890479112449558
-23.889525585998648
-23.890669383338018
-23.890112633173107
-23.88918632084077
-23.88765380157528
-23.888335933582546
-23.886905791165827
-23.886775452948307
-23.887709662991465
-23.88799068260383
-23.890411300279307
-23.889631081155365
-23.888036339790464
-23.889789484534518
-23.891400014621617
-23.892174192438087
-23.89069953172657
-23.890521674243445
-23.889611779757615
-23.89142595883433
-23.889391777865058
-23.888969060555077
-23.89075922248431
-23.89292621610238
-23.890964854745647
-23.891446584598924
-23.893523963171624
-23.892111464586517
-23.89342626769938
-23.895019170664686
-23.89599742011648
-23.896329910613595
-23.895351140666047
-23.895427964809553
-23.89715864772725
-23.896427257151196
-23.895898599028286
-23.89549996955306
-23.89643912331803
-23.89481963060638
-23.895373736519225
-23.895653230821086
-23.893003594637246
-23.89280092241501
-23.89124040732243
-23.892103371149602
-23.892115731753886
-23.89198269394762
-23.892663445573376
-23.893771090275482
-23.89122286543352
-23.8923609271803
-23.89156212360933
-23.889516271584885
-23.891160799489317
-23.890269104403693
-23.892486203771128
-23.892917871758634
-23.892710241127524
-23.89380553064398
-23.892043835176413
-23.892010445958114
-23.890240844083966
-23.888074479115655
-23.887584216815693
-23.8869790824393
-23.888724493714516
-23.890390876895943
-23.88963803542412
-23.888458784903293
-23.88665299123683
-23.884956916162146
-23.885224528030314
-23.88535187711964
-23.88693541702986
-23.886484490499544
-23.889943888856696
-23.888538923427447
-23.889149923026906
-23.889010533811252
-23.889682430641805
-23.89142504300325
-23.890964050858468
-23.892052871011888
-23.889390212468644
-23.889417787621486
-23.88917447773959
-23.88961190532294
-23.89028310352647
-23.88998454135486
-23.88689021953976
-23.887166819821054
-23.88448354748786
-23.88689018784634
-23.885759461371045
-23.88619364351276
-23.88639477180827
-23.88426217011122
-23.88488302505909
-23.882538848842728
-23.88163839299097
-23.883399385318956
-23.882954159517425
-23.88226951701619
-23.88305272720284
-23.882577636695892
-23.88413051863249
-23.882040195737126
-23.883532483581913
-23.883670985248195
-23.88220541784609
-23.881078175397423
-23.882930011717814
-23.88309012314703
-23.88255734371026
-23.88521056720579
-23.883057336798156
-23.88020811803166
-23.87927077480457
-23.87827633798562
-23.87936298718292
-23.882722662631537
-23.884073485114207
-23.881924251866085
-23.881442774895373
-23.883397269986467
-23.885592080103844
-23.88624652116899
-23.885889220454462
-23.88649671067969
-23.88685015142081
-23.888786186229822
-23.886267854995573
-23.885706013046992
-23.883394862542747
-23.884026960208036
-23.886126686206676
-23.88442481952458
-23.88399106725152
-23.883652846489486
-23.88354799401786
-23.882281089770988
-23.886915033418525
-23.885192476445365
-23.883632030617854
-23.885667659590833
-23.885702803870863
-23.88464047896475
-23.88284490782866
-23.885355132321582
-23.885205839679813
-23.885624708679767
-23.886257627859877
-23.887341914083866
-23.887451838877016
-23.88647337658235
-23.88483356339286
-23.88581319841956
-23.886088913231028
-23.886859441774924
-23.88753972766929
-23.88749978551081
-23.887491351577076
-23.888218132771673
-23.88909591857012
-23.890599786999683
-23.889459700036713
-23.890180939638558
-23.890830409381493
-23.89343550152146
-23.893151324978117
-23.892633035568654
-23.892952925031175
-23.893847912001274
-23.892415661261435
-23.892952390978124
-23.89186025587071
-23.892897495297756
-23.891001610263405
-23.891570225060175
-23.892676941876395
-23.892271923558443
-23.8927254984611
-23.891049840795805
-23.891091182799205
-23.890940210333518
-23.89089677258219
-23.890750500763186
-23.89077482196123
-23.890451150724015
-23.88865521920816
-23.887056951038275
-23.889761047881542
-23.89264646836664
-23.892936570616023
-23.893078592136327
-23.892059543870197
-23.893261567103167
-23.891786465791405
-23.893750196834098
-23.89003278434621
-23.88950128565246
-23.888593744091946
-23.890320686854455
-23.890978399859506
-23.889508865789125
-23.888670957302676
-23.889055815390886
-23.89141364434921
-23.890582677913
-23.889651704996847
-23.89133317134795
-23.89300625249787
-23.8917230921492
-23.892968710926873
-23.893389694461405
-23.891634801359114
-23.89138239638034
-23.892346551787483
-23.891164825814126
-23.891448105382803
-23.891077372955817
-23.88963792191087
-23.890561150523336
-23.889212228961867
-23.8888151253533
-23.888556580697838
-23.891373482101333
-23.88878489061716
-23.88964788219969
-23.891217005865443
-23.88949102571711
-23.890554137277917
-23.888316282043917
-23.890156170348316
-23.889215118508538
-23.885590278742875
-23.885959676981773
-23.88557985033471
-23.886109620276553
-23.88494113930789
-23.886890709361047
-23.890048993358388
-23.88918718934395
-23.88867092028121
-23.891078220073524
-23.887881937878024
-23.886324143583728
-23.888043744339154
-23.89063540726674
-23.889622415919746
-23.889294139453245
-23.88882240974195
-23.888104593795394
-23.886860827215248
-23.885008479911527
-23.885394815096216
-23.88366956347672
-23.88525345029483
-23.887497818377415
-23.886630824696333
-23.887881909306046
-23.886964126152996
-23.88566313251392
-23.88500603459239
-23.883135842619257
-23.883907409828282
-23.884698415957015
-23.88432095895607
-23.88551030522814
-23.887325038473936
-23.885941398498066
-23.885877474117944
-23.886110577528726
-23.885113279452412
-23.886286343398588
-23.88665293933502
-23.88642140222174
-23.88699951157756
-23.88563404809742
-23.882577853244694
-23.88546791904443
-23.887428837891733
-23.88633602015715
-23.886328400755662
-23.88562706570742
-23.885902906646827
-23.88725021752497
-23.88753491832876
-23.887114053665563
-23.887351857958407
-23.8866720252015
-23.886702733426546
-23.88656552918081
-23.888942441816717
-23.88810860895089
-23.888051504520032
-23.889207620639983
-23.887851539740936
-23.88733535055367
-23.885210462066564
-23.883048788017994
-23.881897892055548
-23.882337144260084
-23.881927094897936
-23.880813634699933
-23.882492111867222
-23.883917244662026
-23.88413040824527
-23.884689535029345
-23.88292988967595
-23.88390338966103
-23.88561161671176
-23.88628537573229
-23.885960929947053
-23.885969733098957
-23.88837974000058
-23.88984740367308
-23.889620856540024
-23.892389482037014
-23.892723064365974
-23.893372983509938
-23.89254749629151
-23.889467318314928
-23.89253842215141
-23.89376460065859
-23.89437850819645
-23.893388554276363
-23.8921794035975
-23.894449654387195
-23.896897952810704
-23.895613227327722
-23.895070232104437
-23.894024600629006
-23.895540874482116
-23.894510793588225
-23.89484065350117
-23.8938058448287
-23.892001566348156
-23.890343597603163
-23.89026683803724
-23.891164767960817
-23.89243144561882
-23.89171685876058
-23.891846793617223
-23.88983829602187
-23.891185154628353
-23.890619429085067
-23.88956674939268
-23.888029701032934
-23.890380854121084
-23.889394905805386
-23.889972693030643
-23.89072021389322
-23.889236975479612
-23.88869965744037
-23.88712252713567
-23.88810453999621
-23.888541296139934
-23.88871274556428
-23.885874640980195
-23.88878868962531
-23.88885709312324
-23.88835575233013
-23.886985565699923
-23.88941303568287
-23.889547398414848
-23.888434569412645
-23.889775991310085
-23.888370635487025
-23.884322636515808
-23.884632581611132
-23.886881401636877
-23.88582948906355
-23.88880273546841
-23.888599574220812
-23.88798657450647
-23.88843831878594
-23.887101402247605
-23.88662446675857
-23.88651378527439
-23.88627964452469
-23.885822501237154
-23.885772464516936
-23.887179917678864
-23.88547155047126
-23.887042458147974
-23.886774276734744
-23.887854259244087
-23.88740639932515
-23.885430761013613
-23.885485104732496
-23.88600257278776
-23.885742943843276
-23.8852975732393
-23.8844959552965
-23.885464710165543
-23.885919065941593
-23.886835194159442
-23.887840774905413
-23.888260127965918
-23.888302224857394
-23.88894093274484
-23.88814961227688
-23.8869771856063
-23.887259445904107
-23.8872122802417
-23.885663820450613
-23.88501373125222
-23.88391644289173
-23.886426999179314
-23.88830836478915
-23.887698792701777
-23.88899802641317
-23.88924742840149
-23.886305822624642
-23.888007971734094
-23.887145382003474
-23.88937682098659
-23.890892660391604
-23.89207883219006
-23.891766021540384
-23.890495526600905
-23.891177771677928
-23.89007908402241
-23.890124699510945
-23.890891404774816
-23.892664662799703
-23.89137146041018
-23.891204663535046
-23.89112086274866
-23.889469835076003
-23.88956867084504
-23.88965873819666
-23.89003409523434
-23.889293016324114
-23.890325848531308
-23.89051138345859
-23.890113356553975
-23.889991619689255
-23.89071256747019
-23.891653347697673
-23.89117547150469
-23.889433635718326
-23.887518429183423
-23.88887479721501
-23.886971601696086
-23.887334128542488
-23.887608065772625
-23.886188917791383
-23.885576459662506
-23.886802145792082
-23.888658812423607
-23.88636146836439
-23.883157732227755
-23.882452430904475
-23.883744461174707
-23.88574004428172
-23.885783404343737
-23.88631390473844
-23.886544800128274
-23.88792965821927
-23.890284050781993
-23.89143485827847
-23.889540994719383
-23.88928638652393
-23.886123904381645
-23.886377635707706
-23.886086679747116
-23.88814668626145
-23.890126005665426
-23.889757664511745
-23.887531669975964
-23.888348507212655
-23.888587613166173
-23.887617179154866
-23.88966239566913
-23.889169058944525
-23.88661480287757
-23.888615794389782
-23.889257439797262
-23.889978876080278
-23.88834448631406
-23.888896022632782
-23.89007173439433
-23.88988071533207
-23.890809256904035
-23.88920501789092
-23.888289431808076
-23.885891017255894
-23.888584972170417
-23.88851169862225
-23.88609040732704
-23.886608311119225
-23.886996437774645
-23.889364942992334
-23.888155166913798
-23.889754671461823
-23.89022899194213
-23.88961654341097
-23.887877014835887
-23.88706468173067
-23.887987124879285
-23.8880258918852
-23.89000395542255
-23.890135135660426
-23.889379070038157
-23.889390544688442
-23.88740355200894
-23.888546855317337
-23.888952543198656
-23.89166142677675
-23.892989810722966
-23.893824495891018
-23.8934475297595
-23.890158752694603
-23.8904925473539
-23.88991617816958
-23.888264587620334
-23.8898879218887
-23.88935082712296
-23.890621144064582
-23.889344120102667
-23.888129525671665
-23.88974764209316
-23.889399734295726
-23.88926426298426
-23.889070255006555
-23.889440343174552
-23.88843606937023
-23.889970293929416
-23.887739114888074
-23.88851233608871
-23.885614062940036
-23.885271814434002
-23.885860509004544
-23.885780781862028
-23.886541645752736
-23.88489706731954
-23.886856902117465
-23.89041973739336
-23.890330132590258
-23.88803852669498
-23.88815583762232
-23.88866006567344
-23.886519123409848
-23.88799957280244
-23.888456319968363
-23.88868650149982
-23.890456883299752
-23.891595966377693
-23.88937175005548
-23.88798499482229
-23.889697354508595
-23.88856037676582
-23.885689857037036
-23.884967053892776
-23.8860219137904
-23.88468546227832
-23.885753233729368
-23.885189611647014
-23.884865205023136
-23.88381977214376
-23.883755033316127
-23.882992717063775
-23.885623653930548
-23.88679773369907
-23.887775137468722
-23.887970678846038
-23.886444370145067
-23.88942995784992
-23.88892392527255
-23.889112115823075
-23.890199470149064
-23.888811956203053
-23.888185571585225
-23.887613727280655
-23.888777064719292
-23.88941148579883
-23.886064154184368
-23.887115205800534
-23.887394693097217
-23.88882486478615
-23.888914680860644
-23.887571797580637
-23.88546796290545
-23.884542094624937
-23.884307444834512
-23.88479167133663
-23.883840801139534
-23.886337162858975
-23.884856161123274
-23.88437520618835
-23.884979824452206
-23.887925892801462
-23.88854048274435
-23.88692726265771
-23.888680791603196
-23.887306733776857
-23.88907519462314
-23.89025046689104
-23.88952817423839
-23.891258700984135
-23.890631922592473
-23.892221829322366
-23.89169080702398
-23.89100536670833
-23.889218139202896
-23.887760981698886
-23.887988027050522
-23.887579736136058
-23.88488927250838
-23.887151482218634
-23.887509304416945
-23.88625697350144
-23.887191308897222
-23.886825177935908
-23.8880458694157
-23.88922158764974
-23.888774381516246
-23.88950306320016
-23.888826631018663
-23.887253282617383
-23.888752731948546
-23.888456532505185
-23.88972001206107
-23.88801451637523
-23.88851248940388
-23.888855129603144
-23.889130833318532
-23.88910571370996
-23.890012300366777
-23.889435652792788
-23.889580228133802
-23.88890612429473
-23.891487180522734
-23.892860537020844
-23.8928824823878
-23.892533401208002
-23.88929677362275
-23.889475186656913
-23.889702469098047
-23.89223896552511
-23.893197458426037
-23.891201797822756
-23.892325706376006
-23.8936422627197
-23.893599529651045
-23.893653741730613
-23.892205922720287
-23.8926751273831
-23.893526112905498
-23.893524473239903
-23.89307588132472
-23.892265694554926
-23.892930015311716
-23.890490069371406
-23.89181023865311
-23.892148795971906
-23.889924766383746
-23.889992719843935
-23.89061547026511
-23.891562336957616
-23.893360928013085
-23.892785038800184
-23.893612105389657
-23.89258947813476
-23.891832318967854
-23.88954557822685
-23.887999413747334
-23.888024314252856
-23.888613666291853
-23.889616562150575
-23.89201221150855
-23.89164550663301
-23.89050468434004
-23.8912927094725
-23.891231590626273
-23.890014371476056
-23.891727197264483
-23.890539563304866
-23.89075206131634
-23.89339973696431
-23.892101077237854
-23.892637340758878
-23.89127988212273
-23.89168111546263
-23.891068260216688
-23.889577222815713
-23.888200202054225
-23.888052005890387
-23.889199440844315
-23.888882942610064
-23.89093707924264
-23.893234159641395
-23.89270800953964
-23.89179216714501
-23.890332563441387
-23.889302982794916
-23.892692806061806
-23.891899307643484
-23.889855595545864
-23.88742452396851
-23.89124258432838
-23.891737281870004
-23.89259915962542
-23.89516158796895
-23.8949261541556
-23.89640611540857
-23.897085995899424
-23.89600949720861
-23.89586425030776
-23.895562596393464
-23.893809123618375
-23.89559223938642
-23.896308632554028
-23.896585813314097
-23.89518974457847
-23.894159364930154
-23.893506523085204
-23.892313003827258
-23.893087501840682
-23.89260996244307
-23.89129254357755
-23.89201232422706
-23.892531398224698
-23.8928318250734
-23.88984123101529
-23.889724100892153
-23.893600623033077
-23.895026843421903
-23.895312693896084
-23.897606197359792
-23.896749182163553
-23.896531606691955
-23.894795788187423
-23.893379800119693
-23.892848857012797
-23.89328866879329
-23.892817873059705
-23.893833320907643
-23.894491554303663
-23.89593663447948
-23.89489817667903
-23.893285969160303
-23.892887253878218
-23.894647605886316
-23.894359915748474
-23.89593395253864
-23.893824866932402
-23.894397024948812
-23.891601313413123
-23.891895769988924
-23.89420188756404
-23.89245546146319
-23.893532427987466
-23.89192873407893
-23.892424831815784
-23.89219357464497
-23.893731174890586
-23.89119286609746
-23.89130061143009
-23.89148275447126
-23.891245449136246
-23.892096105446278
-23.890017273179144
-23.89076197335248
-23.89109108371701
-23.888934132247744
-23.892199340966997
-23.89136578982622
-23.890729815989893
-23.890771128069474
-23.889388279358055
-23.88803707108913
-23.887133722313706
-23.887984592064424
-23.88961015588996
-23.88752491474125
-23.887598601228483
-23.88617080137189
-23.887069814846836
-23.889256185351613
-23.890424870181608
-23.89124208393278
-23.89073429587986
-23.890630142121186
-23.888374800133853
-23.88677419313618
-23.884684212997026
-23.88694264703609
-23.888048206715474
-23.886236827346153
-23.887061092077673
-23.890726268403878
-23.89259654004814
-23.892308670297396
-23.89110479257272
-23.891671834547427
-23.892023679478207
-23.891169875554287
-23.89170581533327
-23.893809325859507
-23.893761523040247
-23.892948345168676
-23.894811568788338
-23.893873472723683
-23.894470081419176
-23.895412582477086
-23.897502844174745
-23.896612342334546
-23.895039439256042
-23.896275122156514
-23.897133954831467
-23.897214546214965
-23.894112016428032
-23.89495928414089
-23.896426968279865
-23.89517090682307
-23.892814474021833
-23.891291758059204
-23.890681369582833
-23.889067278350343
-23.888344481873553
