-21.412168741473373
-21.410175086162873
-21.389769021293517
-21.398635528956692
-21.399447259770337
-21.405645209320177
-21.404126615430652
-21.429588019542013
-21.439107253655767
-21.432022102816205
-21.428173246488882
-21.412414507970503
-21.41774985228805
-21.413724049999544
-21.408529063567872
-21.423655505277335
-21.423679052990433
-21.410692930873587
-21.41308789782519
-21.427430340451842
-21.422440210765124
-21.406222364202673
-21.389484665691246
-21.387874167150926
-21.365417484404293
-21.34990787125525
-21.35834849412726
-21.3477893342579
-21.344901858059817
-21.356184167017297
-21.35724684726319
-21.34940163950246
-21.38163615562405
-21.379306398202058
-21.378177680411742
-21.39697051129262
-21.388952902839616
-21.39237472033461
-21.3909250487596
-21.384427758029272
-21.37904149840411
-21.38925920206842
-21.387052367246227
-21.403420305852897
-21.400312552530245
-21.396696607186158
-21.38443208521456
-21.37918960688577
-21.397369984699633
-21.392035394010737
-21.386721066906247
-21.380729824452242
-21.373910063141988
-21.36228935804338
-21.352655571010242
-21.34027316632804
-21.346174276198695
-21.351762173564754
-21.350904258121243
-21.347217121140375
-21.344127495935016
-21.360777149637492
-21.356527304113527
-21.38270499642664
-21.400621932247955
-21.394496403411097
-21.402790266947658
-21.394418742306645
-21.40567169813557
-21.40305790407983
-21.403887119956668
-21.41159546488646
-21.389095020262054
-21.390943804598496
-21.387804151135587
-21.377831985005486
-21.362894190716858
-21.36108318154386
-21.34185054906169
-21.347083458744002
-21.353565776585395
-21.3533295034683
-21.33286070199195
-21.3394057386941
-21.34190796424124
-21.341215022244924
-21.358145315380103
-21.359603128497337
-21.34231949272087
-21.33738003609051
-21.339376585210566
-21.323251326518893
-21.351130316807907
-21.3599745065042
-21.363313194763812
-21.353704351453775
-21.355846628788132
-21.365754529889813
-21.369749039798812
-21.36658719338586
-21.37581178306825
-21.37858700415127
-21.406341730206783
-21.377859104646397
-21.370179676019365
-21.36587743851529
-21.363479105069
-21.37131858131272
-21.37043721502405
-21.381160249500073
-21.38211474968448
-21.373243699476546
-21.371314348212643
-21.356134485518268
-21.372284527017346
-21.368177333471618
-21.36059591369985
-21.340273055518203
-21.338434496962492
-21.358537305028193
-21.356771877370118
-21.361166552489223
-21.34615857184188
-21.355048103710292
-21.36610380055341
-21.36490893628482
-21.351169286501232
-21.362263279129223
-21.357694187922597
-21.344501526146484
-21.354373125530376
-21.344073081418923
-21.349258086241626
-21.34882749882747
-21.369643026218085
-21.373594359595
-21.395086603518855
-21.378976288408804
-21.387079149948935
-21.403827614282637
-21.39222348409495
-21.401597106827044
-21.417853395924602
-21.41914185376578
-21.42353724962675
-21.40415216161249
-21.40724920865438
-21.400030755504496
-21.38950805478744
-21.384587228954146
-21.37406406646878
-21.3650582185804
-21.343390778602473
-21.3457720397067
-21.359672478190852
-21.36601607402847
-21.336387441966014
-21.34424656484742
-21.33752617953033
-21.353312481114155
-21.362165280735574
-21.339871118649867
-21.332529319782495
-21.35220341451845
-21.35671077874165
-21.370178865495447
-21.359702557416156
-21.345324079656407
-21.33078067816948
-21.355039693581766
-21.357508813910684
-21.3671057696138
-21.366960294180103
-21.37946245625313
-21.373384254713685
-21.382835634496868
-21.382515590676515
-21.387020242856092
-21.386152139752173
-21.383572340371277
-21.39545483199203
-21.37634026258331
-21.37553348550075
-21.37009252148851
-21.379272475340457
-21.38818017754154
-21.400728279888103
-21.415192903124566
-21.40947474367299
-21.390677358860962
-21.3894835690605
-21.394475437099423
-21.39691996107594
-21.38182912482095
-21.37771466554699
-21.3717160446461
-21.378890410840704
-21.387689585997858
-21.389087147908164
-21.403419889385475
-21.403869674506932
-21.392009758228603
-21.393840568496138
-21.412492719426297
-21.427456091221632
-21.417055455308418
-21.42256019126643
-21.420342227912485
-21.4171567113731
-21.409198384717484
-21.406908003951216
-21.42418578103638
-21.399068173924892
-21.389563241781783
-21.387568311025102
-21.378176790981364
-21.38553276266984
-21.40691344848585
-21.39955050095348
-21.385243451618997
-21.403376678927426
-21.39187603590639
-21.37639791917985
-21.38516778991873
-21.402903114795677
-21.427184656685
-21.42989189922322
-21.42868503162729
-21.436824439450284
-21.421242302526267
-21.402721420916464
-21.406065271595114
-21.396079510610143
-21.39775414129564
-21.37990189793608
-21.378723251901373
-21.37921494828478
-21.369825815724287
-21.390194639817405
-21.387844824225212
-21.392888327901705
-21.390421145476108
-21.38390799433106
-21.396100764759147
-21.382539112752646
-21.377316071629977
-21.373533780554872
-21.352284301873723
-21.35192017173854
-21.36509901105371
-21.36007695858645
-21.340834789128806
-21.324971739475924
-21.319046339125446
-21.33317363790942
-21.3486426892914
-21.351080592488195
-21.36462040744415
-21.374009274995718
-21.348458074187324
-21.34129354511431
-21.361840554786745
-21.369290801621947
-21.37087085895388
-21.348396515087646
-21.351380661341224
-21.355501601418524
-21.34481069940141
-21.342455588381085
-21.33761429787955
-21.338533814389663
-21.338175256812537
-21.35835338215552
-21.35566192377857
-21.350636658722454
-21.341648446377956
-21.347266083844886
-21.357733722190765
-21.355633823904377
-21.328997978428095
-21.33279101234384
-21.32041449856612
-21.316241138081
-21.30944500837574
-21.333050885951764
-21.34470265822247
-21.346475238805187
-21.358431343199584
-21.374062170180583
-21.3721058317117
-21.375492229391913
-21.37107758726673
-21.37814836760358
-21.383279627815043
-21.398589292855878
-21.396901305172324
-21.39315019407234
-21.365994484801032
-21.364014915832374
-21.365167837555163
-21.379929320406593
-21.370670479007014
-21.40021024367055
-21.427862863679884
-21.413665058853645
-21.408769384149025
-21.4043261157257
-21.40538010020586
-21.38370654764401
-21.372399511208375
-21.358273266485327
-21.354420310321803
-21.356219826934154
-21.368571247109138
-21.36141547874244
-21.360694875019508
-21.346001745116332
-21.368648651740894
-21.38944142154581
-21.412048053359346
-21.40817654351054
-21.409650902131787
-21.413254265938733
-21.420067676537528
-21.402348033621188
-21.41426357606156
-21.408176724111417
-21.42004885656393
-21.417348894711175
-21.40793778102126
-21.389711164846364
-21.411638768639076
-21.44214381768833
-21.44066980779221
-21.420688791255586
-21.411024471433247
-21.425835001597765
-21.426369935353527
-21.424752560345993
-21.4173960768168
-21.4213734363258
-21.418659220454906
-21.438896399587872
-21.44907824439696
-21.45298587010732
-21.455445712305803
-21.458113507589992
-21.437877020287807
-21.433542488683628
-21.429591708196927
-21.420366948466874
-21.425035123566428
-21.429642378325006
-21.42532964630832
-21.427782638547516
-21.439157743866375
-21.43981827796152
-21.44434746596351
-21.451405865308907
-21.46017402810357
-21.458596091816787
-21.45055134560842
-21.45569776570092
-21.45911801827201
-21.45695641458086
-21.441589281003854
-21.447141981178806
-21.451187713201545
-21.46457276392197
-21.4622773494478
-21.44362520125037
-21.442470629747213
-21.42707398335819
-21.41322833959194
-21.403483592157983
-21.422824921568814
-21.421642270300367
-21.40541109824107
-21.39633979419272
-21.395279627322726
-21.39585399490709
-21.38623106335799
-21.351306916229124
-21.3511944116384
-21.373104503212
-21.38030051461145
-21.377537647752376
-21.376821411637764
-21.387189529307204
-21.382839056947546
-21.391165526942892
-21.395810311668516
-21.423722037847426
-21.40120060790566
-21.396693225378062
-21.385709720645604
-21.3737102686555
-21.37353554392754
-21.38630059937821
-21.392142861027153
-21.391007899836175
-21.3944683489805
-21.36916295422895
-21.37042423555279
-21.363509879441086
-21.3698877377995
-21.39361147036749
-21.396523169175403
-21.408021079022706
-21.419845457813395
-21.407554311196822
-21.397493216702262
-21.409964654433686
-21.410495738869013
-21.412377295671345
-21.411921646903927
-21.407852595799874
-21.424554903114547
-21.420300900472302
-21.417445645341484
-21.4335369065065
-21.4449254380029
-21.438095381655145
-21.42198368336684
-21.447820321329594
-21.447632066240605
-21.42056709892399
-21.412085394870644
-21.435547522934783
-21.441287549992627
-21.41892978713885
-21.414980585705013
-21.427658436943553
-21.433043507814496
-21.448564978477673
-21.454325675355225
-21.465882696864785
-21.459415834038666
-21.445764242383113
-21.439443583530707
-21.44167415641175
-21.438374803458636
-21.419429720862926
-21.422372272264987
-21.423512735191924
-21.427349564884327
-21.432656347929726
-21.43651947829298
-21.42570170493695
-21.43251968661256
-21.414118374362683
-21.423093061924884
-21.41093553765055
-21.416863054637414
-21.41473102134174
-21.42386875344139
-21.439460891577195
-21.426120539688984
-21.424668571938437
-21.427715418300703
-21.41865682559851
-21.42255956625299
-21.407874560195044
-21.411427700409778
-21.421021735912763
-21.43274681222551
-21.446829938848243
-21.436973840255266
-21.434819535205495
-21.413798754507326
-21.410937213563233
-21.432590215788398
-21.420756848775824
-21.400914363620227
-21.40468655985546
-21.43085285455329
-21.45017339662432
-21.44028168493838
-21.438168624936573
-21.421194550444135
-21.416912201796897
-21.406871577092346
-21.427532820673246
-21.429499913456603
-21.42838237335441
-21.442815272687184
-21.461215283095548
-21.48389975438492
-21.488842322037737
-21.48512966114515
-21.471871461033075
-21.468147051101955
-21.459845555152427
-21.453687932550952
-21.445302523311575
-21.440578576315154
-21.44611988051488
-21.4402031249903
-21.441409021292362
-21.435397446529574
-21.42509335568205
-21.403992114668196
-21.381836840228388
-21.379574426165135
-21.39981271866015
-21.428963080994926
-21.441455331392604
-21.431721467773038
-21.41668979305457
-21.413615938514827
-21.419874492163192
-21.425818800748896
-21.405305083793365
-21.385654566207283
-21.39342945370898
-21.384887245794168
-21.380642898841998
-21.371557972318435
-21.366502042174094
-21.350869446742962
-21.357227687726844
-21.358933878190914
-21.361298240406896
-21.373946647996043
-21.372398832456025
-21.353291469223976
-21.356677838152763
-21.367909044286737
-21.38293076844727
-21.374139811275683
-21.38594003735368
-21.380729464888113
-21.352990645605278
-21.339210547468053
-21.333924616889185
-21.34305399588671
-21.383526048524267
-21.38250525237411
-21.390209394979845
-21.369218505982943
-21.37133909468
-21.388505564033235
-21.382996841281145
-21.38239220126971
-21.379282282464075
-21.36796619261629
-21.360348938751883
-21.36187985438239
-21.349751444482393
-21.359063016090825
-21.37363438791963
-21.39960303757941
-21.401446204510368
-21.398980689976884
-21.40445839423725
-21.38944445702596
-21.380791507981534
-21.393274391625756
-21.396398486609108
-21.389734123043645
-21.39760899993591
-21.391978950169683
-21.375890279639187
-21.362213310164098
-21.342822732823624
-21.339615258371893
-21.344462462954066
-21.347090186689663
-21.328489242226002
-21.330967553551723
-21.327858258484163
-21.334315750333705
-21.346263913513628
-21.339221631466422
-21.348830938965925
-21.356881716992643
-21.36314584789048
-21.382369874524404
-21.38134325595835
-21.38229225418814
-21.368569152831615
-21.35774702452826
-21.34871990252622
-21.32834005851883
-21.319315559917214
-21.32741507841717
-21.321225030441713
-21.34956763463428
-21.34055608295109
-21.327474424848305
-21.348540487140927
-21.35014748974517
-21.3435928690309
-21.3603770757554
-21.36732683578974
-21.380913482412247
-21.37856777517374
-21.369179157827183
-21.363635988343315
-21.355828433748272
-21.338775257122148
-21.338147203110115
-21.349685237567716
-21.355461408863643
-21.35029258504372
-21.365564645945547
-21.351738517692837
-21.34262490819921
-21.344108801766325
-21.332912050492784
-21.362026811814594
-21.374438439020153
-21.388033611952633
-21.398888278985435
-21.404099108002328
-21.404908413502728
-21.383923051633776
-21.369036838028936
-21.365621485878886
-21.356116503246785
-21.346339214074572
-21.33096163324676
-21.342050743348615
-21.353371657615263
-21.359188365529228
-21.35477516078352
-21.37899664525116
-21.384933054927803
-21.383818927806832
-21.372174383541317
-21.379745821783732
-21.377543281975488
-21.392353698875908
-21.383696982672035
-21.392710008645448
-21.392067604122815
-21.401168549766606
-21.372352494164783
-21.372602498340044
-21.368293555177456
-21.349830619305287
-21.36386796183928
-21.37349812731227
-21.369815278406367
-21.365075909492155
-21.37194524378641
-21.395024680310517
-21.404547660090103
-21.395562525344598
-21.378839345952088
-21.386593764889145
-21.36854220057488
-21.38100144703338
-21.388448457884028
-21.404802528972308
-21.395997211664795
-21.394102345901736
-21.38670008004158
-21.39978822659451
-21.39455771456892
-21.389555288072486
-21.390201068096214
-21.385617741240882
-21.38497236560615
-21.388942438616567
-21.386996512904673
-21.38051895936028
-21.374341497140176
-21.376952252945518
-21.378524531638057
-21.398601951951452
-21.41637217009359
-21.421138724239352
-21.430504217055496
-21.445446672790627
-21.44698855759787
-21.4484892080498
-21.433745547683305
-21.44863866541627
-21.43140743709199
-21.415994863544004
-21.424443929479935
-21.420842537363562
-21.40781182238811
-21.38658386612547
-21.394607379358558
-21.385740770254333
-21.40255125461885
-21.40444424995888
-21.39242562837445
-21.39580021722534
-21.380309066243306
-21.38670176527403
-21.377112808681236
-21.38499887457955
-21.393278191997236
-21.394915886306404
-21.404085481539212
-21.41074573338166
-21.418981147103786
-21.422913193127034
-21.419312950557234
-21.415791202045053
-21.41974240011205
-21.40360352750033
-21.407617277248416
-21.43794652473913
-21.41322264967884
-21.422421080244384
-21.42177737618603
-21.42582147549835
-21.440628093096546
-21.423331177276285
-21.407688825552967
-21.4153264362816
-21.397754171532863
-21.392566858200635
-21.390824428176362
-21.392701814749365
-21.372962105073526
-21.376544818573652
-21.377279776617122
-21.379556332591793
-21.39466058014729
-21.39821515596247
-21.40078864211565
-21.39917980033855
-21.399830504670796
-21.402949809918233
-21.38197853835824
-21.381091271555313
-21.387710956785792
-21.398573334318478
-21.399509035970038
-21.38999414504495
-21.38660921623318
-21.360745149125055
-21.37076701533706
-21.365608271004003
-21.3674705725664
-21.363099366248214
-21.391322178059937
-21.379836362257617
-21.39890050707533
-21.396964297882867
-21.38296707628019
-21.388190102438067
-21.411824441848296
-21.424704579498627
-21.4422245949266
-21.44384512357933
-21.45020699166148
-21.451591004610236
-21.44764723748214
-21.45048849492643
-21.450114811166323
-21.44102818544401
-21.434914272952103
-21.438572511013305
-21.445359445601856
-21.43952837370077
-21.450301241220757
-21.444262560900494
-21.440621506824552
-21.405343572969933
-21.413232789056348
-21.39843818930872
-21.384221874754324
-21.365655450624292
-21.359650623229943
-21.35510002038614
-21.349324777021796
-21.368349342875696
-21.36101257199642
-21.368107045601906
-21.365432688082997
-21.389712000958582
-21.392744307994697
-21.376822410272506
-21.366907878058615
-21.363633928866236
-21.368067648370445
-21.369837833685274
-21.378477906624703
-21.392423509556647
-21.403944991736488
-21.413732087561407
-21.41241830786868
-21.405981689013924
-21.398899025911156
-21.39518678664626
-21.401072432247933
-21.401673836393684
-21.39706526846408
-21.385572664033205
-21.37548660269127
-21.387357640517987
-21.378084816317923
-21.389888021699683
-21.38439514033951
-21.380112045503086
-21.38342970677467
-21.39327859325382
-21.404176935840397
-21.399788333271612
-21.384337772200933
-21.381219215166254
-21.377510761437225
-21.397686225492933
-21.37669761018543
-21.395085616690345
-21.40048832183227
-21.393197444980917
-21.393920129396488
-21.405959095840366
-21.384410902062523
-21.375553800630748
-21.394698932637162
-21.38527572953054
-21.379647647677082
-21.375856450170264
-21.388041738710914
-21.390658937833585
-21.42151097539048
-21.40812364204151
-21.423583682970385
-21.413218498126874
-21.410652364840743
-21.450493944198655
-21.441062505555145
-21.428460606366937
-21.39851094815386
-21.406730804797164
-21.418716153141666
-21.41686189687741
-21.424760510218135
-21.41594735422135
-21.415250768122373
-21.440387804580137
-21.44084273721535
-21.454897856774746
-21.45064688833564
-21.46178329181489
-21.46018394133518
-21.446530156358694
-21.439247122014994
-21.437038778835714
-21.432048918201865
-21.43103240780281
-21.425720122327785
-21.415978912029452
-21.425874140210755
-21.406918270769598
-21.39224047330313
-21.385234215617846
-21.356750749985842
-21.370924455016173
-21.36520974468174
-21.372392829697766
-21.37043049355908
-21.3883691998987
-21.392609024306736
-21.400102719475917
-21.407016071850613
-21.40528056050325
-21.382643513660682
-21.37440466157172
-21.36268055547752
-21.368754994532015
-21.359073838037556
-21.35922396047573
-21.370130441317663
-21.350438178141893
-21.37328797144646
-21.36809573401826
-21.36206104732314
-21.34611737604957
-21.33481108936727
-21.354462808547666
-21.358933003189353
-21.351733106594043
-21.35281186231087
-21.343579046372263
-21.34543792328942
-21.33909158891332
-21.348454698165032
-21.343561870281313
-21.3410813436975
-21.337791857978633
-21.348531428026156
-21.323951607847107
-21.30126858292537
-21.310322992736744
-21.297654051492643
-21.310943533747732
-21.31283018143078
-21.3260952369395
-21.336601661277015
-21.332505565122688
-21.328154423197635
-21.342003153601368
-21.361220291481356
-21.36756382398108
-21.351599696071677
-21.34568984949738
-21.340881476660257
-21.321218555704892
-21.33870098106903
-21.329663823203376
-21.340988664301758
-21.329721730262243
-21.341443388768575
-21.330369120040764
-21.338142797353726
-21.33511439036496
-21.34407096132853
-21.33996279397291
-21.318479003316963
-21.31349426461011
-21.321630835280423
-21.32918017497019
-21.334038896378324
-21.330492848203445
-21.31139178500005
-21.31927111547536
-21.3400769924064
-21.340457696461065
-21.337662052598187
-21.350352410235473
-21.342501870805936
-21.336976694996476
-21.343809643867285
-21.353772328476037
-21.366716383954962
-21.364874399284673
-21.37682752214634
-21.391944635261627
-21.394094411171057
-21.398884884072807
-21.394569964308346
-21.38503776958428
-21.392715120149308
-21.38998167965382
-21.39060701321789
-21.37026573715709
-21.36187069754194
-21.366901620490978
-21.363618978303943
-21.369897800906827
-21.36337507272719
-21.33213796367818
-21.32411238683429
-21.33351108170651
-21.315309221230713
-21.322801902799206
-21.325960705939316
-21.32801977680331
-21.303273974661096
-21.321571141874728
-21.334681474518593
-21.33886549088834
-21.37707490697148
-21.379136552477245
-21.377139501472055
-21.376128497490082
-21.374922110411802
-21.36967543570412
-21.386115731759908
-21.37747802209497
-21.3860978467385
-21.406479390894958
-21.414085275719483
-21.392146184376124
-21.389140997889253
-21.37671910867934
-21.373861447936125
-21.377994201111314
-21.386188079009344
-21.36773149922638
-21.370506385858373
-21.37703235848241
-21.367820366129788
-21.370284427650702
-21.361334327287047
-21.351735404826552
-21.352552791833638
-21.353960455244103
-21.35340396783489
-21.34480367047166
-21.361277132632484
-21.363099817958446
-21.36654830109294
-21.368339180458843
-21.367056378941417
-21.352044497535342
-21.36198035677585
-21.36034808083226
-21.351819516491855
-21.373050436388304
-21.374062924957443
-21.37630201623176
