-21.388782364904635
-21.338859378070136
-21.34311436405786
-21.36695366318553
-21.361448430779312
-21.322669359294085
-21.338450289042715
-21.331727423641336
-21.338793172697894
-21.315636169355805
-21.3413975955823
-21.343861137430768
-21.32893578457054
-21.34946551459814
-21.32464593200101
-21.308323400070346
-21.32558539023912
-21.351359445998703
-21.34462220532337
-21.330493334558543
-21.31144272097372
-21.337008764255565
-21.354906699813082
-21.346357135098916
-21.327655125301476
-21.343948961008508
-21.325107702833208
-21.32445642024003
-21.33777177670462
-21.32081946174747
-21.33067780620013
-21.322893990547325
-21.322986338873054
-21.347800756117323
-21.335310689603485
-21.348132593849034
-21.340924043932496
-21.350481990752147
-21.329054959781814
-21.345904946010332
-21.363113027311627
-21.34654778511763
-21.30872396029459
-21.35979445717485
-21.323756776764814
-21.351642447545018
-21.362049582161312
-21.34197193162677
-21.3457825754029
-21.327723216992897
-21.35255916647082
-21.338298320288494
-21.338834201644513
-21.35706905313534
-21.327178097823786
-21.34460816215275
-21.343368000321895
-21.34083382478643
-21.32005052603077
-21.30765596747534
-21.329922948140823
-21.35416678050657
-21.335493435378982
-21.324200330942457
-21.343707211582327
-21.342718453271615
-21.32131135786385
-21.34598290446106
-21.337454540477225
-21.344930848134407
-21.335952185012037
-21.308026691941613
-21.319451231684557
-21.331612068416828
-21.324572829126943
-21.311231133538996
-21.33517047063018
-21.30825934389632
-21.326217786822074
-21.32852040294526
-21.349421706934496
-21.344012059949346
-21.36357255100831
-21.326852467085722
-21.35056380233999
-21.323342513670852
-21.329507811738587
-21.335761206244303
-21.321178232302803
-21.322265560996836
-21.326971079660943
-21.34224678266781
-21.337864887288863
-21.35992070835248
-21.35384358723572
-21.306581707249478
-21.329890648927773
-21.31079519961598
-21.33366497383038
-21.336182828527694
-21.326002342611776
