-21.326002342611776
-21.265071043667202
-21.285980799330655
-21.29993626238961
-21.296040532655788
-21.285142786923377
-21.285439560564683
-21.275925363435555
-21.294412260264945
-21.324249381954456
-21.28195531141739
-21.284836820944605
-21.281918928279396
-21.276646138794657
-21.270936643955597
-21.25450297159823
-21.289844210988356
-21.272572215146795
-21.286538789824256
-21.26892762947857
-21.286045215694905
-21.26809125271659
-21.26899821796982
-21.28518843736788
-21.264935040055015
-21.276571997514257
-21.280420224159972
-21.29451501386884
-21.25716595460115
-21.281417359088916
-21.28753748133346
-21.275835351241014
-21.27959633939461
-21.26651787955383
-21.262254062207706
-21.284634984494677
-21.279477100182184
-21.28211871340005
-21.299318140636114
-21.263793767665632
-21.278954881482967
-21.2872698100252
-21.268934483695833
-21.299005744717036
-21.289712376602452
-21.271395181437228
-21.280146027924445
-21.304147708068125
-21.272374723407975
-21.281998300117817
-21.301994438178216
-21.284952740307595
-21.289082677887507
-21.27133920623348
-21.28088177080722
-21.326584124381878
-21.280862405212837
-21.319568248451564
-21.29319130829671
-21.283026856319122
-21.293451564765906
-21.334122007154907
-21.279374317745088
-21.28768758892338
-21.287370408813924
-21.288047043548662
-21.287403921957157
-21.29452856083603
-21.32073406910116
-21.269595022554572
-21.273360992813622
-21.28451541378862
-21.292114653510875
-21.285111320131342
-21.30176355115798
-21.300494263807877
-21.29250921146226
-21.275634889612668
-21.28631032023586
-21.278191402646264
-21.256158921630693
-21.282405032984343
-21.289044363464345
-21.30940671448773
-21.273278387573445
-21.273027185697696
-21.279748254217072
-21.272609976079824
-21.251249203923344
-21.29417250766136
-21.3107507039444
-21.29988943429653
-21.27411350380771
-21.304941239976085
-21.26673614262317
-21.2815269395801
-21.294163347290873
-21.27919173171403
-21.301251147715067
-21.27614187257005
-21.29600543112812
