-21.246413910917465
-21.249060844748584
-21.23656029465725
-21.234919816097996
-21.229085373326836
-21.241374090967373
-21.259629591383955
-21.254508132125213
-21.2555424488505
-21.2702193339411
-21.262599426578
-21.25999316862014
-21.25245526490388
-21.2774210229541
-21.268792647559966
-21.274571505284886
-21.26932631023831
-21.2602275884765
-21.257691099910154
-21.24605616029325
-21.23603743055379
-21.241763937527473
-21.229877714431556
-21.246417378505203
-21.240103452502876
-21.235798547400552
-21.245114650067027
-21.25827891416943
-21.241617686775346
-21.23942608693153
-21.254130534824895
-21.246474295076606
-21.24592230235307
-21.246714853556306
-21.23334880441082
-21.257134489625717
-21.240702451284474
-21.235869821883732
-21.237271763144605
-21.252097155953987
-21.242662411596356
-21.238591435565354
-21.239588277260605
-21.253138958713333
-21.248549940286033
-21.256281478924954
-21.249873717414776
-21.250338278820376
-21.270908029148263
-21.27848761677928
-21.277228904303733
-21.266308294487306
-21.253389902912204
-21.23968695959392
-21.23662215805681
-21.252512581601867
-21.254822492739006
-21.268181344745617
-21.277274916275083
-21.27873265713606
-21.267560320812194
-21.264093952130374
-21.27109578670025
-21.258662075666972
-21.246346545619637
-21.261093373573747
-21.236463174399304
-21.23286326630847
-21.209563933045224
-21.215430353094007
-21.206695048432593
-21.197458837454022
-21.20027207583014
-21.202672165394212
-21.19755669500939
-21.20422710324086
-21.208011984467944
-21.229263124242117
-21.219189269683042
-21.22285147110567
-21.21974354549688
-21.219150983215375
-21.207747782030655
-21.209790782161615
-21.191884065428308
-21.19606417506614
-21.194602254288885
-21.180094400717604
-21.18164987859613
-21.203986570200936
-21.196182198000084
-21.202711221437166
-21.195461030827488
-21.210134816611628
-21.221070413748915
-21.23081631086216
-21.219366117081492
-21.237036822691575
-21.2322858553922
-21.22910857659811
-21.24438743945517
-21.244106080726585
-21.24212822183213
-21.223506490005857
-21.220853863256107
-21.227518644153086
-21.217396543310674
-21.227383453741197
-21.236412478826466
-21.231359579024755
-21.226761025511248
-21.229304355011667
-21.243946901400548
-21.2505371591603
-21.24439068711257
-21.244794416842552
-21.234982422583087
-21.239595484943525
-21.232047803398387
-21.230639402336177
-21.23114546289467
-21.22814047933982
-21.225352638980773
-21.219692209057463
-21.220232481386073
-21.206876720459682
-21.18727843981782
-21.169806653019855
-21.17307681225526
-21.159894568028875
-21.162684332870494
-21.15296985182631
-21.146559061115386
-21.1677180324796
-21.16898175389871
-21.163243067311818
-21.186870656374367
-21.189133322977916
-21.20648755844728
-21.194447523965785
-21.198399388502114
-21.215228996054044
-21.219723033328833
-21.21468255217579
-21.202704023604632
-21.19356332223792
-21.193975296092553
-21.169983038607736
-21.187872723886137
-21.204426425771494
-21.20176919627459
-21.199889670000513
-21.179839532759665
-21.179051695838066
-21.19505043982586
-21.205185158439694
-21.215494803175066
-21.197310305032968
-21.216310660311397
-21.221128369700875
-21.21314692305446
-21.2191920013981
-21.206626813243993
-21.208095559114415
-21.212716420531102
-21.203451193544637
-21.18999319651318
-21.189537911663862
-21.193847705459536
-21.199971887794604
-21.18255992360874
-21.184987866926278
-21.160267395256433
-21.17348545767783
-21.16095387452615
-21.149050371778554
-21.14744868689462
-21.162194172853
-21.167935073689588
-21.159402548264882
-21.148001818102127
-21.1508476195553
-21.150358323278493
-21.150020098365868
-21.159721912118393
-21.16592633190335
-21.15205460212801
-21.15334596109
-21.155593574149567
-21.18635437834237
-21.19300432754612
-21.1824369897611
-21.18593280428671
-21.206756416314093
-21.224390618482847
-21.21388356648146
-21.20910111503075
-21.19229267317275
-21.183393378628487
-21.18452669646031
-21.18762199320738
-21.181597637887023
-21.192353054512488
-21.210213197001217
-21.217930933643817
-21.226257832080545
-21.21036521772719
-21.219447998195385
-21.21956768584059
-21.218857756516723
-21.201221741089864
-21.173725045424092
-21.156812920867118
-21.14707308850832
-21.17778359902928
-21.159954506479284
-21.187397800302787
-21.19551495495511
-21.201472852873174
-21.19856367399577
-21.197937321194747
-21.19982210902879
-21.214167883776856
-21.220128979132063
-21.228025144076124
-21.219618865100905
-21.22683929093409
-21.235650112955042
-21.23106252850597
-21.230936282550367
-21.23191534298481
-21.25283538392177
-21.24947151354092
-21.24330036753866
-21.244242548047712
-21.233114418618413
-21.23735252102652
-21.228054622021876
-21.241094980179028
-21.240495235240843
-21.24632165205614
-21.230298445955174
-21.221791792632683
-21.213760842189846
-21.214854460968933
-21.20853761673975
-21.217962260993588
-21.204123250761395
-21.216338326947984
-21.207251792349677
-21.22858772604147
-21.237587383609593
-21.23166465543448
-21.243359780760752
-21.24417532374423
-21.228587365997157
-21.22620205288068
-21.234879074219318
-21.23820123047135
-21.235724401095197
-21.264359432111778
-21.249364009191353
-21.26075799449123
-21.248751840310778
-21.223539993572903
-21.232923950117485
-21.218088281046196
-21.235933917326015
-21.232229424631278
-21.248581410715047
-21.223177766007286
-21.23607002302875
-21.23166852814644
-21.22621451433515
-21.20861262067527
-21.219746222171313
-21.21934521650278
-21.215105488040614
-21.208159663288445
-21.22923238654711
-21.225817394720185
-21.217594472509305
-21.211835849098186
-21.20510048245692
-21.19735177976656
-21.216724605951953
-21.225956573263517
-21.224794852115565
-21.225326355001233
-21.209175091741475
-21.21213700476194
-21.21850802611838
-21.226314765485505
-21.22791916189319
-21.216893111062983
-21.19724831153436
-21.207534856626186
-21.22727362991808
-21.207042454199094
-21.183666105276096
-21.212270166071566
-21.209977331457367
-21.220006530527385
-21.232307352722252
-21.221446179379004
-21.21294929652293
-21.20836409486624
-21.198652138845315
-21.211839353054888
-21.21849478771352
-21.204057490883798
-21.20709915733158
-21.22392936620046
-21.217174785182696
-21.18122406193615
-21.191437483661655
-21.185179827109582
-21.195351691966675
-21.20303701484389
-21.22908414176857
-21.233418225522964
-21.23197336233185
-21.23166117542049
-21.228294824039136
-21.232793622373986
-21.23638781895313
-21.211453676546217
-21.208011627236676
-21.21778813024139
-21.229272227886927
-21.222806725417303
-21.196700267850428
-21.194221203129725
-21.200371826275003
-21.19881564243762
-21.180302108030638
-21.17841100731349
-21.165493446436965
-21.181400261504812
-21.17712120697515
-21.173682258486185
-21.192749567616925
-21.206885456102558
-21.19311330501206
-21.193394736137122
-21.182882179036195
-21.192718460167253
-21.16853773435543
-21.172833911482495
-21.157631684989475
-21.158683399953418
-21.154212922571162
-21.14632850747257
-21.154775175358594
-21.16385378109415
-21.145723695290854
-21.139727682459334
-21.130208782197926
-21.126141684929777
-21.14721659092503
-21.16578868067311
-21.178373516321493
-21.174997831255368
-21.163384085996356
-21.155855166137602
-21.134475937462526
-21.145992287692696
-21.153846381481063
-21.158643600612223
-21.184419788464425
-21.190165416993953
-21.16837760998693
-21.1634723974675
-21.168822699085045
-21.157183448223723
-21.150486920775485
-21.14831962734986
-21.16975606386694
-21.166151005308198
-21.158172390103072
-21.160021935149704
-21.148670737141213
-21.18237668825676
-21.187347367163703
-21.200156816135305
-21.204691725577625
-21.22622858671295
-21.22568860929258
-21.21460073116896
-21.206842253902305
-21.198325159645435
-21.180374308368467
-21.1959700821045
-21.206363054442047
-21.199667089068132
-21.184177921257223
-21.174315780258226
-21.180409515965856
-21.179317315709383
-21.157725870703338
-21.16993825238426
-21.178970927703258
-21.172349775805575
-21.180199028646904
-21.19311117706525
-21.184300623420903
-21.185666330216065
-21.178033355558373
-21.185084853717164
-21.191183737481737
-21.198513881252328
-21.209754213721432
-21.20026447734794
-21.20761186375617
-21.20285436082523
-21.211905593080832
-21.241101298949424
-21.247366816962888
-21.274697186821605
-21.263524587677335
-21.254790460123665
-21.246240698462547
-21.26656478145337
-21.27629149727232
-21.281900719052246
-21.277638511571567
-21.278510376591136
-21.270670669678168
-21.27065204203303
-21.24237492611593
-21.246407187491823
-21.244087467369823
-21.263287325820375
-21.270053526434353
-21.25253882094408
-21.237191439497664
-21.23428791587906
-21.256698330342928
-21.234119568015718
-21.225986484687375
-21.241114938972338
-21.225949469779216
-21.240284456698785
-21.229960194017735
-21.236610731571744
-21.23933969698376
-21.24623004167459
-21.25613195496952
-21.257561992491436
-21.23483472886872
-21.24379145383753
-21.2644505825716
-21.26606598197312
-21.268306661285745
-21.271831250439448
-21.274323200362574
-21.278719559780374
-21.257703144560338
-21.249719883329174
-21.260414143017705
-21.267693578878443
-21.264548427000886
-21.26387957762083
-21.25891731875721
-21.25910507506063
-21.243715790448114
-21.237206920586836
-21.240123527344487
-21.24693917683586
-21.254352573169143
-21.256317506341247
-21.259509181208884
-21.260053777476546
-21.245645533945336
-21.23799863489699
-21.22495433029853
-21.24474998979918
-21.224732737634156
-21.228033417773144
-21.219634074143446
-21.23988168885104
-21.226918277255887
-21.227851111809173
-21.252607112035804
-21.255465159279396
-21.221487846369833
-21.216680160262246
-21.233851564700686
-21.23698374312598
-21.234648292542445
-21.217652993226366
-21.233142792424985
-21.239110079786975
-21.209875954936336
-21.188328360278007
-21.202911488909482
-21.217579771506845
-21.214655975063835
-21.213183593758455
-21.21476595322483
-21.228080043111
-21.234807011598384
-21.228987887901894
-21.23079211962891
-21.23992237766501
-21.22729254343798
-21.235902351589946
-21.23734493406692
-21.226403692513255
-21.208790749001103
-21.20678622418743
-21.22106324014765
-21.20582826272305
-21.222954723399525
-21.223734758230936
-21.22599822958168
-21.229079975828384
-21.202952132204565
-21.2070722359715
-21.19274950674301
-21.191443902908937
-21.171719492205384
-21.20171114996739
-21.219389102611633
-21.214146671650354
-21.203357371378868
-21.198261905543305
-21.214983120392223
-21.235544780791002
-21.242106738537395
-21.224498142282876
-21.228917814461056
-21.22350784432194
-21.20864489945424
-21.253916344045766
-21.268035326368544
-21.269359411863114
-21.25407829452974
-21.252510264281774
-21.24052411461307
-21.239692048726564
-21.23636629437481
-21.225153175771602
-21.232225319453384
-21.246125470379816
-21.245541726096786
-21.230372812539567
-21.240364394990458
-21.25107447056567
-21.26137046189704
-21.24292198607153
-21.240038339984896
-21.24648207907661
-21.259740091794274
-21.233701590996528
-21.21813582826905
-21.22047502236126
-21.20348774882519
-21.20647061930809
-21.18608983185352
-21.203772152884536
-21.20983496924972
-21.221477577877273
-21.224719009232807
-21.229900810037783
-21.235373999966605
-21.24044467411783
-21.24608342572776
-21.2439979823545
-21.248887436559787
-21.252429044688967
-21.258626063810492
-21.246783738970343
-21.261185888494378
-21.251825593732427
-21.26757450471878
-21.262278112239354
-21.271027587362425
-21.267401692030205
-21.273568953783585
-21.27236323113057
-21.240641017631944
-21.233317999969074
-21.23669581624146
-21.242158312324044
-21.22667817115987
-21.222198305200706
-21.22926877786461
-21.22959069015665
-21.225035947439657
-21.234055840603524
-21.254943466733273
-21.243549620527723
-21.235725186902048
-21.230386744679578
-21.237546504847128
-21.2410321722939
-21.245608514035645
-21.252165734245256
-21.253456739867467
-21.23393564020394
-21.21992825918585
-21.22795485720343
-21.230543927385074
-21.217221015519602
-21.231966771765318
-21.22672178262839
-21.209856489393523
-21.21503943368392
-21.223064026727254
-21.228882472852717
-21.24092730111853
-21.23557882118646
-21.25138031969171
-21.257868658859625
-21.269234294470916
-21.25690943241995
-21.25685821110263
-21.256149009416212
-21.257946237298434
-21.25203696746262
-21.247975835007036
-21.233963671086254
-21.236573024085637
-21.218824856381975
-21.216155443616334
-21.240988214634974
-21.261586036725674
-21.274224026470126
-21.270042585096466
-21.262704172041687
-21.251349770026707
-21.258001004882487
-21.265422416643904
-21.25589582647065
-21.22310661287215
-21.221084046821968
-21.203619362517564
-21.231047946375462
-21.247241938872527
-21.241501259161556
-21.22216753757879
-21.223466723785545
-21.237291192602314
-21.232302759165233
-21.220994138149102
-21.221899921727957
-21.220286175382412
-21.192935434493688
-21.20855644114126
-21.19773062357255
-21.191914550486644
-21.184514540869444
-21.184497593747945
-21.175264178314823
-21.173343983633934
-21.173477704880487
-21.18965121685624
-21.17363763068199
-21.194201750268284
-21.20807166491068
-21.21268512129389
-21.247770234025243
-21.236938047765083
-21.232949654762397
-21.221237217600503
-21.229790873302516
-21.243323318489733
-21.240140916802176
-21.236363493570643
-21.228841863448476
-21.22536951292581
-21.245854093306246
-21.2298000028938
-21.220078848957176
-21.22759237597105
-21.229773400681538
-21.232089648009545
-21.227047531107722
-21.22044497767611
-21.212909156655765
-21.22818787230957
-21.220282029659714
-21.23160718536057
-21.222223885736472
-21.23323921096055
-21.241550178127977
-21.229839746879755
-21.21812193802775
-21.204497386481066
-21.198701029330206
-21.20712502319578
-21.22628963397087
-21.21419873302547
-21.207273700712314
-21.205665581520286
-21.185726641427483
-21.187014978602623
-21.19304256487807
-21.184753606098823
-21.211772746302113
-21.23532647548656
-21.241208803107007
-21.24884975840219
-21.257451171447375
-21.245730739909018
-21.26649075763323
-21.23709633407403
-21.238818436030954
-21.243604540441016
-21.25214005544061
-21.23620279954404
-21.229044971332545
-21.235597411415657
-21.23992689920248
-21.247071756398263
-21.26026385433573
-21.276874086851958
-21.288266843781017
-21.277959524470813
-21.284625116227488
-21.2804851905908
-21.269093916368046
-21.272892790309204
-21.251911587610493
-21.249581281686595
-21.246524579414366
-21.24202406923746
-21.246870693899925
-21.23595700513527
-21.256308162767294
-21.241894774946775
-21.232647996734183
-21.220519116125736
-21.240964258432463
-21.24160460143462
-21.247553356112864
-21.274405154311033
-21.26281402711852
-21.272180259879303
-21.2817497071088
-21.28160828396467
-21.272522196191872
-21.271695859338557
-21.26619619771842
-21.2619872407256
-21.25594466818091
-21.246094219395005
-21.241319444228626
-21.252345267084326
-21.26024109458796
-21.274941653321005
-21.277741609113033
-21.260287071603397
-21.2734334666306
-21.265048348458546
-21.278866343679276
-21.274848853144164
-21.28191551242487
-21.29956294289563
-21.314310456344717
-21.30690947035381
-21.30580828058681
-21.28980704935301
-21.26693852583094
-21.277631076602635
-21.253866947844205
-21.25536586589118
-21.245035007009857
-21.245907708204488
-21.224740355002105
-21.210078036666086
-21.210102027264647
-21.183333878095514
-21.18283263645424
-21.179885408151318
-21.18376714365136
-21.19966333626566
-21.21352534688133
-21.213304246529326
-21.20935000366294
-21.22340079753893
-21.225225434962713
-21.242974396919962
-21.25186214401989
-21.251464396439953
-21.248954345414152
-21.236535139801017
-21.23769890393342
-21.23400043260101
-21.256536113149096
-21.27389619213172
-21.271460127294986
-21.277234155750072
-21.256965954011996
-21.255236943913697
-21.245265803792574
-21.24817246396985
-21.26105478787742
-21.251094183049915
-21.22665214550119
-21.227748899562
-21.236324004488196
-21.248425240727528
-21.26093588828856
-21.2763924980771
-21.28445741534825
-21.278787424294396
-21.254356247458066
-21.25913734181974
-21.282127159856046
-21.282601328817673
-21.273388813377807
-21.257509805744093
-21.25061259896436
-21.233379189920008
-21.21406938315481
-21.212268250352356
-21.21715161900132
-21.214651244330877
-21.2248555289498
-21.246499892543596
-21.25639230647194
-21.285404810888252
-21.304686013950064
-21.30760865269369
-21.297839251911967
-21.304822976362868
-21.281907288673704
-21.24858800947031
-21.251622818808208
-21.247144089265298
-21.26149895636063
-21.266980391186994
-21.27309505478722
-21.287059832732517
-21.277757781290497
-21.278628657452547
-21.300751666528477
-21.30460821195788
-21.31626306922298
-21.29296286975434
-21.280782939534852
-21.26935335496279
-21.26028007752863
-21.253166156764205
-21.259642089101312
-21.252923831900727
-21.25736816461443
-21.259957789674214
-21.25728714381215
-21.27582031989635
-21.26758498709687
-21.262798526461776
-21.253572831617102
-21.259406438247833
-21.25669898836382
-21.260427776029175
-21.2559407058841
-21.244129959476414
-21.249586351043366
-21.226260678470595
-21.232620463061803
-21.21990632203274
-21.219626320202835
-21.2288520683532
-21.2298852814619
-21.243071231193774
-21.235542948820296
-21.247724310303763
-21.252593079980784
-21.23609064953686
-21.231323278389137
-21.196528544899095
-21.190531162391682
-21.19744691130212
-21.216028615360663
-21.217795803851832
-21.212642097237392
-21.229687000749404
-21.22530787270799
-21.233418587251617
-21.24036939559581
-21.24620313904737
-21.231607160892615
-21.23185965603929
-21.22579184061955
-21.245756171113616
-21.242866757994275
-21.219064746037965
-21.229459171646443
-21.217263211488895
-21.232550593443573
-21.218804553103652
-21.224730624214203
-21.212994224430027
-21.213641368502987
-21.20408803440348
-21.199914447253153
-21.20763908783101
-21.199752001761933
-21.1956466722599
-21.211833415761433
-21.18344171509626
-21.181204662662378
-21.165840073131825
-21.185029330598233
-21.183443505119644
-21.196248528718275
-21.185237012170962
-21.19691676561051
-21.210528366057687
-21.20994038012139
-21.22899409478718
-21.223365950497342
-21.21811120575677
-21.21284024996564
-21.20762186084327
-21.201367501539934
-21.205504847979306
-21.194056342207354
-21.19888763878608
-21.22059600601758
-21.211488405851068
-21.209298378538815
-21.18799841567811
-21.17271368750505
-21.198251976941656
-21.217402381171546
-21.221647172612208
-21.21188118950443
-21.205676333662588
-21.201568506517503
-21.209847261997226
-21.21277036259076
-21.22863740505337
-21.220937516396088
-21.216922166480927
-21.20896381917939
-21.201635995567855
-21.191678743445042
-21.173989623399024
-21.176659150012792
-21.165247282557818
-21.184526765443742
-21.198956847657975
-21.194720928898516
-21.19932223660885
-21.19536550716582
-21.20476455982017
-21.21240219711898
-21.23874207141153
-21.251654247939005
-21.25494810136908
-21.22917683263413
-21.223815244307353
-21.191029663813936
-21.211121212411722
-21.207396911180087
-21.210273282553665
-21.196613569886747
-21.205110564775122
-21.23689231229164
-21.213967461510222
-21.223502011480807
-21.226113435754677
-21.209553302434436
-21.192147815550477
-21.19225625669961
-21.193320798318233
-21.220811296928854
-21.22593496634681
-21.22140079136732
-21.209002426138145
-21.197324760731384
-21.198277868802325
-21.19930658346893
-21.208137873572557
-21.21299273559894
-21.197197208922923
-21.185171185162574
-21.18470769552723
-21.186755188090707
-21.20770754121891
-21.203098440895204
-21.213569089394337
-21.216629165445987
-21.23056623917189
-21.245797666382014
-21.245525440875827
-21.261954246779954
-21.266052873824066
-21.256839317643006
-21.249704856683316
-21.24043854467701
-21.25282629636948
-21.26954661860628
-21.251680836409058
-21.23143049076298
-21.210770126517836
-21.21513106145995
