-21.279792193342985
-21.207317168306655
-21.206925397154276
-21.18686518432718
-21.172815171026123
-21.148276068755322
-21.17396161984794
-21.170338941582735
-21.18334625258786
-21.20551274127506
-21.16894425011645
-21.202903982120482
-21.19257380711703
-21.192867069987898
-21.172016505313135
-21.157727205475897
-21.17609496182705
-21.171531683778774
-21.198154571882316
-21.162284627328276
-21.175860011820188
-21.17694651974933
-21.21274212918372
-21.176955548810323
-21.184634322046243
-21.162871891364176
-21.166957901329052
-21.15077478319405
-21.143769643790243
-21.15443216886559
-21.17685018145839
-21.180749367329543
-21.159169251746302
-21.211675979289492
-21.192036995377652
-21.18002293175874
-21.150233489728993
-21.167434379028997
-21.14630427634533
-21.177786769314565
-21.200926168281786
-21.183462072987115
-21.200003395152795
-21.18992106653721
-21.19486410540957
-21.166483916483557
-21.160220338187177
-21.165224406616733
-21.184585965648346
-21.16063549890779
-21.17841898372017
-21.19618151120828
-21.199000307465386
-21.183310185080032
-21.165958469979834
-21.166757463962714
-21.139094164776502
-21.15953442039969
-21.14666470288901
-21.148628158820348
-21.181980489290787
-21.172532021194584
-21.177583423507354
-21.16895373878842
-21.1788528798999
-21.19038493865918
-21.181473400164794
-21.19870941263712
-21.16372937604652
-21.19821640257933
-21.184629684545733
-21.18537934713897
-21.18757851169098
-21.15486446605277
-21.20228983645137
-21.151892652734848
-21.189062243714652
-21.16239282370216
-21.15908905259933
-21.1692657311868
-21.153252444594063
-21.174083601417223
-21.176829146549775
-21.164980919579666
-21.18785669739207
-21.179405351320597
-21.16413287574478
-21.178946737339373
-21.189714359252495
-21.191529608575912
-21.170481897035565
-21.15884318316971
-21.17631412737175
-21.17034735100542
-21.206326824781968
-21.18623420226385
-21.18176711988333
-21.167633261085
-21.19386604688601
-21.17206150513996
-21.149570057086105
