-21.16867348583894
-21.169657498879
-21.178255227969352
-21.20160055982279
-21.17494150933209
-21.16529547644965
-21.180708949411482
-21.16450256880976
-21.15349312965171
-21.130946936172368
-21.12484174244642
-21.14366140025685
-21.126507847708755
-21.12731618060342
-21.12918484175225
-21.128331143960935
-21.104331418947936
-21.10958975207818
-21.10771073431486
-21.112053063384224
-21.11862445324852
-21.12359459129656
-21.11391514622443
-21.12112347626577
-21.11842848802927
-21.1312680078523
-21.151083214588873
-21.13900560854406
-21.17309050074273
-21.145914718119897
-21.150318072756825
-21.14349533675874
-21.14458986553117
-21.13063007173759
-21.13553969254071
-21.130563427946782
-21.151047664907605
-21.145233727209966
-21.152784134343243
-21.148368830136263
-21.15226893176595
-21.139226488241995
-21.148543066365544
-21.12641162314209
-21.094992248451224
-21.10097723007419
-21.110836980665344
-21.129847487144083
-21.142463667484254
-21.14669942321739
-21.139947552862584
-21.141480413440732
-21.140604048996387
-21.14273319559931
-21.141146024029037
-21.119523897897828
-21.125589647318314
-21.113750207843317
-21.106273131495776
-21.12248821337109
-21.13326195361533
-21.12972086907384
-21.135305283867126
-21.110697968792444
-21.10476451755444
-21.097225893584138
-21.118720902151633
-21.121279891901416
-21.111417626922304
-21.118771206488002
-21.130596185456852
-21.124634545816676
-21.129915691825545
-21.14420740300983
-21.15132983890598
-21.182405704908934
-21.197393210290887
-21.18258779067574
-21.1773376746524
-21.176994875344725
-21.176476623405144
-21.165374084086796
-21.156871326892478
-21.161946698453182
-21.153409019085533
-21.15108853885663
-21.155584012127502
-21.148104109296632
-21.141581316825743
-21.160492053125914
-21.152757857919614
-21.160683506277294
-21.125756686984687
-21.121186995350673
-21.121550293490554
-21.13375070752113
-21.13215726613863
-21.13127223002642
-21.120446656780402
-21.104859036453846
-21.078265340988725
-21.10176237727057
-21.109727289223855
-21.097344328728173
-21.098575076624158
-21.078369851513866
-21.080714279709603
-21.07193839054072
-21.10369884529584
-21.099825217510585
-21.094610854122188
-21.105115779099147
-21.103553698076265
-21.11691130738128
-21.124277595332117
-21.12191950136626
-21.138302804642983
-21.141472175498613
-21.13990243835933
-21.140385562800247
-21.144304346937776
-21.149969863797455
-21.156769703859304
-21.151269116699943
-21.15351924241489
-21.155416354053774
-21.139559201969497
-21.14954298403129
-21.155237606237815
-21.14790381144816
-21.132011464551205
-21.12790721507354
-21.122889181284446
-21.134348104236373
-21.127904039372257
-21.133533204546087
-21.121287438465934
-21.109871967675925
-21.113487392180552
-21.128033424390505
-21.158215111181693
-21.155882545120903
-21.150397853236495
-21.144936364210054
-21.14990491495666
-21.143273144922038
-21.151248699475765
-21.158329858685384
-21.151811228747555
-21.139540386792
-21.126540647461795
-21.136023428902
-21.158042400982776
-21.154492255735608
-21.128678294194984
-21.122476085430677
-21.121995698718685
-21.1510689719103
-21.143470883787298
-21.13861922315722
-21.13465238979761
-21.155933655193326
-21.148725801152914
-21.17030268854232
-21.17104586532149
-21.178610532652034
-21.19327921811684
-21.18601377326471
-21.20208183548432
-21.200423434484726
-21.173778438009258
-21.176437557498062
-21.169654450073022
-21.168982052439116
-21.155692180250572
-21.170155935761926
-21.16944927987647
-21.144261075047908
-21.131159220601592
-21.136007124555004
-21.136423668249588
-21.129387945872327
-21.108926737569004
-21.116059332106197
-21.117835032748907
-21.133893784925494
-21.132299719873156
-21.14141201963761
-21.159741961571914
-21.154815060100816
-21.162633855383906
-21.159819017167642
-21.166066710227472
-21.174827588195807
-21.1831563593803
-21.18067431508789
-21.191917387574
-21.141972122701592
-21.136049519256566
-21.12071277903438
-21.137055152035177
-21.154208766743178
-21.17982463640111
-21.18236669081237
-21.179151215445007
-21.16194818307399
-21.15681616765078
-21.150540188591293
-21.15059967976394
-21.150998334493977
-21.13899747772098
-21.157987064136698
-21.169259152560002
-21.156937881191137
-21.163051391901497
-21.176688061909935
-21.157757377171478
-21.146808523908252
-21.158855772231036
-21.159597550187314
-21.152763066600265
-21.139390253323498
-21.140758572198038
-21.124879141284932
-21.146999652743695
-21.117531273448257
-21.124172446403627
-21.118046860547754
-21.085778050468292
-21.087955775325437
-21.107481639833956
-21.085215217193372
-21.109341959922464
-21.104602314093423
-21.095125819302105
-21.088555123087925
-21.092697777516314
-21.11684488242089
-21.119031577982042
-21.130381319560637
-21.14491129847691
-21.16623286810618
-21.155571588482257
-21.15628162287202
-21.149659804999494
-21.162912314636586
-21.17925503579227
-21.195156580881815
-21.19515707949919
-21.194169165548118
-21.19556005081713
-21.184633204108408
-21.172260500905207
-21.17052333020944
-21.176495786799887
-21.178613368625175
-21.18153303366684
-21.17152146048916
-21.173729605693428
-21.172929405135203
-21.161195801687246
-21.141616008560472
-21.138662192267727
-21.13431047603674
-21.119076533257072
-21.117562748876818
-21.151645462576564
-21.15053938424396
-21.143732363463734
-21.13628675369784
-21.131206317883645
-21.130341953149482
-21.127402218710856
-21.121089645591113
-21.14590795189034
-21.149979282029904
-21.141743919862193
-21.14271223218995
-21.130013971213813
-21.111893356338037
-21.118010799725322
-21.111087664613436
-21.123179210854644
-21.137010818195865
-21.124060156818715
-21.145116805165287
-21.13766944476352
-21.13772257060815
-21.125480193912594
-21.128663088127567
-21.12559743283215
-21.136147068290978
-21.132114318272343
-21.13773848444678
-21.141790700060948
-21.14359331127624
-21.111930435821943
-21.125528867969344
-21.11641193939427
-21.131364261216362
-21.11528851965706
-21.105982385934713
-21.126476862507356
-21.128588742104753
-21.136166917906696
-21.139469884767305
-21.130880041672032
-21.132602538744617
-21.12326908007104
-21.128601282670058
-21.117010013589816
-21.1259063692252
-21.12402179364317
-21.14178598650575
-21.146572768859055
-21.159104506641654
-21.15847666104951
-21.140131038574918
-21.155385322485188
-21.157612375506176
-21.150932010182473
-21.168805746463136
-21.169286396312227
-21.172066144211428
-21.17489502369022
-21.175528438170502
-21.157390946145636
-21.16338134944448
-21.158533732057403
-21.175282318065396
-21.176188595639342
-21.160755903913973
-21.172068526867093
-21.177540053973445
-21.15314777421345
-21.148570900414967
-21.137063904183528
-21.14490715455033
-21.16426354777632
-21.171488833718605
-21.173093104932676
-21.1810617852785
-21.200015403320528
-21.192694751222767
-21.179223235530575
-21.16059328154321
-21.153511519602777
-21.17972146547204
-21.161882865380907
-21.163655326677276
-21.172986697236524
-21.174117902645843
-21.14914168183093
-21.133825163681596
-21.13187904285009
-21.1489111599371
-21.16247003712306
-21.15545897232941
-21.139608560805907
-21.124426470840916
-21.141582837046137
-21.163358284771704
-21.161728177235027
-21.16966640629837
-21.163767303290978
-21.167462237893943
-21.164989396208806
-21.15157138093343
-21.1578569397064
-21.162045610557666
-21.167437494122854
-21.169441898888827
-21.162074088532687
-21.170803721085385
-21.15195584680943
-21.13804828379378
-21.129772123719622
-21.127174660106444
-21.10849229036118
-21.10841387694157
-21.11105124668374
-21.112120506628244
-21.112548852810875
-21.121981720958146
-21.105005690425077
-21.105127813196475
-21.12334868938881
-21.12277006019738
-21.105685120109623
-21.09490209148568
-21.112482695922296
-21.123571730083345
-21.120487597276075
-21.12516690409656
-21.138286393980504
-21.147170284696198
-21.140235732490638
-21.153259545902998
-21.15416671803943
-21.141345891156174
-21.11024573630331
-21.12929184177114
-21.112830828450583
-21.117145328039715
-21.12331725123006
-21.109518630076753
-21.115164725196948
-21.107890678993538
-21.094222533972015
-21.08418065447289
-21.0887890606425
-21.082306001227906
-21.081828810780916
-21.067696442084603
-21.045363738286593
-21.05664496337153
-21.081607549659676
-21.100252489561683
-21.08265456706848
-21.10679054544839
-21.112953820380767
-21.080593143539307
-21.09373875798505
-21.0854036913483
-21.082586457605096
-21.054917348505313
-21.068183100451325
-21.065373006984554
-21.059590564651224
-21.034962680442117
-21.038362501092415
-21.030833952160798
-21.032528720878215
-21.049132535506182
-21.03907960721139
-21.03189858634543
-21.041309115609355
-21.049668251185206
-21.062387534610032
-21.07692212230426
-21.099613140035352
-21.106868711179754
-21.120956130106574
-21.124131562428218
-21.1322474479887
-21.127926530310006
-21.108378412496243
-21.12447320868113
-21.121591418362847
-21.11373240162951
-21.101394449520544
-21.11255055319338
-21.119331247115255
-21.108952930474874
-21.102282622447436
-21.104903781316754
-21.113447111278358
-21.132907145057562
-21.144543583168954
-21.130793568308196
-21.118811290037304
-21.097051970272112
-21.102005248398275
-21.083430343832024
-21.07996404382879
-21.082008167121117
-21.09091200933747
-21.100972448104965
-21.09086115461335
-21.083474821522422
-21.0710362787306
-21.08173498785638
-21.090096178112898
-21.09266723793812
-21.09217633361369
-21.089530315596633
-21.09455611835642
-21.110670264864865
-21.104574513924646
-21.10076160843687
-21.113323261097204
-21.126837886849152
-21.112841400822877
-21.127950019219416
-21.11166387363938
-21.112188572153368
-21.11121098817521
-21.099890424807764
-21.087243278199264
-21.10362815818386
-21.09733836137313
-21.10305472820394
-21.110695424484845
-21.113484253436383
-21.114678554442786
-21.14583574031557
-21.158700743327536
-21.15294764324851
-21.145933846425066
-21.161042656106627
-21.156783856747673
-21.154950109949397
-21.161040977041765
-21.140215141263198
-21.14208743513811
-21.15971099911159
-21.16695037564417
-21.156855314169853
-21.146129556110534
-21.143088340903187
-21.148176201821332
-21.144025804553646
-21.158125353586623
-21.140059055421073
-21.120023238501656
-21.119638671347992
-21.12197605033237
-21.118402777876163
-21.12408481574447
-21.10336676464331
-21.115446466793998
-21.119238491413856
-21.126454772194357
-21.124191966707524
-21.141193588816247
-21.131324230970268
-21.14182657581595
-21.12293761194097
-21.141606160858952
-21.14734433332377
-21.152538290440454
-21.14267194754044
-21.136191836906796
-21.13625076937519
-21.164680134101868
-21.176423508986705
-21.17753257955783
-21.189939940871515
-21.16832162136786
-21.170124643511663
-21.18278767679577
-21.170985635969146
-21.15807124281081
-21.141406458349017
-21.14318638221959
-21.151876301182178
-21.140772799951915
-21.138561441258375
-21.153668439591648
-21.14711834555673
-21.143954036782098
-21.155373208662997
-21.153966226680975
-21.149301074862723
-21.16456039747502
-21.15834948400098
-21.160347790791164
-21.13933194057625
-21.15151820898772
-21.149377983856002
-21.187455016593113
-21.167226320202168
-21.164285139702912
-21.17573351011229
-21.165900690706682
-21.16519446640119
-21.15108608057801
-21.151406696085008
-21.135709443097976
-21.107452949168692
-21.11112833112145
-21.109776119691556
-21.106687456766366
-21.128032639893156
-21.12581908215398
-21.135835029974402
-21.123066311679658
-21.139164976686722
-21.153421371625274
-21.142138374907347
-21.136839210246773
-21.14061259012808
-21.151821872442547
-21.171686560032708
-21.18269847956799
-21.21293918279001
-21.21879758999946
-21.212939704434152
-21.206910083951463
-21.218087107361
-21.21389902222584
-21.209292061497674
-21.193067574372595
-21.20092143502381
-21.17389017383291
-21.160334594261382
-21.154133996321622
-21.158156608401846
-21.17362506586475
-21.165635954896317
-21.164077207006695
-21.177358500649618
-21.17850315221974
-21.17074066945073
-21.17467033119995
-21.17106309217836
-21.17834779544064
-21.175137791751023
-21.20867484509533
-21.20542041621611
-21.20864232575359
-21.232769057043253
-21.23357411619805
-21.225110462083908
-21.214553939287438
-21.21361612179681
-21.1963026399864
-21.18543474304773
-21.18518888894838
-21.203334136275863
-21.223382258138066
-21.217276235305324
-21.219375058025715
-21.227833363889232
-21.20800250864699
-21.208527889312116
-21.20068557459134
-21.187919511237855
-21.192283460271113
-21.180078403483
-21.178372981608483
-21.168606167959382
-21.182204635158808
-21.176441829029987
-21.197580123708374
-21.202127256853366
-21.210661438788563
-21.223087291398283
-21.215465914413034
-21.21361482276891
-21.194402843840578
-21.199491820706047
-21.21649736061556
-21.20906280540041
-21.19736510806824
-21.206521013776168
-21.212436845962017
-21.205743112416794
-21.214911158736015
-21.200529336664548
-21.18628932514288
-21.20079211288281
-21.183650710708115
-21.20517598197948
-21.201604906720185
-21.18776511229976
-21.18413785931598
-21.181575737021543
-21.2124305676124
-21.217324850292766
-21.219830346887672
-21.223523782307893
-21.20576068330141
-21.22577605652188
-21.225407769994938
-21.211498918469516
-21.19476199901986
-21.20579219711376
-21.173364200588356
-21.193298082294874
-21.17711529739513
-21.164855287380753
-21.15820971838948
-21.170187957956554
-21.152791269578664
-21.152592509755117
-21.148703350832367
-21.147011171417155
-21.138542053360773
-21.142421561197494
-21.122513038212034
-21.12142160061538
-21.131138784520918
-21.12258531259876
-21.134542479254435
-21.131243315061457
-21.15085417710606
-21.16429109973087
-21.176032157093026
-21.165913333691496
-21.16070509324725
-21.154681925202073
-21.13702022803151
-21.132857603110814
-21.13064427002766
-21.141023876434826
-21.13180067448145
-21.142655297602538
-21.118004105968854
-21.125670359564186
-21.138914942171905
-21.153453533017515
-21.120033183492872
-21.098251110300936
-21.11888676204125
-21.114070099645602
-21.107339441242644
-21.113366919744763
-21.116212465494666
-21.132389709784892
-21.126396450427126
-21.129761786081783
-21.135359693768564
-21.135089625646
-21.11962682615262
-21.106117483253904
-21.103172013372017
-21.123413193467112
-21.144216434484406
-21.144209422018903
-21.124937357772566
-21.11497439355255
-21.132019098681358
-21.132010259757283
-21.11154175623747
-21.126985839353104
-21.13988229539863
-21.134879250740195
-21.120731113804606
-21.116255677062227
-21.10573512371543
-21.1170035629412
-21.10467932206638
-21.097632718829978
-21.11287027144079
-21.13411505871738
-21.153082165668433
-21.134532135882594
-21.121109562058855
-21.1182910849952
-21.118001926467457
-21.133143858712987
-21.140829049458006
-21.13417370531674
-21.143438941953807
-21.13261216357255
-21.114731730044728
-21.121075858887608
-21.096730204998135
-21.08342440519876
-21.098813381533187
-21.10536708221757
-21.09917640447368
-21.090767004431818
-21.118378213174317
-21.107803944962694
-21.13182172445489
-21.124940117837895
-21.128378893573736
-21.13041404531638
-21.129984369310804
-21.11077030235278
-21.1080184114364
-21.11016495505137
-21.13185024161987
-21.103059070711545
-21.1101093203211
-21.109911527171167
-21.084638977263563
-21.08246785024381
-21.066090788931902
-21.075865948841635
-21.076818930170862
-21.060293285628816
-21.05639249307896
-21.041141977340416
-21.046199692520833
-21.035561150285446
-21.038574838587035
-21.04241961790686
-21.029235302207166
-21.039915435205742
-21.043377608289518
-21.04479321680357
-21.058066619467734
-21.05804391468688
-21.065709659842582
-21.060918035815217
-21.092672929294125
-21.087138081429295
-21.09304218378284
-21.08714552424072
-21.096804951936488
-21.09689618056402
-21.092847876860297
-21.092540956121663
-21.094083791349174
-21.098710422286207
-21.099913951349738
-21.087106628730712
-21.101185360393238
-21.093986504707484
-21.11372879025168
-21.106227380368555
-21.12138440458619
-21.134765316537948
-21.127517501213806
-21.127384284243746
-21.153441105825706
-21.148921653292728
-21.13606230471873
-21.128576954598767
-21.1544507769109
-21.130062535288523
-21.134979294025726
-21.13736457511657
-21.151541267596667
-21.14559145838344
-21.13055744273733
-21.144258309130908
-21.156936392875807
-21.154680832910135
-21.147056598730856
-21.164513285416877
-21.15704226453147
-21.153452230340477
-21.143619855888463
-21.149911852424967
-21.142835265756627
-21.16241159160477
-21.16463854086776
-21.163647569584988
-21.165053791424157
-21.165595647800746
-21.17207121578329
-21.160146204938084
-21.138439720325984
-21.132574164702834
-21.154056978443215
-21.14634794966024
-21.14783985480168
-21.15569246878889
-21.13890111371929
-21.147680847635197
-21.166341963848417
-21.172216219962355
-21.167374366765884
-21.15992519011279
-21.15383655079788
-21.138290303009654
-21.145552616737067
-21.139580923687795
-21.1491508478466
-21.129157614854776
-21.126929000258293
-21.140199467882628
-21.132264029773566
-21.143950501911068
-21.140219362345405
-21.17637614412958
-21.160840488855563
-21.18346707364848
-21.175937428224163
-21.167531497684244
-21.189638837069296
-21.202501980447558
-21.179682580379747
-21.19528067092901
-21.184567086534752
-21.18571839094096
-21.17804913782025
-21.16513475968679
-21.17820448851442
-21.172078755520698
-21.163923590928942
-21.17943671997301
-21.17146596986786
-21.170033233340774
-21.16985648030044
-21.17995946022767
-21.14356773022735
-21.14145738614636
-21.138127869359945
-21.109379581257258
-21.109048880218207
-21.11763518405261
-21.10734725839681
-21.126841777396724
-21.133774076837874
-21.142866329070607
-21.148819128750834
-21.13987399151231
-21.1538938012095
-21.1675570209651
-21.173106435570222
-21.160511431436948
-21.16908229188197
-21.170652803428894
-21.175358030995156
-21.16881340948089
-21.164848547002023
-21.150548421210324
-21.155639923965378
-21.158027894772268
-21.173511328121634
-21.17887942472612
-21.16822060239049
-21.160967192025893
-21.15226442151148
-21.140156884063767
-21.14587995666124
-21.139909823828454
-21.14921196182359
-21.136951865384237
-21.120379904175934
-21.130954467191707
-21.11794387082121
-21.12927898553083
-21.114987367137594
-21.117542115236933
-21.10168150686227
-21.112678679954055
-21.10234374906889
-21.097717928295765
-21.08678658642083
-21.107666261292994
-21.0951797440145
-21.11020458181494
-21.126627286364922
-21.090870275340524
-21.1103354304038
-21.108847805856687
-21.105151887734497
-21.08819139075171
-21.093344111374996
-21.078420157682885
-21.09006160827628
-21.10195949608617
-21.094592175772632
-21.109230321771072
-21.115851783726225
-21.102040805294763
-21.11919684265965
-21.109097283216745
-21.090749199380095
-21.110019700223333
-21.101430238862033
-21.111557081637528
-21.097674190415507
-21.115239508457172
-21.129567628743764
-21.134060539660766
-21.120816826609932
-21.127262428041224
-21.131984283363785
-21.132327343505267
-21.127365626947977
-21.11166968808999
-21.125549829879496
-21.109987179664
-21.094652859477744
-21.092441896997165
-21.09956766095663
-21.104972591936225
-21.13248235136379
-21.144432082978714
-21.149905086425328
-21.138567240766005
-21.143177379590906
-21.15821881158168
-21.15889790542188
-21.15292222360394
-21.14376649431578
-21.168099537722153
-21.167435494081175
-21.18520497358043
-21.180161653943138
-21.167499518125094
-21.14517481611309
-21.14978885672117
-21.148763247332685
-21.142110062219732
-21.145511008766913
-21.132170240776954
-21.131475464706043
-21.1329032527726
-21.13368863118163
-21.12647802428491
-21.130237849649927
-21.136042209821923
-21.128734235323485
-21.132583964556055
-21.146604963009263
-21.13836705753281
-21.12063144556076
-21.117503200765764
-21.146406794544326
-21.135142463531874
-21.146849071615776
-21.138960599605436
-21.135102598852015
