-21.08947358402293
-21.106452718374605
-21.069562075046647
-21.061965938651525
-21.049230081797266
-21.02642489799831
-21.051157044247827
-21.06310454905341
-21.059737214660935
-21.06252647245162
-21.072130906954023
-21.05583178424848
-21.046919026459513
-21.040502251408462
-21.055388601569714
-21.06267525647437
-21.063801434310697
-21.05649455763154
-21.05217305047156
-21.044397130318647
-21.032921247128304
-21.046328433137184
-21.045704170317116
-21.046798697497756
-21.034097346741632
-21.012018001677873
-21.004005406070235
-21.029776079798786
-21.010665871863846
-21.024019949615884
-21.03313770278932
-21.046834584488654
-21.044526968597765
-21.050634177811347
-21.048728526385762
-21.038684466104584
-21.05635412998628
-21.045454613247866
-21.03883647522468
-21.053633936520356
-21.043094807319516
-21.0390876547786
-21.046730186874612
-21.040046807703295
-21.029143515713088
-21.028188165976218
-21.040990212678896
-21.038632359488364
-21.042668979252927
-21.03934522236322
-21.04702878927879
-21.042656021478553
-21.023127350263422
-21.03538945795533
-21.035721325334066
-21.03268103503261
-21.053133609963805
-21.054271335862303
-21.052114854734665
-21.04943800301546
-21.02545107520211
-21.006710794615366
-20.986912365290177
-20.980108240260606
-21.01584852238569
-21.016408893007817
-21.025964182293947
-21.044376412382153
-21.050981535849218
-21.042723489370204
-21.043492182324243
-21.04304233711371
-21.039224051559867
-21.03789434306225
-21.055528036105795
-21.05261182268693
-21.062911542825024
-21.035664417781156
-21.036433920469506
-21.04080481202175
-21.042961393974995
-21.067233678223804
-21.06081395320739
-21.065757043992033
-21.06658556030219
-21.048463969704798
-21.023314724146644
-21.00853466335845
-21.005259582652954
-21.016190053221806
-21.013002756037935
-21.025973158699
-21.042960209998448
-21.02913767614918
-21.050765354068442
-21.060831079372644
-21.046317307301422
-21.055417613214107
-21.047379160371115
-21.052075224454033
-21.047465622800942
-21.04059375272941
-21.024761013507142
-21.04276410306232
-21.025813187040292
-21.02391817093226
-21.03271640648625
-21.022916935670775
-21.02212529896803
-21.011752438484947
-21.009959345675327
-21.02852514629724
-21.017578373161065
-21.000641163461435
-21.0060458571636
-21.015058345639122
-21.01338041160378
-20.989360412047347
-20.990336687479573
-20.987751438761514
-20.98670572185576
-20.986305014652483
-20.973370039886124
-20.971426977836675
-20.983737057614935
-20.97257000453102
-20.983747608721036
-20.988612387738275
-20.979088009038314
-20.967813389502485
-20.958953756639513
-20.972585041622015
-20.991862757618446
-21.0012568568295
-20.996779642387033
-21.000877148479137
-21.01492494051449
-21.011023502117045
-21.02209547914468
-21.03940403875082
-21.044660042036902
-21.030933374535575
-21.02974873615925
-21.025307266534867
-21.005247290157957
-21.00065923424688
-21.005231194843407
-20.995288184422243
-20.994631571926337
-21.005322968630452
-20.994112511572357
-20.98682162267226
-20.99982459982136
-21.0038510293873
-21.022985526999836
-21.03210680875462
-21.029853275368364
-21.025852262257185
-21.000772048873145
-21.000762712725958
-21.045033733773963
-21.0277329191101
-21.036255908147144
-21.03622484647405
-21.039364390025135
-21.041320903101514
-21.034278298238082
-21.026566578976855
-21.02079489325873
-21.023965608754903
-21.02793223367847
-21.01483359625878
-21.00348665410342
-21.000850676981507
-20.998398965876632
-21.012214876473312
-21.02320851947925
-21.033297521741442
-21.042758868766565
-21.03487797983419
-21.048834930506583
-21.049604740631953
-21.039667421198676
-21.028504209873127
-21.032937532331253
-21.046763190740435
-21.04549288021753
-21.0455198927958
-21.04934470022245
-21.04879609050374
-21.064745890318612
-21.06279558302056
-21.05118773938069
-21.044484498838365
-21.052632055066162
-21.047051444047877
-21.036298328645685
-21.030442172597517
-21.014999605394298
-21.015580796169985
-21.003721402424745
-20.98763872707166
-20.99592390131378
-20.976898191177035
-20.9532724462277
-20.962924379947818
-20.959603353732096
-20.978209295569417
-20.953199590986877
-20.955110926031413
-20.94577845850897
-20.93492343248904
-20.939935283222603
-20.943198772501013
-20.94323490929959
-20.973287928762034
-20.964989312510955
-20.992177025635026
-20.99555133718064
-20.971738259243452
-20.970908219334074
-20.97757325551563
-20.98545620895351
-20.994731704014125
-20.98880473479541
-20.99934932016082
-21.003728308111203
-21.014478101595166
-21.001126836418585
-20.98879897395787
-20.99527482627905
-21.00420387936338
-20.996915104860975
-20.984855883346476
-20.968440514679433
-20.985217763608503
-20.99861342343026
-20.98106638960531
-21.001381369800352
-20.99162538611868
-20.997466412605203
-20.99839261059584
-21.007876229672007
-21.008317544011906
-21.01453493668108
-21.01279237534948
-21.008009951936415
-20.994393312067
-20.99079274908434
-20.977022225983294
-20.99240956669027
-21.02035523885355
-21.008966646052844
-21.024421828048872
-21.034008081377635
-21.046688086961435
-21.044285283682473
-21.046393489382012
-21.049750509242035
-21.065349117361343
-21.065801087483003
-21.029915466784768
-21.032930802438308
-21.023595272136067
-21.02683142290111
-21.025533728059674
-21.012631884267996
-21.024962479267135
-21.016168135247945
-21.025571604310105
-21.01186937172435
-21.014656905377212
-21.042759266157322
-21.01833949725968
-21.00800283938627
-20.99066443417226
-20.99246094837068
-20.977713663489396
-20.986264125470516
-20.968131024691974
-20.963906939946146
-20.960036666635958
-20.94953864622588
-20.967414403915317
-20.9538116109049
-20.973541030995772
-20.973838807826315
-20.98183368282
-20.96626953355176
-20.969324060845615
-20.981259464371835
-20.980532427832568
-20.971536563080498
-20.98130222491181
-20.985662429134692
-20.98656663542916
-20.96236738742574
-20.956708478295592
-20.950854385380158
-20.950476353311384
-20.9421121041635
-20.959034134573443
-20.985226346656415
-20.99494639973345
-20.998812285227828
-20.992276929713626
-20.997705832863943
-20.998489549469053
-21.00516588139672
-21.01309026273975
-20.998221330618534
-21.012231802570476
-21.019908197062676
-21.016828971180033
-21.05671181169916
-21.039661231944027
-21.03103344697602
-21.020504890478943
-21.04752890735985
-21.05676958375983
-21.06228801919191
-21.031955423733457
-21.02404766421655
-21.04098085431403
-21.04712696356943
-21.04171887907973
-21.03364579961141
-21.01690329657459
-21.026631296355532
-21.01931774718914
-21.02666745368008
-21.04418853471341
-21.034973575220057
-21.024084094801864
-21.017103156488716
-21.035881491662195
-21.03830919269235
-21.0370657551574
-21.033024010765505
-21.00921347159615
-21.018657708015052
-21.002626707282044
-20.975589787275517
-20.994127847603597
-21.00045486542762
-20.985798099735934
-21.010655383717086
-20.986384520774163
-20.97948355511695
-20.996375948065417
-20.983999431762477
-20.97772203149622
-20.98300105884256
-20.992831345410263
-20.992094164443806
-20.993319588459578
-20.99567138162796
-20.996221197960555
-21.031503837364777
-21.00390936474879
-21.00660492251108
-20.99849659491569
-20.983560423076028
-20.977831426015236
-20.98743079862338
-20.986928943270783
-20.96990595960103
-20.962754668693275
-20.956667895818086
-20.9553950314078
-20.95235596027753
-20.941984142093823
-20.940063622314018
-20.95557774660862
-20.950740838639366
-20.946348745032584
-20.933116310045108
-20.934136740334544
-20.918444235211766
-20.936523965638475
-20.967466714727298
-20.964974263318307
-20.95531744390623
-20.97211335990451
-20.97260388997157
-20.965305312533854
-20.93199419885756
-20.937708286387313
-20.938402010493142
-20.92230295438437
-20.933826068139954
-20.932923913163652
-20.937250958967507
-20.94855034681628
-20.97616023403506
-20.98271987233913
-20.989813732159977
-20.986886161749865
-21.000122547967106
-20.99688441017923
-20.99013270560313
-20.975990311676824
-20.967473530963428
-20.967575144372386
-20.96698609067244
-20.971492744260075
-20.965168355498736
-20.96521493799668
-20.950453419178917
-20.98335913300007
-20.97714206175465
-20.949374185834017
-20.94509626386145
-20.954547776748797
-20.976498201908935
-20.98197240216759
-20.980954706384853
-20.966193042712362
-20.967177020989773
-20.994343654863425
-20.959695954170023
-20.94596024551329
-20.94003004008226
-20.92799939106377
-20.93924833362239
-20.953010330020103
-20.960680683808842
-20.95336061261542
-20.960300256169347
-20.966400828885874
-20.970129222600644
-20.959756311678188
-20.948090593489272
-20.956501193980767
-20.960564730122485
-20.97129902375182
-20.94725742481241
-20.93975595546873
-20.94269163343904
-20.949076006712065
-20.935227189344516
-20.942357472194633
-20.950227593105105
-20.929660590728304
-20.943583485930272
-20.942274773829705
-20.94535929973891
-20.960419058076834
-20.964179380669833
-20.95966223021617
-20.949285778429623
-20.941247507323723
-20.968868264519728
-20.948946479566178
-20.951906807319173
-20.94713145793614
-20.950786504921407
-20.954373740089196
-20.96042859890438
-20.96310439509936
-20.970995916564224
-20.979387220627327
-20.981443759762428
-20.972959364481554
-20.962131911548948
-20.958408079489804
-20.958754776123516
-20.956377748709055
-20.976197713667176
-20.970894551869197
-20.974869805563934
-20.981444051903015
-20.973092977073907
-20.976617221836634
-20.975939479782408
-20.956230519345524
-20.955030094136557
-20.940980048019384
-20.93505305633077
-20.936716666917786
-20.955991526114047
-20.965106814859066
-20.979115682986684
-20.95888611310927
-20.95162490038745
-20.973019374666354
-20.985435503273937
-20.97686502117053
-20.974575106867235
-20.977388206548625
-20.98226728648842
-20.974569272186617
-20.979644630956642
-20.99006861027118
-21.003309820922773
-20.99058380200902
-20.992518031060964
-20.993909628642406
-20.98192536408697
-20.996815092368667
-20.983040437454086
-20.986012235509477
-20.984856006562296
-20.98410155754083
-20.97752564480109
-20.98607030866264
-21.011914092136617
-21.021007319774956
-21.026296129050145
-21.02411508021637
-21.03728597423391
-21.023743533119912
-21.011797575045474
-21.014731763183246
-21.01148496119289
-21.00254742023403
-20.985029026843264
-20.996129317600037
-20.9810744405842
-20.972639876962155
-20.96205719987589
-20.965842277033406
-20.984301961251735
-20.98243478421427
-20.996748956853363
-21.01595337035551
-21.02538970282279
-21.023730761547156
-21.029009811583766
-21.02893441504959
-21.04012055158035
-21.023954962856184
-20.999835629563176
-21.003682347773438
-21.019275686294293
-21.018526702039008
-21.038398064131112
-21.0511656134882
-21.04995883246869
-21.05552144421773
-21.070202673309794
-21.07536608875803
-21.075511837233577
-21.05903364395689
-21.058256227986263
-21.038372363212222
-21.033748273832547
-21.02149623343461
-21.01724488058225
-21.021951354791792
-21.006893630458435
-21.006824535754482
-21.008888008217795
-21.02084268246588
-21.02239457524221
-21.03255498865867
-21.00748708648644
-21.004936346926737
-21.015067165974806
-21.023161577052907
-21.023209804645838
-21.02569472563361
-21.0222625796554
-21.001169861464025
-21.009001950093552
-21.02884825150343
-21.008504666775487
-21.000587609060272
-20.98892241839442
-20.981291164126375
-20.97125477580218
-20.973098680988322
-20.966900773477466
-20.978631766292242
-20.97860707107494
-20.97677810238706
-20.980181610648795
-20.98410102613579
-21.003933420962436
-20.998719844624528
-21.00426954083749
-21.002311280094524
-21.00818570814995
-21.003296413081767
-21.01585403295556
-20.994549665777694
-21.008430211145342
-21.02063591801592
-21.026640860754497
-21.02123842592517
-21.02997076014259
-21.031420699378252
-21.027645457263496
-21.02828539535967
-21.03133933311802
-21.04281922257053
-21.02919778253015
-21.034786268248062
-21.058549573752817
-21.052000611779878
-21.051011545067613
-21.045563902299584
-21.036568208854483
-21.040029172202807
-21.022347735655366
-21.00370234593267
-20.99463811549423
-21.00353954722707
-20.98525073972064
-20.974175571240746
-20.98800483497229
-20.96785495992613
-20.971016753160935
-20.992456307693807
-20.99007813517803
-20.980714425471724
-20.95565201260846
-20.976875137990387
-20.9635590365053
-20.935547618407504
-20.97508977108426
-20.973517360133627
-20.98312408903784
-20.986550860116466
-21.011347861262262
-21.003851299391627
-20.99875541731468
-21.012207600363773
-21.015930529590356
-20.98598467693389
-20.99018181725089
-20.96236522038517
-20.992671627118092
-20.98762173968807
-20.996397864350897
-21.00303456306448
-21.00086364613528
-20.993297817357337
-20.99823773555664
-21.011083899702776
-21.027288413160214
-21.054787188754762
-21.044773972366475
-21.05063764362702
-21.039594024519612
-21.041053080527654
-21.047981498219606
-21.068893827779917
-21.07497640598524
-21.067165641230922
-21.075339555620882
-21.054667050727645
-21.07917658434116
-21.07841299020491
-21.083240475618243
-21.075701478628076
-21.082804324450027
-21.07156176799493
-21.052623811424727
-21.054932123228287
-21.054150107366542
-21.04725854597701
-21.055071515050376
-21.035666106985758
-21.03510169627818
-21.07262934113558
-21.071406031253545
-21.07040870578334
-21.072298106994175
-21.064732925493892
-21.039272084058616
-21.045132196586493
-21.0512196183194
-21.058946665001628
-21.060729658637467
-21.076515259389318
-21.0578263270294
-21.0442794538864
-21.05742742610187
-21.066804952979673
-21.0581304432784
-21.07767739034221
-21.05975019684339
-21.049838184501347
-21.030794554726135
-21.029383936695105
-21.03869860318551
-21.0508508502484
-21.0590004598429
-21.059716987849303
-21.05649786827732
-21.06626911587839
-21.061734425880285
-21.02318280107933
-21.017658734640545
-21.000078216606692
-20.98409036941553
-20.995607161012934
-20.998592464210603
-21.004840596826963
-21.008721985457647
-21.016884777047977
-21.01914756050248
-21.041549605125887
-21.052197853397384
-21.056145818645707
-21.06869933112
-21.040949619891595
-21.029573955187523
-21.015127108125714
-20.996438700089175
-21.024149247518643
-21.03072196599612
-21.040006175424747
-21.046540265915578
-21.058491352755816
-21.05075762619127
-21.033271587391592
-21.038373447179165
-21.021321755387937
-21.021278087211044
-21.03122254011418
-21.034879801129794
-21.030336693089797
-21.03329130086669
-21.04094159095613
-21.05787987976795
-21.0513789714155
-21.052378862201365
-21.063369813957852
-21.040335397166732
-21.063524604946753
-21.058932024495448
-21.047531376483136
-21.05888926258337
-21.06068693979601
-21.074065889738357
-21.05915646506282
-21.04961579617909
-21.057831850104208
-21.067648636896962
-21.059445163214548
-21.065164181239815
-21.045200028822638
-21.04917838869736
-21.05514887388915
-21.0394186037149
-21.038717317564938
-21.037536685363026
-21.02552285246238
-21.014895648870155
-21.032617420363778
-21.053037449844695
-21.057678386356613
-21.06578074678579
-21.06678332163609
-21.054295344118803
-21.06100266720746
-21.058253118786578
-21.049984601048198
-21.052841620133982
-21.051663757540652
-21.030100964576384
-21.03109301912947
-21.040418022955958
-21.04240525960143
-21.053632970116702
-21.03957197068984
-21.05385473839174
-21.062635093402857
-21.07651631054558
-21.06629042996176
-21.061371817296727
-21.05930452306869
-21.071495597183368
-21.079168941716553
-21.101156441444946
-21.096729850626883
-21.093225062771747
-21.106841115343883
-21.08929440108721
-21.10446651385684
-21.096995487781665
-21.090910578751792
-21.086578953571948
-21.10903605862488
-21.086647731301294
-21.085852409422905
-21.074233345307764
-21.069810348151933
-21.05738018527926
-21.06794385119353
-21.04652919589203
-21.04849605938168
-21.0510588796564
-21.06622401858696
-21.074178110982068
-21.083577132672705
-21.096301949068714
-21.106480120452428
-21.095674877225473
-21.109285857368246
-21.1120306553244
-21.097637345205445
-21.095944463416306
-21.121029451382526
-21.108684493294955
-21.100677567510072
-21.123139696498605
-21.108089886354843
-21.091955832463746
-21.11546237056922
-21.11076655702052
-21.119704197163976
-21.130437949069094
-21.129936725140094
-21.11450529160769
-21.11886640782419
-21.107092865502924
-21.106492328837906
-21.124002994639568
-21.123461606305945
-21.11227413451107
-21.117909032429015
-21.111512042906064
-21.116047950414643
-21.109375044977845
-21.1252124350143
-21.134324648740385
-21.10523342318086
-21.10901952635768
-21.094245778952555
-21.075237635947197
-21.070750031693784
-21.08120775599924
-21.071311830937
-21.06245515021828
-21.054704506045713
-21.037895846898277
-21.04443541728969
-21.043721963738527
-21.044850003637755
-21.05315463534864
-21.076376247658757
-21.079101076308472
-21.069389692495474
-21.06981796309262
-21.03072420079847
-21.01628979483018
-21.02570238719308
-21.007665008757716
-21.01530449510635
-21.040699370797718
-21.05411282266346
-21.056435022463003
-21.035926989000547
-21.035113002779312
-21.032681512835648
-21.027763027881335
-21.029030746238305
-21.009419107840245
-21.004915643564352
-20.98761316181586
-20.96759684098208
-20.96874573924236
-20.96355992121523
-20.955744403428888
-20.961885270704563
-20.966402378778024
-20.971751399833323
-20.970890156675882
-20.960920549326886
-20.967845494644184
-20.96477130690073
-20.950360694508195
-20.920271930578867
-20.932292251451525
-20.95597383565946
-20.98603558883485
-20.98889288419754
-20.99088897682409
-20.996983899706095
-21.012555088771194
-21.001149441808384
-21.011446937155604
-20.998923030617476
-20.98701151503978
-20.99460222585509
-21.000056556250215
-20.996184614898254
-21.001419579136503
-21.00635435117509
-20.989499068793435
-20.975739181860025
-20.974743267997674
-20.993383465850485
-20.99023747031929
-20.97711483164078
-20.9884172438463
-21.012423891266128
-21.023870103456687
-21.029693245959027
-21.00589891413341
-20.987451386712408
-20.999095675939383
-20.988436070372828
-20.988939873511942
-20.976543848208312
-20.965912655714224
-20.966442311630043
-20.971043796131816
-20.97069028415812
-20.958079924172274
-20.962598994896716
-20.944896709340718
-20.954255454361274
-20.956355750551307
-20.967420375836994
-20.956554402472133
-20.953134177266755
-20.95621739977599
-20.97757262225273
-20.95597189467157
-20.97177170342395
-20.97341997723849
-21.00751366578166
-20.99365037684603
-20.992078745150064
-21.011411053456392
-21.015891376341212
-21.0149244736191
-21.030713221484028
-21.00574670603545
-20.994361355316453
-21.002219095337182
-21.01488655758743
-21.00319940024562
-20.996492640758294
-20.99887193865644
-20.990967258016354
-20.986698257806136
-20.989479723187316
-21.006891119988243
-21.011623255306265
-21.024088839107886
-21.0099466799907
-21.00469042563877
-20.9939999913885
-20.994097568266305
-20.996261241227753
-21.004397244960295
-21.015338438177164
-21.009719596522604
-21.008947460698373
-20.99917252232446
-21.0045642865895
-21.015188096926487
-21.004461736219316
-21.007113577136586
-20.989071171460754
-20.973837429815042
-20.97007878897757
-20.989655996245233
-20.998644195862646
-21.00672808884556
-21.012572919935337
-21.015861764677183
-21.006449285055798
-21.01551457672747
-21.000154732104168
-20.99447548455959
-21.01218604238188
-21.012877768222598
-21.03112960395072
-21.029836352953616
-21.04358040094674
-21.04210539365328
-21.048744089288874
-21.03539612146464
-21.051549846598594
-21.05184597677007
-21.056538583221062
-21.043401506706655
-21.05355631508107
-21.072675691605156
-21.083827352542006
-21.079129793172022
-21.059868305965576
-21.050477022879146
-21.06897808693858
-21.04824727552885
-21.05478785854371
-21.05870665911235
-21.0269624932321
-21.04219187922264
-21.041390511037772
-21.03041333454742
-21.017895359344337
-21.04989504613869
-21.03673428071077
-21.046303492871267
