-21.105994038976142
-21.032777330779698
-20.993888863364216
-21.024238796985163
-21.036089458209958
-21.002558907312213
-21.022726009997154
-21.02014663793165
-21.033265580209335
-21.02260442694784
-21.042110321499962
-21.018114831526383
-21.009782223587084
-21.012138847933414
-21.017682137762105
-21.031262912628538
-21.02469089417685
-21.010284026915503
-21.033519292054475
-21.050062293808324
-21.02359481731481
-21.004247941935724
-21.03866009874851
-21.040322995126033
-21.019420023133595
-21.014841695021563
-21.0408648032853
-21.017240202168225
-21.034701040941734
-21.04086866358671
-21.010693081279715
-21.01756888993147
-21.044368066864024
-21.040024140747455
-21.0191202715193
-20.995455165355068
-21.01783099751623
-21.02621480192825
-21.023962444588463
-21.05424736151478
-20.993651644921986
-21.039937152489394
-21.00458042749718
-21.04207767353392
-21.007675877187065
-21.040896399106845
-21.00181438661277
-20.99754407965565
-21.02346250813174
-21.04646908300121
-21.01146649203181
-21.02283489561818
-21.021834084052703
-21.036240622546938
-21.02485200819004
-21.00729758450237
-21.05317844780953
-21.014585465008203
-21.042011314504737
-21.025209130942113
-21.02578312317372
-21.016500121381526
-21.019927424176938
-21.03096690055591
-21.033366868009928
-21.028912749041222
-21.01964177300743
-21.010560211196864
-21.01607358926468
-21.05901525538797
-21.02181220523131
-21.03177111958361
-21.002718227120493
-21.02306769818276
-21.019724474686004
-21.046062018861665
-20.988267139385346
-21.03199449637177
-21.031443062251626
-21.00027400653609
-20.989801914070885
-21.031444369077885
-21.02348913998542
-21.014963288653163
-21.021273702916112
-21.025792354467548
-21.026656802319582
-21.029889874886784
-21.02234772551227
-21.00143232490884
-21.00174867524785
-21.044564692043195
-21.036186634359055
-21.067039930467686
-21.01010110429179
-21.047790700935238
-21.038238033037004
-21.01569060127685
-21.034758644143245
-21.029241155443586
-21.027219136532572
