44.0
43.77448696393269
43.52984542184622
43.27471591839813
42.98766017378229
42.682202266224834
42.33548424625393
41.95207232555535
41.56237918726958
41.13761638692979
40.678640553025346
40.18929296549563
39.65188709301235
39.08971219272835
38.49995968402328
37.84448196830541
37.187335182950314
36.45993382363345
35.70975220651569
34.88221119885649
34.01863005648698
33.106938265966214
32.151507374302504
31.109150800556378
30.103153412336916
29.065933032765084
27.945680320946213
26.793522797542746
25.652243089810682
24.499776452838887
23.29351757915206
22.12432207212392
20.925355240760094
19.666845876455913
18.4676187454554
17.204155192202915
15.944405256981478
14.725834671365988
13.514579351239226
12.29499035636903
11.104023675700594
9.884207181486568
8.775038998047217
7.718413060704744
6.612477378088027
5.553351222322998
4.51481058597825
3.5497685181354273
2.5460661170231282
1.698713184752541
0.7852173496104417
-0.055038755463734663
-0.8700064455851244
-1.663077733097209
-2.436977372116913
-3.124477371082066
-3.816725301730291
-4.4317964088933275
-5.05462883846997
-5.6756296725155755
-6.2195099631140565
-6.761789839673221
-7.247328437915431
-7.719553802795407
-8.199270264134563
-8.615654542867558
-9.040653392179403
-9.44807103245529
-9.840671185480522
-10.17352576231336
-10.516953596144786
-10.814366614626849
-11.113470663220047
-11.373025050997095
-11.662739076151029
-11.91901119130928
-12.144837313303814
-12.368556114190481
-12.595719521038133
-12.813046463958674
-12.991916404452114
-13.176923157487089
-13.337451019004957
-13.481220282721692
-13.618246270344489
-13.777710558671107
-13.89409087730641
-14.014863858350942
-14.158100614097371
-14.288069626358068
-14.407326167461122
-14.535758974078155
-14.657026096367055
-14.74217613621928
-14.821695252634878
-14.914641862135156
-15.002370053686656
-15.098750296826637
-15.187194415935982
-15.283719150593878
-15.364881582610838
-15.443829493686946
-15.498881867564927
-15.552497468575826
-15.604060009498081
-15.669370637322075
-15.732904423997892
-15.782311304814423
-15.83186666604789
-15.878277625356267
-15.928759341509387
-15.983653814074263
-16.049060576769918
-16.09784871867965
-16.148270280559764
-16.187095089538403
-16.238354920106843
-16.281601602355305
-16.32200474119878
-16.353768415061825
-16.40859609888179
-16.453141768976632
-16.483240055473466
-16.512727139011265
-16.52671092131836
-16.564702610287622
-16.587649639563942
-16.60525625142
-16.632294935689206
-16.681903499932474
-16.71675593994722
-16.75724900392975
-16.78888216102906
-16.80920531705726
-16.832469517568548
-16.857964672328244
-16.889615217167282
-16.912322143758782
-16.9504790824741
-16.964134320892267
-16.981664082309575
-17.010469178346565
-17.036324168331852
-17.060430047549684
-17.078049780680946
-17.103540099508233
-17.126564012124287
-17.15660363386691
-17.17573121971996
-17.192153994483444
-17.211920321023726
-17.228683916325817
-17.25523941095701
-17.271813432557277
-17.283225698966685
-17.304876900176613
-17.323309560760737
-17.32513356905689
-17.330937037406965
-17.348632609414462
-17.36116149748017
-17.38019908871624
-17.39816884359041
-17.395095984678086
-17.400034309164553
-17.421880843803653
-17.422897146689234
-17.43863150353819
-17.44106659010003
-17.469532011977837
-17.478960752788844
-17.484675503735428
-17.49817453786964
-17.518970985720546
-17.546009778833437
-17.57244727931154
-17.591812246580474
-17.59995653738347
-17.61979250690894
-17.63070597781148
-17.64634856342138
-17.65339608854389
-17.666087501924522
-17.671714547398423
-17.67864228671731
-17.680018115840955
-17.681685492302833
-17.695473553088892
-17.71990031082562
-17.730660290672905
-17.721590345925765
-17.728537395271836
-17.73176944251751
-17.734681049873128
-17.746870017876997
-17.74472075580945
-17.77083317312026
-17.779924703470428
-17.7976074757625
-17.8067157743416
-17.809401315342395
-17.836053105424426
-17.854787550201127
-17.871191268698386
-17.871730051832188
-17.873550033983598
-17.887150697818406
-17.89403981914649
-17.89782139329714
-17.90408108861227
-17.90590668030261
-17.904595140470168
-17.922037915108945
-17.93375686792854
-17.942589457555016
-17.94629474109209
-17.937168446864778
-17.946974894490033
-17.96180416276074
-17.96823581336645
-17.971723683347932
-17.984445021898274
-17.98611127580929
-18.005403134779936
-18.022898025167226
-18.035637341934024
-18.050020603167685
-18.046000765252828
-18.04875736114592
-18.045227782236154
-18.048612031755898
-18.058233437243413
-18.055776542922253
-18.059152989880243
-18.07137852192841
-18.077733719187435
-18.085446441317238
-18.08243970487575
-18.09569252884728
-18.101694672456432
-18.105358119406837
-18.11992015881532
-18.137920359433036
-18.138788801204832
-18.14700051452878
-18.147501209919994
-18.158191152557478
-18.16458351187978
-18.172732239930387
-18.16742069336415
-18.17444572279656
-18.18335712120928
-18.188422692356344
-18.191741114545163
-18.193523577534496
-18.19430649707628
-18.199136952675918
-18.209765045035017
-18.20361824281863
-18.20876771161101
-18.216840255223918
-18.21780793996639
-18.204103952827396
-18.20248934494863
-18.20565678201269
-18.217385350505506
-18.240530426739955
-18.256672270143813
-18.274617432222172
-18.282396919741586
-18.288688916417037
-18.290020917897596
-18.298724675690288
-18.297767739875695
-18.299368745027262
-18.291457112495383
-18.30385198419753
-18.31405072838667
-18.319279342507595
-18.301575953433655
-18.306079417101433
-18.3149622049328
-18.325859280656427
-18.326368618931035
-18.334638916938378
-18.32581105445743
-18.322410640955106
-18.328695510920337
-18.328712829352774
-18.338159286866343
-18.338320779828884
-18.34388465987272
-18.344064645436795
-18.354445110417345
-18.360658938891092
-18.35654445349213
-18.349775025626613
-18.35943739802358
-18.37422205032507
-18.381324317327493
-18.383471382668123
-18.393904487653767
-18.403827385040564
-18.399078461026196
-18.39961218804348
-18.404826005699636
-18.3966925268021
-18.389686921231306
-18.38788757499908
-18.385479024192968
-18.381396765038055
-18.39311630011897
-18.388892856022693
-18.39945521941272
-18.394759298040142
-18.394992911807876
-18.403212895577084
-18.411042440664236
-18.40016181109531
-18.412939561885644
-18.425500352407425
-18.42357257036362
-18.43742915139803
-18.449385717569392
-18.444218700365404
-18.448925140595417
-18.450046859826216
-18.44228435081877
-18.442323899817023
-18.437928959474558
-18.457029856718012
-18.478480981732368
-18.491042757895748
-18.481304283285525
-18.492774668673757
-18.49205528986317
-18.480290789553734
-18.493965089884245
-18.49635814318188
-18.503496575108127
-18.51409848295225
-18.521352949056997
-18.521833216443742
-18.538186111265226
-18.54462262892189
-18.562140053390607
-18.565550680491032
-18.562716507870174
-18.572912756574546
-18.58329653976122
-18.585504230352193
-18.58097896264373
-18.595257916707283
-18.610837799118315
-18.61870385028347
-18.630701688283942
-18.641715545038295
-18.659891842799546
-18.659069184507217
-18.652553712111736
-18.64659528551841
-18.642908466916385
-18.64744124782885
-18.652884102130123
-18.67029991376847
-18.69467708334723
-18.695448292946672
-18.69412021618371
-18.712996216282807
-18.717137631521947
-18.725395659936556
-18.719746255143136
-18.70618452515515
-18.725247986243065
-18.731508992155277
-18.73945433036901
-18.746276207255022
-18.750186387279495
-18.760460361641012
-18.754647778106456
-18.758316409522003
-18.752668539542544
-18.753004874530426
-18.76144408107414
-18.777322846512572
-18.7727221500861
-18.772368248465607
-18.78529055565507
-18.78231799640631
-18.78226492628471
-18.77800633456443
-18.769733610914493
-18.757290394008326
-18.76400347693966
-18.76282390427279
-18.759099354775095
-18.750480233890876
-18.760793825239602
-18.764408938991494
-18.7755620512082
-18.786215251865077
-18.775248524237416
-18.774535046754977
-18.773499326805908
-18.785515454899894
-18.782120263247066
-18.780889297403075
-18.78863629582453
-18.80191814377005
-18.79919760755913
-18.820257443105902
-18.82181043190238
-18.827455663140036
-18.83855882798128
-18.840600865498672
-18.833878229193584
-18.845764270798778
-18.850417341870692
-18.859064487119095
-18.84077543495923
-18.84825656610065
-18.85026506743274
-18.847094879394653
-18.853365923749895
-18.856936257206485
-18.873354178786116
-18.87821846568524
-18.888632756917904
-18.89755499894251
-18.891716756509023
-18.896963695874497
-18.899140747211415
-18.90919149782092
-18.902076623793203
-18.906366976427456
-18.918867856235323
-18.92146549944985
-18.91888648367989
-18.92391730379737
-18.94353245076126
-18.954641053112628
-18.96245347345372
-18.960564654268754
-18.960018485645712
-18.974423911717697
-18.97439057460804
-18.992177793617742
-19.003228069382192
-19.027180884019167
-19.02125193335663
-19.01301433177826
-19.005724480350953
-19.013763101345884
-19.00001100858021
-19.015615256873886
-19.021899421231865
-19.02568834349217
-19.031681472963914
-19.025275002757144
-19.032247105496815
-19.027337839993024
-19.031683989668892
-19.038274389909102
-19.024785794239403
-19.036632059541354
-19.044250312233707
-19.03563897983555
-19.042079744579755
-19.037128917726577
-19.0384088209807
-19.031398853225497
-19.022625009603846
-19.02318048185799
-19.018113959556526
-19.025096957897123
-19.04000289664595
-19.037115536463062
-19.04088798348926
-19.044525453858213
-19.052903934108606
-19.050697636046255
-19.0616554058724
-19.061231366826416
-19.04889530383057
-19.062003308721913
-19.065272434707637
-19.070649948576296
-19.061076290764223
-19.050272691080472
-19.04692883125525
-19.052385411402966
-19.04575829413547
-19.04816072296777
-19.03682734204572
-19.04041746192446
-19.0379275927719
-19.043540820047852
-19.060469571070183
-19.051230558644825
-19.063353176278213
-19.066971513494334
-19.0696167386922
-19.068634757005352
-19.07774127252911
-19.090980438079175
-19.09881838916584
-19.103695421483774
-19.107878255321797
-19.107427527324766
-19.11472229845335
-19.128720599339708
-19.133722563656068
-19.125723659807264
-19.113033965269643
-19.121877865739684
-19.126144639088405
-19.121197530105086
-19.132420950913243
-19.12332032727112
-19.133159476619177
-19.14471995495154
-19.13931952518503
-19.150862930863198
-19.145804999697642
-19.166215035335792
-19.16968506460581
-19.18017664234663
-19.192703870331993
-19.18133156760396
-19.17465648355182
-19.172940247746535
-19.166667701841643
-19.17473305280818
-19.17768864773212
-19.192018701446074
-19.196305181361016
-19.191925858218926
-19.192331376086788
-19.186394640161303
-19.187143604860015
-19.200645836707064
-19.21419045067292
-19.21222091830753
-19.211808324295355
-19.209493547557965
-19.2053358426245
-19.207705397907862
-19.213069509670063
-19.213828984311217
-19.2153932706166
-19.210883834576663
-19.21680702912156
-19.200836130850025
-19.20644070876408
-19.217077399318608
-19.234894525253065
-19.226689383461757
-19.25020359574722
-19.255520273915906
-19.258553469404337
-19.259796784341358
-19.254638916637955
-19.24650907475976
-19.272410449395814
-19.269465978972217
-19.269886388207983
-19.282072311798817
-19.29074371852898
-19.29238493590591
-19.286221717826386
-19.278435300077582
-19.2732920396673
-19.270159033376324
-19.261989765244746
-19.265068878445426
-19.275603463223174
-19.28716348047832
-19.27305494688603
-19.280345862114608
-19.28573802622675
-19.273993015043462
-19.28725946128555
-19.28326244364808
-19.282744688865016
-19.291430349755167
-19.288814702557307
-19.30773935095217
-19.30476302542405
-19.30025248433916
-19.296629659451796
-19.299689430491686
-19.297365417614834
-19.305901163915568
-19.329064946840834
-19.328387906771372
-19.323683614166352
-19.331000108125476
-19.332194325397623
-19.33967646529544
-19.339419086514845
-19.33028085087715
-19.34324383801954
-19.343163678935717
-19.34662657327757
-19.34967537284937
-19.350396228627126
-19.354706592431835
-19.34646473332421
-19.347733481770252
-19.352278341364727
-19.344620766480297
-19.343058862835704
-19.348937414594747
-19.362633916387672
-19.36626076606707
-19.37220963986805
-19.373732121157566
-19.37664935192843
-19.369235916178944
-19.37118794352685
-19.383289645162648
-19.375543361936575
-19.392421600235465
-19.400085654716737
-19.405395240521415
-19.402613931768308
-19.410521399209504
-19.422116640836503
-19.42877225369584
-19.44728846033061
-19.448686467058693
-19.44939583488642
-19.443818421744723
-19.440813486391768
-19.44362432462281
-19.448823515245838
-19.45499458825689
-19.465743631663376
-19.46759130017491
-19.466659470528988
-19.47984370211158
-19.472761382475156
-19.472809958227206
-19.46279794245752
-19.466661528972974
-19.47133436180081
-19.48071038597423
-19.48406046673766
-19.495004016870023
-19.505388305432113
-19.51686319810721
-19.527214300394036
-19.521397741610084
-19.520192416215995
-19.520457911131437
-19.5265101750468
-19.53405202029561
-19.51882809822174
-19.52389177364051
-19.53274730763232
-19.531037967813532
-19.537380460608006
-19.551546785441083
-19.562076034401965
-19.561552270535632
-19.56636488783018
-19.565467910755203
-19.564555492369834
-19.559409017377
-19.563291532954114
-19.563143709490806
-19.57630528121642
-19.571512833212697
-19.575108699954974
-19.588801060970393
-19.59114415511706
-19.59150025057742
-19.602602702904846
-19.593039172471872
-19.617372220365155
-19.62644487397335
-19.61186129667497
-19.61289885281859
-19.6015218311316
-19.597863862660965
-19.60343776197166
-19.599781450693246
-19.600996750470372
-19.61005257256326
-19.609547313584475
-19.6076045764308
-19.616329484629897
-19.613758795534398
-19.616783786446234
-19.612117601477227
-19.621325390731897
-19.62944200450383
-19.632026296776164
-19.63477573175314
-19.650833531467345
-19.663960872448357
-19.656678065283053
-19.645072863569812
-19.64747255742145
-19.660016898311675
-19.66462663257175
-19.669400456808955
-19.669108398257283
-19.66408652034428
-19.660181235271626
-19.64884335058907
-19.653726235655526
-19.650350528624507
-19.650890951872512
-19.658229218721242
-19.65818860806981
-19.65650793779622
-19.669312431842666
-19.67490793559024
-19.676979380824807
-19.70751438686407
-19.709690648063425
-19.716372340666716
-19.707455319192835
-19.703881870964246
-19.71696369430923
-19.7230909712321
-19.72238371053456
-19.736198892802328
-19.738009920914052
-19.737049104976226
-19.733176053765334
-19.73160321000756
-19.736057467975723
-19.751438393214478
-19.7581360661613
-19.774525123462126
-19.77381328087247
-19.774160867146417
-19.77954908318062
-19.781944862900467
-19.795141130732844
-19.808948318726717
-19.823542707180554
-19.826817490598895
-19.825712677083935
-19.831496032809966
-19.83619293305565
-19.8456115446318
-19.8599043333229
-19.86185439860232
-19.867617941531986
-19.882290969379486
-19.868801851315855
-19.87796685241893
-19.87179234819165
-19.876031441576263
-19.89072452830011
-19.887851610187738
-19.883441881310276
-19.881187004506405
-19.882774691413168
-19.8976222709793
-19.897969162669416
-19.89554193201613
-19.909571529318075
-19.90439471327616
-19.913101828120265
-19.911529157775398
-19.913013323958175
-19.919089295852203
-19.919546953513972
-19.925826256707087
-19.928040887067727
-19.94064603769038
-19.928525069303696
-19.910228770876365
-19.91316809250026
-19.91284697708559
-19.922169518094673
-19.926417840554283
-19.923240414957785
-19.92180122111816
-19.928497901614087
-19.914093515398715
-19.91208565615757
-19.908752942751153
-19.909082449419753
-19.90918671366048
-19.902040953789225
-19.898155913601972
-19.9009210156065
-19.902401371422368
-19.908667588729845
-19.91825774571362
-19.924012515866
-19.92524569711494
-19.93434175146887
-19.930138155263737
-19.935303774218845
-19.93491959894665
-19.943028389483697
-19.94546920127899
-19.950458651140647
-19.95168775243937
-19.97426883682945
-19.97602875968065
-19.978560613063852
-19.9861275404308
-19.979954070743
-19.97518366079183
-19.981486679390823
-19.988423187832268
-19.998250537144024
-20.00309644660086
-20.000161309927016
-20.014831607664537
-20.02125700031805
-20.01331984927033
-20.011864429840188
-20.00972905704804
-20.004058605634363
-20.004054750807068
-20.00129385319228
-20.000219003554214
-20.003874509515708
-20.01581830434859
-20.01536113580815
-20.002387724757813
-19.99638076549753
-19.998890499359685
-20.00856510622487
-19.999282410561975
-20.014842780388648
-20.017138066789485
-20.013828676141472
-20.01557647682719
-20.011743319566442
-20.01082774136521
-20.02264508159096
-20.024795804754717
-20.041212643803274
-20.057313166661682
-20.067117661039642
-20.06837146972135
-20.0621641343192
-20.057431432542863
-20.06420260520458
-20.06174213455735
-20.070480340985718
-20.065610112595447
-20.071850719825353
-20.06838303690206
-20.061822453598676
-20.056383605380212
-20.05729438618292
-20.06673909200681
-20.08433788846185
-20.084190512035835
-20.078067249116472
-20.0829395116114
-20.085175079350062
-20.103386548280163
-20.104166921744515
-20.11770706190926
-20.112300984471364
-20.12596161984164
-20.136252882084076
-20.14688160642581
-20.156098796362286
-20.156983494686198
-20.16632943923273
-20.16368794103584
-20.15640576060741
-20.16683482234034
-20.154103240113365
-20.162641772817008
-20.162884360564973
-20.171330818786206
-20.17113706729636
-20.172081907383728
-20.171679959017833
-20.17662876622899
-20.178884810495873
-20.177819935053833
-20.174886312499016
-20.16753844290977
-20.159140981653803
-20.17136253383346
-20.168109868858387
-20.16200619655426
-20.15695985293536
-20.162547272268974
-20.14609236319516
-20.13199160385865
-20.1195307210531
-20.123426736427874
-20.140975619504417
-20.135451188470707
-20.15285989052145
-20.15015257839325
-20.16809964549761
-20.173243908490196
-20.173727455430235
-20.16571458968888
-20.167823141445385
-20.157544911659404
-20.154231758870417
-20.169983980177296
-20.159547635389867
-20.16905646471534
-20.18622297119112
-20.18499258712034
-20.19342890753526
-20.2035742687994
-20.22139468000441
-20.196698238288757
-20.19656915054903
-20.196489069625976
-20.183511048547484
-20.1966948423584
-20.20882122336906
-20.209310424493356
-20.19513565685151
-20.191864785066194
-20.183509312420185
-20.192036391003697
-20.204041707670214
-20.20596865350911
-20.221989219556914
-20.214818782308583
-20.21179379903066
-20.222159668341966
-20.230266191953252
-20.236446681075126
-20.23658221052522
-20.23626777205586
-20.220309765202327
-20.21921160664117
-20.22313833028318
-20.218358804698834
-20.20922791159958
-20.207543206442057
-20.216105648628808
-20.211616384767687
-20.209516890679534
-20.211775739898453
-20.21726797978093
-20.214025195596513
-20.208272299428522
-20.205307171886837
-20.189759342596975
-20.190272539778796
-20.199958725008802
-20.194861657972744
-20.186086664120843
-20.196816325104344
-20.19344974501481
-20.19975323312106
-20.214213799003286
-20.23086827004179
-20.230363304985623
-20.24171746625438
-20.253027697411166
-20.254618892759826
-20.262467084493775
-20.26483743473758
-20.2553472197846
-20.247159248797928
-20.24872735941001
-20.242161306186222
-20.23806892229164
-20.235058778929375
-20.234877304719703
-20.230864026875633
-20.238749117592874
-20.237508039017367
-20.243008675484067
-20.2443309688857
-20.24063791565016
-20.241974295548907
-20.238331570310585
-20.234139949238774
-20.23430007898215
-20.22643199103873
-20.245524292919047
-20.241604554705123
-20.248325461929767
-20.239004310883352
-20.24566724826545
-20.247453288659855
-20.250063495338736
-20.26252224076677
-20.269928192756044
-20.261065899825304
-20.25809803221033
-20.268973091985345
-20.286747265304843
-20.288170530823216
-20.28683296474952
-20.284109155506474
-20.280679890060096
-20.28022553366902
-20.28250576188987
-20.28076786130887
-20.289816992134746
-20.292069624221117
-20.279488888102993
-20.28181707442552
-20.278527029033633
-20.28860564424318
-20.297490310858482
-20.314628187426965
-20.328749026157833
-20.3405188761878
-20.33095001797382
-20.316368333536268
-20.31742930413527
-20.340862355295375
-20.340224544361
-20.32725365943949
-20.325764288470307
-20.32363852914392
-20.32694494479249
-20.325319264307478
-20.32725938480753
-20.301459927564917
-20.29791947687997
-20.299427495207347
-20.287662881214036
-20.28211372231191
-20.297547591253682
-20.301044397708026
-20.311851362845115
-20.31824005461954
-20.312895201151303
-20.30802244367266
-20.316067018059133
-20.31141312796856
-20.305183827596686
-20.29515999223175
-20.295510662138785
-20.293340965058338
-20.331778649684825
-20.319086272807198
-20.322855506234028
-20.337339484453814
-20.34748186709923
-20.347822438135754
-20.35067962447593
-20.346796652411186
-20.345417264263848
-20.349613074777665
-20.3471419875049
-20.366557121847915
-20.36775664047407
-20.364452707982796
-20.368710017775506
-20.37188964695255
-20.36987079558912
-20.356213901041166
-20.36187843786989
-20.352944938955794
-20.370035969513946
-20.38134109812636
-20.38083661357884
-20.381304839725367
-20.384646163503817
-20.38903375005456
-20.39247880441263
-20.386084690969753
-20.385938454027304
-20.376089307472267
-20.367059332710674
-20.358429025726974
-20.359893620763394
-20.353671356676802
-20.362548920955362
-20.358473701813324
-20.358750882661205
-20.349684240182174
-20.34862724666295
-20.345655069899983
-20.349525605257853
-20.338253265990904
-20.34880978818572
-20.35964209295565
-20.36241035103083
-20.359514115382407
-20.365578725752638
-20.366632161997938
-20.370907011713605
-20.371312420126056
-20.384107159818313
-20.380532373924158
-20.3731384702005
-20.368599955016975
-20.375098115354685
-20.368547927999526
-20.376430393728377
-20.37778278707713
-20.377328421351887
-20.365864656288853
-20.364765703020137
-20.351825495826766
-20.351042592034688
-20.359104501549258
-20.357395674876557
-20.365175446837867
-20.364734618855536
-20.375807514376906
-20.366835935060383
-20.373627217124923
-20.38145003896724
-20.3618533412418
-20.377051111563347
-20.371402719581948
-20.365458917451022
-20.370091539816485
-20.374650187607212
-20.381338959366328
-20.388960424303832
-20.397305142928527
-20.39320244575586
-20.398480333319515
-20.394063237018518
-20.39635288623175
-20.408004085807935
-20.412149398527546
-20.4086735478067
-20.408707765356095
-20.405220859258815
-20.427414312000106
-20.425796401900342
-20.4385115255778
-20.452344180638487
-20.43119801219349
-20.426482449736877
-20.428236307004266
-20.425431063498515
-20.428851343739513
-20.428397298091173
-20.426367781321385
-20.41582764676117
-20.433404050962327
-20.43508849724934
-20.425794342264794
-20.434918764704655
-20.443862671232516
-20.456324804122076
-20.456764888683214
-20.438867885906795
-20.435337221584874
-20.445811158863176
-20.43686845014695
-20.429766296177213
-20.418550122817596
-20.408866867744894
-20.409167889226946
-20.426852065310275
-20.41904405369465
-20.423251631439207
-20.431096890609712
-20.430528559249737
-20.42381031696246
-20.438451869066085
-20.43556455993663
-20.428748183753612
-20.41997476847748
-20.42399502907598
-20.432901435573903
-20.43715267124841
-20.441987913975556
-20.46750082583691
-20.464640444759556
-20.468647638315016
-20.46963461166394
-20.471995737041084
-20.490782690649123
-20.48971441859668
-20.49089636437152
-20.482259663488573
-20.486666053462002
-20.485635121282826
-20.48398225074327
-20.483729851322614
-20.479350105225713
-20.489770708959774
-20.499536049725734
-20.496856755249105
-20.4955825591174
-20.498707293107504
-20.503340987917714
-20.486393013796473
-20.492773010723912
-20.503414865223466
-20.4950209976841
-20.495219010100516
-20.509384544301298
-20.49853098000909
-20.49932162340736
-20.498530268470716
-20.513842411088223
-20.52809062718722
-20.524942291974703
-20.532299028781683
-20.5186021346312
-20.521846222735533
-20.525904946372815
-20.538988042775795
-20.52653711719291
-20.54078507923135
-20.559006545312684
-20.55127795054535
-20.56113815976137
-20.564391972689823
-20.55513071315983
-20.551617783945556
-20.558158790281986
-20.561110702468362
-20.57201572017949
-20.576117975975457
-20.60372292662601
-20.608628680379773
-20.609160353241542
-20.602252317157635
-20.605286526603166
-20.611480185999355
-20.611412452669082
-20.612737531619523
-20.616091618388815
-20.617049074499292
-20.61474599588688
-20.600996248446762
-20.608064275630355
-20.610089821527016
-20.617280445311913
-20.622848680060592
-20.62531701217152
-20.627121815916357
-20.619930117626936
-20.609372504906688
-20.61859611290428
-20.607581767119086
-20.605060251918264
-20.605094207913243
-20.60679452856173
-20.614799403111952
-20.62216746018331
-20.61925391594449
-20.615788719598875
-20.618653640028043
-20.629596156352715
-20.62131875170673
-20.62824519223896
-20.63629929020444
-20.627764026208183
-20.61434736712222
-20.606630394904695
-20.60519275312701
-20.611544359628574
-20.6204372935313
-20.63252513418996
-20.637758728640215
-20.645719369127743
-20.650488901341628
-20.643588947460497
-20.62621250439825
-20.62260521199375
-20.61719411199034
-20.627525969826916
-20.622888491884503
-20.629432474471404
-20.63135839790143
-20.626227173147416
-20.61319467547357
-20.619011024851698
-20.621059728079235
-20.633224314696715
-20.638873478001308
-20.635025158486584
-20.629102045975458
-20.63079128843749
-20.627387140656495
-20.625900108467878
-20.613550454576615
-20.63237481434598
-20.633726819701767
-20.63722535673151
-20.656697738187994
-20.63932825688577
-20.62478448895272
-20.63108688293068
-20.632126712265904
-20.625307539203515
-20.631066781363288
-20.65014093353525
-20.662699719715903
-20.66779640432055
-20.663567609878633
-20.67223640197791
-20.676231188486792
-20.678611022332593
-20.66812217973625
-20.677054667935657
-20.68909028029178
-20.68206357650876
-20.70254632595282
-20.705885231800284
-20.717204419519238
-20.704939140587875
-20.69344746101265
-20.691856161981462
-20.68787747372708
-20.676927491978525
-20.674092510072903
-20.670011207415026
-20.66641832279895
-20.65148063686965
-20.663604158871227
-20.674827148941326
-20.672528635654785
-20.661869466688493
-20.667607740611466
-20.661794385091376
-20.669261660256304
-20.664353495943878
-20.65933076584483
-20.651982410879494
-20.668773650496842
-20.66435226077558
-20.661735083416378
-20.64846379506995
-20.645387624815058
-20.648098403609055
-20.65641230671657
-20.664009713721203
-20.659790077101263
-20.645991951627913
-20.640926877329406
-20.634124219432692
-20.62776117276714
-20.634078907180427
-20.637136468722378
-20.63730796171391
-20.637132869174962
-20.64971014524804
-20.65574503789629
-20.663246668585973
-20.677240726502628
-20.691124170207278
-20.70360107696476
-20.6968013321756
-20.687748700172186
-20.70042113214368
-20.699882007393917
-20.6956043143833
-20.69849458270163
-20.694394162182054
-20.701480735359954
-20.705673151495642
-20.713332923755775
-20.726000490089675
-20.732146074554276
-20.734463438770355
-20.731590807370782
-20.7289624347353
-20.740402543452664
-20.746181631075885
-20.753261531320394
-20.745156505164154
-20.756513066657803
-20.76970379366464
-20.765851720680082
-20.761620659289918
-20.753019994967293
-20.74294345757764
-20.744468110641275
-20.761082054783476
-20.76045535414656
-20.761402719406647
-20.768695424175906
-20.76192185884913
-20.770015700378497
-20.755697369513797
-20.755870289874114
-20.744259063458067
-20.7498352052287
-20.75231243001726
-20.74365164525897
-20.744144512060075
-20.740241678367784
-20.754291565330995
-20.7526836393885
-20.747197758410728
-20.761420558446453
-20.74757085499844
-20.746496636538776
-20.745046389178672
-20.74419016593068
-20.743679722964476
-20.747382571594255
-20.74366710818146
-20.741799423718433
-20.734332618552866
-20.73343490797632
-20.730868357098334
-20.7277097110977
-20.720684932759
-20.725333298817926
-20.72811557429954
-20.7390823035622
-20.741239564207582
-20.739424716321455
-20.739753904937537
-20.741072842465794
-20.75077492227412
-20.74574863931496
-20.75448713621257
-20.739919380629644
-20.739739570550782
-20.72223799004477
-20.70645362467173
-20.705060822156135
-20.715198551526772
-20.72670598563847
-20.72421361575338
-20.718898662334812
-20.717159116454667
-20.713442385063257
-20.71014867941037
-20.712764132276302
-20.71798505280222
-20.71877210890961
-20.717844071736284
-20.700452355896676
-20.69963070880164
-20.677070807206128
-20.682338266437675
-20.69419176286834
-20.6835209989624
-20.688212918329164
-20.68834373236608
-20.695224199853474
-20.707432829034065
-20.702084922107986
-20.696599421199664
-20.70359240107414
-20.711074245860928
-20.71600744262324
-20.71663787397056
-20.715802405473045
-20.71728905313604
-20.716782297079863
-20.72204956938583
-20.73342335049624
-20.714484960185022
-20.71908611139005
-20.724641914665828
-20.70980648848184
-20.702009676044646
-20.7211462576589
-20.715264315369218
-20.70874770443204
-20.727900154731447
-20.72461818718448
-20.730060655055063
-20.73932095448611
-20.723392863657445
-20.72142257981558
-20.739476382799012
-20.736436653993593
-20.73487732133258
-20.73214714363967
-20.74242188521432
-20.741283238691523
-20.753406839523517
-20.761624272151813
-20.763491736930142
-20.76603101671157
-20.768043605875686
-20.752354900676206
-20.74245607048832
-20.737424941068348
-20.743935702751916
-20.742171003081264
-20.737511389881256
-20.727303851456867
-20.737229702115407
-20.732704568300903
-20.749605458400804
-20.753701940120234
-20.753222837142562
-20.75490919685932
-20.74502857083765
-20.735098583232602
-20.738000587515018
-20.735105800576658
-20.73071249955483
-20.73862925606345
-20.74357088353889
-20.738773995013975
-20.73959893018383
-20.74785710785026
-20.75016728343993
-20.752909277579004
-20.752465140844453
-20.767746325982376
-20.772397224871437
-20.778214322454907
-20.78392083656931
-20.771800742709097
-20.752462543227146
-20.752700783194324
-20.752128924621488
-20.753798239896447
-20.750879399942466
-20.747199046373183
-20.73993857311517
-20.741400151773803
-20.73887650416266
-20.744249083008008
-20.74074007783792
-20.746519635731623
-20.753972654009917
-20.75484596475405
-20.761401747547723
-20.764714230394922
-20.763256119234384
-20.762379309764246
-20.751730340355557
-20.763805284732502
-20.75098046690638
-20.747357030088462
-20.75155681754004
-20.7438786328166
-20.74420663095727
-20.7534644031145
-20.76521583494663
-20.763771060454385
-20.74281864610942
-20.748096564989023
-20.747340054630293
-20.75544264135604
-20.766852098908767
-20.76309920543283
-20.763899573759325
-20.76667603116579
-20.77525633257142
-20.788096933263002
-20.797320771205467
-20.796692788552214
-20.803630844459523
-20.80191075811686
-20.810380629354647
-20.80335272474267
-20.80518121393999
-20.80136403305247
-20.822110773267966
-20.83989419613372
-20.838854186505873
-20.847478952254363
-20.84160718819377
-20.8502728516027
-20.86324686252084
-20.86588417461231
-20.868535188642685
-20.874546685668996
-20.878134336677125
-20.881606457859323
-20.885709801921283
-20.882130422348055
-20.876201506980152
-20.8672508147834
-20.86125566530948
-20.86392117450691
-20.878484569821183
-20.88990244328393
-20.89392790611167
-20.892602666606802
-20.88595947106154
-20.887935208916247
-20.86975277597243
-20.859979653499366
-20.853287632193403
-20.847198891494017
-20.853838229921333
-20.862450147218837
-20.851878206635494
-20.854731002437056
-20.85339441939764
-20.851505804962688
-20.840000434153826
-20.844802314799967
-20.851028146058248
-20.853597617156247
-20.849049479377026
-20.841750487498505
-20.835355470984034
-20.841708838273014
-20.846564341330048
-20.839765768764877
-20.85289912987767
-20.861351358789733
-20.86837272492983
-20.86785103332732
-20.876680502667128
-20.88167240444614
-20.888477832256168
-20.88928285163496
-20.882690986442128
-20.868112366999434
-20.869528385969314
-20.868690141120663
-20.870092735904677
-20.8542568004652
-20.83118447004685
-20.836638232708136
-20.84403540662117
-20.848067699537836
-20.83880107029493
-20.827981148966007
-20.840445574122317
-20.838811281868256
-20.835212597269813
-20.840325250256665
-20.83880257803233
-20.843747173016517
-20.829781703839593
-20.823902279558162
-20.826056882768793
-20.839183246885575
-20.83800286456678
-20.84167928943209
-20.83210057066644
-20.824821188255477
-20.830968909757424
-20.840028562775323
-20.834631065243514
-20.830167250731794
-20.83405453953589
-20.83330690968804
-20.84048233714949
-20.84382950959822
-20.841700784270124
-20.83930254778752
-20.831362538267783
-20.81988303355487
-20.82546607023583
-20.830528997170944
-20.8185110745519
-20.828140579997946
-20.81132712707391
-20.808126986547762
-20.81433632477509
-20.81120257110078
-20.791929587784995
-20.807821012858394
-20.803001492338097
-20.79801218366769
-20.795764105956245
-20.79983305462612
-20.807664320520637
-20.81533212522138
-20.811250689497264
-20.799089303476364
-20.79746621525971
-20.807079574662733
-20.79128979244894
-20.79959877924538
-20.795053607507143
-20.807717787043522
-20.812960453247975
-20.804735431675695
-20.80726900233086
-20.810635112848132
-20.814229159410118
-20.8176109452614
-20.82456200726983
-20.83180935283885
-20.82980514828042
-20.81774464022056
-20.815765995889674
-20.80911949349306
-20.809162398168585
-20.80655935838726
-20.819213560320335
-20.811489242188195
-20.812690665625205
-20.80943954763302
-20.81704988676726
-20.808084196929823
-20.811297889515505
-20.80099865953011
-20.80152449352271
-20.805424280771785
-20.804912377866085
-20.795588529605254
-20.789922745108914
-20.799454884399676
-20.784674190254577
-20.778457602487652
-20.772257218967006
-20.764931439717383
-20.77559500285913
-20.77400108781979
-20.767891642332735
-20.771866400269726
-20.770148989333364
-20.767737299390898
-20.767882211491415
-20.772076461412592
-20.761669475161103
-20.755980693163384
-20.737991878332167
-20.750083382658605
-20.754606650284718
-20.76448960425271
-20.782018053230317
-20.777612105407144
-20.781816993548837
-20.77651464279563
-20.779009723373488
-20.772592264816687
-20.76325819642322
-20.766038153866198
-20.76187211933732
-20.759618898165623
-20.769086154675755
-20.768451513240034
-20.76974652895369
-20.774953870592864
-20.767654175195545
-20.76977275057878
-20.777890673548796
-20.79137089563454
-20.79687698723465
-20.81036611085393
-20.81076961504236
-20.81795567726317
-20.821157179942915
-20.8067921671415
-20.816065449226507
-20.797092179151964
-20.79540505048682
-20.78271200777335
-20.78231729192899
-20.78898446653453
-20.792324211010158
-20.778071773518025
-20.77428369016236
-20.772305759361817
-20.783968957610146
-20.772792364291465
-20.769612871134655
-20.769145213140284
-20.767378079882985
-20.783424316851587
-20.77602011215504
-20.771756152260526
-20.763522030677567
-20.773953055144503
-20.78897387426194
-20.80259341755746
-20.787244904704608
-20.801232126755124
-20.793468485632584
-20.782911264174263
-20.778411250520318
-20.771541387105273
-20.796800153402952
-20.787420465067353
-20.782549787980976
-20.800573433235854
-20.79463756637611
-20.78525779457213
-20.799596741449626
-20.80977786182294
-20.80808620010446
-20.8284842322795
-20.840016841445287
-20.840242194368383
-20.84834343079716
-20.838912802342744
-20.845511743563897
-20.833693814264482
-20.844978177919224
-20.84371298669664
-20.84678732240714
-20.842672538660846
-20.83150788254923
-20.819292145022217
-20.81854300531205
-20.831366829643585
-20.834890481555227
-20.852099991194773
-20.852330682081142
-20.85963878183769
-20.868245452620986
-20.862826249273493
-20.850510005787623
-20.85536010089797
-20.85717291773835
-20.842220502962835
-20.840384922855065
-20.840160708162426
-20.85443762662751
-20.849764396001085
-20.847159550131785
-20.849839570923994
-20.856089293639755
-20.863676717423772
-20.85593238189006
-20.85285724085111
-20.857287922042588
-20.860252973690184
-20.836136607242103
-20.82797416095024
-20.819019957319938
-20.81396625536281
-20.82621527160114
-20.82415614864654
-20.829398341782348
-20.832850063056657
-20.82476375357273
-20.82064364367256
-20.82401857167063
-20.83669299661802
-20.834958699211576
-20.81707566178811
-20.824007465905478
-20.826412758500013
-20.833451380766355
-20.842813765938818
-20.84475434613325
-20.85417439584436
-20.841749698688503
-20.842048966422915
-20.854841963483917
-20.865405357353232
-20.866759202357052
-20.87014384366936
-20.871402779078398
-20.8780039897358
-20.882636042400655
-20.87328527514047
-20.87670752086471
-20.888502804348718
-20.899920116733192
-20.90262586709526
-20.899583101205625
-20.896637558101542
-20.906779960085423
-20.90949563636647
-20.89831536394997
-20.91169494193986
-20.910926964746185
-20.90427084657439
-20.896116686746332
-20.894769116703298
-20.89846203324307
-20.902152048333416
-20.918259438812694
-20.9099631045855
-20.906170609325542
-20.90344911353288
-20.904800151917446
-20.898374649029616
-20.901183948592827
-20.88998373100467
-20.893547501174695
-20.889968418623557
-20.89752757932884
-20.898139211794625
-20.914015859348826
-20.90412314234695
-20.906852000873975
-20.905841605230805
-20.921972388704727
-20.913821689432275
-20.90213658433109
-20.906760159371835
-20.90772901613215
-20.915468980230226
-20.91687130510342
-20.913387847091283
-20.91233347139833
-20.899290675359786
-20.885503353672924
-20.87347952272992
-20.862750469199007
-20.87076741174891
-20.860361285288626
-20.847752435424383
-20.846406489115783
-20.852749180659824
-20.853586983124966
-20.85091808929975
-20.856102277742576
-20.865120130901264
-20.870068625837867
-20.873818379926316
-20.879250565700314
-20.875856704070475
-20.881060398107905
-20.88213910315629
-20.8861822793577
-20.873826129907982
-20.886286169255786
-20.89282241912468
-20.882970349539136
-20.89228300182517
-20.91825016389271
-20.902603782928512
-20.891526176905487
-20.891534240180842
-20.88614047720793
-20.895685749159526
-20.900806376185393
-20.90480075041346
-20.9085694708894
-20.906135004665853
-20.899359519155887
-20.895687876902635
-20.89554384692076
-20.904354364411116
-20.907080001616254
-20.908281853889783
-20.92340371973647
-20.920304388944732
-20.933254424635468
-20.9280203740052
-20.942172259261202
-20.918922541720267
-20.916428633200415
-20.90200608723731
-20.92435597032525
-20.908965926491298
-20.896166885672077
-20.89701759730601
-20.88968386493998
-20.880113480033938
-20.85926943706303
-20.86863291130815
-20.87775093288455
-20.863625036414344
-20.86535319083579
-20.86522531771226
-20.86738479428439
-20.874904606803153
-20.885084712271453
-20.894170535321873
-20.90561340931917
-20.909885393587555
-20.90860444075024
-20.9079329470806
-20.90119147064212
-20.91511317762913
-20.91784816595255
-20.93422222334122
-20.948004291424287
-20.961485900863238
-20.96135504495168
-20.960655069767263
-20.96355207658191
-20.969109159719807
-20.997115162984258
-20.98863444489538
-20.98564435857985
-20.989115389944345
-20.981922532395288
-20.991108521944884
-20.9756573823655
-20.978782230731206
-20.988376135688934
-20.98105178412646
-20.9798581351777
-20.98795586280565
-20.982935571822253
-20.976499668463262
-20.97039725749358
-20.975021746556877
-20.970701234747846
-20.962072393152415
-20.957799338844215
-20.960219921667353
-20.961250543519238
-20.96641262341815
-20.958381695388944
-20.962749090175752
-20.955125951577816
-20.932108970066682
-20.926359483732902
-20.916173663176647
-20.907895532861144
-20.914296634071544
-20.901993281090974
-20.899332706709753
-20.90174121970642
-20.908656264276537
-20.915210250902714
-20.915424641675333
-20.923464521536733
-20.91721195241507
-20.917922493680273
-20.912203377187744
-20.928976982126258
-20.943090580786635
-20.935737509028296
-20.944672191659638
-20.950823344595197
-20.94830212300641
-20.947272072924648
-20.949610358418557
-20.94370213211841
-20.926185631049396
-20.93051604154476
-20.924390283751084
-20.914164256273992
-20.912016924555573
-20.907927942647415
-20.911939972971304
-20.90156415820086
-20.906407193339373
-20.90161964620332
-20.902782052231004
-20.895096945076624
-20.88876449573135
-20.883296210985833
-20.896624450980795
-20.908183625588507
-20.896114473152682
-20.890581840150976
-20.87778325963988
-20.87666047384036
-20.885227781435713
-20.88597738285576
-20.904770527361027
-20.902349225826708
-20.901102718436444
-20.8902443022167
-20.895438695777216
-20.9010221438937
-20.907117794011775
-20.91448581396064
-20.917313117764092
-20.92031766237988
-20.915517473333352
-20.90273422456561
-20.90411489630244
-20.900278844438755
-20.898101866041806
-20.896620439875925
-20.900243162739248
-20.894886640280724
-20.885467076443696
-20.881300907940606
-20.889371752795924
-20.88378742664588
-20.874106299787826
-20.88715364639231
-20.884922420595494
-20.891052159035883
-20.890444945979016
-20.90615912849341
-20.915174352402094
-20.914168180329966
-20.930799245690764
-20.933902170812985
-20.932661903710507
-20.923248849532015
-20.94596188998192
-20.950180294440177
-20.946199870424397
-20.942703190603883
-20.94475662060461
-20.935909564514215
-20.917402054603603
-20.908761346039277
-20.919671681561407
-20.9227457009878
-20.9313718728695
-20.94007922124066
-20.952376636392906
-20.942307706134486
-20.94081582373541
-20.940476505120085
-20.937945708312835
-20.93948479255905
-20.92233646291988
-20.914932113465202
-20.91465926055395
-20.910484173003585
-20.92602746694214
-20.919762369108607
-20.92670381712921
-20.92634838399964
-20.937389494573246
-20.935136177780546
-20.928302055798834
-20.93325106089074
-20.93044816828954
-20.9315977349223
-20.9383820972385
-20.93620421984291
-20.939136998095464
-20.936246107802702
-20.942177615803608
-20.927152811327225
-20.92660210952436
-20.936521679207278
-20.9445883978321
-20.941101320634036
-20.930684611023693
-20.944004958315844
-20.941006199482192
-20.941754065973605
-20.93119842555382
-20.929486398468743
-20.915172335170425
-20.91371285548437
-20.93426163204657
-20.92274062946106
-20.92461164681029
-20.912422761601665
-20.91720280671105
-20.917813165424196
-20.923300549454712
-20.940919986177676
-20.945214625372287
-20.929180665644097
-20.931868007596208
-20.931511236970458
-20.91238737737654
-20.918747045237975
-20.894889484592582
-20.892520992474353
-20.886382782811314
-20.889898004198137
-20.891260820273416
-20.89425294326018
-20.894612712847845
-20.89030768145358
-20.877007793904895
-20.86677637277535
-20.87492064743524
-20.872745991768483
-20.869747217874902
-20.857184713538533
-20.861891312076132
-20.866743612719514
-20.85897634089361
-20.8549655500395
-20.86613789697649
-20.88331130556425
-20.88553871779588
-20.89288210531546
-20.904082170125385
-20.906070809954755
-20.905491450762014
-20.895849074909325
-20.894685351841666
-20.889754166006174
-20.8934521986974
-20.894123449066797
-20.910874644384645
-20.911980380811055
-20.91786182743673
-20.91110367489876
-20.91059807522723
-20.905089007103
-20.914016966693236
-20.898431869107732
-20.89331266057029
-20.909036187709148
-20.91313471810951
-20.892673419631755
-20.90109805193291
-20.890882643839188
-20.89402616856285
-20.89988102751069
-20.901247327574865
-20.90154845530135
-20.91601156996155
-20.91354375427892
-20.919433905986434
-20.91720714823977
-20.937979743973067
-20.950648874134018
-20.943484315213848
-20.93514449838356
-20.941693944999756
-20.94057172107791
-20.94044173703692
-20.939256130057572
-20.940372450692987
-20.92394989723064
-20.926902113828863
-20.922469531283916
-20.89744492886683
-20.897404368880835
-20.89055563634228
-20.891562158746165
-20.882380991398616
-20.8729890138119
-20.877350232055278
-20.87967466837867
-20.87245774210205
-20.89593819364234
-20.9109673117017
-20.92785665691278
-20.92544381454971
-20.92461356434163
-20.92532612947706
-20.914215863688277
-20.916118088492894
-20.919275540171295
-20.914896663924583
-20.908614143366254
-20.90496578346827
-20.898459830405216
-20.90999336026391
-20.919122473795756
-20.92077153209032
-20.923595214862395
-20.92137296481447
-20.915450349711833
-20.920139252728962
-20.92125609130377
-20.917853789306452
-20.923399622901012
-20.90659164489612
-20.913357832341596
-20.909638635558398
-20.911498096502356
-20.90350959612552
-20.902765376126833
-20.912436038605687
-20.909928256614638
-20.906145996841428
-20.912594140091024
-20.916756410488393
-20.906596637659156
-20.90568189842142
-20.9167642420298
-20.9131037317779
-20.918707940548046
-20.915857754192686
-20.924479381443575
-20.92428890431215
-20.913500499437816
-20.92118847571823
-20.917089741187514
-20.932344507004288
-20.934284429027976
-20.937587918833444
-20.931742648869104
-20.946708898399493
-20.94956940947405
-20.953848759872997
-20.953156579774056
-20.940541562306365
-20.937717881425026
-20.922843342673712
-20.92073003524272
-20.922283636216214
-20.917975251567743
-20.92229767256375
-20.926557068213935
-20.926779474666795
-20.926354750819396
-20.92250678942956
-20.92605801567621
-20.936920623924795
-20.937734144868603
-20.93471210116692
-20.936310265477797
-20.944156470973507
-20.94286076283828
-20.94928796823677
-20.95320455566203
-20.960880775239907
-20.953044272044465
-20.954460119108575
-20.950322178907943
-20.94015193472588
-20.932240841075256
-20.931795936692037
-20.93642181544184
-20.9419596614723
-20.938519442909012
-20.93063390223564
-20.935996405201454
-20.92424372211873
-20.93605168587474
-20.93301004929783
-20.943639097162716
-20.934153831142275
-20.93898421134038
-20.942332840484973
-20.932817645772605
-20.93123282336155
-20.92289862152977
-20.918983812519876
-20.93344617099894
-20.944638356781066
-20.932984324176502
-20.928394627257138
-20.91757086837271
-20.913540608042474
-20.903068877245662
-20.898231417273074
-20.885394235900257
-20.876608595031062
-20.866035590169766
-20.865094164791767
-20.86731692899055
-20.865852890551235
-20.85290913191141
-20.86266471174228
-20.863050546824176
-20.86284491626006
-20.86118640990969
-20.860463820286625
-20.85390770138501
-20.863677075669305
-20.86860116200531
-20.884628217310254
-20.8916710333243
-20.895211405578003
-20.902249390120915
-20.895094590725215
-20.892073741621594
-20.8919379443617
-20.886683039434455
-20.894718937784567
-20.879028388430964
-20.886349458787503
-20.876320565406658
-20.878297329325818
-20.885051464381803
-20.87484470040254
-20.885991912610738
-20.882421367968448
-20.87296706221289
-20.875373734137284
-20.87052859329755
-20.866358897794203
-20.877955902380652
-20.882294823564493
-20.881594619165075
-20.89029181927836
-20.885620305445258
-20.872437325520668
-20.8817279683857
-20.883672083048836
-20.877175641439035
-20.882807989109054
-20.870380073732992
-20.872011442794626
-20.87608991259173
-20.87744551540251
-20.86547648587012
-20.87582425611088
-20.876450021846402
-20.873070628318253
-20.882793451579854
-20.88189446416488
-20.884062804594187
-20.87212164555819
-20.87935252522867
-20.86655209262562
-20.87281714481877
-20.86776068554792
-20.867884014554583
-20.865918638805674
-20.878045293652303
-20.861512730784067
-20.85012773983488
-20.85307712165934
-20.85363266168375
-20.864560571539105
-20.86361719586408
-20.878465162384675
-20.883071330701494
-20.89989913488282
-20.897961960185356
-20.89329562936946
-20.908684748800013
-20.90741113638117
-20.89280224032189
-20.886686278231622
-20.881160386607938
-20.897632124717205
-20.893888139563884
-20.901045790234264
-20.902404828953774
-20.902344944022012
-20.9052308334399
-20.901669659391
-20.907256017992992
-20.908327814360238
-20.9205776826296
-20.90651608023013
-20.90686619826076
-20.89685644510688
-20.89738597094764
-20.895795990760515
-20.895709711442066
-20.88535257170505
-20.868455173373153
-20.863809447530084
-20.875593688856547
-20.865379034229253
-20.855720222838663
-20.85766998349431
-20.86211702032033
-20.861967032949426
-20.863123719652243
-20.87087139135103
-20.875124399445635
-20.880088846057347
-20.86795133564366
-20.88623357733593
-20.87738739070842
-20.879489449671144
-20.8909643027299
-20.884471718150564
-20.89552435806513
-20.8889440819823
-20.899381397209073
-20.910200507747007
-20.919745452289067
-20.922240329438257
-20.9168532634798
-20.919042314681352
-20.92616888649476
-20.928545788940912
-20.93507085761956
-20.92751649730143
-20.934679044442895
-20.944872180646467
-20.936963725754946
-20.94138361116659
-20.936062713534948
-20.939051268465064
-20.9355419888688
-20.931522546222716
-20.948155268751584
-20.937239873013695
-20.926716683683914
-20.93902834774317
-20.942590894862636
-20.939095983575097
-20.930809872386302
-20.92153256815077
-20.92576321071565
-20.93371084018283
-20.91580192071401
-20.91688831450257
-20.921832289243607
-20.924863943834236
-20.938143951965184
-20.93129957891473
-20.928414512201492
-20.921065666602836
-20.92483855813092
-20.91392931469769
-20.91643454638628
-20.92368454277706
-20.930476953266453
-20.93628830195934
-20.931809111033512
-20.922991414688394
-20.936619754337276
-20.938076533835204
-20.940590408471504
-20.93808301682036
-20.94030809273182
-20.924742154262795
-20.930320340540057
-20.925726609536706
-20.914272424237442
-20.922266688829563
-20.9184276966136
-20.93060975764032
-20.929294024880623
-20.92717733484431
-20.931579421388946
-20.92667274777909
-20.930560738962185
-20.927813204491756
-20.94194392317688
-20.921515900617734
-20.91453469976547
-20.91518763450036
-20.902316403673883
-20.899786547973772
-20.899687748210763
-20.911459128954636
-20.91416384840611
-20.915931390285554
-20.92519388325667
-20.912078831280926
-20.92036507232031
-20.924433965131055
-20.924701501844545
-20.92157052025471
-20.9408277041801
-20.931768939849622
-20.938495375716325
-20.935376197159826
-20.940555374006024
-20.93357356527527
-20.921285935394852
-20.925224863661327
-20.921930258599836
-20.928813239149427
-20.927546456470164
-20.94186966797902
-20.92933255146546
-20.936218922291072
-20.93985672444318
-20.937937477966653
-20.937772904084383
-20.932157635356635
-20.919711233196953
-20.927288811505093
-20.93081822828572
-20.92095840481451
-20.923094519375972
-20.922693753398292
-20.931948224622424
-20.933526472496226
-20.93048600703951
-20.907203702979764
-20.911190241391154
-20.91125059064486
-20.905068734724612
-20.907740838033433
-20.903630354434434
-20.897163436942865
-20.90151135032747
-20.90905865177751
-20.91545986840669
-20.923719401116525
-20.925729986762185
-20.947336253694587
-20.940275404303023
-20.9312578956358
-20.927247012064804
-20.937659009614165
-20.94117387876073
-20.930645505557962
-20.94141360408608
-20.93794701496214
-20.92947479197667
-20.92379878784765
-20.924830612204765
-20.91997702382943
-20.914093891893867
-20.903659624814086
-20.91213827502162
-20.919133106304383
-20.8998297030066
-20.89826648305006
-20.891488270159385
-20.89315145649198
-20.88666175777389
-20.875134120896153
-20.85889233996152
-20.872466093792653
-20.865507830607203
-20.86013296071078
-20.868953649323533
-20.877677852098326
-20.858653199496388
-20.858508108603086
-20.864425253243997
-20.85909811295954
-20.854270457612397
-20.857550396795695
-20.854200622877382
-20.86174927461841
-20.868841098763443
-20.86921370328302
-20.862007122925608
-20.860716359276644
-20.86397295320156
-20.85246745033198
-20.863714261549987
-20.862128923899686
-20.856183537768807
-20.857831609669475
-20.851875976036645
-20.869751750168472
-20.885345102551682
-20.88259737879157
-20.879260239475983
-20.879160162634236
-20.872725673694553
-20.88064884317245
-20.886603883874635
-20.89029851133632
-20.892801267978566
-20.894454495310836
-20.884181512855015
-20.885421264984522
-20.89379591593008
-20.890532500107433
-20.89328364873169
-20.907042545925552
-20.91273847707763
-20.921999891498345
-20.919102522098566
-20.930170660189162
-20.939021381254044
-20.9397944502195
-20.946128160111275
-20.940674958407
-20.944437074728313
-20.9254982466096
-20.925834881476312
-20.922218872806972
-20.930456180989854
-20.931350307976007
-20.93435238165365
-20.931099126964355
-20.931153682633877
-20.937276647239738
-20.9464551603806
-20.928600968600442
-20.920657131953828
-20.910692580614
-20.910974901652388
-20.924961731676294
-20.91844289216837
-20.918888722998158
-20.911128957450877
-20.907403673071535
-20.902501060775936
-20.903249436050057
-20.904866578282117
-20.900656912369815
-20.901558589396554
-20.900561500353543
-20.906092874830616
-20.901215536581457
-20.896201446219575
-20.90164121177538
-20.90334852843003
-20.904826695593723
-20.89929626220589
-20.90545890023424
-20.911030479426977
-20.9113547020693
-20.899553537920355
-20.90166774635509
-20.88719044740101
-20.888338344624668
-20.895806993699022
-20.901821878102574
-20.90567344181607
-20.921757760613396
-20.916676879754927
-20.925480268428316
-20.94280654754957
-20.947244909063766
-20.926365080940368
-20.92574885851767
-20.92017116891718
-20.91461320908653
-20.908786291026175
-20.913218274601544
-20.934920008576036
-20.926152614615432
-20.932196765222667
-20.934331697418315
-20.930987328900464
-20.9396335786825
-20.940186817914892
-20.9459058047313
-20.94074129906671
-20.945636064260515
-20.951036794185054
-20.95254267607814
-20.95045360778394
-20.951231194597533
-20.93929388410445
-20.942338721739965
-20.951498660610834
-20.946210488673362
-20.957756610445575
-20.957217022325917
-20.961946222082773
-20.962723712451357
-20.951857298211294
-20.96280397552862
-20.95964848297404
-20.949322855032033
-20.945090073774615
-20.95410333073032
-20.963029730293577
-20.972981137484364
-20.977107644179465
-20.967193982246634
-20.965656918530552
-20.966112631713298
-20.96925013967477
-20.962911604726493
-20.967727354818077
-20.975171063712256
-20.961725491412363
-20.947651927520575
-20.933065561543053
-20.936893161426614
-20.932768490456052
-20.937128149141554
-20.93969382864967
-20.93301755458083
-20.951673721743013
-20.95814016173291
-20.965173987193676
-20.96168843569118
-20.968129965246728
-20.960854258124737
-20.94856952802728
-20.948455366010826
-20.946535330295575
-20.93800647423443
-20.950652887263992
-20.947887012154084
-20.948875215949446
-20.944894798171436
-20.949994885017276
-20.958202899051383
-20.96421329471549
-20.967907699588363
-20.97614919760217
-20.982340412637196
-20.979568675879815
-20.97862270220985
-20.971895266504596
-20.97815863579486
-20.976440918771875
-20.966235234680425
-20.961986830722726
-20.957800739325233
-20.96167137364647
-20.963931668506174
-20.95946183775294
-20.960994493843305
-20.959609530616365
-20.961289714468613
-20.96028255724691
-20.956998941488784
-20.946927748236117
-20.95507054421846
-20.96886468698212
-20.97019431666092
-20.963741603659685
-20.96865912689108
-20.978293529822224
-20.97228477613604
-20.9784271744008
-20.961171670443605
-20.958157249718383
-20.973528072004378
-20.985135937068595
-20.98552735891304
-20.963828628827805
-20.972382978752517
-20.983357695102676
-20.986117195848166
-20.99301717115635
-20.97658515015736
-20.97017188893656
-20.9583068193596
-20.95315007606942
-20.96366899801703
-20.950949760436227
-20.956887640969356
-20.956008645964012
-20.949996190566875
-20.95752431526864
-20.950681799981933
-20.957183741153486
-20.954146284148752
-20.959049783810965
-20.947641345652674
-20.93705287640528
-20.936135438902685
-20.939812387733216
-20.92913199102758
-20.908248323544797
-20.916007612266604
-20.94190775998627
-20.952422887151567
-20.96494899524566
-20.949379814528953
-20.946357561683122
-20.948221980061074
-20.95184864611928
-20.95322522254679
-20.959730715623124
-20.95842173576884
-20.96939149194366
-20.96603482431032
-20.979239852401008
-20.97724331746954
-20.988546815063895
-20.97521525972623
-20.9614456461308
-20.957065637763584
-20.959053661510033
-20.960625396225662
-20.969434479825743
-20.95384928592525
-20.95043707700753
-20.958536824314194
-20.95960976460755
-20.960801476035126
-20.963299829713513
-20.952529617854974
-20.952390972340194
-20.954404192273504
-20.964973859944624
-20.96686110070181
-20.958304050317864
-20.966800112571462
-20.958998676471726
-20.96129701573957
-20.954708380051954
-20.952550569520348
-20.960284820954428
-20.96459373435732
-20.963543497991267
-20.957397136965735
-20.953945162791022
-20.95445029545217
-20.96914948545283
-20.970133638836998
-20.963185214474333
-20.941517089629738
-20.932422256034613
-20.93036484281679
-20.92741666625418
-20.922841537469466
-20.924627893056126
-20.9228232448209
-20.917184212776046
-20.90468355763577
-20.91010816668877
-20.902403853978605
-20.9016501473618
-20.889960858291847
-20.906151780114037
-20.91630686320019
-20.910127405582685
-20.907248706774112
-20.92604751550287
-20.920228304328806
-20.914025613776566
-20.920431788392456
-20.913562716915813
-20.93079191350916
-20.93709665645359
-20.928492922799155
-20.927019667602487
-20.916132047018813
-20.91405081460042
-20.918433197315277
-20.919944761391843
-20.91759783230054
-20.905058088668337
-20.898531526780683
-20.89337499270091
-20.897232679018785
-20.892055116320027
-20.885009873785844
-20.888195275724385
-20.89278699599246
-20.900933937081376
-20.89694936066483
-20.9012501059229
-20.89075591444254
-20.89359037186133
-20.87688593790751
-20.882911421919236
-20.889833380344584
-20.883283675772667
-20.88271491628576
-20.885569326724735
-20.879113878532202
-20.88210348040914
-20.881545706160665
-20.894574548232853
-20.89960296045735
-20.8971442090873
-20.882760846926935
-20.884672188266183
-20.889428968174368
-20.88052306008818
-20.880753328745914
-20.879001548253424
-20.86654039881559
-20.872979037402374
-20.87535120413972
-20.878204337999218
-20.867887111573236
-20.869122616876798
-20.882720644600827
-20.89241987465895
-20.897785870426077
-20.897622375619807
-20.893557415874366
-20.89017529877033
-20.890818508451655
-20.881509164180958
-20.88484068573562
-20.890406311048817
-20.906552083092116
-20.912901876646785
-20.912624364347113
-20.925202529900552
-20.92765927111898
-20.936117947455035
-20.935090280590657
-20.92709938589819
-20.935677837700936
-20.9319797784915
-20.930516629360813
-20.937227942107192
-20.927124173138576
-20.93334179221989
-20.9339365021328
-20.936736525585072
-20.939196873243105
-20.95329706089337
-20.946335399829128
-20.94117401414039
-20.935405143901132
-20.949387099033732
-20.94740266442029
-20.95023759172107
-20.958738690353886
-20.94864434329349
-20.949118619055433
-20.94584958478258
-20.95460901572531
-20.93508709635176
-20.92606275039922
-20.925931332231134
-20.932377255996883
-20.92156718084153
-20.915376278283162
-20.92521151421893
-20.922155677199683
-20.93111190610017
-20.933487789702326
-20.937356386185172
-20.924589732556804
-20.930699067808398
-20.93154006710287
-20.938596200285357
-20.943099216401823
-20.94503208625982
-20.949110143311824
-20.955104578517226
-20.971551620175962
-20.980486709973967
-20.97763159275925
-20.983267856100053
-20.984257495626792
-20.97958895228026
-20.971292921924338
-20.963448760920656
-20.960769266922007
-20.954490302570576
-20.950885660835223
-20.926044371231292
-20.93105516794356
-20.928644696348332
-20.92090727171666
-20.920870456931038
-20.91400003798963
-20.917865492544756
-20.92041806793566
-20.899649127773397
-20.903221812834623
-20.89997203702413
-20.906491882838335
-20.903954240109535
-20.915658486580337
-20.92187374710871
-20.903644731357936
-20.89742998427125
-20.890265945010057
-20.879988050056923
-20.88711505315095
-20.89172377844457
