-20.989623096995953
-20.91908286696359
-20.920888844900016
-20.91518260616795
-20.887781515510643
-20.905003831587674
-20.93579526334248
-20.941498566509715
-20.907964596445602
-20.903426659926037
-20.91955437251523
-20.921517794858104
-20.909320523108423
-20.950060560278338
-20.893742873893853
-20.902634423148953
-20.896752846235394
-20.933525269456364
-20.892029228718137
-20.938178767965894
-20.89103102898997
-20.899230315387772
-20.882428232279807
-20.89941007997234
-20.94466774697098
-20.917771162150128
-20.937151367900018
-20.932671638939777
-20.88130354900885
-20.929388977233543
-20.89688111347675
-20.918498240394946
-20.922353925882128
-20.916779647046972
-20.896013696730687
-20.918575521158267
-20.933387963104888
-20.893616628416986
-20.88914677755686
-20.904905072112467
-20.89519509381081
-20.90215561618277
-20.924302594215128
-20.922828826090786
-20.92690905263639
-20.914097724694262
-20.936618573637897
-20.919697252744093
-20.920722341970016
-20.94281576588359
-20.956774395317634
-20.902596560505437
-20.909066517472525
-20.919825320321007
-20.895514332755646
-20.908814882212905
-20.936241549503972
-20.92623873660011
-20.912133260602655
-20.9308277259013
-20.929595599777926
-20.89793242826487
-20.93017568453058
-20.93635753506245
-20.931133501882595
-20.92337240748454
-20.912999600744605
-20.91315799989009
-20.930812258358145
-20.93435958362959
-20.909836736683932
-20.92734818854197
-20.89639779240249
-20.902078850957608
-20.917489091756035
-20.935434193885058
-20.900967188015525
-20.902187132890948
-20.92943776000699
-20.930623490624463
-20.942939522624517
-20.92176958927205
-20.89164841613586
-20.92347340407018
-20.922643388558264
-20.91251300294284
-20.918144027579913
-20.93500941777128
-20.916865484866758
-20.94202951259328
-20.924462306328774
-20.910078006008895
-20.922963982857972
-20.90748843449537
-20.902747395729463
-20.87355829543494
-20.900767097703937
-20.897570842858105
-20.912896043289336
-20.905935706288062
-20.918516050522594
