44.0
43.76537457825572
43.511769896021725
43.240630521039755
42.93047861035348
42.59476102313068
42.229388848919136
41.84436210265733
41.444098640684125
40.99929375240973
40.549415212638635
40.068807454246816
39.56455894185007
38.99568792156792
38.36268267065895
37.69358121251568
36.97773914949682
36.204488643969285
35.44994958388171
34.64298309015364
33.79467205367971
32.88389196944148
31.914661794605955
30.943189766936765
29.90469723602497
28.850080798930353
27.68495699685321
26.59258492034996
25.458215293869866
24.241128595055745
23.057944329815438
21.859548681637158
20.630700528790953
19.40335755854864
18.203938514125625
16.98151566118427
15.733544862423853
14.506094720691575
13.26841868103756
12.056638400957807
10.890970633713986
9.739134638947734
8.593908073259444
7.503170188936885
6.454044734614625
5.369907570135245
4.333266420534715
3.3409825179826496
2.3757948316209787
1.5066941495945763
0.550183090198575
-0.33416385859294206
-1.164943818454391
-1.90498399616295
-2.657128865994193
-3.3651917244406415
-4.022613420846002
-4.659055681372606
-5.285999965126829
-5.857764462638476
-6.394143907192584
-6.914619521815486
-7.362439634741633
-7.82753631610097
-8.265263008976
-8.664965006837086
-9.07238716536977
-9.449164016775658
-9.807007192772712
-10.1578038122217
-10.485488008955882
-10.80528498058912
-11.089165240753736
-11.369883911817421
-11.628271032879724
-11.894971917742613
-12.136684312632468
-12.335253590280345
-12.537571917104978
-12.723472961488042
-12.928915828031954
-13.103957967761374
-13.292615582252667
-13.470096468605972
-13.61613001437238
-13.76055852281871
-13.896262549912102
-14.040730931638992
-14.178990186641267
-14.310485342431097
-14.430016455031257
-14.530972880037462
-14.621520346045317
-14.715351521002995
-14.828737805999893
-14.899563247344911
-14.98168642436446
-15.08855867564791
-15.160496959891455
-15.253573111004807
-15.32045190939584
-15.394570516639162
-15.482067071645119
-15.539347260244652
-15.595934045166162
-15.654085212556604
-15.715199274197852
-15.762335277450394
-15.810982634554337
-15.869425645175538
-15.912924075662946
-15.964454986407228
-16.0129500693481
-16.0792779073086
-16.125463468916863
-16.16227168260284
-16.21080831526801
-16.256407889918396
-16.28267876360961
-16.333785832496176
-16.361830190808725
-16.40773297112551
-16.437272311531185
-16.46313629684272
-16.49316603958584
-16.528618990586423
-16.545824585566717
-16.575727979384826
-16.619317928487973
-16.653365325063998
-16.68635208133181
-16.73431687779091
-16.77173352429511
-16.795228270853542
-16.820600208210017
-16.86076051640387
-16.871189577734704
-16.900582765484685
-16.940417732067356
-16.978730541249604
-16.995120963258763
-17.01354577564969
-17.035644922568405
-17.05884568407955
-17.089778064032277
-17.13068774543581
-17.14927655575215
-17.16825398507054
-17.190404100504622
-17.202241970025653
-17.2271762607281
-17.240736760516295
-17.259671993345016
-17.276435404515603
-17.290717621739716
-17.29714062890629
-17.29550312720622
-17.30985274391959
-17.33022872570072
-17.349820263144476
-17.349991710294407
-17.358199850584413
-17.375734762387165
-17.390365111456603
-17.38800079553716
-17.398884266850224
-17.421134200705225
-17.43767041477121
-17.461783086489035
-17.47260636403659
-17.490749254802
-17.502409374569627
-17.519660984090805
-17.5429875227345
-17.56122175869561
-17.569602759550417
-17.589470160277354
-17.598818888089795
-17.600097139981678
-17.61186188662785
-17.627939610365075
-17.63699335908996
-17.653882353907093
-17.67413905642444
-17.683475811835606
-17.681193472791563
-17.687034168351932
-17.696573866248603
-17.70924104341666
-17.731001443968314
-17.7440585074094
-17.75316148296936
-17.767523765217796
-17.776808296418682
-17.797074268183476
-17.81016420760648
-17.819728695301798
-17.83674615630764
-17.84475243740414
-17.85828346483748
-17.87480842978888
-17.87199045051597
-17.85788073730603
-17.872917905183357
-17.875301690929437
-17.863835508118818
-17.878163983068262
-17.885495903888156
-17.887738752835602
-17.90913756706301
-17.915471846073427
-17.934181800989627
-17.93861610626145
-17.94874081717237
-17.946343156694585
-17.960278187765894
-17.953045039333592
-17.954882727235795
-17.960220406951972
-17.97191197754972
-17.975743234011176
-17.99512080194865
-17.992076130898983
-18.016696000993356
-18.02110867259528
-18.02385344694873
-18.03885239097039
-18.04335354282478
-18.047720048464182
-18.039737826903703
-18.046315196892465
-18.05532546000244
-18.06264053369216
-18.075263750557816
-18.078418471056672
-18.09400344533011
-18.102805959086268
-18.101553993081527
-18.10236013212568
-18.09856842024569
-18.109343536562328
-18.11646388253818
-18.1333443297018
-18.142280081784314
-18.144617400927107
-18.14149396650915
-18.13751372440715
-18.128003527061693
-18.14255576586426
-18.141160007907978
-18.145039675027554
-18.157733355659513
-18.15616139527019
-18.153046652151193
-18.13927229026805
-18.14787728124303
-18.15877793227555
-18.151253520043394
-18.132006503994784
-18.13713220488481
-18.14221914452805
-18.146914532271634
-18.15329696956919
-18.155236667123063
-18.163951582860516
-18.16211495869726
-18.16539465360724
-18.171315276451963
-18.176670666454278
-18.181470758898982
-18.182856897627218
-18.18756189349199
-18.190121092173896
-18.205512710304617
-18.208487686603988
-18.20764170546364
-18.219908903513097
-18.228033626300103
-18.239452392752916
-18.249738051724815
-18.270450453619798
-18.2683688156762
-18.265238945887617
-18.26848877790223
-18.260001323482015
-18.266749681496087
-18.278498977668836
-18.29788720607715
-18.303912474125813
-18.304279889272784
-18.310015633390623
-18.3243478411584
-18.323510689286923
-18.325753083682628
-18.33486844987817
-18.34705780400649
-18.353719670502183
-18.353545128153947
-18.358208413942258
-18.364529352299737
-18.375557697857776
-18.369795214958245
-18.352411695221843
-18.349446880337922
-18.359341178415495
-18.360146135112743
-18.355196788187833
-18.37664627776179
-18.37352906244895
-18.37004632512193
-18.369528614446306
-18.376974824029226
-18.377364913711514
-18.39017987633839
-18.408522109422535
-18.39988969395093
-18.39686855147181
-18.398168771797355
-18.40476057349342
-18.400449388600737
-18.393452334257116
-18.393878899643756
-18.38951995845536
-18.39052600041654
-18.381993805464617
-18.3824500821248
-18.391041592679123
-18.385920132213943
-18.39466189802072
-18.389925404720316
-18.395648535900175
-18.389051327405404
-18.39261996197694
-18.391549717691763
-18.401356832722502
-18.397889876993435
-18.40224445887661
-18.410069180785417
-18.411801977206874
-18.41669326256208
-18.424562830054466
-18.417136893083402
-18.432657114615527
-18.44037696768725
-18.448991589491577
-18.441926630021417
-18.43312373913331
-18.430965528735776
-18.426220223947197
-18.42822601113743
-18.43521653167395
-18.43019551890996
-18.436089609808274
-18.435166916947775
-18.443186479043696
-18.462012267376807
-18.46680948052788
-18.475437361813395
-18.49038079433404
-18.50018483168187
-18.499368177035564
-18.50758406636211
-18.513699949413297
-18.510464869633562
-18.51577148786131
-18.522526205680812
-18.542703514535834
-18.55046683070076
-18.55573553057571
-18.561204295649734
-18.55654516460601
-18.55128942749503
-18.560626127652657
-18.55926453117068
-18.556229055732278
-18.554833040642897
-18.56946608552957
-18.57193516370327
-18.578666679514786
-18.59212842099629
-18.59219217566151
-18.574318228217045
-18.581571578713902
-18.584491545268367
-18.587983201214268
-18.582435296981668
-18.59028431794378
-18.607330288852513
-18.599075769177414
-18.59244632694213
-18.612904449322436
-18.616336435339015
-18.61774718381211
-18.62062745136629
-18.629598126679493
-18.630273121783908
-18.6334230363585
-18.64286112888591
-18.64582247331095
-18.63665356281438
-18.640336841713193
-18.64249318234238
-18.64564863251582
-18.648723501832833
-18.648986360545972
-18.664128606773616
-18.654515139991926
-18.669484767424574
-18.684081211298636
-18.68934628933784
-18.70469601382783
-18.720956839263494
-18.724425329857223
-18.70746130568796
-18.71070541981875
-18.702538989053295
-18.718979460879375
-18.733995827524605
-18.740643782770526
-18.74777419012584
-18.75093613300009
-18.757875321074035
-18.753390016877965
-18.758977017231004
-18.763235564759764
-18.752199819687196
-18.73540121004546
-18.73710454435305
-18.738095190386797
-18.75546664195275
-18.756995487348224
-18.76303093476236
-18.76636581746535
-18.76769838025261
-18.758069155155813
-18.751069649262604
-18.7560481443521
-18.751472675189195
-18.769172656925317
-18.771592689476957
-18.78568391843364
-18.797565525461103
-18.783111903315422
-18.770107272936382
-18.778251479964155
-18.772423737325102
-18.770553601650906
-18.783850913150765
-18.784834680722618
-18.78679490736061
-18.781989009849955
-18.772747671993976
-18.774346552488705
-18.76023140288681
-18.766343401025704
-18.770771755031852
-18.785042427313297
-18.775267308907743
-18.763358513957662
-18.761716787352917
-18.76229547036103
-18.774576504755366
-18.76939297447265
-18.78390040505342
-18.794253224467365
-18.812728570526616
-18.815297842602934
-18.81686203206438
-18.829461471091918
-18.827155100547635
-18.826848324497004
-18.825625494302756
-18.82619029255092
-18.809212297640137
-18.813873710574573
-18.829996020704275
-18.83736859297885
-18.833177734399303
-18.83562578444958
-18.837401629823468
-18.820221337100303
-18.81935370344755
-18.828974491257817
-18.82059814831034
-18.835396498463506
-18.841591692595095
-18.842789787804797
-18.847748771969034
-18.851071543319453
-18.84606096992076
-18.844974565510455
-18.871286724591414
-18.874140666933638
-18.883495299988404
-18.892369523148293
-18.896103818073897
-18.90258256438044
-18.908976057286726
-18.915509302618272
-18.92917941220409
-18.930065381929634
-18.946043380640717
-18.954639038054587
-18.946728438733768
-18.943490888856598
-18.939063967898342
-18.936658647013573
-18.93226156334355
-18.927376070536006
-18.926843552964797
-18.930669812234953
-18.92922558771935
-18.92516234024426
-18.94726269313657
-18.943815008092493
-18.947437787690728
-18.957963840088205
-18.958296457967318
-18.95598854787508
-18.950648915441207
-18.945135331226037
-18.945458992768387
-18.96289829642892
-18.96439054208135
-18.982902117180803
-18.98418673408174
-18.995419354823095
-18.984376047165714
-18.99031451536955
-18.998719703168923
-19.01779693062882
-19.01451902664083
-19.016029693187743
-19.010182732493764
-19.002389120405613
-18.98705672148803
-18.983809225585198
-18.97675501469824
-18.991109106493315
-18.99391784522312
-18.993230670088945
-18.983859549010266
-18.989503149751357
-18.998629340934
-19.001436148063846
-19.00077461917856
-18.999490879508784
-19.013462066743784
-19.028862627301447
-19.02803978203091
-19.04996955296026
-19.046216816806364
-19.03251368986326
-19.034140408624598
-19.03696380681588
-19.052427116257267
-19.063512362224834
-19.080322480879776
-19.07142376930458
-19.080588995131308
-19.083439576515808
-19.079125192603193
-19.076582977175786
-19.087658955250333
-19.09774371416116
-19.089002093123476
-19.09349390696026
-19.097533545001166
-19.116086841385425
-19.116633947229925
-19.12139097243776
-19.117730193881858
-19.11454669067803
-19.131785945788906
-19.13627320584918
-19.142086979537826
-19.163575055758283
-19.16924985437641
-19.16458830640351
-19.155448406914523
-19.152854419738304
-19.16307657980327
-19.16933753967574
-19.167935524458336
-19.16527256728876
-19.1667704096602
-19.168764123673608
-19.166641739667845
-19.16962307937623
-19.177213119527856
-19.171006443371418
-19.15752005307944
-19.15331870703896
-19.16123941776463
-19.167386130451558
-19.17510254756902
-19.18278861354051
-19.19521381836484
-19.19065405072802
-19.18677653235284
-19.19324280092392
-19.19288509218487
-19.193206964685153
-19.185277556516652
-19.18354514021392
-19.178491865698497
-19.194679188497446
-19.202625697050756
-19.17783764113912
-19.16115238984669
-19.166421467863334
-19.1717987690165
-19.181403946789718
-19.17928904001936
-19.191137280325446
-19.183805073037952
-19.19428470651363
-19.196965451076544
-19.19907292387742
-19.215488803699078
-19.229012707031103
-19.240187575773213
-19.239302192955737
-19.237995184143692
-19.225687669870563
-19.224590825144734
-19.22262393602215
-19.225772782674095
-19.233264942430633
-19.239227204153526
-19.238568951119124
-19.229909560985586
-19.23702970753251
-19.254249993052863
-19.25965454492719
-19.246719753314327
-19.228838199772774
-19.235315858556316
-19.225113938292168
-19.23073285817884
-19.24039937183482
-19.249841712717718
-19.26273920699727
-19.243419349942325
-19.24903065746261
-19.24609822568539
-19.251210129729795
-19.26598345490417
-19.25499016484106
-19.26756179044079
-19.25332944412291
-19.24858970130042
-19.258530103425944
-19.252301658426372
-19.248879457977033
-19.25127884268686
-19.256259599176712
-19.242994592914165
-19.249774419751347
-19.267261394377208
-19.269787294009586
-19.2758838009461
-19.284511497929792
-19.284559879761222
-19.28782945530049
-19.297098539868415
-19.279946193291472
-19.279373593488017
-19.28033931682867
-19.286617695505928
-19.275036970690635
-19.27240422275016
-19.27828528878502
-19.29163571839854
-19.28374104997761
-19.286481335858266
-19.279950582390573
-19.282820580263852
-19.29192386248771
-19.29016759517785
-19.303885542334
-19.323759630512612
-19.33376083402892
-19.32912151987889
-19.337125028935816
-19.340728196589097
-19.33636522726121
-19.33260201371383
-19.322476223900193
-19.327416764441427
-19.334251138734
-19.32547731125326
-19.31783153562474
-19.321989938797625
-19.336638857629044
-19.343635780769603
-19.355317512895894
-19.347835094654982
-19.33202678741578
-19.33330537544584
-19.33723851532341
-19.326460566366112
-19.331965318638254
-19.342368291108233
-19.341418415411432
-19.35308118186687
-19.3666740435484
-19.362534410245015
-19.368535069423434
-19.36946004617076
-19.362047114765417
-19.358267179835792
-19.358817154967426
-19.345610845275136
-19.350722602551542
-19.350913818196315
-19.33450333665068
-19.345596212337092
-19.36191865380888
-19.358859030764854
-19.376925266618446
-19.38239282834971
-19.377600704140992
-19.39215359306204
-19.407679968682135
-19.410439591487922
-19.407925358728907
-19.407438792910888
-19.414240512874247
-19.409231052054018
-19.415915476209335
-19.399554197881734
-19.398541730634356
-19.399379002741053
-19.402261593493517
-19.406007363603234
-19.42284403677865
-19.429253507873398
-19.428913100050195
-19.426075082236185
-19.42164872225118
-19.42716966225118
-19.42207614570458
-19.410060887697416
-19.41006749762131
-19.41940121879097
-19.42674072011557
-19.434624802419517
-19.440984053347723
-19.44033419244337
-19.429094704018752
-19.418790647658238
-19.42198895874419
-19.42606561590851
-19.429514774131583
-19.436976541745427
-19.43665356462912
-19.444826247428903
-19.439413346577055
-19.45080284619433
-19.46669780117807
-19.471478436661915
-19.47566849753223
-19.478615175232644
-19.479851276816174
-19.484075096845896
-19.484074590003647
-19.48359996056275
-19.493077635006646
-19.486007078006597
-19.48512597602599
-19.481139944855794
-19.499760470242062
-19.513617443310483
-19.512534530162227
-19.510391623249706
-19.508639641705887
-19.513959907337497
-19.5009595261783
-19.502013905469372
-19.49742273319876
-19.49525891684989
-19.488331229261885
-19.5128133757115
-19.510790290658157
-19.500966027507076
-19.49275180317489
-19.50223323541076
-19.5079982537485
-19.51419564386194
-19.519420539166205
-19.524012090154795
-19.52579109757446
-19.527874838912147
-19.532896358227802
-19.522326901469782
-19.545512901009477
-19.52771102401966
-19.54759234904311
-19.5539861040327
-19.570243003424416
-19.571865278569643
-19.567513831860044
-19.553792308730543
-19.55791835568402
-19.550935569994255
-19.559300600702635
-19.55185734705284
-19.546561072055972
-19.567865339714732
-19.55738618063202
-19.552971943049965
-19.57597798668396
-19.58292228851214
-19.58030866623146
-19.572736947183117
-19.58681674710139
-19.582138627202717
-19.57146828244555
-19.586072385621918
-19.593231298674958
-19.590807174912296
-19.598746436849
-19.596992061160517
-19.592011201002368
-19.597733098312688
-19.600507910288353
-19.591248381616076
-19.58126485022752
-19.58221069610944
-19.582054258230045
-19.59755550194401
-19.617692003388246
-19.62643934062802
-19.619819620507283
-19.616175155997514
-19.60951252430614
-19.617315405343554
-19.612467157241827
-19.629038061091787
-19.63082144593588
-19.633531691068434
-19.63885666005397
-19.647236111323437
-19.632718174976038
-19.61741377500994
-19.611673394421313
-19.62528514865071
-19.643917373639965
-19.650145451480988
-19.64308784769668
-19.651098807072238
-19.661360614736353
-19.66596936248215
-19.67387179425633
-19.6790726023172
-19.683439623430818
-19.68024719672398
-19.667451421308098
-19.68390419391487
-19.675953656037507
-19.672767445274545
-19.678468205601618
-19.68769947318652
-19.70251035193774
-19.695723362999793
-19.694161068041016
-19.70138427524994
-19.69923243739113
-19.698972806038352
-19.710395439322454
-19.71580161874235
-19.70343193778494
-19.699414422120896
-19.70079556656603
-19.71109164435791
-19.702740326117386
-19.70895723410849
-19.71151864105226
-19.700536536394516
-19.708483593129557
-19.70387271708454
-19.7145975546062
-19.711281649612367
-19.710709064193093
-19.718566698956113
-19.72443832032203
-19.717532264978647
-19.732940332343443
-19.7217077986946
-19.73510292796857
-19.749847418338636
-19.746714831564738
-19.74737619026846
-19.7587381403751
-19.754492265320128
-19.770031922315376
-19.759924878447645
-19.770468970824098
-19.781399338563624
-19.785133194162885
-19.785044568204686
-19.79897706986018
-19.774232552472924
-19.775169511991383
-19.781301026606304
-19.772972948442614
-19.766173354588222
-19.756631886135477
-19.753848476139535
-19.754724552345362
-19.75116039261006
-19.76055036263488
-19.769693571155884
-19.76066170137461
-19.75560633895073
-19.749917961013544
-19.75630119308778
-19.77235020525991
-19.771603512983308
-19.773363829411963
-19.77605292190893
-19.80739189518336
-19.806744194649564
-19.805426525515042
-19.797982198778627
-19.80101472604144
-19.80330119573709
-19.80489035534681
-19.810382568209736
-19.801266458121958
-19.80433145303515
-19.80702064549055
-19.81080778350715
-19.799850318960463
-19.801696753196133
-19.79435786424992
-19.791214892071952
-19.799571962960005
-19.80540810227324
-19.816831021755597
-19.824234272063293
-19.823894712833958
-19.828223192481012
-19.84054669711496
-19.846772927590777
-19.858173681319137
-19.855720173534504
-19.85484533173099
-19.85954322149359
-19.869478318188687
-19.85528368411344
-19.858699296498425
-19.855787109552512
-19.851296443157466
-19.861585456598316
-19.858820650973026
-19.854096153616783
-19.848486460505878
-19.84326790318194
-19.84124134253557
-19.845572317252753
-19.847845281488866
-19.832348570598462
-19.83750934004279
-19.855761402888927
-19.86326966406942
-19.86280990939145
-19.875539798883707
-19.884488747418402
-19.886949577202543
-19.892690540867946
-19.90583378463214
-19.92126430575153
-19.934414315127984
-19.91728177380922
-19.91214648569853
-19.915854060602403
-19.93189149215121
-19.930399869491858
-19.934308534689965
-19.934020150950563
-19.94452700502106
-19.926822632968392
-19.930058013113356
-19.92221864493261
-19.930660703426994
-19.932104349466545
-19.942506964955612
-19.936381120569003
-19.931783905731038
-19.936658665319705
-19.93647970683693
-19.93440261358002
-19.93801604239898
-19.940559274605008
-19.934157872681233
-19.93620280824127
-19.9485136827284
-19.966638650527276
-19.97671802171564
-19.981958986626378
-19.983447929007973
-19.974121174234654
-19.973281138391503
-19.981396158019052
-19.98541791358797
-19.968399093744697
-19.977588978343487
-19.981208068643657
-19.984480273202763
-19.97947709817769
-19.98097181377294
-19.99417469271396
-19.986911397072753
-19.98326073534929
-20.00482712975707
-20.004789742893962
-20.00377728896429
-19.9987765332243
-19.99659974181355
-19.994273268131884
-19.99219927561278
-20.007242181758862
-20.00550915956391
-20.01237966077752
-20.007789800070153
-20.018898960255473
-20.008062058875737
-20.009416170638804
-20.00670300705431
-19.997627798977533
-20.017438926019526
-20.01301086894546
-20.00941484362879
-20.020749104457167
-20.02762008267135
-20.03479424449206
-20.035936854807222
-20.02623248057379
-20.023651147280905
-20.01915294524984
-20.026092561805427
-20.021661738445733
-20.024792830136303
-20.020497589262337
-20.02670595936067
-20.04331467090536
-20.043526454507152
-20.033760365943195
-20.032289266335805
-20.04083984257238
-20.04713414426013
-20.036936532233735
-20.035568595864426
-20.044181491779415
-20.062364017745086
-20.05602837920491
-20.057997092372375
-20.05307517735626
-20.060721687662227
-20.05029889925924
-20.054510664818267
-20.05472018546738
-20.07420506009239
-20.085865397828304
-20.08686467670352
-20.086289889329915
-20.077127558648247
-20.07543772307331
-20.088301914414544
-20.091827786787434
-20.09566727707679
-20.088517743437837
-20.083091942248707
-20.061774152241966
-20.06688210235372
-20.074211012804746
-20.09417772280159
-20.09925501308881
-20.090548069912064
-20.082968213068593
-20.065430004498488
-20.076621885063634
-20.07994207944747
-20.075912464839952
-20.07820990766075
-20.084416217348245
-20.09012461167914
-20.120267411431392
-20.111562865750653
-20.12572263940299
-20.131757406284247
-20.135908746918446
-20.14622709963306
-20.149745318759187
-20.16084504218543
-20.16105656828851
-20.167525002797067
-20.15771349259114
-20.15674452636711
-20.164705733413513
-20.168322744980237
-20.17216089524105
-20.18035517850275
-20.17709171822254
-20.181779389623074
-20.182128291985567
-20.17960139382482
-20.18655638835115
-20.20089289398017
-20.209686321668944
-20.209914761016403
-20.217423652358505
-20.211653725786984
-20.20379344620759
-20.199400063731208
-20.208854956217362
-20.20906040042839
-20.197205173678032
-20.18560453955922
-20.188146839160794
-20.18524434796014
-20.182256826536722
-20.184636809061885
-20.189650873824196
-20.18160854375044
-20.18989773529659
-20.193426302652597
-20.176822032356245
-20.178020002086708
-20.18647072602805
-20.198330435609016
-20.207456928014352
-20.203177390020866
-20.208623060072345
-20.206571559010488
-20.20805209666961
-20.21735675754742
-20.219535408647616
-20.209553978773663
-20.21547920429936
-20.209343769029488
-20.211760914374427
-20.202999490435094
-20.20685897416658
-20.22102175511471
-20.226006594917106
-20.23430127290184
-20.23219229727016
-20.227801527700343
-20.230824757064784
-20.238195390343133
-20.245825227820493
-20.266134343527504
-20.275427456129652
-20.287548599255274
-20.268540259328223
-20.264421616225697
-20.26307771252937
-20.25878149434458
-20.246363742039996
-20.26424711781891
-20.2606569078235
-20.263626298309806
-20.274220349790927
-20.291700298005484
-20.29788401758859
-20.295196599637094
-20.294601139474644
-20.28101607248756
-20.28913143955863
-20.288694485066422
-20.289077056345164
-20.30121823029604
-20.2981293055372
-20.306904919225488
-20.31805815185101
-20.29565962535846
-20.289693767217937
-20.294007424683144
-20.293523649893945
-20.272796227024116
-20.274799690807267
-20.29349748920038
-20.300934962756674
-20.29247006931294
-20.302453763062697
-20.29076117631243
-20.30366256481437
-20.312506851987294
-20.311942434369538
-20.305398608993688
-20.309590335281296
-20.320883496729174
-20.29927505472694
-20.30535560728143
-20.314995656418873
-20.306150906270176
-20.295195411750278
-20.288324672365253
-20.286141988361077
-20.281347949013593
-20.291275031852695
-20.279697440449556
-20.287434343174848
-20.279506774494862
-20.28237802338867
-20.270638055965257
-20.27142436993693
-20.263820623523745
-20.27920141359106
-20.271144720574938
-20.28603621704565
-20.291802736549123
-20.30074214926678
-20.298776580414284
-20.297975430794587
-20.302776512759113
-20.314626320286308
-20.323157278000533
-20.315104664690757
-20.3197417997162
-20.31840007327558
-20.32545073826588
-20.33921354702906
-20.33991379166925
-20.32943917614817
-20.327786383690743
-20.321384928553197
-20.32048932644751
-20.307611362801055
-20.302606109722177
-20.313680634499484
-20.30593152527533
-20.300158976168177
-20.29930819419071
-20.301212831325323
-20.30460011572341
-20.286283118609518
-20.296041239625357
-20.311370980600866
-20.297202266296086
-20.318616032035955
-20.32287865852261
-20.33795515181504
-20.329926673780125
-20.327153516397445
-20.324593990847383
-20.33395268132589
-20.33060403677652
-20.331352325211995
-20.338949522108884
-20.34076766029095
-20.334234521836702
-20.344211670908184
-20.347419864076425
-20.35765463368157
-20.354536688242547
-20.346949287617775
-20.34673987395082
-20.348840474419582
-20.34207287960296
-20.34018669704396
-20.35269296168528
-20.344683444859985
-20.336856410506027
-20.34400333177757
-20.340034340300186
-20.328775984619405
-20.32341580625264
-20.32940523380744
-20.324923211577058
-20.345535141681932
-20.357698483827814
-20.358164864299752
-20.365690566768304
-20.355726951166368
-20.342175938344166
-20.344235822824057
-20.349794438368352
-20.364959262592762
-20.362221726509187
-20.365726829338357
-20.368515312912884
-20.37083697549088
-20.364393879547553
-20.35746846517153
-20.358986799781345
-20.36312100466292
-20.35674969762538
-20.351115978815
-20.353171641224478
-20.353464839412837
-20.359228198935764
-20.367935222611827
-20.381261246459633
-20.36936241977814
-20.348793267129707
-20.366643862147544
-20.37097011662446
-20.359555932630798
-20.36181848660712
-20.35705056107666
-20.377454480636153
-20.38470202330846
-20.37659764599227
-20.391131624886214
-20.397605545655797
-20.390537668349374
-20.38178847954212
-20.382881494152546
-20.370557010858217
-20.364538231784433
-20.35663227092749
-20.365255564106906
-20.366027340189827
-20.370791490460885
-20.389543317876157
-20.40402512737708
-20.395907842128487
-20.397324135493495
-20.396917785423398
-20.400912405889386
-20.398831140459617
-20.39143454308833
-20.39693145305692
-20.40034702028631
-20.395472540616538
-20.40334725035174
-20.38677782672636
-20.400961467206912
-20.393495636799265
-20.38816339616462
-20.389384497434516
-20.38582298410767
-20.37746455900237
-20.385828620062057
-20.381950685766984
-20.388703497177726
-20.38414731009304
-20.380029206030926
-20.383483408075396
-20.378945322264677
-20.371866598106582
-20.36985144385004
-20.385027784930323
-20.388685981308523
-20.392402849513672
-20.385085414433725
-20.378701776395264
-20.386404702701277
-20.397460024988284
-20.394286884461078
-20.377582101053633
-20.371691073004275
-20.388300322027693
-20.397824564668255
-20.394562397971452
-20.382986589627947
-20.376906848576557
-20.392117807497527
-20.39600879231006
-20.405658371546313
-20.411485281791684
-20.411639070858154
-20.40712644780706
-20.424610631007685
-20.432442512783847
-20.436276843541414
-20.437170449606317
-20.448075656686697
-20.450987121806907
-20.42182072533709
-20.410121814747473
-20.408140887230243
-20.41649310239694
-20.405795569250394
-20.41256374652799
-20.41615756594049
-20.421259469673657
-20.419505215445614
-20.42777312989296
-20.413094971196184
-20.411869954307083
-20.405887436557045
-20.41375407290558
-20.419140446913385
-20.41094475469905
-20.393981942663977
-20.391263945231128
-20.383468968753895
-20.39266201613213
-20.397705309292537
-20.400816954213372
-20.40239891461599
-20.400677844614208
-20.414844775850597
-20.416062832546324
-20.41387368638553
-20.41891839119811
-20.40367629275192
-20.404118719116898
-20.403651430298797
-20.402719327531848
-20.404136971224577
-20.399098830292978
-20.405704890272297
-20.42164790606109
-20.429193556817438
-20.44455437055254
-20.456784383328966
-20.453831332039474
-20.44903476941232
-20.45525161310458
-20.455732348197113
-20.462341228626027
-20.46694297491005
-20.459636964790203
-20.458798840938986
-20.471315293215113
-20.478346599934696
-20.477896111661785
-20.48786532564961
-20.487214593077685
-20.475597466778606
-20.47170647114544
-20.472725403101933
-20.474040617414005
-20.48963153149912
-20.482047945850926
-20.47121345536239
-20.469625413476503
-20.479960966783526
-20.475045810342305
-20.473485222395315
-20.47194287067409
-20.45817538432828
-20.456381276016334
-20.464554201490362
-20.461234232323243
-20.474611347464226
-20.469509913780737
-20.474058415849772
-20.462727744614565
-20.46644953649877
-20.467725121895437
-20.46527751189873
-20.470497583715265
-20.458680503910497
-20.46983861127049
-20.472863430957673
-20.475442714735674
-20.463746456771364
-20.467375280462548
-20.470943276530353
-20.488017305491397
-20.512523174208447
-20.516021682565064
-20.509265707935313
-20.49787687653952
-20.498318331512788
-20.494274043846907
-20.50140525897348
-20.513028469530003
-20.510666495432265
-20.504429378764303
-20.511270317569025
-20.514560352705484
-20.52364893490229
-20.50342415512641
-20.503117557874525
-20.50142168825147
-20.501111834164632
-20.514991636546718
-20.507869372468644
-20.505122991206967
-20.51239057746081
-20.49944555281922
-20.512345664021684
-20.50993681290194
-20.519770300109027
-20.52044072455293
-20.525977414500424
-20.515000369035352
-20.51785777651478
-20.511953494213415
-20.493698079487267
-20.48435225791799
-20.505581279055722
-20.537485436982234
-20.53542427199019
-20.527497068800084
-20.525008370345667
-20.52983507881144
-20.54446165797205
-20.537114864237175
-20.53740358345728
-20.53772990575764
-20.53171016937865
-20.527230899570416
-20.515478086363437
-20.520771187297317
-20.52750610290686
-20.518842271245333
-20.522104303252693
-20.519600474231968
-20.50579518603559
-20.519393513411284
-20.51741589178492
-20.525164095150014
-20.517790766173317
-20.522275394878957
-20.522134038332354
-20.531226169325656
-20.518467710316905
-20.50607783086887
-20.50501626643484
-20.518192728645207
-20.522195561475492
-20.523996308820255
-20.518772805804257
-20.50472248691744
-20.507370873950464
-20.52314254373259
-20.53157077042985
-20.55095256493854
-20.55102944289066
-20.55930644437411
-20.564843865368328
-20.563215265210445
-20.562087281994273
-20.565591744131773
-20.572520633518913
-20.564664387286246
-20.562178008628184
-20.555640948337036
-20.554621565157927
-20.561938031958412
-20.570345420747923
-20.572584444956806
-20.583562138792878
-20.59360305800228
-20.590500302783234
-20.591777226638666
-20.579549743355898
-20.578399815848407
-20.57978428171696
-20.55322209244828
-20.54484748065886
-20.551657016041897
-20.540017742949264
-20.551602907864517
-20.555667955768627
-20.544577694948025
-20.53718805269714
-20.551775918630113
-20.55111814342847
-20.567231169816534
-20.56591448734273
-20.55675145951893
-20.5624624568173
-20.55780709474479
-20.56351006050626
-20.56929309122379
-20.568416331483462
-20.572694164719266
-20.574012133608676
-20.58964919079221
-20.59567455752355
-20.597290769597542
-20.595238959917175
-20.592350268092726
-20.594492574223338
-20.592190910591928
-20.598751906681482
-20.598450865713673
-20.593218260292677
-20.589417394575136
-20.595815841440253
-20.601331822207424
-20.60365063347078
-20.613596767487234
-20.622644301997386
-20.608801940853816
-20.606444422013425
-20.61076770869486
-20.613289141742392
-20.60961402264717
-20.619327982424537
-20.61163097086743
-20.61382278261395
-20.60856703968309
-20.609661749800654
-20.601694178702306
-20.589778054684786
-20.60317036897755
-20.602625426598234
-20.591097007187006
-20.58780616941024
-20.5959499407347
-20.590264509914356
-20.578765179177367
-20.569095566105545
-20.575723629975602
-20.58405063637316
-20.573943749719213
-20.572388876663386
-20.562692273183114
-20.579588691842215
-20.5769772712419
-20.57155152793186
-20.57494073206353
-20.577285623570255
-20.590122812245113
-20.59253617013787
-20.596146082995684
-20.60102040814348
-20.605856142713467
-20.61454168616894
-20.62125959664673
-20.629279634906176
-20.646983587100962
-20.642824550734833
-20.640633600991084
-20.636268594819693
-20.650462774259243
-20.65315104645153
-20.6540078415015
-20.65479935330003
-20.658500914392953
-20.652060274031623
-20.64438356160915
-20.641278028966365
-20.631056320275235
-20.642481152751415
-20.639186651862474
-20.64267912927302
-20.642482407328956
-20.637983418503175
-20.64409042350205
-20.648917700023347
-20.64819614024036
-20.656186921383092
-20.650944798173583
-20.659618883806967
-20.67694099970155
-20.686309916712652
-20.670464866196287
-20.67110477535842
-20.672395992063546
-20.663918630838875
-20.656501712776123
-20.65417782574433
-20.651599675025984
-20.641626135402998
-20.643580472767965
-20.6498892152473
-20.638857300364158
-20.64814261677384
-20.65901942485061
-20.641293700378746
-20.64436141722142
-20.641746164806428
-20.643115174568965
-20.65193324838032
-20.65053383560872
-20.65410689373254
-20.652013193424242
-20.65612635269724
-20.650908786195117
-20.65282841594497
-20.665544959984366
-20.66697014815553
-20.67211642862511
-20.665953104192674
-20.67609255452896
-20.682140958052777
-20.675027834518414
-20.66634160222007
-20.664611770305513
-20.66799587113794
-20.654359664305428
-20.650310998366788
-20.657544260415037
-20.664921245000397
-20.666892548960394
-20.652341000228883
-20.65078084591216
-20.655178979165804
-20.662132535065567
-20.659126193290817
-20.64180431864918
-20.636398892207005
-20.644612169511554
-20.63892514683561
-20.63260981631291
-20.625546491913486
-20.628124514832034
-20.633222845764323
-20.647989099692584
-20.657170950204982
-20.647115875997464
-20.653335632204488
-20.65874400886897
-20.66205512074796
-20.64456567733916
-20.648817759487738
-20.637140974451416
-20.645602257522285
-20.652545918060568
-20.63471529010313
-20.63732596666004
-20.636721554604993
-20.642256490441735
-20.649793884530087
-20.637241041362337
-20.648953329442815
-20.660374992602897
-20.658974021102235
-20.665299256028664
-20.656107625098596
-20.65986762759678
-20.658927142969457
-20.65838738655432
-20.65010779155331
-20.652304316991454
-20.648908209503393
-20.653700157074898
-20.6667841741788
-20.670968115834043
-20.678082940039435
-20.68083211315856
-20.67432964800747
-20.676309845478805
-20.66802605404738
-20.68206288220039
-20.686564292980798
-20.685617645034334
-20.691629162949486
-20.694044638339214
-20.6843587252415
-20.691178133780806
-20.70086186256003
-20.68679525305474
-20.686365045709593
-20.69133760551214
-20.691169252412696
-20.694818958129826
-20.6862723594333
-20.69205970544635
-20.69237844058273
-20.68964749859369
-20.70029880071334
-20.69927379275662
-20.700851555097394
-20.689155930113753
-20.691088811654435
-20.706192615966984
-20.710125035448822
-20.709985475696943
-20.709446478338275
-20.70936724644029
-20.692980476188772
-20.69746425069595
-20.683484934151025
-20.67507008201905
-20.66956340259488
-20.66869370015094
-20.679828014716254
-20.677274312380476
-20.67924521724049
-20.68677897855771
-20.685515005386335
-20.701898458770696
-20.708247645852026
-20.694761338889723
-20.698585856067073
-20.69553661704743
-20.691120286639535
-20.68311088304887
-20.684567150611674
-20.67921950375371
-20.683136100868936
-20.659517663062985
-20.664536614382214
-20.66458709317019
-20.66579290676985
-20.660071595766944
-20.65336398179
-20.643655390237146
-20.642549849362364
-20.64995963404407
-20.649650991297314
-20.667945414623727
-20.667034429073848
-20.65360469267745
-20.67177545161974
-20.666092814601683
-20.66611226371916
-20.66393436352398
-20.67395813317289
-20.68078105976162
-20.6937415352642
-20.694437530552108
-20.68978924511316
-20.683168067638817
-20.672296152472843
-20.667206151513593
-20.67445900862621
-20.691063775248907
-20.686173596853834
-20.698422028052693
-20.709267839756595
-20.705745765536285
-20.71120063121248
-20.714200037866025
-20.71869170531315
-20.732051442690004
-20.72693568074395
-20.733573301201524
-20.751824531985122
-20.74260554789399
-20.736860956110874
-20.72262420099704
-20.718091278088263
-20.730407452803504
-20.723759306905574
-20.733309017663643
-20.706832460069066
-20.710652491299047
-20.71874719220934
-20.710670997866103
-20.71174459104706
-20.703193861112695
-20.702410894522078
-20.713054493914623
-20.72388202335996
-20.717332395106347
-20.70680372683286
-20.695644527749334
-20.70667447371526
-20.730742670462835
-20.73357471561131
-20.734074209701014
-20.712152669021958
-20.722911957857633
-20.723343864405678
-20.72250428216983
-20.732001835634673
-20.734649250262823
-20.728536275162746
-20.73263901217311
-20.74659876713449
-20.764485461171468
-20.76306990268051
-20.769300485525267
-20.77011424879025
-20.76905022580802
-20.776696009894046
-20.780009816077293
-20.80458654516947
-20.81407360669285
-20.80019765500638
-20.813518278589022
-20.813397644513053
-20.816368668710236
-20.80822095539214
-20.79751135485076
-20.805735560239302
-20.792757997238077
-20.803566226176272
-20.814268434384395
-20.813751899192866
-20.80100764098858
-20.805269786524264
-20.80372573960178
-20.819954801575083
-20.821637338397434
-20.815049517086667
-20.821965250886677
-20.816735514292308
-20.795512525061934
-20.794331024598677
-20.78959509359004
-20.78855349464379
-20.806123615763273
-20.80656440060353
-20.78434184324985
-20.78980895902656
-20.791070998210632
-20.791930702409505
-20.793872721446803
-20.78986086218884
-20.780160623046154
-20.779980992454878
-20.77802257811262
-20.7725101843004
-20.77175270769442
-20.767791565132782
-20.776860496704856
-20.780636890878377
-20.7927859598213
-20.792865545560495
-20.78611503827103
-20.798548131897324
-20.80248005595377
-20.8010519555704
-20.79290088824225
-20.776127639280503
-20.786882622751815
-20.781760780268815
-20.789289530164222
-20.786399295804408
-20.783456194372476
-20.778001921888276
-20.786942771055564
-20.772336660711403
-20.76468679060844
-20.757170617015174
-20.74464166765715
-20.744911955668965
-20.739182128596255
-20.741333087582703
-20.747477803291343
-20.742866630928273
-20.735742574562426
-20.734917562389832
-20.737156386087264
-20.73266821523239
-20.711414291314828
-20.71118203580835
-20.706522790247398
-20.708374882271368
-20.698237855078094
-20.7047251430695
-20.70017201789736
-20.70737757392447
-20.693222980802126
-20.703591957195588
-20.705957262991003
-20.708485777098975
-20.707632427187797
-20.690095783513506
-20.678363781461993
-20.68436324921306
-20.67646750849786
-20.68395156263907
-20.693637690315672
-20.697694008298004
-20.71434985685471
-20.716301031625555
-20.703275643047085
-20.73313981478763
-20.72568884868374
-20.721478830750048
-20.71848813046218
-20.71800994113938
-20.718322226115067
-20.707664614086134
-20.710840430414606
-20.711286828113632
-20.70964244117491
-20.70882909622323
-20.69753657081797
-20.7008725169369
-20.70504530118677
-20.70698926601225
-20.67938778832647
-20.687426951371982
-20.695768619836937
-20.702391418891498
-20.701834740810693
-20.714135306239953
-20.725543864923974
-20.720981310774494
-20.73512626008319
-20.722711715823795
-20.716355020233074
-20.704622776202665
-20.70231692943737
-20.69442705610381
-20.699619172302715
-20.704692548606424
-20.70567913291094
-20.711882112758577
-20.707537696736118
-20.710291147431587
-20.702791225135392
-20.690556412193743
-20.690031082433695
-20.701349389992114
-20.689746381088636
-20.6899261650203
-20.685130131684172
-20.67681722186098
-20.661210792516048
-20.65980571897873
-20.646924075093654
-20.669142438614323
-20.688342205414333
-20.707738010854733
-20.709764839557177
-20.710899441155515
-20.7102408695478
-20.713247660097316
-20.707556808273623
-20.72348124314759
-20.717618302048876
-20.722513907495653
-20.707059179601714
-20.723308727371982
-20.71372197463178
-20.718029373052925
-20.70985166609686
-20.712249712835703
-20.71661265117526
-20.722483028621685
-20.737599864870447
-20.729963185095
-20.724578764694837
-20.726578990440856
-20.724938484676166
-20.720687328569948
-20.719032736629174
-20.728129194702568
-20.71650028384409
-20.72333980503572
-20.725011001854263
-20.721489397877704
-20.71688008944594
-20.712917126861694
-20.725480463627843
-20.728313071997306
-20.745238451772313
-20.755319909573668
-20.75245010797218
-20.750980378305517
-20.738556182230568
-20.729126905300102
-20.721508245096782
-20.712714473451662
-20.734831226603777
-20.72390838868323
-20.735219920934732
-20.7610055921191
-20.758467634132085
-20.754952818628617
-20.754088242380607
-20.761366605563826
-20.765872038616056
-20.76595169210264
-20.761300486734008
-20.767915431252693
-20.770557602094804
-20.74345284203919
-20.740386238482166
-20.72371610775369
-20.71999518599096
-20.72875740066649
-20.726627846533614
-20.723672137839724
-20.7301811755953
-20.75475872727983
-20.76523774861374
-20.76976639294607
-20.761056882540256
-20.775750239905097
-20.76631054964003
-20.753318444286933
-20.74905524879669
-20.751122708358615
-20.768020378581724
-20.778009974859103
-20.775204689007353
-20.76667210754302
-20.77631778847628
-20.766162770837393
-20.756186924538397
-20.760309521360394
-20.7619346343861
-20.770647451419634
-20.771710764149443
-20.776869858948128
-20.754460170356317
-20.762883078902494
-20.766319268245915
-20.76660715857012
-20.76868501762553
-20.77016639060417
-20.78888617995348
-20.77088880339488
-20.787725404669818
-20.776264832064456
-20.783747408856048
-20.783021754415966
-20.793178948030228
-20.79036928299691
-20.78886899927627
-20.793905148230877
-20.79540207256598
-20.80199144834138
-20.800114400051687
-20.796658006674914
-20.802404409229617
-20.816674217223227
-20.797719310499488
-20.80023047837121
-20.809813351454093
-20.814154071142188
-20.81922790247453
-20.817380684058858
-20.811345537507414
-20.813740037471984
-20.811951512718338
-20.804619986663486
-20.810856465893064
-20.821643995148072
-20.81293849384359
-20.832846394599862
-20.842344948642207
-20.84061008545446
-20.85531785729277
-20.850168573757028
-20.848316823411146
-20.840430119466454
-20.836425138313864
-20.82888538277882
-20.83157716030102
-20.819843953872727
-20.830202910663793
-20.830042579335448
-20.830041735107333
-20.82698255208883
-20.815660336814158
-20.82371494821105
-20.821754301937492
-20.83226370477301
-20.834590888008226
-20.830841129794525
-20.84450927459909
-20.83238477035051
-20.82123244335995
-20.80624832365862
-20.808005595398615
-20.82098542512325
-20.806173343760307
-20.80855673578009
-20.81257140980577
-20.813684039109777
-20.825276120567455
-20.843437308322986
-20.838412525629423
-20.843640286987824
-20.84345968805601
-20.833022705759525
-20.824228443319235
-20.815692926506735
-20.821042281092705
-20.822664513525787
-20.821381510055307
-20.808190209089982
-20.82056894116896
-20.817286235853796
-20.81200064348938
-20.811706497351015
-20.79293425892969
-20.785506490395527
-20.798431691400598
-20.811194918374557
-20.80407499396305
-20.813253503505823
-20.823256870628466
-20.823448442132733
-20.82079189654907
-20.81447706731803
-20.810210758095685
-20.805611767533932
-20.815068426605364
-20.826841955004067
-20.84381757218521
-20.852441591429784
-20.84664991060079
-20.838675608624204
-20.8464651441791
-20.832668989854238
-20.831869297782962
-20.827232726251754
-20.82675329974018
-20.8150586841255
-20.82090256007104
-20.818756486407374
-20.81797238007783
-20.814360133594533
-20.80868101118944
-20.795078608769987
-20.790403888701576
-20.803756311562065
-20.80603830727109
-20.8029672030887
-20.805777139093458
-20.817480831269368
-20.812332963645353
-20.817465175734394
-20.830543649979084
-20.80610324319611
-20.81630292201129
-20.831959048996058
-20.832606420776514
-20.839896555731304
-20.82498166557205
-20.800829051291178
-20.813171250097685
-20.8112918231203
-20.820477053784707
-20.813382830974955
-20.816205774212246
-20.81736579755174
-20.81870488032618
-20.81724506755899
-20.81005829005432
-20.81590291776833
-20.816193388681096
-20.82269259674496
-20.84778831349988
-20.861026708851544
-20.85569264557842
-20.859490805242068
-20.83936700576421
-20.838445885633387
-20.832358689481214
-20.82642151067385
-20.823802193733737
-20.809135447403136
-20.812184172950264
-20.810858125437235
-20.803776266629004
-20.802692443450514
-20.804265882763115
-20.806830624730768
-20.80243064782733
-20.79712394316144
-20.808220483875626
-20.80999684848776
-20.81074430351244
-20.81140766261476
-20.81276357671622
-20.809340133238265
-20.81454148255999
-20.807382333458577
-20.829653151667483
-20.839885624693732
-20.837383646045367
-20.839525424388455
-20.846676935175527
-20.864720402246412
-20.871831759786403
-20.85482824407375
-20.86519512185347
-20.87090075889183
-20.857710309232722
-20.8556745037239
-20.838761641374155
-20.847859072076364
-20.838803450807003
-20.836277227305864
-20.840620720502468
-20.84395670376636
-20.850735777801166
-20.845701894554445
-20.850752855812505
-20.848194360283788
-20.83577222043611
-20.839797211318764
-20.84914780379913
-20.837912620929124
-20.83745912181268
-20.843648829330277
-20.832483223484545
-20.824169294956242
-20.822445402707842
-20.825279186677566
-20.81320061202671
-20.806261330250454
-20.808915888571228
-20.82347748192832
-20.81591934840621
-20.81387226294935
-20.79750940666698
-20.808574146280314
-20.80906144115013
-20.789231285066005
-20.790869111646114
-20.80409050280895
-20.802453636695976
-20.789197619180364
-20.782389796916238
-20.7859004395597
-20.77752220851534
-20.79030225351689
-20.782067700000173
-20.781808934423477
-20.786283696951195
-20.7865464040822
-20.77542969836493
-20.779418496681302
-20.779777810328692
-20.767504470753618
-20.7775574965336
-20.783243730323363
-20.761840556052796
-20.76746102398447
-20.768693824953687
-20.75465517081772
-20.766271272831304
-20.76406140904628
-20.761834690074682
-20.767055178667466
-20.779154831459326
-20.790671243900018
-20.78231485864047
-20.767582141921554
-20.76396003503375
-20.775806390899948
-20.78899663392552
-20.77857575617536
-20.776446006833638
-20.775064748422064
-20.776884079229603
-20.772695765590573
-20.768663729034813
-20.763422186681826
-20.779624325373824
-20.783871299132695
-20.78670462622472
-20.78203248089747
-20.785057380067425
-20.797457190511803
-20.78396894102279
-20.798613431154628
-20.779634899099197
-20.772453821857013
-20.772777971835854
-20.793960167980583
-20.801544019993976
-20.819429871027182
-20.8203106911508
-20.81280728404748
-20.818882428842137
-20.823518432827505
-20.823271852338888
-20.82974790038495
-20.8136735194761
-20.802538225242433
-20.792076872837168
-20.806733039988693
-20.808481374373613
-20.798153959015604
-20.788576029436836
-20.801614140947144
-20.805780799069407
-20.82524525104205
-20.827859139550046
-20.829852914700858
-20.836253501619833
-20.831880091801775
-20.832052331387334
-20.83322757436108
-20.83053659713847
-20.826725463600468
-20.837852933524385
-20.828168498385516
-20.832632315778415
-20.821013106360887
-20.81302937251078
-20.816967726584867
-20.815711600420613
-20.821787528355618
-20.815652697762655
-20.80708943301447
-20.807170378170387
-20.809182208992844
-20.802577840635145
-20.811427591059807
-20.80698153676153
-20.78893551538733
-20.779272953096665
-20.773802492862327
-20.772769935376246
-20.776455631624444
-20.779814055565872
-20.780842746579836
-20.79092050223532
-20.8040539175514
-20.794106867429363
-20.79515385030013
-20.815737754146742
-20.811437311294497
-20.80934797311136
-20.813356096038156
-20.819933702941157
-20.831532513612803
-20.822440581410135
-20.826415300774105
-20.82029349727384
-20.810703257302492
-20.80413853080757
-20.801881460040224
-20.802425834561376
-20.796910664487783
-20.802474263381857
-20.78914034794827
-20.799207061173675
-20.78940986848634
-20.80381017054214
-20.803341664244716
-20.783382323914612
-20.77986785962401
-20.783287092580213
-20.780345378964302
-20.78765206928764
-20.790749803701516
-20.794734510566254
-20.785709182527153
-20.793910099289672
-20.793031907363233
-20.791807804495317
-20.802125359710857
-20.801046082471476
-20.821333907288643
-20.814871876491114
-20.824331712018726
-20.832795508634355
-20.826038439394182
-20.8370373126678
-20.83006131063198
-20.815852394979704
-20.815340864783145
-20.823626670897852
-20.822960656736853
-20.82414804540861
-20.808351146256022
-20.817418404850436
-20.804094519236077
-20.81678770943258
-20.818636372116583
-20.835257530908713
-20.825838351272477
-20.81390822520335
-20.811256503635274
-20.814418688863206
-20.81050997214718
-20.809239769357845
-20.778869045271936
-20.786477110087997
-20.788086282164116
-20.794684605216613
-20.79463109531111
-20.805183407285465
-20.793825337474864
-20.791771529361792
-20.774847017886646
-20.765956637074947
-20.764204616459143
-20.763222880737143
-20.770856288081205
-20.770722588953152
-20.763777172352352
-20.771821953474422
-20.763516326143993
-20.77491926726502
-20.771374672072906
-20.766449199705466
-20.75433794379252
-20.772496475469133
-20.766467858396
-20.788905027516396
-20.798593443928713
-20.789155798089393
-20.79936874593422
-20.795452535991434
-20.795987501153498
-20.781143364928766
-20.771364266996486
-20.76558276766697
-20.763005585377055
-20.763187837750475
-20.771068067618668
-20.763708876144857
-20.751166830491258
-20.736793165427677
-20.73579598802262
-20.73707963807132
-20.757080501941694
-20.75933427181072
-20.74315856299874
-20.74510655410541
-20.737580504799745
-20.741255702651536
-20.745869117020366
-20.751711198541713
-20.76132586584393
-20.782292814621318
-20.767260951246858
-20.7543836028515
-20.75133056279706
-20.750468077778024
-20.751396338223273
-20.763055280965695
-20.773518373404148
-20.781218817472652
-20.78454225501289
-20.77480986859876
-20.75804465248257
-20.761027843100177
-20.757846212855586
-20.757185722656875
-20.753704024315134
-20.760759683089674
-20.77715271055676
-20.793677756296667
-20.792955579285007
-20.79794492828487
-20.790644807127116
-20.792609419222334
-20.792921471209784
-20.78056357670733
-20.780069061474247
-20.786299741503363
-20.787065261458352
-20.791851201889084
-20.778796807906485
-20.79186048986931
-20.785119968794238
-20.784288700897672
-20.77672880380048
-20.785133701021277
-20.772399170752912
-20.78061503845248
-20.793299531109856
-20.791102091003612
-20.78512420223774
-20.780441130606476
-20.775354489289256
-20.772217030705775
-20.767658111383362
-20.76286293913099
-20.783383263402477
-20.763175599593495
-20.765714289784395
-20.774712652693406
-20.76502040473267
-20.761000304598817
-20.74021539326255
-20.743255133549034
-20.74772592773568
-20.738502605199777
-20.732220550046392
-20.729221243916825
-20.733795457797676
-20.733897463289942
-20.743166506098724
-20.745773642485933
-20.74967078647416
-20.740152962282515
-20.740626353627842
-20.739951796414775
-20.74727603304379
-20.74520294073795
-20.74430300613624
-20.747004898981686
-20.74483206039077
-20.752667659740208
-20.763550322159258
-20.75987998449433
-20.75488586000087
-20.75305074796109
-20.75098473265352
-20.75797122144994
-20.74753488747507
-20.738195416505047
-20.744635804366276
-20.736010801419543
-20.74045116333402
-20.74731273617396
-20.76678968301742
-20.778154510313286
-20.77534212297532
-20.765147695179778
-20.76307826766621
-20.761288288837587
-20.76204230268367
-20.754149300136625
-20.735173963325792
-20.728608701826385
-20.730517056252733
-20.7326763696541
-20.73966596455318
-20.727633232501706
-20.732063170485322
-20.712528219690775
-20.702927115041756
-20.70300716732836
-20.726041479062008
-20.720993116926767
-20.727498069924536
-20.718716634268738
-20.726004497581485
-20.72327108760744
-20.73141540460054
-20.724055791970013
-20.72310320388742
-20.73601430674027
-20.73798379042304
-20.729042639582378
-20.721674312645177
-20.730765634094233
-20.729728544161112
-20.729904211039237
-20.72819217063672
-20.730651162861466
-20.735291484962346
-20.741144921904397
-20.750764425164235
-20.756221173135607
-20.74526268482103
-20.73450580305048
-20.74036225882878
-20.74175262605666
-20.732669743019127
-20.74119828850715
-20.747204611774944
-20.746888073361262
-20.754557284245198
-20.771736848650807
-20.7637030820604
-20.772973787352736
-20.773913283394375
-20.778064079878455
-20.77581545840314
-20.775533015499356
-20.779864492682567
-20.77390016255823
-20.776785271663872
-20.778603975372995
-20.779962331330253
-20.796883874135105
-20.801244089892432
-20.804932433869848
-20.805091329202515
-20.816973712521808
-20.812947584027057
-20.823965063465643
-20.824280977035894
-20.816296838139685
-20.81568422614984
-20.797935089031913
-20.78602056769367
-20.797460153095702
-20.79304317206523
-20.803971128127877
-20.80366369838759
-20.8044441419946
-20.79255835539262
-20.795498236622354
-20.7890106581988
-20.793366196737182
-20.786872108102795
-20.777665476841698
-20.77736450256198
-20.77436852274964
-20.765149493631686
-20.773024898718027
-20.771682445277516
-20.780077678540575
-20.78696370603165
-20.785178622408853
-20.77934957597247
-20.77499767118793
-20.757427720281516
-20.774889093118546
-20.77623656513293
-20.77803900426056
-20.76755521652041
-20.776552896784988
-20.770283129452356
-20.767868135085433
-20.763540758178188
-20.755856996027777
-20.76557921827364
-20.769737350675914
-20.75498789902953
-20.743133170077456
-20.751313931412184
-20.749719924529508
-20.75178135957618
-20.730908766002806
-20.731615582169223
-20.74614419011428
-20.750811523101888
-20.751570453835036
-20.742056213407995
-20.765794082612935
-20.765922969188907
-20.768186456108857
-20.763870871457605
-20.77504783858065
-20.77605166768783
-20.78406117211115
-20.784187750263666
-20.788077056641523
-20.768386385842792
-20.77142815983504
-20.760384624608577
-20.767139656408084
-20.76858722665882
-20.763486813668873
-20.752588521764775
-20.738743342982083
-20.733830594770005
-20.738199277583792
-20.73660038887172
-20.7416543661269
-20.75197565020207
-20.74411274048728
-20.73679791064856
-20.72504269027577
-20.720472643397283
-20.7080096316375
-20.711194399186784
-20.696071585072307
-20.689954511925393
-20.706448320762245
-20.714392439276924
-20.724284767210108
-20.722125738592347
-20.721863194732197
-20.738033870479814
-20.73873856876567
-20.731390481592264
-20.738350735074636
-20.75070692169372
-20.748426341101148
-20.73746412619061
-20.739506162848016
-20.749746360263586
-20.74726269482665
-20.73929676055544
-20.753601826554746
-20.752813486721937
-20.735378502658637
-20.741230645988754
-20.750812513919488
-20.75220515435452
-20.732799702013995
-20.741588434615572
-20.72909341815946
-20.71213028315584
-20.71321185847431
-20.710761474465755
-20.72445925907059
-20.719667086629173
-20.714261873712196
-20.714457168134015
-20.715469588066906
-20.720549235021373
-20.71648945690586
-20.715434595113855
-20.718295146683264
-20.72966085162477
-20.730711163501088
-20.731716176057787
-20.73429448152615
-20.722453466844975
-20.712753160681313
-20.712635854156602
-20.71118142242806
-20.698916242130085
-20.700535670228412
-20.701171455693263
-20.69336459539921
-20.704333145809226
-20.709132469794675
-20.713731721875657
-20.716459847785487
-20.724040842188824
-20.727066538238798
-20.73648444588222
-20.734013630878184
-20.7308281256626
-20.74022432433103
-20.743881732170497
-20.747586510597273
-20.74926290503254
-20.755803551989118
-20.74240928136519
-20.75297160388626
-20.75627374670794
-20.755235431175674
-20.75591823779102
-20.76167493255451
-20.752676731572347
-20.752631390624558
-20.750351712455476
-20.73329793544013
-20.73777042060161
-20.739599477768007
-20.736220239273752
-20.737128848238395
-20.736320118239274
-20.754670100196158
-20.749627638967688
-20.744208366491815
-20.746798953421962
-20.739794201258963
-20.74172066328478
-20.742690367111962
-20.73443656996187
-20.74571764148367
-20.744781433535994
-20.736815307937192
-20.73413270576783
-20.726422404419147
-20.729311854128547
-20.743369069001396
-20.744756626713563
-20.742814935422057
-20.74804309710546
-20.752505869690328
-20.743693808091663
-20.740215239195624
-20.73758679334922
-20.74201294619021
-20.745119456994885
-20.73810490795648
-20.742613806910114
-20.74351781594988
-20.744727023741362
-20.74244733697652
-20.7400377086352
-20.728346689784882
-20.725579543558478
-20.706062631564084
-20.696389722751334
-20.709108695855537
-20.717450842702927
-20.722582674089917
-20.731384985428004
-20.7353969344725
-20.72297573388284
-20.743933317636703
-20.74220879951763
-20.750321124086582
-20.741646516919964
-20.74085531933353
-20.732436594317
-20.73236341470216
-20.73170935407236
-20.72972883804341
-20.728717703770243
-20.721739252070822
-20.72400873262827
-20.717094844412138
-20.735588474121236
-20.739620010641836
-20.735393976094418
-20.7304192061942
-20.735175815726677
-20.736898099231105
-20.74089585890465
-20.737450921213423
-20.744699579849712
-20.757495180022776
-20.759821159414944
-20.777593538223098
-20.76760441126654
-20.760978644305847
-20.753841818163828
-20.757087399802973
-20.759945649408888
-20.765048197122
-20.765055382012925
-20.76930428796362
-20.774918760449903
-20.76254936613556
-20.76226160285569
-20.76458392295614
-20.75591519982777
-20.76489973510262
-20.75348727086768
-20.760770298763955
-20.764362247521174
-20.770552948120304
-20.762168941615727
-20.777207862169536
-20.775199743326386
-20.783918809121417
-20.793978735390777
-20.785294864013125
-20.777885185077494
-20.777528652800576
-20.774788735259843
-20.782822558896964
-20.795687736497193
-20.7940684464637
-20.789609086805793
-20.798936664355903
-20.811327241816628
-20.810881894717223
-20.809641193728314
-20.81224180342167
-20.818663254302354
-20.828176726288405
-20.830516487782642
-20.82095658682231
-20.839912387648717
-20.831572511176876
-20.831684614530264
-20.826595891357616
-20.821832538025493
-20.8078024088967
-20.80565640948705
-20.793696089788106
-20.811583541230732
-20.812804601691465
-20.804108526854904
-20.803280991450844
-20.80158917305667
-20.80122800999895
-20.79729391627588
-20.793116607444013
-20.793991315007123
-20.78194995603724
-20.777361654133987
-20.77109913810208
-20.77645051589911
-20.78313561986182
-20.779741488809776
-20.783667620367908
-20.76739739443812
-20.75980002688418
-20.75492491710066
-20.777714465044888
-20.792820135455127
-20.80956348420767
-20.80243147196493
-20.79804056593777
-20.79715828713206
-20.81234293313808
-20.80889351361587
-20.819919188167397
-20.810580420061292
-20.815139001828513
-20.803279589771115
-20.797478760702287
-20.795260140503807
-20.79063173289285
-20.791354389619162
-20.809165320901784
-20.81206841381657
-20.828379310539443
-20.841743769395457
-20.835370330181764
-20.846791768007048
-20.83994357102862
-20.85098369860107
-20.8513089244602
-20.84540712663329
-20.84361733230938
-20.849125596341125
-20.839599477996185
-20.836090630509613
-20.83830476122144
-20.83600553884579
-20.83696654029798
-20.844448623556694
-20.848368395154363
-20.846283340584943
-20.851296536412043
-20.845334680641333
-20.84666966551819
-20.846642836879035
-20.848580698922355
-20.842675644101494
-20.86386002405676
-20.871309289464172
-20.86899646818553
-20.85659304588663
-20.871094726454203
-20.862735824706675
-20.85461326133269
-20.85596552469862
-20.863172343907795
-20.861483360865538
-20.86191110626906
-20.8546800501466
-20.852478057880024
-20.846605158020676
-20.82422030387372
-20.82433171071347
-20.826285155273162
