-20.935430912071453
-20.861138443397763
-20.83287428586603
-20.825730198227625
-20.845476358096317
-20.826690749800434
-20.8486398478874
-20.805760680228996
-20.81709295065762
-20.783829559979246
-20.822272175116446
-20.814986765409657
-20.828829116099918
-20.826089682264843
-20.789277155485067
-20.81155023210467
-20.797956874782106
-20.826282287233386
-20.85063425005917
-20.81156178110222
-20.832684547871764
-20.80269883319912
-20.794540543962576
-20.77416094806717
-20.80489890595599
-20.82191685754647
-20.81149767935367
-20.82850622722086
-20.84148831190875
-20.811988447638686
-20.816930230869108
-20.822361269297513
-20.81987272418607
-20.808567544628502
-20.77580796048839
-20.800264196473766
-20.803738284588963
-20.833236986370302
-20.794048993283926
-20.79444927865951
-20.7961873842729
-20.843250896815405
-20.793470341837875
-20.779526468951
-20.82650735570491
-20.803491203771515
-20.78053882025949
-20.776494361724083
-20.797753677009162
-20.80262146094945
-20.816678798125714
-20.83154796148331
-20.780031145244966
-20.80188070992857
-20.836046147931185
-20.81485190533732
-20.78920289881416
-20.82979656046249
-20.829164870968683
-20.798206610950636
-20.820124595946055
-20.8502517204805
-20.80942767537059
-20.802540573145894
-20.805563425441015
-20.827851636467944
-20.801010565328482
-20.822712731223582
-20.825045016556246
-20.803015703398692
-20.789087033358932
-20.77399472351687
-20.802452640596503
-20.851529096777167
-20.823441498251345
-20.81513540135303
-20.801617510579828
-20.806144206293588
-20.82814038607512
-20.78755240236911
-20.82362165083331
-20.81626241856915
-20.828342311078476
-20.822761383530757
-20.81991292080177
-20.783682905188186
-20.801052358822346
-20.821242885897277
-20.83072851001192
-20.79796727915338
-20.79296007120932
-20.808382870191036
-20.786766542455645
-20.80746514900861
-20.809756671785884
-20.85087594398621
-20.817793723301886
-20.81832844000328
-20.80972356906363
-20.7922747867581
-20.80818981100541
