-20.795349246004694
-20.79526426709116
-20.77915943363236
-20.776267228053786
-20.75146728538164
-20.755418616548113
-20.761304209680493
-20.750858614004553
-20.756526128993453
-20.752479109850885
-20.753513295944153
-20.742385862778647
-20.733392981740643
-20.73703061960253
-20.7220082096825
-20.7027419658947
-20.7108505135604
-20.703278098044333
-20.716237826988216
-20.687189370010238
-20.6990873317667
-20.715241184639595
-20.709930500139674
-20.704496445587374
-20.707028261992452
-20.726704571756116
-20.730547486011538
-20.73278712804845
-20.692723105615435
-20.68855406906722
-20.684538564357446
-20.70986129664786
-20.6978012943226
-20.683116275425764
-20.694647496239583
-20.68090683745245
-20.702268936586858
-20.724325438256265
-20.717199693494297
-20.703195202473083
-20.679974005306015
-20.672902764375586
-20.677694229776755
-20.68716937881257
-20.683796432434022
-20.685523205125918
-20.697165062106848
-20.699104993643147
-20.695700812324077
-20.70010630119681
-20.66874618759804
-20.677124378771584
-20.692207314044097
-20.674216577866073
-20.66332241484201
-20.656307742048217
-20.64738602034664
-20.636202151788105
-20.65603611175524
-20.66994164855045
-20.657924962569282
-20.65918439250515
-20.67816457597559
-20.698170420983235
-20.675908613200544
-20.69273844738353
-20.698285410084853
-20.67973007746935
-20.698994855468122
-20.66150472339889
-20.664057703668195
-20.661598102663437
-20.67709893740854
-20.684754803947687
-20.677372122729867
-20.662579231736835
-20.683401554805965
-20.686852940656316
-20.678292729381603
-20.675792336624067
-20.677612616076537
-20.675594362161814
-20.664792481014132
-20.671404715280186
-20.634831520396403
-20.64794841325508
-20.669476341149707
-20.67829444243596
-20.685364089416968
-20.70642683140566
-20.672750544480753
-20.69197636540515
-20.68782090098314
-20.69727595954771
-20.68453426989274
-20.6746676305452
-20.664861626452385
-20.693507070210362
-20.692325629814658
-20.70595218811287
-20.71139139242458
-20.698930236805047
-20.683487542665652
-20.682322284643462
-20.688792282850248
-20.686989123801244
-20.687446091016245
-20.68941285951076
-20.68861026593442
-20.696638990123404
-20.694355486918123
-20.718755238393072
-20.71041865281348
-20.701763702058678
-20.72543007201937
-20.706982752095854
-20.70437435402283
-20.68746830509939
-20.67398373728958
-20.671399013701777
-20.698870501978522
-20.681037345201535
-20.68272158076568
-20.692095940308864
-20.694335061684225
-20.7128175280422
-20.725748602388915
-20.729173112384416
-20.724361419894564
-20.71542186381828
-20.709327949813638
-20.686310322084623
-20.64224839193243
-20.66378524402336
-20.686289673515045
-20.67646787656474
-20.680440952592356
-20.67301472077232
-20.669615990294066
-20.672995458023173
-20.680442918447486
-20.679943165545144
-20.69912797473981
-20.68178161819128
-20.69511665322391
-20.69768643072274
-20.701005579412445
-20.680312107460864
-20.691828683752405
-20.68358221515737
-20.671761515192784
-20.677985638151316
-20.679262680154075
-20.666005758515162
-20.64680078783213
-20.643954496805836
-20.645479752491056
-20.625552482390457
-20.61972572060537
-20.64636388670011
-20.614975550418098
-20.60444591183783
-20.620153050416622
-20.631265017977313
-20.636026933963077
-20.678569167660317
-20.6797826667696
-20.668508997913396
-20.66171548356474
-20.655450791706517
-20.65125276125964
-20.66778209866611
-20.6717600187362
-20.667834454127675
-20.651866181450313
-20.657711600728483
-20.608262864921326
-20.602253641407447
-20.62097468057617
-20.66793456634409
-20.690558672488738
-20.691280283031976
-20.693468604965457
-20.680801239657857
-20.679575491123355
-20.68586899697331
-20.667623438154266
-20.65186259089763
-20.661539427546977
-20.653115972377396
-20.640181359977777
-20.64947414035281
-20.640116409082644
-20.62312770618639
-20.64068891085217
-20.652293104608155
-20.64496297951295
-20.658062553258656
-20.61974548779208
-20.617455364292095
-20.611208105734754
-20.640490716985546
-20.653540150518893
-20.653636147763876
-20.64501151653289
-20.651134563491567
-20.62633025401674
-20.63072652336911
-20.61574719259347
-20.627511850113688
-20.64577237890772
-20.6573359718188
-20.64700939372706
-20.647936795816054
-20.673191724858082
-20.680682259115258
-20.696583408925427
-20.690083329344926
-20.693197857021843
-20.686439676754123
-20.689350319679985
-20.69523673979972
-20.702340679107046
-20.700983590134886
-20.692827519795117
-20.69529355718088
-20.689855870670332
-20.678036885883003
-20.674164256985218
-20.67863727679701
-20.677135250674333
-20.696104062058087
-20.703639729778168
-20.695938487108116
-20.682403240207165
-20.67376566162863
-20.691453934657517
-20.67768198785921
-20.674594158213427
-20.696027473834675
-20.688651786707098
-20.71246362228427
-20.686999044141434
-20.702905046555593
-20.708656327266638
-20.696474434549593
-20.698449689854776
-20.721046398383123
-20.7015348428731
-20.700277977967666
-20.712048580166975
-20.704349651763245
-20.7222698383661
-20.712572959539607
-20.71883186371454
-20.72761032475337
-20.756462149696752
-20.75029987227665
-20.73877561516257
-20.728816701431324
-20.712829850334664
-20.725969208621045
-20.748470258402957
-20.751094416514235
-20.73541786668247
-20.72872625492655
-20.72730956640416
-20.74190384808843
-20.720871177040266
-20.69789484188663
-20.721567126700677
-20.727809732997674
-20.72149329419303
-20.720557120642216
-20.71204267625736
-20.71711806655256
-20.709778740048815
-20.709081768085213
-20.70614432514592
-20.71142394860011
-20.711444508545792
-20.691833834247888
-20.686423410704936
-20.68689770241781
-20.679439731435238
-20.653404560497975
-20.662058950841377
-20.64820493984352
-20.650410357727083
-20.654110945142637
-20.685505786963514
-20.69191331306361
-20.675590070443977
-20.678333933723387
-20.68422408720557
-20.695573401517283
-20.686783494633307
-20.685969053867414
-20.689375552851484
-20.66327144005521
-20.658335249197908
-20.663443307063744
-20.666509887277353
-20.678982540850356
-20.67094489143243
-20.67269676749036
-20.6959622577572
-20.72110784082711
-20.71481025535543
-20.719590639102684
-20.732159079837338
-20.73077820947743
-20.73080153569463
-20.725863942635
-20.739079639126302
-20.740349194799418
-20.727266115539564
-20.727895245252537
-20.697506596644704
-20.694335920978002
-20.69784801800692
-20.65035611703534
-20.63207776217552
-20.63448576062801
-20.631267972683283
-20.639672327322703
-20.612824835663133
-20.598500878231064
-20.60446102249675
-20.61736837179074
-20.586417355345738
-20.61249201846185
-20.608952670886026
-20.615736774463105
-20.625522857310365
-20.63243505901378
-20.619983139179798
-20.60610232040501
-20.56941594104682
-20.592134568702136
-20.566468262275453
-20.56253627449247
-20.571864119143175
-20.59982612442346
-20.602320054271143
-20.58183657077345
-20.56897694743209
-20.56716104354589
-20.582599995135347
-20.564859855184544
-20.579697620570574
-20.589766904252095
-20.58305918225168
-20.568112307513154
-20.56195424856952
-20.570523555212734
-20.547018625813763
-20.534960830569393
-20.545270682122204
-20.538064003330856
-20.546232179241702
-20.566323062463756
-20.55283721569256
-20.568477677650886
-20.579166370957047
-20.589468963647082
-20.61737024527101
-20.617384608727708
-20.620527813036865
-20.635405943553636
-20.62487005642273
-20.62183476445769
-20.63788352312086
-20.65244412689215
-20.66165454507423
-20.653999805119238
-20.64914297940122
-20.637307230122452
-20.630071246979053
-20.621683397109404
-20.626129484250406
-20.614910733403377
-20.64705922218503
-20.621167042726093
-20.62660627348278
-20.595504220531062
-20.58920955782138
-20.587229917919675
-20.590111333503707
-20.596724862513778
-20.601677516661542
-20.604428241138596
-20.598996450710462
-20.593031081526398
-20.58778206201836
-20.588670147007456
-20.58741921553695
-20.570982162413596
-20.571449669422933
-20.577857743665632
-20.57235253677011
-20.55754667750551
-20.561983157716238
-20.55364294806674
-20.587123002804123
-20.587936077013932
-20.589748639064183
-20.58543213788866
-20.592606080042938
-20.596839924663573
-20.59091022701114
-20.56502449920982
-20.569499961359355
-20.56495274157603
-20.560519902202
-20.590110411633358
-20.594509263186893
-20.58831794334313
-20.561529993899125
-20.56044309667464
-20.576967716321015
-20.5759467525342
-20.56915177922987
-20.57181379179473
-20.569526161669998
-20.568168972853904
-20.576023093497277
-20.571964515253732
-20.582840593017636
-20.584385506109065
-20.60604745416908
-20.59265240680248
-20.59563720150754
-20.59519250644624
-20.593411978846742
-20.60153221337257
-20.598707941601365
-20.626846389309758
-20.652981961239544
-20.64635840508787
-20.664935371622327
-20.678546734596008
-20.66743313148756
-20.670328257756697
-20.65744260487868
-20.666724128198315
-20.65917605091331
-20.665710514445195
-20.67999524581794
-20.67007884064023
-20.65727363888634
-20.67564916370615
-20.661832938110354
-20.672638107086577
-20.66353272205232
-20.683261435175304
-20.7019634297877
-20.70747220656219
-20.702656714133926
-20.68984042207669
-20.666453588134353
-20.669108947540693
-20.67780170071943
-20.667807807042674
-20.647946185846177
-20.65268570478123
-20.673819332853494
-20.67624599653827
-20.702798294613846
-20.699206100057527
-20.691573255784732
-20.68076669732627
-20.6702594287369
-20.643546730312124
-20.654206406047855
-20.646147464670282
-20.641433048411105
-20.648578760821476
-20.642410479958592
-20.64307583905483
-20.656675269637525
-20.67626149977708
-20.703152453432672
-20.69619860276732
-20.680540141831592
-20.68858247894873
-20.701298525836
-20.69619023829785
-20.683614374646616
-20.6886222020691
-20.71962320518907
-20.718663141824646
-20.70951141686711
-20.698712236095
-20.71438680054177
-20.697156257481655
-20.67035333308352
-20.687770113347888
-20.680370141924815
-20.66460446778829
-20.653531255855444
-20.663185135228986
-20.67022666156339
-20.685253762141873
-20.710102556887346
-20.71584276420543
-20.72725587336432
-20.722078099347605
-20.713801665425006
-20.70430226066925
-20.68534432936128
-20.660613187155462
-20.662835652609264
-20.679718647927974
-20.680523802649958
-20.699804058270285
-20.698353550226976
-20.696732838333016
-20.67413907201748
-20.669858321475218
-20.690760892948553
-20.680495015495662
-20.67507708755965
-20.674738183081743
-20.679690276009843
-20.689550246427387
-20.666444553324673
-20.63046016584851
-20.63372541128013
-20.672602730113177
-20.683241236503033
-20.668846404308752
-20.654615684070396
-20.650278876955383
-20.633327596189194
-20.634475466682446
-20.641467604037487
-20.642603213615697
-20.64584426418009
-20.63310158827753
-20.622423715903697
-20.631618270776634
-20.609908424524804
-20.592701959174267
-20.56313401184661
-20.55309721194346
-20.54113363314629
-20.559460006178107
-20.54385325679423
-20.543168069482157
-20.54178870053764
-20.551839992915173
-20.5664997652431
-20.585821775297998
-20.605230138462804
-20.602664649489018
-20.602584839124756
-20.62062537725049
-20.63863384166373
-20.648230731366358
-20.655834402214012
-20.654224709597422
-20.642170227565718
-20.65937398280704
-20.650692497189844
-20.642226019705664
-20.66818069610759
-20.664128961821152
-20.65508944794464
-20.657090786560605
-20.657202282251518
-20.64957096807206
-20.653287273525525
-20.665521805619306
-20.678801943776836
-20.70428449219813
-20.66693016951614
-20.677208115545366
-20.6808803139583
-20.68977713608724
-20.701256506029036
-20.7191503294272
-20.69829776176366
-20.690127978636028
-20.687280304857396
-20.680638785935827
-20.668577758261495
-20.656531324056886
-20.634460640225132
-20.640626618490995
-20.640748927033723
-20.63910683536382
-20.65287796963802
-20.646405015590837
-20.642279364258545
-20.64657745520461
-20.622642917115808
-20.66094221437319
-20.689222835080862
-20.659910396336652
-20.67070501683163
-20.677404787312142
-20.659534537047506
-20.667098995052832
-20.621791114827452
-20.63924549774856
-20.632507712022058
-20.628395848708873
-20.609899119567768
-20.62386921688715
-20.638257888645075
-20.632719437603154
-20.63847342107004
-20.640433038077866
-20.643735849450938
-20.632781420230337
-20.638459263251455
-20.654199677291334
-20.650800337881435
-20.65223977486061
-20.66266352996738
-20.643509550756132
-20.643092155285736
-20.643757266839582
-20.669881938870677
-20.674373836647206
-20.666421121089176
-20.654551699884806
-20.637033289030402
-20.632908751021283
-20.616828008124898
-20.60966158068981
-20.622114733043844
-20.64475432278041
-20.62942772001517
-20.649190803765123
-20.660582815951035
-20.693704164909477
-20.692361969250744
-20.690808500209545
-20.66034031222891
-20.66104403309195
-20.64802480750757
-20.65410193615499
-20.64533754631682
-20.621877115689117
-20.6108553836491
-20.61080694999022
-20.612451577777833
-20.615263838847866
-20.633470695610153
-20.616719839976163
-20.62052035848441
-20.627979287445626
-20.623367934530837
-20.6395896094363
-20.62042785746885
-20.62300505661026
-20.627428938791276
-20.611693316609614
-20.582275353664127
-20.599824469694514
-20.621134531191725
-20.615081274840396
-20.65376665821485
-20.63954308916056
-20.637377831140462
-20.647827666578703
-20.656405968748523
-20.66215989871796
-20.644850520078037
-20.626551958010968
-20.61640809985924
-20.648407337214024
-20.643734890137594
-20.63085900631785
-20.649012317488978
-20.638630258314404
-20.641330033005875
-20.63130205301225
-20.621961939161693
-20.60896495403048
-20.612742377506407
-20.639500035687693
-20.65634357444844
-20.653715105650992
-20.629132547410048
-20.611696830080422
-20.592936849759383
-20.57822797195055
-20.577340358611007
-20.573647281474763
-20.554842836917423
-20.551795678378927
-20.537524399236904
-20.533944838812236
-20.517570639035508
-20.525634575346615
-20.531322821903792
-20.546353955001017
-20.54871013113565
-20.553966526340687
-20.58136225526026
-20.54362872263733
-20.51796444430408
-20.537507323496083
-20.549693146262257
-20.53750303925831
-20.54872975419991
-20.545486810997506
-20.5531220305217
-20.541225983605077
-20.548421794957534
-20.572581434649667
-20.581454299071954
-20.574745949506866
-20.57639513486851
-20.54638652899311
-20.559793101690815
-20.559404628222364
-20.58998842159788
-20.591282844838904
-20.58801892029126
-20.618805779846
-20.640738016084857
-20.63233015724051
-20.625372697145675
-20.658978469178464
-20.683558041729647
-20.69808324758886
-20.691024918361734
-20.683089166237856
-20.674626618014987
-20.691721252207753
-20.698472807636147
-20.680843971773303
-20.691172290013988
-20.69531819418161
-20.704091723031617
-20.713859907460755
-20.71884980088152
-20.70071065205245
-20.68859097386326
-20.694347894081012
-20.694958463526188
-20.705420801122965
-20.71197996652869
-20.691688377734664
-20.6876233499391
-20.664438716577905
-20.640011690422273
-20.65116064995227
-20.66147396543604
-20.641953404694657
-20.649090924616132
-20.645502287496562
-20.646539637285315
-20.654780715209576
-20.670318167056834
-20.673478015936197
-20.66697010333418
-20.676095142437436
-20.689298683719926
-20.679016753727208
-20.68586633735264
-20.676321985925092
-20.671341012576296
-20.663996565864753
-20.6530794486429
-20.65790327510133
-20.662813823422315
-20.659187085174086
-20.658353665478927
-20.668219870030075
-20.68343350480278
-20.68137985075106
-20.653198241438197
-20.646206262020378
-20.641550150531703
-20.65598435769095
-20.66075269230328
-20.665230893381334
-20.694068237189207
-20.68949059641553
-20.670072471253423
-20.67648462634969
-20.691839377579313
-20.68348142590786
-20.664005329125708
-20.68274835566293
-20.65558922937004
-20.6614974442892
-20.664845580356666
-20.66644095022126
-20.65660673477761
-20.674397921034657
-20.644353096814953
-20.641738085506038
-20.645266147500553
-20.646449219424806
-20.65320927978015
-20.644088697521628
-20.65939311227688
-20.645394316763483
-20.6395896412798
-20.627161251515172
-20.626734460147905
-20.64461747929234
-20.651544973418837
-20.624785505606887
-20.62967901795739
-20.610488496307923
-20.630748591109654
-20.638809770280915
-20.642914773357194
-20.644059485910017
-20.650551238559533
-20.642025630248142
-20.66253876575478
-20.68929158378477
-20.69807414242931
-20.68196863230036
-20.678791870357323
-20.687258251472755
-20.691258219403796
-20.700756956062
-20.687437704067015
-20.684701116980413
-20.679830278493387
-20.686445270343516
-20.690169767988642
-20.679040891707466
-20.67022236991153
-20.675734082461947
-20.68714450255048
-20.66791382550713
-20.67733931224498
-20.668740998898887
-20.694370344422747
-20.69028347395658
-20.700195164212282
-20.68151590135629
-20.693920841694467
-20.691347273025304
-20.6889629293658
-20.695362323946934
-20.670474964135582
-20.693460422320573
-20.707422374609553
-20.70658098201296
-20.684787220145306
-20.708089000591155
-20.69104294164075
-20.71079750844239
-20.70301263008937
-20.70373509913566
-20.71891384864083
-20.710215082999103
-20.703619481729195
-20.67260209124883
-20.658254892950215
-20.657786301598698
-20.675445737169763
-20.670107911009385
-20.670147229454777
-20.69891727179736
-20.70683456344483
-20.7005141566727
-20.680632807086695
-20.69339254993764
-20.685629075941893
-20.69167031387406
-20.67594700725448
-20.688029081352806
-20.666211028592137
-20.64981299801268
-20.652721059811913
-20.633558596557197
-20.638749891703952
-20.643094129587528
-20.640838753598594
-20.632559640225885
-20.64109507514716
-20.65061435806526
-20.654116463229432
-20.624211966370797
-20.655624583828992
-20.643223297547006
-20.63465798204462
-20.631740744025155
-20.638454458162858
-20.627577484068354
-20.630959179687245
-20.647224057728792
-20.643659404342102
-20.641992848826263
-20.658336957154642
-20.651942235600806
-20.65987303520943
-20.645680486431228
-20.619256001473083
-20.62953913909134
-20.619778762672397
-20.617305391094856
-20.601554434703313
-20.60623729020649
-20.59094113468028
-20.602543903094094
-20.61882007449953
-20.5973657460357
-20.615442173311358
-20.611925770259926
-20.607950419597184
-20.626734208645807
-20.632470362794194
-20.611609998747713
-20.60361130620535
-20.594245556617356
-20.596531110292908
-20.60821988274864
-20.60112929366069
-20.60100962513354
-20.607337385482804
-20.593285061233757
-20.581728649757896
-20.556124658498977
-20.580255595896233
-20.587068765310335
-20.60120850691227
-20.61145539123005
-20.60307563529204
-20.576350733738472
-20.571293722582308
-20.594641039405147
-20.589964139215073
-20.577865959723038
-20.582908176583352
-20.60080225767188
-20.61496099199784
-20.621342567147593
-20.626553650356268
-20.650591406999467
-20.65958943134904
-20.65156973394322
-20.660863331130795
-20.65122945569468
-20.652570366919793
-20.65075407516283
-20.650883203101937
-20.64290919709878
-20.652483961600538
-20.65133000698048
-20.667456962043417
-20.675809499903792
-20.664224729999884
-20.668841855428735
-20.6788492698994
-20.647231887467846
-20.64771903685121
-20.656355438738792
-20.63674230598098
-20.63078688907791
-20.64063711722125
-20.672942297502654
-20.646849770089716
-20.654831975906013
-20.658557530139316
-20.635937765718477
-20.645459686117604
-20.662282424205685
-20.657289884608712
-20.660510988080375
-20.662273652623707
-20.646547794412758
-20.63502597934727
-20.650124754011838
-20.63666582104228
-20.667762259464705
-20.65234522269913
-20.640579901055528
-20.622051892419133
-20.630448036075695
-20.59475513538407
-20.60106344721266
-20.60565137347537
-20.602923136354832
-20.604786788940338
-20.59199665158146
-20.587585135686066
-20.593098633954796
-20.60669325725564
-20.587042433550383
-20.62895261687047
-20.61125640557545
-20.622231151819946
-20.61428050478711
-20.60609530368441
-20.61424642861664
-20.607771710454244
-20.6103478992224
-20.620311350249853
