-20.8586142094959
-20.836412948780705
-20.825819072984928
-20.808005164353393
-20.806460779821922
-20.800217325369967
-20.769389862623026
-20.769543730444333
-20.757331099686716
-20.761366227880522
-20.753691363968898
-20.749216716005545
-20.7613912173415
-20.75668023657722
-20.766614334514834
-20.780980334521267
-20.768220141561677
-20.76722718252194
-20.77179994661443
-20.765116778204533
-20.763220188197618
-20.7569825334937
-20.735456997953058
-20.74499234022637
-20.738371185961782
-20.734232134854402
-20.73318498418688
-20.717996371751163
-20.736407117016622
-20.72441741325261
-20.73591035564504
-20.74258467837395
-20.753697507748505
-20.753114275550217
-20.75367098771795
-20.730415049254933
-20.718755238418
-20.71684375133155
-20.73935533296746
-20.705896025424316
-20.704424143168303
-20.709685078759417
-20.684167541486104
-20.68882206253839
-20.686026139604056
-20.68199277714796
-20.66608200672455
-20.66529707445714
-20.672696896082577
-20.666768787973226
-20.671524314545305
-20.676324147708034
-20.687674903627425
-20.680884957699313
-20.716939652724168
-20.70539893198217
-20.717115988119296
-20.72689244761719
-20.739168464962038
-20.72666294775455
-20.706464002590508
-20.7042723026386
-20.701723632677087
-20.712407065069215
-20.709932249441923
-20.709962444192772
-20.71719665724463
-20.732246461587405
-20.736152411331084
-20.734800418183642
-20.73489728707215
-20.73557991945331
-20.736366899650292
-20.72677378393688
-20.695836920810045
-20.685124333870558
-20.694072786621497
-20.679478067796502
-20.690628017019943
-20.706041472798947
-20.722832437534436
-20.71805397449492
-20.720677641062924
-20.71767428366477
-20.723013094496533
-20.73113211701185
-20.698074476766955
-20.730753334151874
-20.74753002102552
-20.742956741205564
-20.759723011471873
-20.77847691013692
-20.765163291902173
-20.73420643825374
-20.724594915319468
-20.72962745282504
-20.735500004344633
-20.754991067146644
-20.74221859772722
-20.767669537867565
-20.745126519318664
-20.744350850197797
-20.766166680126222
-20.801500964228467
-20.78289711321756
-20.762993280393538
-20.75625241491848
-20.758437862390625
-20.7651888172573
-20.771534143659643
-20.770386576317172
-20.78015014471319
-20.79552659391074
-20.799375234647943
-20.788929637898853
-20.77435898576265
-20.787656417355237
-20.772522018548116
-20.763730141748066
-20.752024177942104
-20.74793475870118
-20.74116750472084
-20.755865968516567
-20.779659389475786
-20.792316662833198
-20.79352166720027
-20.789583759860626
-20.771359015040915
-20.759288991052582
-20.77029110185443
-20.76621799329407
-20.75650454184337
-20.73875783256773
-20.746122680135873
-20.761008846530153
-20.74930893178061
-20.76583587977895
-20.75421627926294
-20.747871937034212
-20.750623279973176
-20.752061526481395
-20.762226782357832
-20.76817829905402
-20.7443548775864
-20.751485411769725
-20.73338317595427
-20.733420345733915
-20.731003509779942
-20.733893671571963
-20.74283490176913
-20.75161459197414
-20.75710697070268
-20.77768135885971
-20.78648010727216
-20.790239385510784
-20.7850572524393
-20.777212714063996
-20.776816996969693
-20.789486795134195
-20.786742116369037
-20.794629675223636
-20.803714982377645
-20.806741470041693
-20.782154956043136
-20.81305814469163
-20.813497242275844
-20.81666204588104
-20.804647976285032
-20.774310111111024
-20.76919891814195
-20.755868503193934
-20.75881581973251
-20.738126703274986
-20.772551924511237
-20.761871878145463
-20.766442477653612
-20.770311724167943
-20.79417728937421
-20.77862984076677
-20.786477782472844
-20.807784486092782
-20.80277647015938
-20.80668618450832
-20.800048909321664
-20.785832925672448
-20.766452141708655
-20.742940613591347
-20.74576246520637
-20.733772996499525
-20.732592017161984
-20.726368588642746
-20.74165211831809
-20.7405285441974
-20.723840052247265
-20.722144334384467
-20.70987151436821
-20.729956532934686
-20.74538554631986
-20.759032382155393
-20.769966409967004
-20.78180065077045
-20.763974861137246
-20.783503528056258
-20.805616686775988
-20.79837145871036
-20.79993998944448
-20.814394284305084
-20.817791572606723
-20.79927135202502
-20.780785501494012
-20.760080222899113
-20.739001449967443
-20.746041394311092
-20.71266052724722
-20.69969632933887
-20.711230674396464
-20.713710394090477
-20.72533900519727
-20.7464618121967
-20.750795706414777
-20.755773245707292
-20.78448095273305
-20.771615552157137
-20.759840861167955
-20.7487511848078
-20.756922819536925
-20.73908369116764
-20.736070243089376
-20.745934762552533
-20.74882215318103
-20.738593135914826
-20.757647073969768
-20.751276918299837
-20.74293429654978
-20.74634668835197
-20.749982918143232
-20.734203162509555
-20.73525588926845
-20.733250524799402
-20.723664955335458
-20.740328064626333
-20.73369307122125
-20.748544303934253
-20.745799343416156
-20.748525766220624
-20.735052004212278
-20.712788305096016
-20.716805147111543
-20.713633728700447
-20.712046903310092
-20.717194363513496
-20.700590025244793
-20.708127294876377
-20.705353257701688
-20.69396206081104
-20.705364952551793
-20.69925340769319
-20.705434691598235
-20.702260104710216
-20.70494424247196
-20.715056158244618
-20.714778875515744
-20.729840802010724
-20.720900380105697
-20.69186915410527
-20.706710240179248
-20.699918851903426
-20.71293418932104
-20.722400130396398
-20.708865506926692
-20.724947458149085
-20.708774848173583
-20.70028007757643
-20.69140625505382
-20.66943899562622
-20.65507002751626
-20.675985945445493
-20.676686022887495
-20.666021822865023
-20.666590944865074
-20.68640920223319
-20.71892547706488
-20.711447769812228
-20.720663574666883
-20.72275574520853
-20.711323760561523
-20.69695618639009
-20.703652795312795
-20.71959931585783
-20.716210487439202
-20.709028032037235
-20.711202540227315
-20.728052023340183
-20.711153254794215
-20.71805043757937
-20.71427595819276
-20.71893798690682
-20.732066237386892
-20.75562830922187
-20.767820237641363
-20.75067074055258
-20.75199538686294
-20.737590820054933
-20.730725888716883
-20.72180868619137
-20.719815895170175
-20.724722704261353
-20.753278312760912
-20.75425431115091
-20.762583740010058
-20.728966034667767
-20.725312527575134
-20.7254908162979
-20.738399396100156
-20.74162129843023
-20.74839175656741
-20.752859184243224
-20.735820289535546
-20.718584170459316
-20.686624097662133
-20.718093505990943
-20.69708609824926
-20.706764747592516
-20.72367584755129
-20.70748525926011
-20.722932197017286
-20.732627540979983
-20.728728739279706
-20.710380741159817
-20.71467230865516
-20.72177904882051
-20.7256575982543
-20.746474567591008
-20.707318588601655
-20.713059038016006
-20.729747600791246
-20.71839847645182
-20.724959660595413
-20.723639571210676
-20.738596996881927
-20.73749278032683
-20.732363529797713
-20.74684238419674
-20.735797351788673
-20.745662513021955
-20.737200455074312
-20.7376096719465
-20.751789495711538
-20.751409290157323
-20.747345141676565
-20.74612444798973
-20.734713899990258
-20.733831632597646
-20.729414175260338
-20.69823915514169
-20.6969849779103
-20.714348292404782
-20.714892724595177
-20.71137899307231
-20.721490382667593
-20.717379482214557
-20.72057293917936
-20.685771817972046
-20.689790553284578
-20.698222736321338
-20.71242426111232
-20.720837519863434
-20.72792446543095
-20.744291284506932
-20.734093758664425
-20.72247584145667
-20.72450675036419
-20.749733623409234
-20.747478069037214
-20.748163059068364
-20.737637474790418
-20.72955381632077
-20.72550677119749
-20.722320334584666
-20.725616061881826
-20.746449769070317
-20.762544576202128
-20.756492700182395
-20.72993182708871
-20.732015403582327
-20.718777504535172
-20.71304928644202
-20.688018969135857
-20.699639202854936
-20.71065902811657
-20.693554150605078
-20.722404833828804
-20.73488741450794
-20.73870170705013
-20.70797424085075
-20.709127984363057
-20.70011665983886
-20.710495452081435
-20.687677981045045
-20.70020774689394
-20.698583342022385
-20.696812556640648
-20.695860999957183
-20.67587256411794
-20.67612698972323
-20.683624365408367
-20.694943997189537
-20.682316807856758
-20.706049132993503
-20.71300100012325
-20.69998064446039
-20.719490648435997
-20.71565147611101
-20.726555781542015
-20.711149703226805
-20.718918122057413
-20.711204222826968
-20.71547325528635
-20.727886589767888
-20.75676236762324
-20.745036317606147
-20.755089082704295
-20.75158315546501
-20.751962067391464
-20.74242143652673
-20.746419916272675
-20.727055172657295
-20.719857395194808
-20.73525650173853
-20.72902464846788
-20.733295180630062
-20.737621335093493
-20.75230889287496
-20.762117235903574
-20.755966488940683
-20.787851312280434
-20.761479736013793
-20.775443427923197
-20.768776302735453
-20.788606067578215
-20.781122041710272
-20.76732331689889
-20.76213114496443
-20.770172475216977
-20.768713560766045
-20.738859937348398
-20.734599217803765
-20.73895266440505
-20.734375591518432
-20.727272618254304
-20.703657459575435
-20.706282011507984
-20.696899294921874
-20.694878874080608
-20.707125318623405
-20.69620112878357
-20.70649770309197
-20.70593631036701
-20.720778884433464
-20.726022020320322
-20.71505669853926
-20.72888224147671
-20.73085669535699
-20.709304809752535
-20.71339167139154
-20.71412917722956
-20.7077722321607
-20.706715475476106
-20.698634568660378
-20.71335671482859
-20.71407337229825
-20.736632804932487
-20.731877260137168
-20.729696528978238
-20.715752716121642
-20.70658958388135
-20.690356926972026
-20.701667164024787
-20.709871206421685
-20.699691206168964
-20.68294705574896
-20.681588416912184
-20.688455830338405
-20.66373445703752
-20.6677074950627
-20.655210883573975
-20.649918312287387
-20.650806799575243
-20.657461822104676
-20.68667825956444
-20.658108427614536
-20.658633761439425
-20.66906910708465
-20.6832434150831
-20.670441321246955
-20.66120748048422
-20.687314582540527
-20.675139668954806
-20.664800980880475
-20.677941344076004
-20.6934776705378
-20.693221925042764
-20.689024000098772
-20.719253239364434
-20.70789007754758
-20.714368492686095
-20.702808938532222
-20.69007559922755
-20.68502206171869
-20.669037015648975
-20.6831089542496
-20.689289280298443
-20.699865040767502
-20.699260059598974
-20.722925088722963
-20.705795279048022
-20.699538816445173
-20.6811716647142
-20.701696925153826
-20.694601100801904
-20.702759481442552
-20.70907881401838
-20.729123618129538
-20.702511932631843
-20.696090084599255
-20.707873572690303
-20.704475649797917
-20.71941011202947
-20.706848300556317
-20.698518976662214
-20.698590350933483
-20.6927173133011
-20.69544869062594
-20.714509580560566
-20.710028016396574
-20.708433802594907
-20.73708326636719
-20.72172316067383
-20.731766455294313
-20.71798017235708
-20.722480643175565
-20.727565886897054
-20.737314667272827
-20.758985224726054
-20.744734259903368
-20.731200860350288
-20.74903342671998
-20.754437497558182
-20.756736918160016
-20.733050959491212
-20.740012012864213
-20.750420021145306
-20.72693580681148
-20.73781916264143
-20.753060746965634
-20.760242137737745
-20.755820483346003
-20.749550936965473
-20.756841989413637
-20.72745293531578
-20.738792984549253
-20.752975004720128
-20.73978187641335
-20.729439010726672
-20.709870675440783
-20.695911059068564
-20.70172606761905
-20.70115331063485
-20.699790803913142
-20.699424672039218
-20.731443990247936
-20.72497093471134
-20.712392822997487
-20.709444181560055
-20.710452945979636
-20.725635333248807
-20.715279733121623
-20.69802102263651
-20.706709968689708
-20.738011870979108
-20.728762790114924
-20.719668661857316
-20.728945941812682
-20.74383976653314
-20.732628706588436
-20.709288386010922
-20.725568884883053
-20.71345502136934
-20.70205987094857
-20.69989669498407
-20.717170780060588
-20.70485237005351
-20.690677846291052
-20.693252101105447
-20.690870571270306
-20.70213916472356
-20.70019165671175
-20.693706654974598
-20.71285022331955
-20.702246739192866
-20.703440923300004
-20.69200749584378
-20.70246868728836
-20.699792742212324
-20.695275596157593
-20.684385469917665
-20.680281178649523
-20.69202522331379
-20.70497412660932
-20.714349735938924
-20.709085922221977
-20.67322451633197
-20.665735167975463
-20.659074023508605
-20.682957473441665
-20.70204890935186
-20.691383985822654
-20.700227405867302
-20.712084332594316
-20.714741221618766
-20.7031327331682
-20.712442122711053
-20.70984257124104
-20.73859233217662
-20.71282661901359
-20.704725652371366
-20.70479014621828
-20.707607212100992
-20.69515180715632
-20.659152694699795
-20.636822816949476
-20.641222609563904
-20.664527187278775
-20.708638227946174
-20.701288975497274
-20.693401589405216
-20.67908198431008
-20.67879271455346
-20.674113683024324
-20.690911700560804
-20.700075458131597
-20.6872697891203
-20.6922381881762
-20.684295017066248
-20.683044970346096
-20.68577899274435
-20.68650556095539
-20.68932333978681
-20.68748322150315
-20.665285139022807
-20.66783555010261
-20.67577037285278
-20.71522394968899
-20.711094775613493
-20.723114497952732
-20.724921499968033
-20.719168638567258
-20.713285287763743
-20.69470579052163
-20.722533485907253
-20.726221400746354
-20.72116387581978
-20.73968743610663
-20.72184851521364
-20.7237031509909
-20.72067452687596
-20.73083985550833
-20.72557502533994
-20.699023832861776
-20.705993166794407
-20.716158082334438
-20.718757946258098
-20.720907583516485
-20.731130027680813
-20.733647515429144
-20.737909922248964
-20.73961049313841
-20.7384906199702
-20.74593882848991
-20.732282053725122
-20.730975691464767
-20.757462449739176
-20.77759745087229
-20.76839592749836
-20.765628466915274
-20.757758150153276
-20.768805729496783
-20.766601250096986
-20.77651077108166
-20.773359997937252
-20.76504192784672
-20.76792133076736
-20.751901556804043
-20.75397965961116
-20.773352346089613
-20.774947815168133
-20.769286899292783
-20.77650783214979
-20.76814041841239
-20.778402681844575
-20.779130247039042
-20.756370062718243
-20.752465498075537
-20.752078817698504
-20.72582425536912
-20.71367233352558
-20.708885019260308
-20.68065152950462
-20.666375434061514
-20.683791269295607
-20.68496079319636
-20.67593657462853
-20.682677407297458
-20.686654418724952
-20.710608966001942
-20.708537900302165
-20.70374676106871
-20.71361153013487
-20.715359193503797
-20.700929337391308
-20.709920538934174
-20.725765517263145
-20.741802541662096
-20.74846054404372
-20.73947559023276
-20.7377109041753
-20.743867905106242
-20.727005690106953
-20.71036799905299
-20.730605083482946
-20.742205784326302
-20.72310968894291
-20.72611123042398
-20.736211384686484
-20.741104171239616
-20.73468414821743
-20.735356719335147
-20.733177975563656
-20.727805690041215
-20.707075592046078
-20.682720082154827
-20.692288019107014
-20.694850729061383
-20.71919265884233
-20.714107390598347
-20.72253714838242
-20.72919050992894
-20.72497340183166
-20.715250484150467
-20.7269098625574
-20.726318709934237
-20.722991025329016
-20.732876591907868
-20.752959060635472
-20.761094648234483
-20.748643668106375
-20.75128812070697
-20.73083478814359
-20.735564014373193
-20.737718544505338
-20.721407596336164
-20.705255779683487
-20.69977400338128
-20.702736960233608
-20.707732170098353
-20.715645847725977
-20.714504183578576
-20.713748862870254
-20.72328110150442
-20.71414334526298
-20.725364422756527
-20.72369356532813
-20.701936734052307
-20.686224519419806
-20.69275177884532
-20.6923831338135
-20.706103266448075
-20.723345240872305
-20.723261694689572
-20.680807079606414
-20.682053098762623
-20.689614884977015
-20.72596876445394
-20.71504201699916
-20.74476220750462
-20.731747086990765
-20.723921443411278
-20.710061523865665
-20.708874885939977
-20.701119757526715
-20.70546219711112
-20.69167091753726
-20.67146173971092
-20.68732305531824
-20.692795105485512
-20.693192115015215
-20.685894808730364
-20.6798481429571
-20.70091646197607
-20.712277138213942
-20.697474660483532
-20.700106369528786
-20.68475625825617
-20.700090193803984
-20.724966502509044
-20.693236337812202
-20.6900641922122
-20.71211580763041
-20.71027375684134
-20.713757483742945
-20.689287080118675
-20.68292144301753
-20.667127814551186
-20.691343771742673
-20.696361441163294
-20.688298237258113
-20.689557570039728
-20.689342837824423
-20.686945572627543
-20.676738850476937
-20.69061096964863
-20.69564528988613
-20.69655024133449
-20.714771943744324
-20.72953836932496
-20.752314690142317
-20.7746256447403
-20.78759321984527
-20.780301101993896
-20.794569153301435
-20.79704529764851
-20.808626922719952
-20.81151217922232
-20.816090415464362
-20.813996836073848
-20.811124841985308
-20.821652028419898
-20.828047693202745
-20.812029758055445
-20.80622763026942
-20.7916864272863
-20.795858417118517
-20.778017267453016
-20.780047199706857
-20.785590777363037
-20.788160998965004
-20.787217985423542
-20.77181444752938
-20.79438589888128
-20.78665882881586
-20.78146201798643
-20.779304722176153
-20.776865687028053
-20.75730453664282
-20.777795783965047
-20.762276857665157
-20.73880842567095
-20.741196199133643
-20.755234266511682
-20.75517372000204
-20.74980912100869
-20.739733347487768
-20.7384256212599
-20.730270611958144
-20.732547489003124
-20.730044300238426
-20.761533733072756
-20.750085090529172
-20.75184559339412
-20.766322967963294
-20.76470259206001
-20.738066022252198
-20.737243571730236
-20.729239015421385
-20.720110347344516
-20.722931600627962
-20.747654208962004
-20.729586473102472
-20.7367452938352
-20.746952998094475
-20.740929691469383
-20.75605668073648
-20.740509476183533
-20.747034838921977
-20.743669985155208
-20.727982444522226
-20.744082533930463
-20.761746638732056
-20.744041422783987
-20.74510359929939
-20.752003913561143
-20.76049135425937
-20.761986914197955
-20.767688634688795
-20.73451078170093
-20.724354683958992
-20.72871527576601
-20.73078545724372
-20.728598501322132
-20.717041925504056
-20.737954901414525
-20.76390195539406
-20.7829790252953
-20.79304823503335
-20.774761355586577
-20.746829427626345
-20.762783751534403
-20.75710192267034
-20.75051741203505
-20.72430217869388
-20.757154919158918
-20.727872084288318
-20.723560681401022
-20.718625981243974
-20.736026393619984
-20.75148734075237
-20.75865355029152
-20.738385357126823
-20.73837950489367
-20.71411621631199
-20.70681299426768
-20.708552901084044
-20.712978312757336
-20.711164972020853
-20.71256748396521
-20.71937301545905
-20.737624406534568
-20.770199059094043
-20.76029103441756
-20.756616860557898
-20.740112236443913
-20.722585374732056
-20.721063528676368
-20.7369788386654
-20.763612955443104
-20.728701222856753
-20.743588082461592
-20.747488610145602
-20.74512088550047
-20.73392188155247
-20.755602443904465
-20.73650937100895
-20.742732450426935
-20.750584120771506
-20.776228005824127
-20.782624040305123
-20.801108510712833
-20.805063666089936
-20.79978285298724
-20.805528483298577
-20.81516695307504
-20.776501044274514
-20.774500180241187
-20.766746195065235
-20.771502685387812
-20.7877302852672
-20.78630803367804
-20.791726581993117
-20.796630466783572
-20.79965610686231
-20.794648990710964
-20.772231508536745
-20.779958686293416
-20.817615523525134
-20.803181481934516
-20.77977176529341
-20.769630010250044
-20.80104931690256
-20.771174703210196
-20.78036444782782
-20.791024477558924
-20.80713003828223
-20.7906411189932
-20.77749820846341
-20.780226586867517
-20.786417284838134
-20.79848021531752
-20.77828778088718
-20.797250031387293
-20.798115345800866
-20.799430618338256
-20.804897415209652
-20.791935865047794
-20.757145192057227
-20.763555658386785
-20.763395588847384
-20.747940225067595
-20.731345593458563
-20.75113247394806
-20.769197315836085
-20.784339501280794
-20.796551293466976
-20.813165134129665
-20.805293598070538
-20.829981273931246
-20.831154331186777
-20.80799307276393
-20.79874193418101
-20.77640190584659
-20.78746216364763
-20.795349246004694
