44.0
43.7595960072244
43.50116071858886
43.228118690914194
42.92897448125643
42.59227404249494
42.23566418782016
41.83173727131744
41.42263220948608
40.996658604259714
40.48275422465997
39.95746737198488
39.38550736130756
38.773694143593914
38.167026200161345
37.461489107295364
36.72381409905426
35.96550864275144
35.13760151168519
34.28296975928511
33.42099472924447
32.47921348578804
31.52002415491322
30.539932812022844
29.516294604334117
28.462117546588015
27.327461273901264
26.17469796723358
25.019284733395462
23.86788041061528
22.646847157814218
21.447809167783106
20.215195797723727
19.009231841128923
17.79405031031199
16.575737644784727
15.343583010079797
14.106765744295153
12.928769313284224
11.752295092430948
10.601205882047323
9.485222848791075
8.389918366935056
7.303425929582754
6.230942512152717
5.165043029000882
4.17938398362863
3.2410956906888555
2.3672992878390913
1.4804875321046036
0.6486679607428386
-0.17698327162487376
-0.9676330525553227
-1.721721278808839
-2.476429450220536
-3.191120840569959
-3.8955140941770816
-4.461726733673173
-5.075508954221658
-5.699940971225016
-6.215498613112775
-6.748847969184491
-7.2640494165059595
-7.7546327778823025
-8.212428795971158
-8.641124165812291
-9.050867968465209
-9.40809477803402
-9.751469405727882
-10.11346094715485
-10.437065891492233
-10.742924035531255
-11.025443018279882
-11.278602743443546
-11.535033748908127
-11.794609429785735
-12.008404188798862
-12.211937239964726
-12.448775690603048
-12.655769926636193
-12.836676720958947
-13.000174732470194
-13.14510021744701
-13.312162652711192
-13.458854523563968
-13.609896233850177
-13.747575140405113
-13.881790999637635
-14.015821933470365
-14.149809877474416
-14.248591061622433
-14.370849889669177
-14.47257253410359
-14.579695512809659
-14.70381678416435
-14.779044841993537
-14.877055980329787
-14.958672903366349
-15.025108441557096
-15.104601569225489
-15.184284368708251
-15.25794029043089
-15.33316105175948
-15.389273362154807
-15.457971751336103
-15.507759980554784
-15.574229574408626
-15.613161228966922
-15.658652899072129
-15.706981895619757
-15.755288339566407
-15.801044324278534
-15.849961098614653
-15.888109437875082
-15.929754894150902
-15.98072317814333
-16.02669306827327
-16.048734264895366
-16.095703381612882
-16.14116139014831
-16.189770491722523
-16.23553599547168
-16.27230386159862
-16.308940208205325
-16.336430721140072
-16.378669913362593
-16.398566259185582
-16.4385767906971
-16.477106332527555
-16.509904167480567
-16.54170350053894
-16.558317997423128
-16.586665531844528
-16.613449115844354
-16.6385970836717
-16.64752239300737
-16.652745678910893
-16.671978284620366
-16.6936868911775
-16.73586776185515
-16.75177333229333
-16.78652053711209
-16.81324080328899
-16.833772459529417
-16.856311417105882
-16.86414081268911
-16.893947275604408
-16.91455668671972
-16.94263733923494
-16.961236826567003
-16.98037379779917
-17.00185300398245
-17.0062984370412
-17.01984104017619
-17.01032689800581
-17.025957978031833
-17.02878866730992
-17.05476909435105
-17.073663119651798
-17.10514364454425
-17.129931359037194
-17.128687820775898
-17.138741068683988
-17.15709651964936
-17.16405422683722
-17.178640320323677
-17.18787576291383
-17.22542269124824
-17.242057962628103
-17.263369876501756
-17.275079156858325
-17.288396948217674
-17.316004942030357
-17.34506990925372
-17.356797902975458
-17.35864823683502
-17.378586576845866
-17.38004114817989
-17.389681500716303
-17.395762203185754
-17.410883268808096
-17.420992928941573
-17.428346730138763
-17.433411002607475
-17.442486681867035
-17.439986300850112
-17.449936674247102
-17.45069320974235
-17.45999031324486
-17.464689477207887
-17.480467018031764
-17.500755805329522
-17.496486690965853
-17.506552122116663
-17.527943740852315
-17.523126210766637
-17.524060084009477
-17.542757455740528
-17.56054002074691
-17.564689762819697
-17.571366664452057
-17.58098415868156
-17.586871600082738
-17.60278305668377
-17.620610449488044
-17.62119334916163
-17.619321210981752
-17.63385527808768
-17.63345068394044
-17.64129028988142
-17.63522392981956
-17.63157099564152
-17.631504449562343
-17.64450530761417
-17.653400100737375
-17.662622121096646
-17.67117000455725
-17.68302750830691
-17.689998256345678
-17.6882315419378
-17.69151655407404
-17.707996957804333
-17.708089594687102
-17.70843465036018
-17.722527710198623
-17.73961886548163
-17.75191785886962
-17.756055432248225
-17.739646694464994
-17.744187775738002
-17.75362680833943
-17.761123355415734
-17.77387035870051
-17.774899458869257
-17.78234840860999
-17.799175429022757
-17.794413538705328
-17.79694370861154
-17.831061237304375
-17.851042790851995
-17.850724713095186
-17.85712476911945
-17.87226364702958
-17.875391935680476
-17.868060648284416
-17.863795150081824
-17.85577722558266
-17.865239631969253
-17.861023187175658
-17.859510185024558
-17.861148926536636
-17.857320121004292
-17.868230450806468
-17.87715057607379
-17.889733467408497
-17.904984635298543
-17.911025732180995
-17.91932087617115
-17.925238128300272
-17.92447155285369
-17.92237772414374
-17.917479422200234
-17.920658616023804
-17.942410014712905
-17.940936022041647
-17.934539843110837
-17.92861594925284
-17.910270772096602
-17.922614424805538
-17.921453182465132
-17.922576662392988
-17.92742699200383
-17.93262714028194
-17.943705862050468
-17.940678249176994
-17.94283257744689
-17.951794110209235
-17.967444649065875
-17.981743104798248
-17.986191406342368
-17.991535467311174
-17.992905844826183
-17.993865338577272
-17.97915107474047
-17.97854775460736
-17.975169717393953
-17.98047077620692
-17.977892629620793
-17.981615255188697
-17.98456496193168
-17.986552656443074
-17.98006928057628
-17.98491378967146
-17.99522663095804
-17.995804941733073
-18.007491325919432
-18.025875549992566
-18.0328105687223
-18.032766029806822
-18.04802071807312
-18.042119930204404
-18.029219307705702
-18.026134404531756
-18.022254713055553
-18.026705451561245
-18.04450358719556
-18.04574808962116
-18.047084699636986
-18.061700773554467
-18.05693362749937
-18.061713635537338
-18.0684914568776
-18.083032083670467
-18.091865888300998
-18.087625340032208
-18.07702786317394
-18.078165174330266
-18.071446954960745
-18.076359944060336
-18.08430365171338
-18.077397316253432
-18.07430545316211
-18.05936629146475
-18.069815098730228
-18.081633038321847
-18.06799636949142
-18.072622549569367
-18.080279219703247
-18.10225916348032
-18.104642755209515
-18.107392694544096
-18.119245110895715
-18.11218770205868
-18.111496586696845
-18.124350270858262
-18.153046980975436
-18.14984605631241
-18.14309936312397
-18.150978253268892
-18.166856732935923
-18.163020632939354
-18.160818708168776
-18.16829542636115
-18.166659751201635
-18.17458678231717
-18.17228200885775
-18.183965162115836
-18.185074394561042
-18.19345315204737
-18.190247715252603
-18.19222715668369
-18.208448395110462
-18.204711142285582
-18.20905324417156
-18.210791543269835
-18.22227077726925
-18.217410181035525
-18.219843393049665
-18.21693908009014
-18.199577107074482
-18.209492598465218
-18.202840779209353
-18.20305377975868
-18.195523022860105
-18.200457142766986
-18.2179389636419
-18.21642856902256
-18.22410418952488
-18.233074715742358
-18.240350767036034
-18.241733581862313
-18.236809221857957
-18.248370365651848
-18.261298962416323
-18.26997158687125
-18.28456058916293
-18.27471003195569
-18.26911688227292
-18.272992602028904
-18.269083821746346
-18.281175778802037
-18.284033963955203
-18.29445239689453
-18.286777058681977
-18.299759588919855
-18.306872683742228
-18.30079960138858
-18.29545409999721
-18.299028928069465
-18.304519989065426
-18.29983042924815
-18.297157888374475
-18.295453497935853
-18.29962491318626
-18.29570964843806
-18.313634717222268
-18.32082495938486
-18.330340741426276
-18.334238328935818
-18.344092058271272
-18.351180572290577
-18.349112733982597
-18.3503921671576
-18.363471896105604
-18.37083612582304
-18.36243657908383
-18.37403317016695
-18.376652178241567
-18.35992637993295
-18.376932949170847
-18.370282141799063
-18.377310837460897
-18.383319053450467
-18.382763459845236
-18.386254912325644
-18.389013903747166
-18.382197151037367
-18.386800269395607
-18.386100005944815
-18.38355441120309
-18.393493654919563
-18.404160893077417
-18.410421529344283
-18.414238343466973
-18.405204583840185
-18.40886707103424
-18.41134407406222
-18.414636084129285
-18.420921124020648
-18.42178690058944
-18.42673541261705
-18.425565764681092
-18.42635030087875
-18.432188162550815
-18.445695045223324
-18.46477151738226
-18.468063066444607
-18.46092879486004
-18.464741629644767
-18.476323243873537
-18.482581028236215
-18.4769453541081
-18.48889771403859
-18.485622058897537
-18.503951185461826
-18.509709636471285
-18.508837126504687
-18.488004216923418
-18.483853123840998
-18.49411662147018
-18.49032718075076
-18.48599469564338
-18.49371297563804
-18.501883004989427
-18.501155177561778
-18.511162975006318
-18.513628298951584
-18.52696547690257
-18.519952525615274
-18.513723015182787
-18.515167564722805
-18.518553493604674
-18.516967855550792
-18.529097110016746
-18.511333849904332
-18.52260422229696
-18.53098905507592
-18.53839120171521
-18.539881480485487
-18.53628109877692
-18.554204526744282
-18.55503450150799
-18.551886002599122
-18.54827266442177
-18.554137581269426
-18.55179316350087
-18.551242851894862
-18.56045751513691
-18.565138503911477
-18.581131927519294
-18.56436079376453
-18.568147388929503
-18.565388259586868
-18.56477461739953
-18.56408145320665
-18.573478973815355
-18.56735965854298
-18.551093500255377
-18.557052716954644
-18.557723369464963
-18.553133644308982
-18.552967789606473
-18.562003539360447
-18.55453848950193
-18.56992899747621
-18.574283478944956
-18.57695008351371
-18.58111624744437
-18.572893927236024
-18.570857992939448
-18.574141512886598
-18.587052846940875
-18.59872130223896
-18.59514504547504
-18.581279322618293
-18.577551622892308
-18.58448108642196
-18.591512547130492
-18.588689626820713
-18.58469393658013
-18.588246555713337
-18.60732034750316
-18.598876655538096
-18.610404210883758
-18.630652421652783
-18.642977507746014
-18.66557357751102
-18.67636535083523
-18.669649234721923
-18.663977967159227
-18.656078976785974
-18.650829743864804
-18.666829711415097
-18.66089719250043
-18.65032599587512
-18.669259613356292
-18.665944103522897
-18.66051720242759
-18.665342760570667
-18.654630114408107
-18.666756009355627
-18.666806730777665
-18.67920714365118
-18.683848787004337
-18.68569191187777
-18.701108707101994
-18.697771050500428
-18.704970098440366
-18.70685772857019
-18.71141486328493
-18.709342153808834
-18.702639871881654
-18.7134921392157
-18.72217997397049
-18.74058546380931
-18.7437195707202
-18.748236053819713
-18.756486371850652
-18.734819563237437
-18.752207751622713
-18.74520456887072
-18.74593837496612
-18.74233128604969
-18.73524088824697
-18.73424034653885
-18.75292375865133
-18.754299447424668
-18.75098281520935
-18.757829923689503
-18.766361594090252
-18.775794900446247
-18.782675774357745
-18.783573994006066
-18.769430317196914
-18.773460691105853
-18.76916770718969
-18.760443859331076
-18.76591461033014
-18.764477355917705
-18.763679982109227
-18.755450038642866
-18.764217772250117
-18.768246605560897
-18.774178572413533
-18.781737651614044
-18.775349308554546
-18.75813870742392
-18.764390931377847
-18.74763859253334
-18.748785871537457
-18.751518611792626
-18.759862357930146
-18.76036639708502
-18.760028937304114
-18.758317664140662
-18.767470060900806
-18.762650846256744
-18.76205048151264
-18.765391781814678
-18.752813414384047
-18.756970742919716
-18.7697781127213
-18.756172849890966
-18.77545498731204
-18.790561566439138
-18.77679398011233
-18.77950442263331
-18.776824324706944
-18.767943264853002
-18.77043616198845
-18.778297338821183
-18.772454431617728
-18.79189309943572
-18.810455480594378
-18.810630990767663
-18.817572625473527
-18.825182865787472
-18.827113638071424
-18.825374662916627
-18.81327413826693
-18.817078036359508
-18.824604442917057
-18.83823051174375
-18.846483693409994
-18.852698098421165
-18.853062054046802
-18.84027822351513
-18.837465210822447
-18.838708744662902
-18.84479458767017
-18.84597986589525
-18.846522470899476
-18.862768682408518
-18.86905159642873
-18.879685800407056
-18.88476663042464
-18.87932354529361
-18.899907635298085
-18.88580394050641
-18.884307578376262
-18.891980690241564
-18.890609801586432
-18.895482866990548
-18.90884586306908
-18.933199893817985
-18.937673128091955
-18.94454853484641
-18.960080525677988
-18.95474461622958
-18.969557319377543
-18.96185248626056
-18.95389752318424
-18.95208613601209
-18.949937757052297
-18.944094344837275
-18.943505242087358
-18.94812919368244
-18.949730702877538
-18.95899202075094
-18.967887011798126
-18.977399713869982
-18.985432329269994
-18.991306110376403
-18.98657238456203
-19.012537709707857
-19.008794992771712
-18.991493264200972
-18.992150579270003
-18.98320181319898
-18.97211576242508
-18.9635605818141
-18.97500410198913
-18.965522099601852
-18.97416551416121
-18.96729471735944
-18.969440434336924
-18.95623156411049
-18.956928815457356
-18.94773041769614
-18.951433826524063
-18.97030377146441
-18.97668461640133
-18.966364189868305
-18.9669324953274
-18.990894945115134
-19.01930211056695
-19.02718812788638
-19.025719307871444
-19.027973486847287
-19.028127362013546
-19.017184845793306
-19.023394932146203
-19.031863905511415
-19.039149371294535
-19.041907103100776
-19.035338402968883
-19.03264281537162
-19.03913569431442
-19.023216605752648
-19.02211725568661
-19.008282829379457
-19.013211632708042
-19.00099489366798
-19.016756275578185
-19.005537381137934
-18.996437707488667
-19.003760510743515
-18.99974660935771
-19.00551282511769
-19.002460213900534
-19.000345396951868
-19.010172031975713
-19.010055043359298
-19.0194756016673
-19.030489877757997
-19.024806942137456
-19.02574000314228
-19.04487533284169
-19.030383113058335
-19.032852584590895
-19.036884423694225
-19.04929526363033
-19.03170555064605
-19.037615973915322
-19.025257461634464
-19.022913757091704
-19.037534324263092
-19.02949572612029
-19.03710773865397
-19.037208314973164
-19.03666955313113
-19.0304547914541
-19.042745074166895
-19.05026247661182
-19.051720959423257
-19.040657510767012
-19.049231726213918
-19.03963925226747
-19.040400638017786
-19.047299232526193
-19.050665472947376
-19.04656947148281
-19.04860612675924
-19.03681649904629
-19.03253257071312
-19.032618186462088
-19.029949937418678
-19.040270167365335
-19.03539138422611
-19.02978001976492
-19.02564679410143
-19.04393005739218
-19.041540306914406
-19.04876356151954
-19.039102491300284
-19.046865908130517
-19.05327856304375
-19.05543869309368
-19.049316581139664
-19.059851148489475
-19.05241283150902
-19.05829029125254
-19.06859000443203
-19.0774336199883
-19.090124075353234
-19.091801022506715
-19.08207079354039
-19.08199273966428
-19.08907483538772
-19.08827867451235
-19.07888759126932
-19.077407905563184
-19.08056097032394
-19.083608951041267
-19.079956391946407
-19.08601565212918
-19.090485263369626
-19.115801624715
-19.108973447520857
-19.100085411424704
-19.096139654442837
-19.101139318653164
-19.097079317958155
-19.090950612095973
-19.10534331392197
-19.1098980339416
-19.104781597112225
-19.113737223338156
-19.11684870858117
-19.129654850596953
-19.124247096007878
-19.128009065884054
-19.144935146114552
-19.137510352470606
-19.133407296949176
-19.136135907397243
-19.15212508482253
-19.16106113692308
-19.155924126312595
-19.16300526007183
-19.163052734701644
-19.16865458244419
-19.169707829904947
-19.176233164498665
-19.176391888410013
-19.173270566495887
-19.176743405362306
-19.173261149428356
-19.191352728322883
-19.181356207832266
-19.185548455382612
-19.18816961833163
-19.207849483080523
-19.211639263119217
-19.203843741837897
-19.1999744341304
-19.207607546714748
-19.20504954070762
-19.206444379724278
-19.189225245124785
-19.18414236781404
-19.18755265285286
-19.205605660716643
-19.209760102447103
-19.201238884737815
-19.193021095283996
-19.196195973916087
-19.211666728791013
-19.224220354132306
-19.23008442924311
-19.219868191136946
-19.210892239978524
-19.213072935138225
-19.213350983431372
-19.228055318940957
-19.22792231541173
-19.221049371017006
-19.23097375114038
-19.23887950338594
-19.238448799024486
-19.24622728157644
-19.24909670205178
-19.259166855867452
-19.256389746984436
-19.263951902245644
-19.274499503019545
-19.26873835258925
-19.265859119488045
-19.2654881398251
-19.278017809865272
-19.2728554218497
-19.272135804033695
-19.287808626761407
-19.289853779713013
-19.294142364681147
-19.293726974531072
-19.288633145253478
-19.293045620732748
-19.305824546163926
-19.305804716473897
-19.298319101996867
-19.297554861065862
-19.285233757911037
-19.272182964476023
-19.283477176961796
-19.28279240426667
-19.2985542280208
-19.29194359877587
-19.3011744642014
-19.319191394218937
-19.341187186203012
-19.327721655831496
-19.329988282983223
-19.322500365305032
-19.335440831746922
-19.32969165354104
-19.3337078329398
-19.325705859734956
-19.322350718156244
-19.31614483478746
-19.323722092492154
-19.331415999794896
-19.34049846044773
-19.338252218922587
-19.33489457654544
-19.324146742063697
-19.314506817214077
-19.326027553864474
-19.325334770684112
-19.33066116707039
-19.331472290314846
-19.332805286121868
-19.334628708302112
-19.31791610893941
-19.31190029275849
-19.328740970174785
-19.324410878082283
-19.33489218476689
-19.34765774171075
-19.366556053292513
-19.367346151362497
-19.375602574961864
-19.37641931284696
-19.379414938599222
-19.375987712117766
-19.386678022372365
-19.374945672946616
-19.372984291705365
-19.38096118575721
-19.381392345739894
-19.383297666740006
-19.38372963460528
-19.383138908525563
-19.370961228194304
-19.371822753255035
-19.378113166320198
-19.372462734627977
-19.37833392475673
-19.366493620184016
-19.368815061072823
-19.382528773596476
-19.386215494386242
-19.374405937851893
-19.377128434272763
-19.386760056992706
-19.39883616894586
-19.424916361425446
-19.429669054254106
-19.408677627650015
-19.39892001771087
-19.404530150978996
-19.39171564890299
-19.39719369423801
-19.397760405021526
-19.38756888288891
-19.397334987709
-19.397462199820094
-19.404234778897443
-19.419811457822924
-19.43119056142088
-19.446473797341564
-19.44278634251901
-19.439771138841937
-19.446526970457565
-19.465525268258855
-19.45924050358433
-19.45850838167052
-19.46592614850109
-19.46652929146381
-19.462158106585722
-19.453820653136436
-19.47220931800119
-19.47996148453462
-19.493010645668797
-19.473528841653717
-19.46303169846192
-19.45074804752275
-19.44902466508821
-19.457090299605504
-19.476388807561854
-19.476907354949716
-19.491765865541428
-19.49782055836082
-19.495388747233015
-19.48817110541823
-19.492454438412267
-19.50093808458188
-19.50002685203796
-19.50839995268489
-19.524061777767695
-19.512231973073252
-19.51559056063937
-19.517047686769608
-19.518069066436027
-19.52047803431496
-19.541771217385982
-19.537046351439443
-19.530099014592942
-19.531373331602627
-19.53659019725894
-19.538236160767383
-19.53390840655686
-19.545422702730754
-19.557189717552955
-19.558530538707213
-19.55723414268666
-19.564415056518357
-19.562416461289335
-19.56664305631188
-19.57625762035336
-19.589440008207042
-19.591926849207177
-19.598065416912945
-19.598606392955645
-19.60601413900086
-19.629503094490623
-19.632679841099776
-19.633758854582563
-19.619487740082683
-19.621496949113418
-19.63048758680738
-19.632408975633673
-19.62837274361886
-19.627666161477606
-19.620289661939594
-19.631306279629097
-19.616901330299573
-19.62303909675567
-19.615896731993253
-19.62403087284289
-19.635056003430204
-19.638163768338888
-19.65164240654319
-19.6480664823145
-19.635469535940828
-19.64067673647883
-19.63932995720157
-19.636804106648846
-19.64370472307104
-19.63007341156146
-19.618794703183788
-19.612771291702067
-19.619096361232785
-19.617897416808937
-19.61478405575345
-19.623641402290364
-19.624699786342635
-19.635135491598188
-19.644097165306725
-19.645822084255162
-19.646366959087597
-19.644186440205342
-19.657388601144532
-19.640310515649976
-19.62454094596926
-19.62441162171321
-19.636692641288363
-19.64329917322438
-19.646164313407887
-19.658820299119892
-19.6507916304929
-19.666780166904093
-19.663057133434048
-19.67004725545439
-19.677059098311624
-19.665880239171383
-19.67153428220977
-19.666091131743986
-19.682971786009283
-19.679810978408824
-19.67469897598502
-19.66493059569514
-19.675492181564078
-19.682136010356103
-19.67473061326899
-19.660873759234597
-19.66983776757693
-19.680956881060787
-19.6842828279608
-19.68232329970449
-19.696897460116002
-19.68391587584091
-19.690067324359994
-19.691881957995008
-19.690239945934888
-19.69036115237155
-19.68943051181005
-19.681341808988716
-19.695500301035068
-19.705585539467094
-19.712594449909396
-19.729968677384704
-19.73482202164082
-19.725253218747763
-19.722751111858585
-19.723576465871844
-19.73867236476182
-19.7467313275763
-19.749504734344736
-19.743651413266612
-19.738255313691457
-19.728506662245792
-19.715019667082547
-19.71904303978777
-19.71841332000915
-19.72938755956637
-19.739010491349
-19.751313861929834
-19.750372640258803
-19.760124845908322
-19.76022627241813
-19.75768202462449
-19.75600244340252
-19.742967506859394
-19.751016319776653
-19.746563457870703
-19.752361612276317
-19.733138335985572
-19.731697707656245
-19.744884636461308
-19.732154771375363
-19.750978921414884
-19.76684377212796
-19.761964050954127
-19.780602084714133
-19.78176010336245
-19.772460861600905
-19.76544071733552
-19.76675824673624
-19.748705854912277
-19.758865693830582
-19.757349425269634
-19.76206614538187
-19.766765119517007
-19.777472296759303
-19.769926731508072
-19.756123959426958
-19.748793420341272
-19.748845714691303
-19.762082885072623
-19.769451453982892
-19.76105365948711
-19.746719922840864
-19.742377017060303
-19.74495401780592
-19.745373008948143
-19.742590662320136
-19.74777144912358
-19.7467695761197
-19.75348375658784
-19.765167971127912
-19.75659361779833
-19.75877609926419
-19.72921800184046
-19.73169397969748
-19.7354062253435
-19.740094786838636
-19.731495813493623
-19.73391125150242
-19.731119925809907
-19.728946089964452
-19.730661400918834
-19.743874335718736
-19.741677235397248
-19.73528766560909
-19.754889753373067
-19.737255772859225
-19.745933889465597
-19.756695857292662
-19.750286372751063
-19.759291852797574
-19.756420545382134
-19.75325976460114
-19.740869123655706
-19.734466821143968
-19.73617613063441
-19.739893432829355
-19.741361672119154
-19.736928981039785
-19.74037505843047
-19.750054024792135
-19.74667925279112
-19.729496195295123
-19.735384050818233
-19.73263674342354
-19.727622318299115
-19.720019701221705
-19.721252306653998
-19.705254864595656
-19.69894943171068
-19.707548324184845
-19.69416344629411
-19.689545380817894
-19.6904862603783
-19.70090297222543
-19.706353668925882
-19.709604150473034
-19.706843769476507
-19.703118563255853
-19.721690763369445
-19.725291516478165
-19.726496957478428
-19.733226908878503
-19.74075076410719
-19.75161235069992
-19.749329218047528
-19.746626975621204
-19.73727923028645
-19.742370199825423
-19.7463171306292
-19.746682305154106
-19.757660832355313
-19.761763600522144
-19.78162716138204
-19.78639589890621
-19.786927952495297
-19.77772899466375
-19.79072514125848
-19.806324965685203
-19.800654946318804
-19.79361901446294
-19.79248569953998
-19.78489010176081
-19.78931226481879
-19.801847659090157
-19.813442166136017
-19.812802977038764
-19.811800909111984
-19.811240245419967
-19.82066455366489
-19.808768303271645
-19.806005369319674
-19.80473863475981
-19.814158496719013
-19.83309009698042
-19.822346043503877
-19.8105321895494
-19.810407499240323
-19.81327158919325
-19.824370287074398
-19.817298868858575
-19.825140215412343
-19.825589189345887
-19.83152271883853
-19.823452188665335
-19.822492357258778
-19.822758614301044
-19.84029485216787
-19.84889527905638
-19.85698151502126
-19.8548723314783
-19.87130478660507
-19.86324596047861
-19.857389864516676
-19.846307035959192
-19.851974681810812
-19.875545908104392
-19.875203682988882
-19.8712880473643
-19.868741859173756
-19.85413700898014
-19.846334826430237
-19.845435201729117
-19.83458322786602
-19.84277160883656
-19.852643152283665
-19.851557822150603
-19.859043362200367
-19.87939471559083
-19.88499958524492
-19.891691796069768
-19.892988361438466
-19.892045619457527
-19.90599502290313
-19.922199365793777
-19.920563718821843
-19.929569402373794
-19.924970986420142
-19.924166996086893
-19.92583793696592
-19.9156772135263
-19.918747723379006
-19.91229400334415
-19.911497343638057
-19.921332127067437
-19.911542058816938
-19.908906179391792
-19.90282881992482
-19.904084064409137
-19.898062572721546
-19.907462555183734
-19.908523829034692
-19.916641871368324
-19.91574845365473
-19.92227749674023
-19.91072038855302
-19.91595627930872
-19.906614663667092
-19.893219122474978
-19.891565858821043
-19.89104239444351
-19.90007973585909
-19.900593298429737
-19.89246435176528
-19.894154924781095
-19.896581965533795
-19.89208489291873
-19.881218966880407
-19.8881256648177
-19.890523437846785
-19.8850364374148
-19.9054397334675
-19.911647817828875
-19.923515755357865
-19.917885107738908
-19.925824897391728
-19.9586632377712
-19.969051771619956
-19.974543853695273
-19.95766466106884
-19.951873909500375
-19.965375236412047
-19.96689050091551
-19.95696473020607
-19.945676355744624
-19.94683989074284
-19.94142220971938
-19.938071618801306
-19.94131533558069
-19.948529344135533
-19.963832725343067
-19.953467205765058
-19.958845931193526
-19.958468440952128
-19.951443243651447
-19.960869850250106
-19.96848630229717
-19.93864896100984
-19.93382657636777
-19.94447951539127
-19.938878268938755
-19.934278482805517
-19.94224826549129
-19.94694244302632
-19.950147674693454
-19.954152105240322
-19.969083271705397
-19.961395495790292
-19.961901828362986
-19.984920226960792
-19.970986820707576
-19.982863939267098
-19.980430509860323
-19.98231209668723
-19.980000798327268
-19.988138394150823
-19.995254158446564
-19.99506967458587
-19.999269053506886
-19.988199624851166
-19.99761000856256
-20.011958082532665
-20.02020064864957
-20.008165373714988
-20.016556016548495
-20.02886962647959
-20.008816796939275
-20.015207356357053
-20.02542350237734
-20.024637946654384
-20.040302876920165
-20.028707420641958
-20.0222650261738
-20.039265242908822
-20.01531510305114
-20.008013196827033
-20.015766020840346
-20.01040803070928
-20.011575550131553
-20.00516464785448
-19.998314478632732
-20.005879684321762
-19.998587210960228
-20.00122304060874
-20.000815723798574
-20.007398439086877
-20.015606648242393
-20.007104289099036
-20.016836656621493
-20.00087988278439
-20.00172726029046
-20.00447325755884
-20.017583176699663
-20.0092101594244
-20.019793623001597
-20.01010448273679
-20.027460350054344
-20.01988045735135
-20.025506649261224
-20.025932660342267
-20.043663495543427
-20.036389971880094
-20.034853254255836
-20.03843981581208
-20.041251840807686
-20.039184187630298
-20.03550267056555
-20.024523800260255
-20.02247234021502
-20.023828936175686
-20.013684834809048
-20.007733791685187
-20.00793628562667
-20.00270296138658
-20.003929055428852
-20.001177904914854
-20.009806078355233
-20.0112417836938
-20.02654639186378
-20.03550672243756
-20.037012289929013
-20.04426345584444
-20.0418732413879
-20.04557359959325
-20.044673007081684
-20.04878107415917
-20.057290323017213
-20.070051708047437
-20.067366600037595
-20.082574292417153
-20.089495266495394
-20.094045451896704
-20.07446366622613
-20.066077441728773
-20.066602431065714
-20.06116915205012
-20.05356013833765
-20.049583419094276
-20.0477322474687
-20.058385642744376
-20.055628357193847
-20.05862414109191
-20.06737419757665
-20.061326658932856
-20.06134371167936
-20.06142880104136
-20.072713958775445
-20.058618350240987
-20.072312963166745
-20.070940893019387
-20.063105631665138
-20.05731171534928
-20.055504968720257
-20.064283904719083
-20.073660536267727
-20.07633182925249
-20.078780560538462
-20.087566536935892
-20.08896150398485
-20.099695835011893
-20.095605638232517
-20.096791181906337
-20.096380850634095
-20.098598404074654
-20.101202323409304
-20.10004388844422
-20.081327033221612
-20.0891719249979
-20.093567341770868
-20.115551203416196
-20.112847470408997
-20.101162822391146
-20.10320510196973
-20.093619850441154
-20.105017059351297
-20.104330584442575
-20.104357531782995
-20.103231104394258
-20.114583452598378
-20.108568872272762
-20.100861021645986
-20.10651264828411
-20.102706443067472
-20.089355185745827
-20.082297070292608
-20.08577735324832
-20.06815831391016
-20.052699730902397
-20.060615030425428
-20.061129093376127
-20.06856045798012
-20.0676916324863
-20.08090379245277
-20.08739156035865
-20.093002062496012
-20.101382425629122
-20.100785845271286
-20.10823145206461
-20.115762537748715
-20.110992174949324
-20.114357591666987
-20.125469554774956
-20.15365496652203
-20.155528822008954
-20.162683419019736
-20.159552050268697
-20.161619500323873
-20.134973523975898
-20.13141414088441
-20.12288343932615
-20.126679907881005
-20.134480722006074
-20.1346990130874
-20.127486830575748
-20.1396030119784
-20.138571329197436
-20.131809078989686
-20.136902564145824
-20.138505356182577
-20.138225762561774
-20.146717720867642
-20.157643559208775
-20.14029446193953
-20.160354557308406
-20.1650521918406
-20.18550658972458
-20.190158727470802
-20.18434466014935
-20.174737134788014
-20.179183292418607
-20.184291478949074
-20.19341004562067
-20.20020327336203
-20.206457239084674
-20.209210220556997
-20.207617382503756
-20.20470750494295
-20.20594584667068
-20.20069190638218
-20.212965629725527
-20.203940052851568
-20.206727534252437
-20.196918042072454
-20.204346919378388
-20.202739509014435
-20.195345509137415
-20.2026996004005
-20.201025919394375
-20.20222826019015
-20.200352516877544
-20.208182252073982
-20.203062544112
-20.212727637338077
-20.225949554704698
-20.22311712797354
-20.226988885911254
-20.234167404302642
-20.237807955978734
-20.228294627798224
-20.223711666614562
-20.229811686941133
-20.230762970469055
-20.217484114701243
-20.218707536067754
-20.212536839660462
-20.216851783562507
-20.22285204612741
-20.23701456280687
-20.226065411431126
-20.23490644788803
-20.237533118518115
-20.226531067469534
-20.223934822386223
-20.21398122790597
-20.212161583416442
-20.20600664799188
-20.21909927654296
-20.207582149165674
-20.215837870010713
-20.2122879016364
-20.21828069755399
-20.2251831487293
-20.227475153581736
-20.238709331896285
-20.2400175185179
-20.23586953568886
-20.23634598731089
-20.250584540457208
-20.259919414559448
-20.265277512756498
-20.263468447234494
-20.25668546215684
-20.27018752447072
-20.26988799061977
-20.283543795427505
-20.28941727607076
-20.275095337251145
-20.275380860917064
-20.263205204573975
-20.26058200364808
-20.24838033564558
-20.263193689510253
-20.259398736727324
-20.271864674013248
-20.273246825089277
-20.262862920423487
-20.276182755522836
-20.275048964504386
-20.268940547907707
-20.27755593203789
-20.27736613393639
-20.2894310724871
-20.289976635494185
-20.29680373018859
-20.278398557712983
-20.27312563114265
-20.286991416254764
-20.298569553201684
-20.30419644460667
-20.31260969049393
-20.303094061602916
-20.29673579433415
-20.297527231059327
-20.305924143972277
-20.29303633706355
-20.277550236139678
-20.28210383260327
-20.2756424274485
-20.26694880611199
-20.273685806704222
-20.26518682826101
-20.275535708542744
-20.275710262492858
-20.283011292678214
-20.289125732530422
-20.291083174574652
-20.2875111368499
-20.284647031081214
-20.284841310327472
-20.282438810466214
-20.280214597072415
-20.2792926929181
-20.287474215904584
-20.28267427704624
-20.282203266217383
-20.285685372714575
-20.28312856253063
-20.294797653991587
-20.30521102862394
-20.314279773771045
-20.321976960242807
-20.322278753197388
-20.31666165358868
-20.31711989674053
-20.312332319925584
-20.30113505281919
-20.305536172613245
-20.310228731116737
-20.306343491729496
-20.305961774852765
-20.295215284900554
-20.292824965136386
-20.282643380672816
-20.277928149531835
-20.289007948655183
-20.301607310676072
-20.308535360220926
-20.31988369183265
-20.328113723316346
-20.33042916903951
-20.32381825200941
-20.306678451338346
-20.294348628446475
-20.29166332364176
-20.30280964826036
-20.317561901168354
-20.314148348016715
-20.306403927397554
-20.29673175677765
-20.29305335702571
-20.294325595627157
-20.29044293287089
-20.29082768687947
-20.294847831202976
-20.29263148648139
-20.289724162336032
-20.2833042226612
-20.26800510261453
-20.276816489975847
-20.275428874353203
-20.277194799646473
-20.27789590607587
-20.284072794925933
-20.27891906989652
-20.287404791820293
-20.295530434065483
-20.292830779098338
-20.286639737289764
-20.284551092303516
-20.27938499393604
-20.272282589870496
-20.291146866481583
-20.2933017259748
-20.285404453448297
-20.272863832799036
-20.27532876704798
-20.270882274685288
-20.282265770890806
-20.292138471005735
-20.281553323738237
-20.272480294451963
-20.25948560134677
-20.268151976189333
-20.27325853306071
-20.2656600175348
-20.259980334823524
-20.258982094235115
-20.267776992436534
-20.26401263933009
-20.249639632358512
-20.254993972609764
-20.26686205656869
-20.257836214192267
-20.284729188028393
-20.30615259285467
-20.298855784803887
-20.317415664393636
-20.311356970248394
-20.31681945141637
-20.32908309997818
-20.33744432267957
-20.339069281383182
-20.352406388535496
-20.357728144084987
-20.360860234929703
-20.35822078657027
-20.364958553106735
-20.370360980115898
-20.360528087645967
-20.359120525952726
-20.36342077558838
-20.35499700674776
-20.358268545010155
-20.337840214622254
-20.34092769945421
-20.339431586058442
-20.330227041311236
-20.327321017185334
-20.323885399803867
-20.32812667565612
-20.33514156146508
-20.337388163347374
-20.320415147164574
-20.31809022821897
-20.316015102655086
-20.341760176776884
-20.34450066557193
-20.338609004678464
-20.348174955138667
-20.34135064666383
-20.3370400552493
-20.337943614720647
-20.351647175509047
-20.358007116804036
-20.336851008237943
-20.346098970813618
-20.337901447976485
-20.35169279595998
-20.35532946556706
-20.352407487095082
-20.343595400503613
-20.338570658569857
-20.33404236392584
-20.346864015890493
-20.352243655708406
-20.354472988588203
-20.373399567028173
-20.374239840827553
-20.365824074576324
-20.357159436679108
-20.366482870763154
-20.35576421516147
-20.365804456624996
-20.355782251591872
-20.35355164837471
-20.361712878722468
-20.358689062649503
-20.36491545527441
-20.371703379154734
-20.377171956703613
-20.384750709255542
-20.38270724294996
-20.391261364946512
-20.393941603166127
-20.39529829281836
-20.406881189926853
-20.401837477760967
-20.40144187808655
-20.3842320776531
-20.382028724364638
-20.38738815578306
-20.385669941695603
-20.387985467669406
-20.38290965600981
-20.37552155464017
-20.355151631953568
-20.342162087749774
-20.36225956600831
-20.3748519331217
-20.378786115891547
-20.37049672183668
-20.360011419617518
-20.349524270509267
-20.357488912947584
-20.356708531789938
-20.365922903451082
-20.379358903270273
-20.370009390007716
-20.38013783530809
-20.382814450909677
-20.387378032329536
-20.381634880910816
-20.38915234246408
-20.390878370565492
-20.396580242029767
-20.394429282144994
-20.395261881390415
-20.392301832304625
-20.395012372537618
-20.39677129256491
-20.39312915470612
-20.386870289935924
-20.391937088689613
-20.38775418415703
-20.378381997687338
-20.384395461081997
-20.393714773546055
-20.393947841956045
-20.390514631098572
-20.39783178988986
-20.421794656834784
-20.41346147758233
-20.421780294360065
-20.420878577440476
-20.418052677327196
-20.43731122786579
-20.452388077370234
-20.455172118164395
-20.442398282914
-20.444657249251286
-20.450324208956754
-20.450046644496783
-20.45032659431686
-20.45201291933523
-20.447431451009688
-20.451483343550322
-20.440696656142855
-20.446356304824675
-20.450766549921372
-20.441347125720128
-20.45312864294697
-20.464369905400332
-20.450720136692205
-20.445342407340128
-20.44277206815857
-20.451178264079964
-20.43781848596166
-20.42986483177165
-20.437441975070406
-20.44992644041331
-20.42093437080089
-20.422265780750607
-20.421756883756476
-20.424236556645365
-20.420660134520208
-20.414905772314757
-20.406356009092853
-20.39300395380831
-20.40019655222598
-20.398734988007167
-20.409650315297334
-20.407665672120203
-20.413934949358165
-20.42440760215537
-20.41508390245705
-20.4225960574122
-20.407193291835647
-20.405166474200175
-20.39272633291205
-20.382307281938786
-20.37089288425945
-20.380925770857598
-20.389192295470583
-20.38265902303018
-20.38776434695504
-20.381885334590493
-20.380465237883023
-20.376485659952817
-20.357609720526366
-20.361912975358067
-20.36845355594557
-20.368854514784367
-20.371356896639195
-20.382515421705097
-20.3731379076595
-20.37395143405834
-20.368755363787628
-20.364010695038925
-20.375865849110863
-20.380209333593292
-20.38334500983508
-20.383255132396588
-20.383598904027846
-20.38675804835759
-20.382324744783503
-20.380091330260353
-20.395970097933077
-20.409834904422897
-20.398284362783162
-20.395494911338353
-20.39961079497924
-20.404123924045024
-20.4177422762644
-20.41305523219488
-20.41365410253743
-20.41796070485977
-20.416196063866124
-20.404749636467365
-20.402742903276614
-20.415244497731834
-20.427263553971944
-20.403890176442832
-20.398115410846735
-20.40864895453535
-20.42027417541708
-20.405865362658126
-20.40571347994039
-20.409453370185147
-20.39465247679363
-20.405654046637142
-20.40734569255678
-20.423087703383946
-20.420681340501854
-20.417348572298017
-20.411999758937178
-20.41086329162751
-20.39725510253186
-20.386374732024862
-20.40109820340361
-20.394609702787747
-20.38950293495864
-20.399108474843743
-20.404780736855095
-20.41065354282874
-20.41490660548759
-20.418787426112036
-20.406841273509514
-20.42051163060752
-20.404415824677702
-20.401509587197737
-20.42211944016386
-20.425121826087608
-20.426602088880813
-20.421861565704873
-20.419445057062727
-20.40095891348678
-20.393942795407913
-20.403321483421873
-20.41747472305992
-20.42408647158705
-20.41277865977527
-20.43019137563266
-20.444895412712004
-20.45155508791172
-20.44196990856459
-20.44073180148134
-20.437960340241105
-20.43318487819989
-20.430636960067975
-20.42672871733481
-20.42259757788747
-20.42559384182745
-20.440050579710828
-20.456822334497346
-20.45056647270425
-20.453742652058907
-20.45772332830392
-20.464311064083546
-20.47221750770115
-20.465339832852493
-20.468536569054386
-20.471491742610908
-20.466883146027897
-20.45486392739448
-20.45903544570371
-20.472309818710805
-20.461146197431756
-20.45549608754418
-20.46091075194561
-20.46530681242619
-20.458072881520277
-20.440992911803516
-20.449204904146406
-20.453232039626865
-20.45852723946889
-20.46046076150262
-20.4668472639352
-20.455761480435626
-20.456720168786877
-20.435550719330614
-20.441921166204953
-20.45238845512832
-20.45898436601013
-20.45988096679759
-20.47912869436509
-20.482559063867026
-20.48175847225108
-20.472951596755777
-20.45441140030377
-20.448850770713417
-20.434834009099013
-20.43126059337095
-20.423139076950854
-20.436784785449053
-20.434840471438292
-20.452672794160858
-20.4563520425437
-20.445567559410698
-20.43084818816027
-20.445909182280904
-20.451042450982985
-20.447287656402843
-20.43979684611877
-20.452339570776154
-20.447293359482973
-20.43430848900845
-20.452888169841145
-20.44517798104848
-20.42940361979755
-20.433575477850347
-20.441364389120547
-20.46428740890825
-20.469537297984086
-20.482162319482423
-20.49103076740084
-20.504053192795467
-20.49517451541419
-20.48072056457506
-20.488011256617153
-20.474711797026387
-20.481932681514195
-20.486131869798783
-20.479819121250664
-20.471564710580754
-20.477091538461874
-20.484249829176875
-20.473754246864814
-20.47797865243977
-20.48550546573998
-20.48268684954458
-20.50106272328554
-20.480763705383538
-20.461276481101336
-20.469010018870623
-20.46164022492026
-20.476956326313278
-20.485362650439857
-20.479515327196808
-20.491565914235114
-20.478952807940573
-20.48821818053936
-20.47588042398398
-20.480531206714932
-20.471989871116044
-20.471456322262508
-20.474553596176452
-20.482175998050092
-20.490492542091538
-20.501749451655307
-20.495148528054273
-20.496328355190776
-20.49103653225598
-20.500207858710745
-20.504805086732652
-20.50418232162179
-20.503586014735976
-20.49804434762199
-20.49028688214176
-20.488020003173506
-20.47728305475513
-20.479454021715007
-20.478441587240717
-20.461411718809913
-20.446815412430997
-20.44519647083603
-20.444961337743727
-20.454131737204552
-20.45985061736551
-20.454950214051177
-20.46222899936656
-20.453444517216298
-20.461783636818257
-20.472595192016907
-20.467678785334773
-20.474188160508717
-20.479047356731073
-20.486036023807248
-20.490636152463622
-20.49734860438659
-20.48865949394511
-20.486912626092973
-20.485793140797167
-20.48231886432164
-20.47134970639317
-20.445827396957913
-20.44697115178841
-20.4443851012809
-20.453589204312806
-20.44255558201607
-20.451591099929967
-20.459918099282948
-20.451709545393065
-20.440746127073375
-20.44017488309152
-20.445209035822092
-20.4448288393838
-20.4593333858482
-20.44692588422013
-20.447786371399868
-20.448870135734666
-20.441612582174255
-20.455422472602407
-20.462683595104185
-20.468184801541696
-20.46222222664373
-20.474111237519246
-20.46210384419555
-20.471143697412977
-20.481469967242433
-20.486604502016423
-20.487868851669912
-20.494857176372356
-20.48603063873712
-20.48018473846988
-20.475886655997783
-20.48413007803226
-20.485803021042816
-20.492877643118707
-20.484175566156154
-20.47199887698332
-20.480336204455728
-20.49730714512356
-20.51029904094287
-20.51937408373914
-20.519374488564566
-20.5276375404398
-20.52651509098831
-20.547141643671406
-20.53263145679647
-20.541400704885312
-20.547995557516813
-20.545593208945633
-20.541657201796223
-20.56385940303177
-20.555247124020624
-20.55252833098088
-20.557929101118443
-20.562785294379484
-20.55857954872766
-20.55871909086906
-20.55344119073378
-20.548786152361174
-20.56050706456995
-20.563787724989105
-20.537673547208225
-20.53410614560023
-20.5348509330124
-20.53693637726471
-20.527660347667638
-20.5317283542292
-20.538653269651977
-20.542546566019798
-20.53860019781712
-20.533403386884135
-20.5358560479756
-20.540161161618308
-20.54783652839741
-20.54902714186431
-20.544304644660457
-20.534272995996222
-20.528967250196356
-20.521327670201853
-20.519293183229404
-20.53480368489864
-20.55122270459724
-20.54012302262058
-20.554704391937932
-20.54135932936554
-20.52501188560997
-20.52246384323006
-20.528810009093565
-20.52326570161579
-20.518852492991652
-20.521576575663616
-20.51024714405736
-20.497882680125315
-20.49203807131714
-20.494913542903845
-20.4819667846388
-20.468380630262054
-20.47118187893599
-20.495637623396853
-20.473018131320345
-20.475461378891268
-20.471826440112576
-20.472824932591486
-20.465962587327283
-20.469414927286614
-20.461012072674723
-20.47339726978353
-20.470041215419066
-20.47347992487127
-20.47078226603374
-20.48408771456092
-20.486157774736526
-20.490126901169592
-20.50189862334322
-20.51347708523201
-20.51602851265554
-20.520281793998027
-20.505871276292208
-20.513308844547097
-20.50368361973167
-20.507610543998684
-20.534214334774106
-20.537521676016954
-20.53203824499658
-20.540092533457457
-20.543438270586254
-20.541494845938505
-20.53299004651537
-20.528723434516934
-20.51457676205183
-20.512743901813387
-20.495141614921813
-20.4932151178182
-20.478149933592874
-20.47861333092553
-20.460170054302168
-20.45208171921626
-20.458611287984795
-20.474186924142614
-20.4823246805422
-20.484108175006053
-20.46333379170779
-20.450245490954075
-20.456895676066473
-20.470281124416005
-20.46851823529137
-20.44713964551096
-20.438735768112306
-20.441810669340178
-20.449627856944854
-20.458330814084366
-20.45301358222489
-20.45472910672497
-20.451747377361404
-20.442723601211853
-20.456701342735492
-20.44773559411209
-20.4555559376647
-20.457012588774724
-20.46209720700042
-20.46815147709597
-20.467201615257135
-20.475326496610734
-20.484506035331275
-20.485542834654083
-20.489160269815628
-20.484906146907303
-20.468004145383215
-20.45846735613669
-20.46031151244191
-20.47401689108705
-20.47046614540118
-20.469424708483174
-20.469377957382132
-20.468880979897918
-20.473114001301752
-20.486347131201327
-20.47706748447157
-20.487498045382306
-20.493261557916608
-20.50454211686346
-20.50459447801296
-20.50355775062772
-20.501386295863462
-20.515965045927196
-20.517686044359756
-20.50837698818808
-20.507254102998377
-20.512077811148913
-20.52856171545882
-20.520665139536554
-20.523074448803914
-20.52480163979814
-20.53792505314219
-20.53752492147514
-20.521313766216714
-20.516082071705974
-20.514152597143788
-20.508238688935513
-20.507330387448647
-20.500170476589545
-20.50826381820354
-20.51418857018718
-20.511277206375443
-20.517049246365836
-20.492159416085986
-20.464624789410976
-20.45754715700729
-20.467939638714146
-20.473859100229905
-20.48604081931802
-20.49432712442548
-20.508426646924928
-20.493106887845272
-20.477941453510237
-20.47627246830938
-20.471690425644187
-20.46467200872725
-20.4774791638297
-20.493939213648076
-20.511676389862238
-20.517663971608393
-20.50974305280144
-20.506170678406267
-20.504851039630132
-20.508174449028434
-20.514331347355323
-20.51626134413273
-20.534205230841938
-20.52251975267104
-20.504806281600754
-20.51411859354752
-20.522647479263963
-20.53617305503781
-20.550428150939993
-20.54345678824452
-20.533856607549954
-20.531712652665206
-20.54404801939716
-20.533345625239075
-20.534320910993166
-20.551111987856142
-20.552877201960623
-20.55654485864207
-20.54509076013972
-20.541566405341904
-20.541394408086344
-20.544155265656443
-20.555959746562696
-20.555009982714772
-20.571623992212633
-20.567059788165235
-20.56396288331131
-20.558772643893253
-20.556611471590703
-20.56590745123532
-20.57858596223138
-20.576814660107082
-20.55219138239115
-20.557752249393282
-20.54485309151007
-20.549389448394788
-20.55262038332928
-20.55761725685004
-20.553060203429197
-20.555035059581694
-20.535722482497835
-20.52426278301591
-20.51658401267053
-20.519978973843678
-20.545236517889016
-20.523120897284965
-20.515812982737206
-20.515193364491047
-20.509160453982567
-20.514688384966664
-20.524141353400918
-20.50975307633977
-20.522841050170946
-20.531343633610152
-20.53015221713123
-20.530795147621767
-20.538801478403244
-20.550672422225034
-20.556680532078126
-20.557291619271695
-20.55484579559643
-20.553447062975785
-20.558904459425648
-20.544138729793524
-20.540099244185118
-20.550404642631882
-20.543488473552824
-20.542846601579367
-20.533002822363407
-20.544225662058906
-20.539885036838186
-20.524498288017224
-20.525965964262124
-20.525741374237167
-20.532558014876745
-20.541396337668502
-20.54352108292542
-20.547128738761078
-20.565039886165735
-20.569543388174477
-20.589699423778075
-20.578811649299038
-20.567988324391823
-20.576779767941577
-20.587282744146368
-20.5911744305289
-20.593486160095647
-20.594214805706102
-20.605853013594803
-20.598474959394675
-20.60627048947475
-20.59088373582237
-20.58486348744664
-20.58428817579975
-20.593493517162024
-20.589377430506968
-20.593904108573614
-20.58604344455776
-20.584909179340492
-20.573035456817433
-20.567373221533046
-20.575596753902243
-20.578909299451375
-20.590499386528705
-20.59069695574354
-20.585008229084732
-20.579706754161705
-20.56652571375069
-20.57243781362777
-20.569557008793723
-20.568864099783156
-20.579743649633162
-20.570910334590465
-20.57087066231519
-20.581909509788552
-20.579554139148385
-20.570146587546667
-20.57616036286944
-20.5970096406171
-20.59902036803349
-20.612165878786776
-20.588050446775537
-20.59376295948371
-20.57912740951882
-20.589243356665587
-20.576843936120696
-20.594774586938676
-20.59918300264906
-20.59781494867967
-20.612693181956327
-20.59705796412178
-20.57644600992509
-20.589449262906427
-20.58281046219993
-20.585820895304533
-20.58328027161472
-20.589355303918534
-20.590225218955133
-20.5806239272345
-20.589642049586235
-20.591155052842247
-20.612706057348625
-20.602114750555156
-20.59780435648381
-20.6240566462509
-20.62890351195081
-20.632312250120908
-20.648839322859306
-20.66049707834809
-20.67113674450583
-20.67968458966406
-20.690443521250426
-20.691978669640584
-20.70132389039944
-20.713777117275193
-20.72896978754083
-20.73913075841853
-20.7324704654895
-20.718746063508007
-20.711835960057435
-20.714257966626903
-20.724438371270526
-20.722634024679174
-20.710048905358544
-20.72910265985263
-20.74000546934769
-20.733204656646492
-20.736437326788
-20.744565248266923
-20.735786529842336
-20.729178870368518
-20.73912616630976
-20.728332471418653
-20.72991848313585
-20.73007773642193
-20.720581264297635
-20.72343711326355
-20.714343878016383
-20.712583879153225
-20.709589957159146
-20.699937745257728
-20.68418891252922
-20.682079926123322
-20.668751812728654
-20.6500697895169
-20.669976071848694
-20.679481402852197
-20.68257603574639
-20.687172808067846
-20.677860412660223
-20.662826804192086
-20.67641238548874
-20.684479248448437
-20.68051913111154
-20.68743160614385
-20.6983057754965
-20.68712519919771
-20.698676354405926
-20.706461337780937
-20.708665645932022
-20.710577442236463
-20.71635425072405
-20.72179268376653
-20.734675254480134
-20.732688523223736
-20.716774772360665
-20.71992250561875
-20.711156658445127
-20.71841507783841
-20.72380470795076
-20.72187172486107
-20.732141254431223
-20.71659007039995
-20.710095755179676
-20.7270242784903
-20.728247547135936
-20.733733261354807
-20.72125160052116
-20.710802280400166
-20.69941405868379
-20.7000119776991
-20.698385848909595
-20.701450433271038
-20.696842056696912
-20.703187590455823
-20.708676007840396
-20.697798383681704
-20.683619005712256
-20.696827408270163
-20.712798589102906
-20.712353898454225
-20.712099725386587
-20.717638174358246
-20.71318148411231
-20.70911224328562
-20.693690112310737
-20.67967280138011
-20.693862747101317
-20.6808542021539
-20.675417176716092
-20.666936372523317
-20.682366660685314
-20.680612002091266
-20.66926197321742
-20.673296376326412
-20.664494286700254
-20.677275393491268
-20.678628841997543
-20.667979536402708
-20.66658705869953
-20.65833012007012
-20.655862153001163
-20.652337513051958
-20.679749456532853
-20.68037411497335
-20.685164668455876
-20.686252709223783
-20.680430680852968
-20.685986978630226
-20.691415266287198
-20.697208984063522
-20.68567562466672
-20.682767099097607
-20.68724733751184
-20.676830077192818
-20.684585812584892
-20.685197213320325
-20.69312341232231
-20.683208512638714
-20.665842537654143
-20.67392274211677
-20.660322656540014
-20.663983845996768
-20.659780691671223
-20.668622014527866
-20.65233576860985
-20.67445774262675
-20.673812423585822
-20.684134773384127
-20.68045943860209
-20.677326118895127
-20.68923415601867
-20.674901156005483
-20.664398395672347
-20.657524576952472
-20.64631688969026
-20.63880660469496
-20.652951638346035
-20.64987007374659
-20.667325041029194
-20.646913801006004
-20.65343185685989
-20.64905338168786
-20.632544496915656
-20.63345287317282
-20.63477138004842
-20.639623775550117
-20.642832952530423
-20.639016446707206
-20.63799757315853
-20.630708834946855
-20.642695792890738
-20.644875831885436
-20.640111258348746
-20.63482461153466
-20.636483599161366
-20.6459697942053
-20.639272813429645
-20.639445694745046
-20.638530332700483
-20.635754396120674
-20.637220586589013
-20.641847209229226
-20.639556754699665
-20.642513558282392
-20.652052190782396
-20.655998756999423
-20.64658395900123
-20.636970028202285
-20.61627499917714
-20.62663435766
-20.62765190149787
-20.635305891757724
-20.6197911173812
-20.631704878450368
-20.634019948076087
-20.631474649582128
-20.61965997875086
-20.60994279091567
-20.61051417458857
-20.597091662673805
-20.601391427067806
-20.5855184379311
-20.591016336767858
-20.61571112520521
-20.61487573244018
-20.61248786921937
-20.60727949878361
-20.604923043501344
-20.58849006893845
-20.58037457413105
-20.572383810285906
-20.583167370051093
-20.582978777727146
-20.586422293070697
-20.581186570933017
-20.58572496502507
-20.593452816110062
-20.602875487787966
-20.60189421216859
-20.60734133612752
-20.604441382385158
-20.607268799146034
-20.592686555721865
-20.569522456207974
-20.58278740252847
-20.582856115256618
-20.597100468835226
-20.5822324425022
-20.57424615765427
-20.57796991707446
-20.581390861461813
-20.57415125071715
-20.584059859155104
-20.592192178608514
-20.596347997363512
-20.59701301628042
-20.587563351817792
-20.601179755987904
-20.603543126403466
-20.601027022447113
-20.597695098109735
-20.582045635441357
-20.58779006881295
-20.578280705806623
-20.56579749009928
-20.5621993671728
-20.558390722287427
-20.557259305075387
-20.55596083658969
-20.571072619716183
-20.563833137242145
-20.552795599399694
-20.561596520904388
-20.55345655173924
-20.565129460283508
-20.575044073599567
-20.576767055054347
-20.597683832587645
-20.596732312621224
-20.59790432127221
-20.599083892987434
-20.605619742642638
-20.586711751133556
-20.57528915315188
-20.5671815455733
-20.566330296058076
-20.566084943874632
-20.58091154011338
-20.574201086034698
-20.590808185013213
-20.603120090740354
-20.603442517904764
-20.622111479913784
-20.622803651070985
-20.63411203259227
-20.626144245407108
-20.617767378578822
-20.628714730332018
-20.636611667995837
-20.640759421092163
-20.63906086914821
-20.64484840295259
-20.65934614610636
-20.64971522341747
-20.628871354625872
-20.608915536758126
-20.616504902044266
-20.60317916382072
-20.577687180601945
-20.571601987219893
-20.590612599611802
-20.592890084116494
-20.5877584766911
-20.601397742133113
-20.6092195857772
-20.62603198767773
-20.626503046695117
-20.634497224487035
-20.642729474719776
-20.6331116365966
-20.640226808051896
-20.641970299218894
-20.641465395574997
-20.64909099983474
-20.65109528388742
-20.636767862804305
-20.625363657654948
-20.620748885147936
-20.62334583667359
-20.618675181359617
-20.633611890359138
-20.635389016254322
-20.638709637230395
-20.630326745651516
-20.621645634094016
-20.612066098675257
-20.60649973557629
-20.598405437585555
-20.606550251305887
-20.604352598874453
-20.603459233638937
-20.601874012712155
-20.582235840136267
-20.597359706922308
-20.598982876014087
-20.61138245310844
-20.61552225758934
-20.61374341057477
-20.607781100640707
-20.60146856732692
-20.594780858969262
-20.61359289141014
-20.60184016540134
-20.606294771374248
-20.602177818398538
-20.617174141223636
-20.6011651838548
-20.60164749082395
-20.600687250256154
-20.59180731448415
-20.59915111468174
-20.60225543441928
-20.601873938406843
-20.602319900771565
-20.602799369150546
-20.61748157595493
-20.627546463667898
-20.641620543129157
-20.635046103758693
-20.64467225716461
-20.63548488123415
-20.641299619869173
-20.642803363538263
-20.66056286284604
-20.660622860790138
-20.65070483370207
-20.647287298017098
-20.65511346246259
-20.657054333786796
-20.660372179561428
-20.659182139244145
-20.670647355155804
-20.682655481934354
-20.698849861991253
-20.710037303051468
-20.718530233337727
-20.707374260778174
-20.721953424344576
-20.717358655966617
-20.734388267873925
-20.729939200814194
-20.744256908766886
-20.735329225959276
-20.732218233870523
-20.740822203686516
-20.740549046187063
-20.73492955861192
-20.75092760900449
-20.764831188639292
-20.760500807520952
-20.749877287710603
-20.72758397690721
-20.743882774030748
-20.740150091380684
-20.725329057470805
-20.715768038855686
-20.716421284166596
-20.70392879291783
-20.693447590521327
-20.695888360324826
-20.69657899094734
-20.69268420347957
-20.67925162385824
-20.672865578496456
-20.681296734058993
-20.678690214105313
-20.664349768860585
-20.656995304070005
-20.66007744562508
-20.663249210124814
-20.672657988210997
-20.66482027944188
-20.652038853481557
-20.661158505344147
-20.65432346767252
-20.659621386406684
-20.66884240098926
-20.68564551984669
-20.686679884151737
-20.68967602312473
-20.67521739174293
-20.675161451563184
-20.666758719367316
-20.661005057627566
-20.645088913983678
-20.655134796748015
-20.658695940034416
-20.652747394981063
-20.641114397225152
-20.6597375621038
-20.65684613604899
-20.657090596029498
-20.66525551850236
-20.660054189044995
-20.669989245485976
-20.68288866406459
-20.670327403442172
-20.65708314478266
-20.68285950185952
-20.666706463473005
-20.66724492703081
-20.66136632551964
-20.662309640338282
-20.65186156751344
-20.657058584602453
-20.661939659527285
-20.655082825016844
-20.654125686950756
-20.6415646689058
-20.622519380031697
-20.61680793436352
-20.61336785609586
-20.60412042008358
-20.618604515909517
-20.62601887487301
-20.611368198123667
-20.604629133892587
-20.61868927110323
-20.606492283465016
-20.596898785535632
-20.61501532106481
-20.62514664472863
-20.605035901792387
-20.613721878886327
-20.59593732546417
-20.59649828768935
-20.5885077453629
-20.5838082195787
-20.560712024244868
-20.579303816661607
-20.577014087758084
-20.584813294088413
-20.578594326104948
-20.600973342211073
-20.591217740370105
-20.599805700739218
-20.605583072291434
-20.60607602873599
-20.61650153233354
-20.610945407833462
-20.61146618017538
-20.615247279595188
-20.623935453565704
-20.614366264352235
-20.61550533936445
-20.614459964468395
-20.618919671236817
-20.616500625654893
-20.62602630043148
-20.64464012103459
-20.643181765410265
-20.657933099725508
-20.663093524541942
-20.670318390230502
-20.668224714976123
-20.65347320477648
-20.655699645124443
-20.652112271089834
-20.64733743180004
-20.653142221289386
-20.639780177032325
-20.643098898147265
-20.65241714725938
-20.639968581401288
-20.65073088549277
-20.633032090747776
-20.63870589271527
-20.63262754998768
-20.64098587054072
-20.644778614593893
-20.63862999309901
-20.648302765645266
-20.63472355923639
-20.629531279311283
-20.642972415018956
-20.643709197678206
-20.626631762172238
-20.636783167050783
-20.634987194546692
-20.6358898949492
-20.642504780767883
-20.655601613842613
-20.660525883798012
-20.664251313722726
-20.653435930603997
-20.66686329586208
-20.667516608803275
-20.673117132504863
-20.67692493784414
-20.693498776407008
-20.69987577660715
-20.704115707215752
-20.717684279210626
-20.713913727551933
-20.72583067434102
-20.702162479088276
-20.692852382539407
-20.706144429198343
-20.711351825527625
-20.70734202240546
-20.711849919822647
-20.72290608807256
-20.70447816840581
-20.684621519774858
-20.677093285354122
-20.67868973141032
-20.68643961687345
-20.68909798400912
-20.70260457683948
-20.710715704594797
-20.708612474595
-20.700930199678222
-20.694521423076292
-20.699279335018915
-20.69032982721409
-20.69228624725572
-20.686240408267345
-20.672574132050688
-20.675947962400095
-20.679529852957312
-20.693606903892963
-20.702729045784224
-20.715522466568935
-20.691406415943938
-20.69108706230432
-20.683714154749367
-20.68427405816395
-20.66795231609113
-20.65463005447744
-20.663279727588137
-20.658836074319375
