-20.640486113297257
-20.568778308595522
-20.557369953678027
-20.536192907272955
-20.54156935984892
-20.53609158691411
-20.540118065276772
-20.55910747550445
-20.524940660805022
-20.50811274932937
-20.50278268241673
-20.525741006909307
-20.530987189766638
-20.542829132611466
-20.55253119687145
-20.496370934263535
-20.507891326355978
-20.521545441998466
-20.480882920643207
-20.518192703273076
-20.53961510139801
-20.534838251832067
-20.53975433181163
-20.53728160430879
-20.51913221904926
-20.52819724101471
-20.52480931899823
-20.512562856344587
-20.52542238377975
-20.519543915204437
-20.507295642437466
-20.51883292866138
-20.50598173414288
-20.525989286380412
-20.53195313051117
-20.528547680370668
-20.532134379566337
-20.511777479690583
-20.52616521891763
-20.508012955469553
-20.508456133176534
-20.516666073862794
-20.513506811915423
-20.506540256572553
-20.503905661849284
-20.562541877955795
-20.51953139791974
-20.564299478022424
-20.554160831324808
-20.503637750360333
-20.518629003362623
-20.514726132008533
-20.504412652538
-20.499702603462396
-20.498375171304318
-20.458379295759574
-20.528405302654217
-20.514627779778195
-20.546780738553867
-20.561655398062562
-20.54088921951027
-20.534606164205826
-20.542068667611968
-20.537683445753135
-20.574842676156216
-20.56567828244583
-20.553005284926268
-20.53625389062387
-20.528341861628583
-20.502605406055814
-20.536795543720284
-20.516512819370046
-20.52435721202689
-20.533572640394688
-20.53661122029541
-20.525534498193814
-20.539549459696897
-20.554546341229326
-20.525716065216223
-20.529399846210378
-20.520588143430757
-20.540836920557137
-20.534079875381767
-20.52081901183594
-20.540997611905365
-20.506624891562982
-20.518917755766363
-20.521468187907175
-20.543699550819486
-20.496737469571237
-20.498327642378566
-20.501664269214242
-20.498985349831134
-20.525036365987415
-20.4951837533553
-20.522141121627307
-20.525501948379404
-20.546372131997632
-20.49301446801103
-20.503710194091482
-20.54575065118076
