-20.52928547436558
-20.534729500940287
-20.521748768540654
-20.521562050426475
-20.518786721968223
-20.50310146058033
-20.511739517951355
-20.527958584018823
-20.5180503080008
-20.515178324839805
-20.535327684256888
-20.539728628933897
-20.506654567463894
-20.48285866680245
-20.490637994042377
-20.494555758841223
-20.471876032383857
-20.469049696025568
-20.460706946102274
-20.463476536068754
-20.476662914808646
-20.449758969456433
-20.437447694686956
-20.44074469101155
-20.449112197035976
-20.462784985060004
-20.454281968972627
-20.46788701035846
-20.457276078240366
-20.476864055902517
-20.47296745377237
-20.457677010582326
-20.476632648559107
-20.461058807284257
-20.462205748557174
-20.488260355993457
-20.446221118854062
-20.464146410117234
-20.457614122848202
-20.45557502083775
-20.45895750280766
-20.458923765561696
-20.461394460426067
-20.4702904352148
-20.45995209512258
-20.448552891606333
-20.445767350433883
-20.444222459563683
-20.42814798562585
-20.417935679797008
-20.404546691698226
-20.41885238028791
-20.44997212313197
-20.44042613027445
-20.427335747808765
-20.443854006237775
-20.442576631444783
-20.46862859788857
-20.490792652999968
-20.495200627709828
-20.47978418458376
-20.457257406541213
-20.461888448344446
-20.463604164031562
-20.469200834714073
-20.484176558316303
-20.49325490976349
-20.458730472179845
-20.454969184562053
-20.462287848733908
-20.4673948912896
-20.476312871855736
-20.48496739317908
-20.51685241382317
-20.52499401459865
-20.510738895926067
-20.516706642584033
-20.53469696067993
-20.547594614739207
-20.552878368303805
-20.556631779809166
-20.548049457354228
-20.529484940746055
-20.530391011522504
-20.51415025076605
-20.49686706403495
-20.507482538600527
-20.48373980428686
-20.489244907560806
-20.512598836360908
-20.494613678996767
-20.506079712299133
-20.516495901723804
-20.514234914010114
-20.489443015559637
-20.48178354084042
-20.477392836487258
-20.492851746511544
-20.482139619234772
-20.47077102480843
-20.495484328817838
-20.494084785691225
-20.533486738201145
-20.51387550801836
-20.523224146966854
-20.51552276693357
-20.50262731243968
-20.517255780066915
-20.522221386861915
-20.55296853024353
-20.571370706963883
-20.547480387405056
-20.52999623820975
-20.521308964764387
-20.49910105401807
-20.503270331055873
-20.514261514183115
-20.51163015182428
-20.519914147760566
-20.52539157681805
-20.528030970242156
-20.499974167633393
-20.48534406293368
-20.482710737508704
-20.485239442285803
-20.490306947694865
-20.500164334343662
-20.505411021316046
-20.508673575305664
-20.500786028173348
-20.50872670906189
-20.525941765298455
-20.528039257113548
-20.547306827287123
-20.53172486901021
-20.50560740077227
-20.47938348404062
-20.474109724599025
-20.47546883586704
-20.467077186720626
-20.47093379813072
-20.495237556059315
-20.498074497128943
-20.49537459616377
-20.506781264517677
-20.490917233799838
-20.519495555170252
-20.532106062737466
-20.54392633600876
-20.561876601177385
-20.55819047025199
-20.5453054675164
-20.55706418191564
-20.556799985499357
-20.565928825583658
-20.54969677555794
-20.537810594307878
-20.543886748038393
-20.551277993568366
-20.50862695456525
-20.49548032132255
-20.46056805319266
-20.456530803449027
-20.47777315991679
-20.474316329069644
-20.493148947883704
-20.47880493336029
-20.479214428955352
-20.475890768780204
-20.47540538894018
-20.477665638880254
-20.506229718528587
-20.501274121567015
-20.479843420624317
-20.504126139825267
-20.483212948978927
-20.470271143226178
-20.487499342283233
-20.49022502275224
-20.50070608801418
-20.511268627702403
-20.5227552960589
-20.534069812202475
-20.527858903269596
-20.529668478552157
-20.532598785231592
-20.5370546700797
-20.55049831920777
-20.547888104414657
-20.538170181297595
-20.5543963315917
-20.555426072372885
-20.53006183355403
-20.5049550786306
-20.499834917756676
-20.51241220289251
-20.519306370506445
-20.526595550266016
-20.530658253832552
-20.52189697387256
-20.523070097272242
-20.498420796687345
-20.492740886029647
-20.469170934152483
-20.479580090522944
-20.484812054614594
-20.507331837346097
-20.493551792144675
-20.50577953534148
-20.513700554776605
-20.512143571021248
-20.518043114328137
-20.52843454210141
-20.526653921922303
-20.511294002481065
-20.51561616476327
-20.525626719058096
-20.551609244483966
-20.556602023055042
-20.557172635796935
-20.55873524841496
-20.548368470215923
-20.54212362002881
-20.51628283290011
-20.51333715285652
-20.53495307857771
-20.549898661360917
-20.534634805599357
-20.511877413862134
-20.509523953684443
-20.49583551440256
-20.47520710452688
-20.49612958089296
-20.51428173629588
-20.50234372260025
-20.469594849204526
-20.46952001613026
-20.47520868063627
-20.494600567180456
-20.516082657917394
-20.504652350285138
-20.486867774509196
-20.48214926023596
-20.49800794862053
-20.49069956547484
-20.5081945283021
-20.496179921774143
-20.497087103286066
-20.50160385618514
-20.50333710215447
-20.4852244474591
-20.479075993699343
-20.48682942344245
-20.480078270290118
-20.472635373935468
-20.46393658442675
-20.47743956050234
-20.499980176877195
-20.481595370005888
-20.493444746094237
-20.48200615318636
-20.4836069921447
-20.513563144372846
-20.49634167496263
-20.502840633017456
-20.538766507601064
-20.53673615987038
-20.520959461579462
-20.52722247633878
-20.498425379430987
-20.496425865154894
-20.48626969924834
-20.499666973986027
-20.483450491240607
-20.482311651774438
-20.472018466699588
-20.483632977644444
-20.477798327384967
-20.454940853559005
-20.462697553963444
-20.462480209500367
-20.465053953407384
-20.4733815217234
-20.479810072283616
-20.49271219853781
-20.490332844669265
-20.521396926020657
-20.505928013024203
-20.523178241780574
-20.519267263432393
-20.512265195854607
-20.51597197686868
-20.538404850485858
-20.51167343856316
-20.48950834829148
-20.465679130648542
-20.449300579630258
-20.44524469900401
-20.422598882320234
-20.43719244782488
-20.43714738066692
-20.45375075555231
-20.436892335822147
-20.44909741776535
-20.43375561435396
-20.447039118387682
-20.461861061867545
-20.481488518099304
-20.48174457304051
-20.474941998563743
-20.465218581810813
-20.468124286210948
-20.455453538836053
-20.4567309548919
-20.46142629776252
-20.468325256129667
-20.48384746346536
-20.502675025897634
-20.493946231889364
-20.49251678954085
-20.484483892698083
-20.49706877119373
-20.507947725464778
-20.482193707623505
-20.458364684931798
-20.465830276337332
-20.49101290725273
-20.486806701583003
-20.483414180927074
-20.487333808555313
-20.513319939573094
-20.495189494138383
-20.48861435900061
-20.503742454386025
-20.467976304562534
-20.470726738001954
-20.46277501015147
-20.4768927411149
-20.482784198543385
-20.486483731125563
-20.4890833636813
-20.473390426571264
-20.47923177877
-20.489375924181836
-20.508803767892502
-20.51282184827999
-20.51400108945848
-20.484148367042273
-20.48461465453113
-20.47909371272782
-20.46136514285074
-20.459886730345588
-20.447992384989057
-20.467646162497033
-20.4456377109447
-20.464105576439643
-20.44894212731058
-20.412657496190203
-20.43678840854639
-20.466169321305028
-20.473627372563854
-20.478331039461427
-20.475145788498995
-20.492116820365982
-20.50787227491904
-20.516332728899204
-20.512806235209833
-20.50612253050456
-20.49920337122507
-20.494334036955472
-20.482932351617688
-20.500353025316993
-20.511295119825387
-20.51894497614859
-20.531922758607024
-20.51778496386605
-20.510122920464738
-20.502680152674326
-20.524667737313845
-20.511129855782258
-20.51268130201097
-20.51322362341631
-20.522174286103027
-20.520690524591178
-20.509143693010557
-20.514045851205427
-20.495146715762928
-20.48071542189051
-20.500057077099953
-20.473539785294815
-20.466155508456055
-20.47360168251341
-20.483774944400917
-20.475855646443264
-20.494967688953864
-20.492773810391725
-20.486060055289226
-20.476364867012578
-20.48239624664914
-20.474053226516805
-20.474186890359196
-20.461595838392533
-20.457348902612303
-20.440773035462954
-20.419280927783717
-20.40751676156815
-20.408193450732895
-20.406200713153194
-20.42436612596268
-20.44231907169383
-20.427622307134897
-20.44578802216417
-20.461983771174257
-20.46039416692299
-20.440341121192265
-20.453132777015323
-20.458653251377438
-20.42333357252182
-20.406442421038083
-20.40261519507862
-20.39272693393279
-20.40801505926202
-20.40468633138563
-20.414021022363915
-20.42736406630394
-20.45748379044099
-20.45048082504978
-20.447743140807965
-20.453551766832497
-20.44197299149736
-20.43297513264924
-20.427197005441876
-20.43845868400371
-20.42797683311554
-20.441382123613927
-20.449150923663453
-20.434438554283087
-20.45341904608057
-20.450209877900235
-20.456393438205463
-20.44223831457334
-20.437780848263543
-20.430776899429887
-20.43014516097083
-20.419145114351956
-20.451602731555617
-20.457310355012996
-20.47073315305017
-20.458361617018888
-20.457975465205674
-20.460205610994905
-20.441977957588545
-20.443246108207152
-20.434464959903043
-20.45164035901767
-20.459062450073567
-20.46509865706355
-20.466206389348393
-20.4717081869788
-20.45479906684877
-20.44892158623516
-20.456466293187074
-20.442608368179055
-20.42763508776701
-20.417520995429346
-20.435586300958978
-20.435452139538487
-20.42997248871011
-20.43555376275567
-20.428077773411033
-20.42539329599313
-20.411679382705458
-20.399236097044835
-20.385031073899285
-20.39201358753508
-20.414604524878687
-20.447288171495263
-20.438036723269207
-20.42322631756837
-20.433684459082
-20.43650754255292
-20.441791694945874
-20.43438483219743
-20.431886654890594
-20.42329680069344
-20.419637593009924
-20.418737843449982
-20.42394517358941
-20.433307374101155
-20.4323803255717
-20.43039646416051
-20.423938951269868
-20.43286381297453
-20.432686671381116
-20.436558815620476
-20.430949557580245
-20.442141270556956
-20.436738897639504
-20.434039229340414
-20.44993526943467
-20.450303080711446
-20.454451266829775
-20.463307999156875
-20.464578866813266
-20.45854020052393
-20.458707678681918
-20.450596933617167
-20.461955878968688
-20.44957786937869
-20.428400225504394
-20.419583142356363
-20.414669256245645
-20.412905984058142
-20.430735964738904
-20.4408803334773
-20.464329763471497
-20.494597611939152
-20.484548284836343
-20.47130424936654
-20.434573481411608
-20.433149355370386
-20.441679885761307
-20.419889389265247
-20.404082357171806
-20.40180679464628
-20.410538083541915
-20.44468186597131
-20.454120547735318
-20.4633934508734
-20.494891639080976
-20.498681256898003
-20.48130110144895
-20.483639036537074
-20.488001860500184
-20.472376547934047
-20.49506606046026
-20.46774111165701
-20.465302157085173
-20.45563189928908
-20.470951654461857
-20.4778522608202
-20.4708716966228
-20.490059388694497
-20.46890873727873
-20.45260305516828
-20.450618087759903
-20.437930745212984
-20.4606431128978
-20.45938895129262
-20.483239540649127
-20.483775352779286
-20.485485904189453
-20.482040717440366
-20.48188161100067
-20.467998071710316
-20.486397763932924
-20.501384895342806
-20.49579699655933
-20.508189689967796
-20.5006739780127
-20.483842224770957
-20.48206776716998
-20.49101846285115
-20.485674929811097
-20.49058793984889
-20.476268051098554
-20.473498434132182
-20.49759161412727
-20.49702775449187
-20.497315236162795
-20.483087728990192
-20.461684522834744
-20.441275374631164
-20.448046143081626
-20.4287216835171
-20.435464305064155
-20.451555395274085
-20.457397519663992
-20.457667676355822
-20.47251744325968
-20.450427454434507
-20.434169099411285
-20.44680695493453
-20.45463755410352
-20.453539189103683
-20.469519758178258
-20.478511314615478
-20.46984616987128
-20.467942885714642
-20.480753145671073
-20.51202816436383
-20.487755691776577
-20.49255821176701
-20.50635981018024
-20.50286742819426
-20.521444849080538
-20.514416244213965
-20.520938287686185
-20.52370818924968
-20.520412512632117
-20.547873207872463
-20.556233676478094
-20.566983467728114
-20.572972590260118
-20.562230394742148
-20.563574512480088
-20.564779004176167
-20.585298160316174
-20.584203520538132
-20.549962955076833
-20.554647289409008
-20.564691599058683
-20.56440686668625
-20.598102413423454
-20.597306368672225
-20.59706008384185
-20.569839406382897
-20.572602039904798
-20.572269628129494
-20.567665674628795
-20.57421684445482
-20.58443386792116
-20.58261015233355
-20.582408907021275
-20.56358263626227
-20.54918992161392
-20.567245359603916
-20.55763107099088
-20.569958800827745
-20.560587906077437
-20.55195574605871
-20.549528082127683
-20.539598863089015
-20.53891647478658
-20.557057146705414
-20.56277523625846
-20.557743691002084
-20.551587096042933
-20.569791849197482
-20.584116309807357
-20.57605166538965
-20.58145202145707
-20.592713070971737
-20.61382663557519
-20.59345552025729
-20.574905921103912
-20.553272648647493
-20.54914632001392
-20.548052407241276
-20.54500207704096
-20.54121238061004
-20.547294705581727
-20.552913541198556
-20.54445225252169
-20.54251859862638
-20.554203498219554
-20.543329251819383
-20.5351094834487
-20.52814363550827
-20.53819790306163
-20.51077454782361
-20.491866312850988
-20.492798549336538
-20.4790798081958
-20.471661089654663
-20.479477774251837
-20.468727596915816
-20.46313081971234
-20.449054012843096
-20.449393261687792
-20.439460589936342
-20.43575986491702
-20.442858658725093
-20.44397992066485
-20.478532176447295
-20.482524704420864
-20.488148349545646
-20.486736790028193
-20.478810207277068
-20.480478850025293
-20.457431104252933
-20.445287422436593
-20.44425936045795
-20.44971501840428
-20.44094958245996
-20.468584228536844
-20.4662039397482
-20.47562571668369
-20.491579947922457
-20.491954009771476
-20.49905710041459
-20.48755933780173
-20.50657052433107
-20.5330212083551
-20.524499744206725
-20.52767840824236
-20.53597493611782
-20.51302942872073
-20.533713691733855
-20.550463513535437
-20.51616560515305
-20.50457331635383
-20.507764597695267
-20.503077808567454
-20.495348142724282
-20.48869979503842
-20.477063985943406
-20.466143898343883
-20.472764001206283
-20.47476407791475
-20.46359569985488
-20.44288969711349
-20.44649214395082
-20.46818815598689
-20.462760085163406
-20.470048822090718
-20.47443087548553
-20.477459596660207
-20.488339680441506
-20.48060092352208
-20.477152709291794
-20.46080017390812
-20.477299342553827
-20.475184051356404
-20.486574765568403
-20.49844336879112
-20.508402128316582
-20.51101331016889
-20.5433798731865
-20.552680172528635
-20.54105414148416
-20.54412746843107
-20.534436434647493
-20.50195719618503
-20.492950920833437
-20.496579099936078
-20.499442948516013
-20.515615330941547
-20.498102051819203
-20.50772107092439
-20.505830442994533
-20.506988486656496
-20.50760540616803
-20.490458244012235
-20.497815576182244
-20.462304602505835
-20.4758939420188
-20.480390843901265
-20.463233377066064
-20.453676428906896
-20.458049118761565
-20.4620768754077
-20.457016687766966
-20.44844193430834
-20.455356901929026
-20.443441935850768
-20.46553776314271
-20.464582635535844
-20.493450292154023
-20.472308243926626
-20.469662532298806
-20.46638787270969
-20.458387028330723
-20.457594569461968
-20.464899215202887
-20.46059902320698
-20.457148656324648
-20.444246325493918
-20.436376521669896
-20.454611709473742
-20.41624902031787
-20.40964424216913
-20.422653748981347
-20.42731512234854
-20.429257944646167
-20.40713467370099
-20.419876655793768
-20.411231828231784
-20.436513889648097
-20.44529472519967
-20.45014182401995
-20.44533892709379
-20.45036295869983
-20.434406276507715
-20.40898979849618
-20.39509014007187
-20.437718374642195
-20.442168419936426
-20.467296705242827
-20.468689391599376
-20.468481485157
-20.469449266536245
-20.47957974913047
-20.458089595645635
-20.453280379064996
-20.438549318773184
-20.44331372383112
-20.424385426590163
-20.411883927859627
-20.395023728667944
-20.389570012307257
-20.399542248783447
-20.381147190002775
-20.389001950888687
-20.386883074862624
-20.40697764345103
-20.414762941362966
-20.43327729413273
-20.447502113678887
-20.45819197216169
-20.438739416617416
-20.430227456263115
-20.419515210438693
-20.443040911936073
-20.426433246485082
-20.427945168038175
-20.47234695020008
-20.485842148060765
-20.47447936815867
-20.477081286443635
-20.492490823288016
-20.50291829671931
-20.496395864426592
-20.509127257052523
-20.498755825923176
-20.50164506577701
-20.47314541321546
-20.4745922023227
-20.503560925755703
-20.487446960846633
-20.50301862298238
-20.477034102968393
-20.469289179403944
-20.45506248133544
-20.43645105399457
-20.43334853418008
-20.457339823082243
-20.448443701288333
-20.45294201569701
-20.421472773585485
-20.42833882056487
-20.41956292434684
-20.422646256633147
-20.439046865067475
-20.427566530926335
-20.426390046073728
-20.423950209511922
-20.42642371531094
-20.422745853711785
-20.406313713387494
-20.419285934526318
-20.41323394107552
-20.417779337347653
-20.429286527831522
-20.397242785992344
-20.376076645544646
-20.359443163189887
-20.38641445497185
-20.385815854027165
-20.393405880903916
-20.421084708651897
-20.417235151760472
-20.42414644474686
-20.442842798034757
-20.42803984592888
-20.42141002967042
-20.430891219811677
-20.462708408020344
-20.48576359353046
-20.48473775474551
-20.50200589757248
-20.478351038796227
-20.477193578834612
-20.476910934781138
-20.4715884042092
-20.47609283377402
-20.471980668730794
-20.49845907216697
-20.50457695382573
-20.483699874980143
-20.491401714735353
-20.475646121540155
-20.490403055101044
-20.484856757016786
-20.449895181711703
-20.457343011066296
-20.450354596874387
-20.463470407793956
-20.44169637766187
-20.438077334053812
-20.428663464670088
-20.447130643666533
-20.446530715711813
-20.43960551269399
-20.439050105858165
-20.44347558084122
-20.44806070861857
-20.43780565899116
-20.419595680488648
-20.42781249651245
-20.432387143353047
-20.43173258397923
-20.450077521534126
-20.457454384591678
-20.479138438259966
-20.48419228179337
-20.477662116626068
-20.47949658423941
-20.48809678879786
-20.459082348453528
-20.454319292564662
-20.478446586482775
-20.50404680259661
-20.51542181433418
-20.49834293790216
-20.481139061330484
-20.494319741981524
-20.49740325961301
-20.503792462394383
-20.503690169027323
-20.50082032522516
-20.496134667076014
-20.508864568717193
-20.487679255106432
-20.454091280215657
-20.47902148164625
-20.479284341895635
-20.49625631035333
-20.492001448171173
-20.509143931930506
-20.52148184125055
-20.495476015267204
-20.478294535613514
-20.456032737147765
-20.44076619063926
-20.428881938162796
-20.444928860716157
-20.452595671564154
-20.477224669302128
-20.456680129302306
-20.42476902532872
-20.433053515858848
-20.425591380081347
-20.448202473094025
-20.45771344658218
-20.45133662991836
-20.443602901457204
-20.45574175087813
-20.456498826039336
-20.461588541419026
-20.452290685858955
-20.443639964842088
-20.44627581722964
-20.461995723185506
-20.448095212299837
-20.433100759704985
-20.409360775476724
-20.419213404211778
-20.415282611866303
-20.401428059915766
-20.405425531305767
-20.401554051460085
-20.42232439273057
-20.41364998365082
-20.401657591229252
-20.421516986209927
-20.44112500710298
-20.416295609472403
-20.39908868189651
-20.405091543105392
-20.36316811446618
-20.380197795880978
-20.42275229400616
-20.42728956757809
-20.439764853859202
-20.463017620706346
-20.461024634770823
-20.473338928692048
-20.48846068559892
-20.5003183011735
-20.487555190752392
-20.506568919700236
-20.481410313228107
-20.50329771641937
-20.493376785104203
-20.462537395545656
-20.470944893255474
-20.472907281537523
-20.47670336265746
-20.45595696748926
-20.43280798482981
-20.455546670565596
-20.449937948567314
-20.422796525716876
-20.4382995720133
-20.45602934159617
-20.445577642197474
-20.46336040649646
-20.46445500650755
-20.462254527690657
-20.472741873458975
