-23.842993993926676
-23.840801396530342
-23.839923479410157
-23.836009927798745
-23.83473730649404
-23.829579118021986
-23.82728727010708
-23.826696722654294
-23.826241148403245
-23.82352750517496
-23.82271852221603
-23.823185625703218
-23.822519331370145
-23.824280655172842
-23.822114595122088
-23.823294936675477
-23.82008306260011
-23.817874261703928
-23.820760977171915
-23.818539474379424
-23.816335918624787
-23.81648617568452
-23.814805765913658
-23.81483650874045
-23.81846306161354
-23.81712372952299
-23.815928745963152
-23.813688338012184
-23.813953243345363
-23.814887691966668
-23.81336847500638
-23.811028244416807
-23.808627204592472
-23.80979245199078
-23.808728441162973
-23.80543397531064
-23.803767216290673
-23.80010273902276
-23.805031404921856
-23.80427075532699
-23.804362503313463
-23.80209858658473
-23.804294078986672
-23.805560723906318
-23.80467164205776
-23.803662851630335
-23.803019301962763
-23.803691355908743
-23.801450849137844
-23.79847204062125
-23.79984121265102
-23.800002989933972
-23.80195070231707
-23.802448087295527
-23.802262361244576
-23.799753658514685
-23.79958196771076
-23.798989028043433
-23.80082707281062
-23.80266091675064
-23.798128321609372
-23.80047265981813
-23.801784267691144
-23.80144941917379
-23.802465883958988
-23.800849549622168
-23.800303088692655
-23.79748015365457
-23.798931277551954
-23.799403143320877
-23.796838026022336
-23.79635354898609
-23.79558714009171
-23.794661389619225
-23.796333599331895
-23.797145077262464
-23.79617149060787
-23.798038358988745
-23.799048890346782
-23.799216870113966
-23.80008243828375
-23.799574354229613
-23.80176319427499
-23.800132641839678
-23.799516487435234
-23.800304375997978
-23.80149964799673
-23.801584537946045
-23.803028304280666
-23.80413062084795
-23.801715296380788
-23.80261046725846
-23.80360769313168
-23.805793285250225
-23.805019163723472
-23.802605442581992
-23.80193963493874
-23.801136563722373
-23.804685321483845
-23.80454721792107
-23.80401315111151
-23.806354128392787
-23.80656493869372
-23.809663255937714
-23.812964401318204
-23.80913831439915
-23.80733178536486
-23.80505043107066
-23.80538603238045
-23.805246283660875
-23.804986021923987
-23.808253389870426
-23.806755073100934
-23.803015783330547
-23.80190613810287
-23.80127119907536
-23.80258962269451
-23.802553203556776
-23.797786328804655
-23.801052685482986
-23.802043967402714
-23.80439002385048
-23.804776324321878
-23.80478673312226
-23.803583580850123
-23.80439120127778
-23.80363608085883
-23.804025458386434
-23.8040111293205
-23.80292791042915
-23.800781437288517
-23.79743927579129
-23.796430980531273
-23.799720010485178
-23.799784068529213
-23.799133884250182
-23.796845969079946
-23.796522653932627
-23.79672847665647
-23.79610812808912
-23.798137440629787
-23.7955205155986
-23.794338449000556
-23.794423239918608
-23.796108584700036
-23.79404581524964
-23.79129680116082
-23.789495185320437
-23.79230025253076
-23.792606857910236
-23.79257164731074
-23.792484209553507
-23.79469843250143
-23.797171024316057
-23.799480320943495
-23.800770452957586
-23.7997133376962
-23.801514608029734
-23.801775670775356
-23.801707044942596
-23.805422931521495
-23.805529678287876
-23.80814279192147
-23.8085877948997
-23.805020058748443
-23.804236099167063
-23.804182248323524
-23.804591427653058
-23.804065497534047
-23.801371008381583
-23.80591336702233
-23.810342445954124
-23.81125006866296
-23.810392476783754
-23.8105264188238
-23.81163276825417
-23.810336709945364
-23.81067532468848
-23.809992832665582
-23.807986556807734
-23.809212231790266
-23.807126860199535
-23.80778379819637
-23.804369543271424
-23.80505892308214
-23.804543140536836
-23.803256774093196
-23.803823912169875
-23.802134750907385
-23.80086619657206
-23.80249229408494
-23.80211838522977
-23.802169871960224
-23.80446901232033
-23.802783654099628
-23.803341813533834
-23.80347352302746
-23.805441018700463
-23.803972228800994
-23.80649805910822
-23.807258468624777
-23.80700147688647
-23.808363831876534
-23.804504032919787
-23.803696061856822
-23.806238919243317
-23.80665919808765
-23.808279763133264
-23.808842598864977
-23.808365982003767
-23.80411386721049
-23.8041624981847
-23.806772457567728
-23.804957424061218
-23.80435871884863
-23.805625461789823
-23.80776247777599
-23.805387429364522
-23.805681768531272
-23.804511832707227
-23.803063022399606
-23.802042108252138
-23.8034261471641
-23.8019144220201
-23.803170288118487
-23.804701734810507
-23.802123397877587
-23.803711704309883
-23.804411440625273
-23.803471482410433
-23.80057012049294
-23.797834734938192
-23.798204160510878
-23.80188844013537
-23.79940812895077
-23.79945446230023
-23.80027517754583
-23.801134705924778
-23.80295860432936
-23.802578813187196
-23.803459234875778
-23.80336406203001
-23.80584605841377
-23.80696080006622
-23.806684014860604
-23.806281827590716
-23.803164597128823
-23.805552743964714
-23.80681039078553
-23.807468276665322
-23.808487925207434
-23.805101817880775
-23.800961431007735
-23.80154226012173
-23.800206772990446
-23.801286348962872
-23.797531132334235
-23.798580292880583
-23.798187433830048
-23.798411256776774
-23.8002201060876
-23.7990492333316
-23.797511675150293
-23.799347875024324
-23.80017040315167
-23.798889174905298
-23.801917621086783
-23.80157242546592
-23.8010480084377
-23.80085590889361
-23.80103571209741
-23.802633187596697
-23.80354610170574
-23.803180926512187
-23.802632889759536
-23.803180574124895
-23.804137726309968
-23.80440356121025
-23.801291978359046
-23.803111259666938
-23.804664783924657
-23.80493792544477
-23.80636966129122
-23.807753701087126
-23.807346049267238
-23.809213372944065
-23.810114854269745
-23.808545913810903
-23.809247719778128
-23.811210575674657
-23.81147093674425
-23.809071577917873
-23.810783005555923
-23.809318241944645
-23.809551100531742
-23.809700073317412
-23.80881850629895
-23.808735919324505
-23.810401824564188
-23.808137529905004
-23.808490453631073
-23.806878674240554
-23.809790222414268
-23.810388482731465
-23.81299447655813
-23.817066430493245
-23.818638123566952
-23.815481306772867
-23.812262115536274
-23.81045564313269
-23.80804048123407
-23.807934567491486
-23.808358120609174
-23.80679320329639
-23.80577503329131
-23.80615674360001
-23.803575234556586
-23.802848648639554
-23.803162679560877
-23.800436023485236
-23.802796547979575
-23.80152351839314
-23.80208899826439
-23.800714236720186
-23.802302734470693
-23.800611451493026
-23.799194389706603
-23.797019272520824
-23.79905629952606
-23.7991020418594
-23.797424210086238
-23.800743563651586
-23.799877003932092
-23.8017714759844
-23.800435351709808
-23.799595997616986
-23.800238552471228
-23.799368252969824
-23.800155755273764
-23.798778291261787
-23.802577946870997
-23.802277743332983
-23.800813319881584
-23.80187134059195
-23.80156283152614
-23.80254960927075
-23.801835446574113
-23.803931424226736
-23.803255895162877
-23.801014278052616
-23.800860960299673
-23.802352832803912
-23.79812288333263
-23.7974496830832
-23.797968764624542
-23.799630735405316
-23.802987549706156
-23.803157989034087
-23.80229566142455
-23.80422544659748
-23.80624883807426
-23.80571107462737
-23.80400789805744
-23.805912615422184
-23.805798479712735
-23.80630465868821
-23.806799385403778
-23.808498491357398
-23.80441629666604
-23.802969381631602
-23.799613938220414
-23.800021750256068
-23.80138811637432
-23.802965923774522
-23.803101336657104
-23.80354029962674
-23.805371486404628
-23.804835208376932
-23.802546463042557
-23.801724988245144
-23.803573469663164
-23.802544380303996
-23.80093671039965
-23.799947137791104
-23.797243722353326
-23.796615267064425
-23.79515358524621
-23.79848030688337
-23.80002877980316
-23.796071670999282
-23.794551344485193
-23.794493404274387
-23.797167470023055
-23.799352026789755
-23.79915249662609
-23.79808356914694
-23.795885696730224
-23.797532732841486
-23.799716307984017
-23.79909382876994
-23.800064756224636
-23.799020062983285
-23.797276856172367
-23.79649956196216
-23.79920470735224
-23.799101727134513
-23.800235877742843
-23.798659857035076
-23.799186476675946
-23.800850358814717
-23.802077208007123
-23.806699206358346
-23.80760091918676
-23.808083879407185
-23.80858197377623
-23.809113998172165
-23.80904162177909
-23.808969805044857
-23.809788446842184
-23.811987667780528
-23.811303104635716
-23.811290560871026
-23.81085466002408
-23.810430073577013
-23.811109765199184
-23.81012889444168
-23.81135099090822
-23.811235216294055
-23.80838491892934
-23.80529438587128
-23.80856593415363
-23.80722903842062
-23.808865946088545
-23.80964321170012
-23.80762013947187
-23.806232836765087
-23.8058626015921
-23.808181098589955
-23.80765948155006
-23.805001409673558
-23.806529799761787
-23.80843245077663
-23.808199742454686
-23.809803032066316
-23.806744400491866
-23.80449123017292
-23.805912666086712
-23.806969325139068
-23.804213561507762
-23.804592025042446
-23.80555213893473
-23.804702314518867
-23.803290245476777
-23.802333047484392
-23.800008164890897
-23.79733815539968
-23.798933447835406
-23.79862031503166
-23.798425265915995
-23.799646531577647
-23.802008400460647
-23.803021155838998
-23.80095624569152
-23.79941956831151
-23.79947787981228
-23.799133704526056
-23.799848265097005
-23.796804598550317
-23.794473979076525
-23.793410786036713
-23.792870241310908
-23.796211249890785
-23.79613685508723
-23.798725877110414
-23.79905305660717
-23.799495967850415
-23.799722671684272
-23.799034016556316
-23.797960260379547
-23.79774633942581
-23.794420475016317
-23.797244751064955
-23.80089790383187
-23.798695733266577
-23.79913285195293
-23.79958144680921
-23.800699165181815
-23.798533517708357
-23.80006067759005
-23.801519686613666
-23.79965205895213
-23.80029095508797
-23.800948552881735
-23.80184755098838
-23.798574235545715
-23.798707079942577
-23.79857742574901
-23.796005483469038
-23.794216936874534
-23.798874979908945
-23.800499609361527
-23.80011301360303
-23.79961990258386
-23.80063070461874
-23.79999855053705
-23.803759141182045
-23.803358788352202
-23.8042768839232
-23.804142234105147
-23.803604399333864
-23.80316014223236
-23.803914701227534
-23.80334328972258
-23.80308618451551
-23.804315732062896
-23.805651284321442
-23.80609302345728
-23.808109509200985
-23.80553764052067
-23.80788519376357
-23.809391972926015
-23.808910167461868
-23.80858325619475
-23.805887559857716
-23.80591455723263
-23.803467257340923
-23.806659339570658
-23.805189833697643
-23.804206086347136
-23.802791271785907
-23.805034345153196
-23.805340715481147
-23.806455516208793
-23.80476170018779
-23.8033253877147
-23.80322290721884
-23.80560989600596
-23.802653907582197
-23.80439402597604
-23.803750000432622
-23.807029077567197
-23.80780532736928
-23.807486275325612
-23.80556744351776
-23.80666021524036
-23.80515368160853
-23.806097849890598
-23.806806707445766
-23.810140594006
-23.810261410833036
-23.806053088512943
-23.80277858720307
-23.800513047534164
-23.79922542357762
-23.798845835567654
-23.800356181871976
-23.800509269839193
-23.80124435786017
-23.800908193587514
-23.80248347166541
-23.80191666242279
-23.799349746942887
-23.800665044868627
-23.80220090330946
-23.80400861278957
-23.80558548376311
-23.803607872569078
-23.805984693508684
-23.8043249317917
-23.80238506756147
-23.803131853438703
-23.803882300001664
-23.800270577843243
-23.803737236880625
-23.801834396060666
-23.806374872446778
-23.802803048933622
-23.802809531090297
-23.80206895862509
-23.8052275497262
-23.80694263557254
-23.807046698607913
-23.807762764526878
-23.804621725011494
-23.805715554427692
-23.80438605223814
-23.804017083076108
-23.799223746229995
-23.798304399359605
-23.79710106864762
-23.796908949610028
-23.798632855501893
-23.799800275504502
-23.800448890696114
-23.802118659353745
-23.799827899740208
-23.798466680940596
-23.799050474203458
-23.799795563711996
-23.799364479090745
-23.801536387046635
-23.80390830758194
-23.804064957489526
-23.804271457564887
-23.80298253836181
-23.80203637201224
-23.804211696727677
-23.800739451440837
-23.799552470182434
-23.799064706152087
-23.79790468172358
-23.798582113351188
-23.797028654546267
-23.79633110826865
-23.79666366099087
-23.796604070994363
-23.79596046429787
-23.795575265039172
-23.798745690075602
-23.802097654001308
-23.800806287827672
-23.799817023161726
-23.801144848329898
-23.79885567625593
-23.801380605925686
-23.801953242757406
-23.801230989389133
-23.801877295415487
-23.80045371315711
-23.801572694762488
-23.80331281084505
-23.804572704202418
-23.804644959334816
-23.80230593077135
-23.80084930240629
-23.79903659913496
-23.802519535488727
-23.803172791088965
-23.801765010086864
-23.80585818934738
-23.80569010522753
-23.806613813967907
-23.805122828677636
-23.806397478997074
-23.805919527248555
-23.80506774032873
-23.802382249275002
-23.80363433710145
-23.80231602269824
-23.803299223978485
-23.80603095552885
-23.805095996881246
-23.80557951960728
-23.804503579278897
-23.802768603701036
-23.80190432362562
-23.800642411826196
-23.801455635431093
-23.80156418992802
-23.802859135364212
-23.801263656751928
-23.799936713967675
-23.79839075588255
-23.79684627142645
-23.798552422699544
-23.80066585568924
-23.80166672350883
-23.804373961505064
-23.803186918975328
-23.80363695609128
-23.802470353364562
-23.80051724881329
-23.803289289013037
-23.80339083071874
-23.804251808402167
-23.805908094763794
-23.805307281175867
-23.802851659136365
-23.80185814136557
-23.80093410709643
-23.79908513063249
-23.800639419615703
-23.803625035960398
-23.80350383634345
-23.803568988389134
-23.80329072034081
-23.802361742594382
-23.80758393216772
-23.80634090170032
-23.804623302722703
-23.801866399366244
-23.801801000054805
-23.802332336373905
-23.801121688439522
-23.801939363699663
-23.800078502720392
-23.799713123924665
-23.80019202786836
-23.799835182317185
-23.802211397167877
-23.80122580440421
-23.801322862514358
-23.799406787820445
-23.79883052255813
-23.79952563458744
-23.79782466761517
-23.79658262038894
-23.79832290085513
-23.797602181991017
-23.796397522486068
-23.797632844268954
-23.798403417110396
-23.79974829228099
-23.79721302098976
-23.796737949379725
-23.798380149792013
-23.799280889950285
-23.795922597783232
-23.796321432637185
-23.798766834484802
-23.800106292831437
-23.797774373474432
-23.795893096368886
-23.793995283858656
-23.795545433726023
-23.7972203932812
-23.798561353134996
-23.799193464559753
-23.797177836338832
-23.800231286589757
-23.80082693193212
-23.79880510629411
-23.797809502495582
-23.79616579835543
-23.797072445558843
-23.799655143341223
-23.80048096986895
-23.80318715323775
-23.803521182005813
-23.803931184051347
-23.80645468099475
-23.805639620578773
-23.808230278932356
-23.80728270082372
-23.806118499714835
-23.80709776567349
-23.804677381780987
-23.804182498169197
-23.804480556711212
-23.80378011337963
-23.803669822876156
-23.803494370450775
-23.802860626872366
-23.803610227599705
-23.804252367710408
-23.804363135837388
-23.806421991096673
-23.80439337140538
-23.803263367979042
-23.802872420222855
-23.801755076272105
-23.80458066772129
-23.806640725937
-23.808808384065756
-23.810515048029096
-23.812012331953813
-23.810560769659773
-23.808689221261186
-23.808908962238487
-23.81314383926015
-23.813674010682778
-23.81397764703931
-23.814716286578648
-23.81220211125404
-23.813032601661895
-23.811394356482676
-23.810373579966456
-23.808602504088395
-23.81081489936429
-23.812577168900713
-23.809351652468607
-23.805084926552286
-23.80496689156256
-23.806264078202503
-23.804930012621373
-23.803725098127085
-23.803042676609806
-23.80573352395624
-23.802042500346108
-23.800548046342726
-23.799361641023506
-23.80206768758312
-23.801494710108553
-23.800128636886374
-23.80063457061158
-23.799356661158203
-23.798898605294816
-23.7954727605059
-23.79448953283591
-23.79276396207726
-23.797746988458893
-23.7989484856624
-23.79890186606139
-23.80022782738404
-23.798929317090504
-23.801232103714824
-23.80274981016292
-23.801193818141314
-23.80067423359469
-23.80206800970408
-23.801548447359583
-23.799903572585528
-23.796579477497474
-23.797060570714848
-23.79715823409299
-23.796263978209424
-23.797953506834496
-23.80143929746563
-23.80004020571753
-23.800102028451775
-23.800079812248892
-23.79829270587222
-23.799096647476432
-23.797292567325254
-23.799521768256703
-23.8007490853406
-23.799853173820097
-23.79801137169393
-23.800061328385304
-23.799349735973074
-23.8002036941441
-23.801888741474336
-23.80094610946794
-23.80278397399331
-23.802541637774812
-23.80345179261434
-23.80415396037546
-23.801648021641952
-23.800952072800325
-23.802169254527648
-23.802683145360024
-23.802979991533277
-23.8012617794201
-23.799565977744173
-23.800713752143878
-23.803696497148312
-23.80015223799098
-23.802479489887656
-23.802869898661452
-23.805203718815083
-23.807674657845954
-23.808799048562808
-23.810552804551953
-23.810091232620117
-23.810492825828327
-23.81028835215437
-23.806362621292415
-23.80575746296083
-23.808742913020364
-23.80726690744402
-23.806401248869946
-23.805788372720667
-23.806626000997472
-23.80639708934631
-23.807912617915523
-23.80410338939567
-23.804116980169997
-23.802271550093124
-23.803147808258597
-23.801586137605458
-23.801296473088744
-23.799519669971843
-23.802710360842518
-23.80022087650977
-23.79981470131696
-23.8022439254228
-23.802704803281973
-23.80220476572919
-23.801741987181416
-23.79985105783721
-23.795116403742316
-23.793604524992706
-23.795806859346932
-23.797122957670563
-23.796698313549594
-23.79695911390925
-23.79461174610505
-23.796406268889747
-23.794651081181996
-23.794781577595273
-23.795232957678916
-23.7931707717738
-23.79575097382172
-23.80105783317937
-23.800424944203346
-23.80010323191601
-23.801398985153774
-23.799974773045196
-23.80002342401935
-23.797094482255414
-23.794726661047754
-23.796445520076453
-23.797073971354283
-23.795521201821405
-23.79523427662675
-23.79521444705174
-23.798340678666868
-23.794791962182867
-23.794535689701714
-23.793287821875353
-23.797321718809126
-23.799068132495417
-23.801043251772917
-23.799297021865453
-23.79938646961397
-23.799284308718374
-23.802964927426025
-23.801211245334915
-23.7984035053775
-23.798151504048224
-23.802038590446113
-23.804638858001216
-23.805597929579353
-23.804572481857207
-23.804231177362603
-23.806165676851094
-23.806734454464436
-23.807889850120503
-23.810111233892513
-23.810320303979772
-23.81205486893277
-23.810394002504253
-23.809819879228748
-23.8084142376738
-23.808354681283497
-23.804401164643302
-23.803364682872708
-23.80061766344407
-23.804045967822425
-23.80385664309825
-23.80099914516379
-23.801408361027296
-23.798088017954925
-23.799366817432006
-23.79765008687577
-23.79462109044759
-23.793675611824153
-23.791546396647824
-23.792883188285554
-23.79709127473869
-23.796409985994373
-23.79793451932793
-23.79981993593577
-23.79785496035298
-23.795876396251064
-23.796298995910927
-23.798504915300928
-23.797967114883303
-23.79873512726339
-23.797063353525463
-23.79794759412055
-23.79600208225405
-23.796569151578893
-23.798663454456097
-23.795614633367176
-23.795501658843484
-23.795762620822853
-23.79473261125586
-23.794789704393363
-23.794646432137057
-23.79493016395738
-23.79630084889915
-23.798070425088007
-23.797889444717693
-23.797738619486722
-23.797675167110143
-23.795915900202164
-23.796210952139614
-23.796387964371654
-23.79523750883088
-23.793723022205995
-23.79365002506945
-23.79480390338041
-23.793227522248593
-23.793725473170163
-23.79501136276979
-23.794449553445354
-23.79502641446809
-23.79388076621177
-23.795264105573818
-23.792445879377148
-23.794657420924054
-23.797993454579803
-23.798956221131462
-23.80008136329467
-23.801280132829977
-23.800252897131912
-23.800206321593105
-23.80076658992118
-23.799175183609535
-23.79903925326587
