44.0
43.74140055643223
43.456366173769474
43.14518066085055
42.82224897650688
42.45372254129902
42.07934513605559
41.66118701084598
41.209445604323726
40.73745398874665
40.21249779217741
39.670938602584776
39.097587368613794
38.48620844334727
37.8889273169849
37.167798376436515
36.422265296548694
35.5854026061886
34.75201918300688
33.89790867629449
32.97969846720874
32.02081230449846
30.998547944786377
29.966030842190637
28.88639356613073
27.722486266794615
26.588964663299592
25.4221503373427
24.276265984341315
23.091297466606036
21.878558067557513
20.676916329997336
19.427309242011255
18.207647354422107
16.978277537891262
15.801450489638892
14.576022392954929
13.380583620752043
12.144305109848593
10.94225083805478
9.805530466031472
8.700739093278653
7.645928449543532
6.6532906900381406
5.6294424702843635
4.636679597299128
3.673697713859013
2.7738473502727006
1.8369350302143916
0.9475619980045602
0.09772241845903568
-0.7533563068911637
-1.509440298944793
-2.2224103437753637
-2.9370378910998007
-3.604364020897161
-4.270581425680083
-4.884445537483733
-5.493524755860267
-6.03213527781862
-6.537272833066834
-6.994816867983046
-7.436518865523157
-7.9087364947193235
-8.287508499974464
-8.68099319846232
-9.051155749482088
-9.42485408265192
-9.781243632899917
-10.075078525992556
-10.37907493732376
-10.659351031297835
-10.939634569292084
-11.201652064221586
-11.462708173172887
-11.69807695865055
-11.93817590698144
-12.129001933254298
-12.319421731519016
-12.503304291224719
-12.675903428365109
-12.84289247106127
-13.004351797676188
-13.160914689063345
-13.314577883649454
-13.459351723338331
-13.583168310155736
-13.707763984155632
-13.833908638188046
-13.964630347077659
-14.091030308690376
-14.19585154930552
-14.296717373554682
-14.394708942500676
-14.472701446320414
-14.548580414331944
-14.636426782467213
-14.716253946852763
-14.781773078298775
-14.853035297620364
-14.9243247948625
-15.003796876489023
-15.083860035145863
-15.155028539392632
-15.214658455169571
-15.265505165870941
-15.328769541569665
-15.399161549114666
-15.464790692461154
-15.514451950114353
-15.563959975136395
-15.59829664074888
-15.65687766677664
-15.701940944034254
-15.735126354299608
-15.793233392784018
-15.827873636672217
-15.874885198190416
-15.923414991419989
-15.969695271086955
-16.005851151123217
-16.035976094552826
-16.05545548997396
-16.098302471384724
-16.129364707528463
-16.162618198413448
-16.185434243015646
-16.215613283408562
-16.259523741448056
-16.276834293627495
-16.296882720075768
-16.317518711806606
-16.333298781836127
-16.365548028256264
-16.37298028189737
-16.398495101518517
-16.431015075909258
-16.45777986635872
-16.493025329335058
-16.508681877092208
-16.539207000955376
-16.567589657470467
-16.591904955190163
-16.624235440705608
-16.655031083027687
-16.67938161732814
-16.705777048609438
-16.734162012114776
-16.756317741786024
-16.766958864047748
-16.784140746185262
-16.80252455336873
-16.831401807276706
-16.83437235644508
-16.839932350853292
-16.86909353964042
-16.88079013892031
-16.89619628440722
-16.902317739689227
-16.909009729621175
-16.940535284020555
-16.946368068250052
-16.963584700434744
-16.96595783756222
-16.96976864662783
-16.96802726378253
-16.98586436989382
-17.011438329090158
-17.029551228839416
-17.040593326740588
-17.040262341543563
-17.053251742310348
-17.060398570468024
-17.077984418623558
-17.087590651956464
-17.093636728669956
-17.097570056497403
-17.099804674540206
-17.091046454770026
-17.097484394843075
-17.104165639584
-17.117952285951798
-17.115285608646595
-17.120391006133172
-17.115050587385976
-17.114586394030717
-17.138932716628528
-17.153310642776603
-17.15348349640251
-17.168593162607888
-17.171105932483663
-17.198741623086203
-17.221228949532716
-17.226635866076094
-17.246130953962098
-17.237869187079614
-17.243687242464862
-17.247520650869042
-17.24098523854538
-17.2549461183273
-17.268611711495097
-17.27505011429707
-17.274745879067005
-17.302217238896194
-17.315105885287966
-17.3093523806275
-17.318149649431973
-17.331260297364302
-17.344204500664276
-17.351100805754143
-17.36098332551964
-17.35864617632182
-17.368824956952267
-17.374606133151357
-17.390949532061676
-17.391613899009464
-17.405904308194835
-17.419533791393764
-17.4134824430167
-17.420380374549882
-17.430738262224082
-17.443315925446395
-17.440067978790022
-17.437849211851876
-17.45013949007126
-17.471600348759786
-17.489591350732255
-17.49534466182696
-17.500461328330132
-17.512169351759916
-17.49099491887192
-17.48920512916449
-17.495787832912796
-17.49722729910767
-17.493173872436838
-17.497702565087756
-17.50395226936773
-17.50652202495332
-17.5103344515358
-17.50000439495769
-17.49917552503475
-17.49842665729072
-17.502682436680683
-17.499652259047107
-17.52711132965369
-17.529778855226937
-17.5408034684364
-17.532650615734564
-17.54165718501082
-17.55091638681841
-17.553071545025354
-17.567484481600435
-17.57263254809379
-17.582835241314317
-17.57939110189774
-17.58645020034837
-17.594888655798727
-17.589769696741673
-17.61994923136377
-17.630260917086776
-17.631448551744427
-17.63031956439667
-17.64460175862524
-17.645182611989647
-17.659959118865107
-17.66951758528462
-17.673191540284858
-17.66431285783658
-17.661634103629318
-17.674479096774835
-17.680079886523153
-17.688289267779908
-17.676656856336688
-17.675707631705073
-17.691064027127933
-17.688667300867532
-17.686998138446786
-17.688700661986516
-17.70192710059341
-17.709864595675374
-17.719359584215532
-17.731532765851366
-17.74733637754185
-17.743751124164206
-17.76343066318125
-17.762399370756814
-17.75696445482983
-17.74460288905394
-17.73325499847285
-17.733194260716214
-17.72350776318248
-17.72667079398525
-17.73634900764297
-17.74729994754747
-17.751217593091145
-17.740272316701365
-17.751330050864063
-17.75815077974108
-17.76855678212978
-17.760570891160057
-17.770014905185274
-17.76104193113603
-17.756716870102576
-17.777942436828805
-17.775002514880946
-17.781086202990668
-17.772025644259664
-17.778968940651374
-17.79422453777379
-17.796778316550643
-17.803796019417845
-17.81956158576286
-17.82538024415401
-17.826530533215433
-17.833958813030378
-17.838938563471203
-17.839978878637275
-17.825995897212557
-17.82036515601794
-17.815563554282235
-17.818703422197967
-17.842118695900435
-17.83044492701152
-17.82294193691274
-17.821226834639184
-17.80991481031933
-17.811130787332424
-17.829037465776963
-17.837780771301812
-17.85155175307121
-17.84452051196157
-17.84630483253398
-17.845470492677176
-17.839270247296223
-17.846686759857963
-17.87403154715281
-17.88483067176901
-17.899148068851286
-17.903016237374327
-17.906487658501057
-17.917859608774325
-17.926714651269506
-17.935771404885198
-17.94017007700045
-17.944530374022364
-17.94591092317
-17.958034004736067
-17.965611338639647
-17.971305062605353
-17.973894889031826
-17.976478299286363
-17.981619649059095
-17.97324522795491
-17.984271656292425
-17.978699291676474
-17.978627887641295
-17.975991776200935
-17.987612535678853
-17.977668586893888
-17.982599467657206
-17.976087341554532
-17.984037779375175
-17.990427912240587
-17.99743047168721
-17.979813685209855
-17.959146715720518
-17.968418553926806
-17.96165958638618
-17.961131363722778
-17.96615744823788
-17.979420995777314
-17.983668709083084
-17.984194703195595
-17.97700437575088
-17.982247061026502
-17.993612238427175
-17.993481886362574
-18.000911502300664
-18.009088618135927
-18.019513262937686
-18.04346066891285
-18.038865036467538
-18.03881098342137
-18.03719921058496
-18.055256489750406
-18.055320482945977
-18.06724732530595
-18.08366494305108
-18.073584639578165
-18.068890810630645
-18.07778791624726
-18.066090120232015
-18.05746123940522
-18.057742275367787
-18.062445870081895
-18.054801957756638
-18.048489315328187
-18.04497253781167
-18.03665822200731
-18.035579582578507
-18.040417638207213
-18.04489410074853
-18.048128613619408
-18.065490420435445
-18.04616672406155
-18.051456447969287
-18.049225884126848
-18.053804211637818
-18.065074192603443
-18.05151948843004
-18.06560766793015
-18.06771717749728
-18.069841232156126
-18.076529216196263
-18.094140045740417
-18.086147582327563
-18.069648509549165
-18.081647994360246
-18.09302043105585
-18.103519435274006
-18.091581712534783
-18.086258011481522
-18.086029863761528
-18.08628708554573
-18.102862643160897
-18.11898707769071
-18.121507259810684
-18.096821030717642
-18.091158152577343
-18.082298606742988
-18.071019040475836
-18.07825180158699
-18.081222112113657
-18.078355605914453
-18.083097628014098
-18.084567902009844
-18.08228856903297
-18.079485024781984
-18.075388806958447
-18.074644744400416
-18.085736762273722
-18.08904927572028
-18.08097416948526
-18.097951419830032
-18.09905209686383
-18.10510171809743
-18.092046998461594
-18.076510351353566
-18.085007676634476
-18.083192567775818
-18.08240317051445
-18.076144114284133
-18.08973274155146
-18.095787424637678
-18.1019680082516
-18.09963764297528
-18.108297349071343
-18.12389306189792
-18.134860496365985
-18.133276376651562
-18.144997940744517
-18.150024057852562
-18.142022472602005
-18.142063709754584
-18.143179890394567
-18.146816251490826
-18.144793553887446
-18.151435655595638
-18.161591254670576
-18.168451116209656
-18.184095659545406
-18.18993026288042
-18.18762605894577
-18.186083001134687
-18.171811266547923
-18.1713187503611
-18.15678582722155
-18.16239294481515
-18.168553795501424
-18.170341513217597
-18.16263981653758
-18.174706101827017
-18.17271280629673
-18.152342580318056
-18.167687884472368
-18.15651637799054
-18.155003118746713
-18.148990341944224
-18.131845815424306
-18.12779745460452
-18.150156632825443
-18.159597322002412
-18.157880717446282
-18.171847743652684
-18.166963592443935
-18.15868348494538
-18.169030787426735
-18.169554367411283
-18.164584753977525
-18.16811483099553
-18.160005568400624
-18.161615129962247
-18.181495003281782
-18.182205100025044
-18.180045757144608
-18.179198808941784
-18.194855132653633
-18.20144808533513
-18.2024624910123
-18.202131602581307
-18.210430873374786
-18.21364642355253
-18.221076036147938
-18.217513087549207
-18.22690058091451
-18.23501003281356
-18.241605144862728
-18.22780924974782
-18.234250336749643
-18.24255395809109
-18.241651594304905
-18.231158541717924
-18.22871216353442
-18.24496492392356
-18.257566772482814
-18.251964041461523
-18.26636930894941
-18.27218594231087
-18.26154968471614
-18.24946283905605
-18.24518367757768
-18.240554364767316
-18.25229902385711
-18.25265350607792
-18.262498780462657
-18.261926609713615
-18.26132921329393
-18.253789646510043
-18.266428135305446
-18.27250715128708
-18.273971160789788
-18.269196630290715
-18.28365891980097
-18.301245101448764
-18.304982231345207
-18.328201186390565
-18.331726060828935
-18.339394884903083
-18.34686140267276
-18.3365298357006
-18.330469450449602
-18.336140052482644
-18.330259103600824
-18.31087634690752
-18.30635145970786
-18.30817592357471
-18.312509016184034
-18.312695672495884
-18.31691862608933
-18.313959639843727
-18.301640106203326
-18.304825348486453
-18.310890702593248
-18.30894303881121
-18.318335137352662
-18.330753718318643
-18.328334410580066
-18.344358052370787
-18.34166024036034
-18.343774417716745
-18.34284848283132
-18.326429373082398
-18.323951003499165
-18.309599100005634
-18.33518304912692
-18.347916122713414
-18.347103653422582
-18.353737392486085
-18.34920596149098
-18.36382347659728
-18.368321048128585
-18.369883299012056
-18.366467233691342
-18.372436588314045
-18.37582160738495
-18.37077813199523
-18.37575433190538
-18.360789682762967
-18.34604093896718
-18.344578961773195
-18.349125662567374
-18.344484447399697
-18.361230674412237
-18.353993730341376
-18.362136695129987
-18.3698540369095
-18.37685227140495
-18.387059214005763
-18.388485150382856
-18.382824824293866
-18.399335887262747
-18.39152467923675
-18.39995937090527
-18.390045638076103
-18.39297568113789
-18.404045180555958
-18.41579505012784
-18.418515319886946
-18.40449060079475
-18.413837313350975
-18.384348439721546
-18.383555677881066
-18.392708830454282
-18.387947029046536
-18.403517334761794
-18.40814440984162
-18.42414136852076
-18.425714355101253
-18.427687591539367
-18.425702445734977
-18.416292197538247
-18.436290352599727
-18.42323317039525
-18.421439322992164
-18.414121995938807
-18.414554983745827
-18.409131880045543
-18.40750554807642
-18.40804086278317
-18.403597490793917
-18.398629908260766
-18.41228332459551
-18.414254215294516
-18.426910150302866
-18.43084879310364
-18.426268550227093
-18.42512722503211
-18.422357853977747
-18.430740523599603
-18.44817256834604
-18.443157586427223
-18.457732697654333
-18.465227618946916
-18.467161547633776
-18.479018281938522
-18.490645806943313
-18.501185161063354
-18.50222556048285
-18.508970084469087
-18.515392177324568
-18.537355645483053
-18.521703951398738
-18.527982313214597
-18.515200565548977
-18.510769146502675
-18.499544456260974
-18.49570871659773
-18.49679314655495
-18.493863212629943
-18.496383140413602
-18.497225909292144
-18.495365205934522
-18.492648816745113
-18.491561056441057
-18.490946548698407
-18.491877042017627
-18.504513632786512
-18.51230490835061
-18.528605792654233
-18.52490864625681
-18.527193490602585
-18.532552705678164
-18.547082038586268
-18.537010383968976
-18.551848391233353
-18.552435033138483
-18.55280953663525
-18.556595983476303
-18.56695934955568
-18.562766833265478
-18.56106511281683
-18.56764276928928
-18.561241457188682
-18.58176523686588
-18.595383319017447
-18.59466069176436
-18.606206963716296
-18.605336943522328
-18.60857593685249
-18.614576523553463
-18.61837441309721
-18.614797610535188
-18.627245582203052
-18.614369253101035
-18.600718640006743
-18.587677650301572
-18.588252974901536
-18.593253390321905
-18.60096689190701
-18.586236326840467
-18.58156017219237
-18.60171542658349
-18.60441537552335
-18.601782342361833
-18.608760762915914
-18.61687716694644
-18.633125109008756
-18.644681406618876
-18.651578682370083
-18.653261562691487
-18.656321908624328
-18.67308353659895
-18.68982902276605
-18.67428290110808
-18.687246272079424
-18.680948704672108
-18.672641747098226
-18.679488298951167
-18.69040543193331
-18.71073244566702
-18.717582424170196
-18.737477528151327
-18.72824941648706
-18.71891188395832
-18.70537829643909
-18.712329861678263
-18.717282652707013
-18.717645637207095
-18.710530872824645
-18.71473607683262
-18.716477512234377
-18.714526356328147
-18.704143616894967
-18.704062327360305
-18.70411391106489
-18.711074351002477
-18.68993529602967
-18.69595396465572
-18.695754959781414
-18.68808536909455
-18.68975692190797
-18.689963340473447
-18.699387047002865
-18.69625555533683
-18.685881710043773
-18.687210809010356
-18.67562607365302
-18.68057814354811
-18.68552421195057
-18.673143493660902
-18.684545249358294
-18.68196464689048
-18.671355711218244
-18.673919381879394
-18.674553924384146
-18.68803359683852
-18.683553145682257
-18.672002367050776
-18.660354137524106
-18.682355882463916
-18.679153191449164
-18.682238416984745
-18.678067167858813
-18.691537962466082
-18.67865087960467
-18.685829053525353
-18.690174765554037
-18.698798329852465
-18.694920384271864
-18.702248016999064
-18.706076235797106
-18.696614872634136
-18.711672588472414
-18.70650087208589
-18.72457056950075
-18.705281048785153
-18.71425585645058
-18.707696620943903
-18.70913969269651
-18.72039343768283
-18.729447191699684
-18.73038214615984
-18.726930153489516
-18.73294265915034
-18.738588711591806
-18.727979239719478
-18.72784051435833
-18.737102095251355
-18.72888058336057
-18.732464492302316
-18.733462045295433
-18.730857712395338
-18.730137247421055
-18.739276026066896
-18.74821733620105
-18.75738457632921
-18.762712210520426
-18.76068221368592
-18.759516115775636
-18.749374849155817
-18.757695647976533
-18.76280597965123
-18.76802665109825
-18.777376250376317
-18.790463080207694
-18.784349969578134
-18.800908457186583
-18.785413683865197
-18.78061794763024
-18.788458926257977
-18.79640648798869
-18.793521237300503
-18.777983976880588
-18.767931505724555
-18.77201218360061
-18.79804567733506
-18.801765375415545
-18.79953149180873
-18.805562363922025
-18.81910676301415
-18.82543673982235
-18.811744904798807
-18.807214390348378
-18.820595289417827
-18.81041863987673
-18.80039207953774
-18.795550767511646
-18.799705717504064
-18.803880559690477
-18.7879495348003
-18.793570771308577
-18.78255730146126
-18.801826801974762
-18.79250317013952
-18.804662715161854
-18.806979344954232
-18.803258796522634
-18.815658677862107
-18.83583016087016
-18.838932614388003
-18.847353549129092
-18.860786859856148
-18.869520704404913
-18.86891628698467
-18.865025729793118
-18.883668174724427
-18.897463886219978
-18.897145995807083
-18.89542689203109
-18.90089136326449
-18.920269148008064
-18.929395724808582
-18.936552800456173
-18.94933792193348
-18.944160184025485
-18.95453823106958
-18.94573401475816
-18.952938566608545
-18.948651616936914
-18.94404867048774
-18.95388237616879
-18.960729918524244
-18.970308039554034
-18.958673971604373
-18.960907496297384
-18.953678826620116
-18.951533243535327
-18.95998696630749
-18.945081369111183
-18.946637134004927
-18.935957802973185
-18.931582438576957
-18.929148812295303
-18.952265183313823
-18.948411079075925
-18.942925413005778
-18.940898118976932
-18.9606765646965
-18.95510531577844
-18.949000441927065
-18.957039931038796
-18.95236671249431
-18.95824838173649
-18.958414870407847
-18.98212504860867
-18.96814178352157
-18.99173363787507
-19.012270505759677
-19.005460750857644
-19.00541403466554
-19.007971667229334
-19.01588020127365
-19.020999339206373
-19.001470861803746
-18.99025657870514
-18.990960947623364
-18.983213905148247
-18.973142049984354
-18.969443008918198
-18.962627337408655
-18.96191574967997
-18.964260917009838
-18.958050811206743
-18.95926384251295
-18.961837039474286
-18.959334291614844
-18.956211398758903
-18.980202014368828
-18.979054201297195
-18.964520680177102
-18.975376719269303
-18.976689957508825
-18.996387825271494
-19.001383720301654
-18.986006430479133
-18.99391202968066
-18.997254098223912
-18.9936666011697
-18.99850410428209
-18.999351890264265
-18.99102183900891
-18.98706031854322
-18.987580412183373
-18.99600228451825
-18.981405178229817
-18.99432395087461
-19.001615939518803
-18.991937340169002
-19.00074163158713
-19.00757293136623
-19.011312261630273
-19.01689253241735
-19.001718072591892
-18.991541440602205
-18.99810795678129
-19.004501703421575
-19.00741977778886
-19.024782753080856
-19.007920289528425
-19.011365915555313
-19.01041832275441
-19.020078656023248
-19.00741339415961
-19.011983399547187
-18.993156055419476
-18.991330364190535
-18.995001474124173
-19.00257454328382
-18.97010125069264
-18.96933052778989
-18.999747213395903
-19.006482215422533
-19.00614707625754
-19.017687719905144
-19.028030270355032
-19.020924433618532
-19.036696117677444
-19.02991162989272
-19.03758041859335
-19.050604889260057
-19.049567017731984
-19.063912409231392
-19.064811700344613
-19.06040607057609
-19.044561246584955
-19.05477636596597
-19.05537003901867
-19.05718335180026
-19.055510049964894
-19.073035435427713
-19.075911896644396
-19.070791251201403
-19.067894343500015
-19.06336261903546
-19.066166099051514
-19.056018011548055
-19.07065868104998
-19.067884083426293
-19.074135945349116
-19.070876681949205
-19.06823776904259
-19.074232703216683
-19.073143258777304
-19.080930910059177
-19.07982185742968
-19.07961323161083
-19.069827092375522
-19.074152867864676
-19.074984507685578
-19.070883108052836
-19.085026700096275
-19.09281065948733
-19.09092972483689
-19.09149363296141
-19.081509365275462
-19.078117094034173
-19.09034123957531
-19.07800034254668
-19.069306117374666
-19.06163532756215
-19.086348496021362
-19.087657775249106
-19.09518976929287
-19.100756751052057
-19.09439717319757
-19.080378469448306
-19.081411039243584
-19.070276644047226
-19.083058198673967
-19.085722600755417
-19.111617754770496
-19.122340779594055
-19.126042379038864
-19.13665945344108
-19.144315318995176
-19.163276691855675
-19.166533581106474
-19.153056048406846
-19.15532540557782
-19.16571709709646
-19.16804222135275
-19.183879556547595
-19.182946692486777
-19.183284944662756
-19.175812824429666
-19.175352727185757
-19.17576796521367
-19.19293929230772
-19.19566525758666
-19.192407634484823
-19.187369312649253
-19.190804227067048
-19.19689439817807
-19.219911376341848
-19.221413557171005
-19.20416269207969
-19.20469917759944
-19.206307239573963
-19.202322510227503
-19.202317030300602
-19.19300070495704
-19.192425980057383
-19.183754904652243
-19.185646456904795
-19.19680736252605
-19.181138467569397
-19.184530503704373
-19.176133368775503
-19.16564308895989
-19.160312191494352
-19.16064244482052
-19.162429659631442
-19.175043857656203
-19.17929249918421
-19.187061781420027
-19.195320357002807
-19.20001421794581
-19.191606894961296
-19.190083849875062
-19.194331585664045
-19.187612261452728
-19.191673429186366
-19.18010528168456
-19.17675286055334
-19.17262741069033
-19.186231083477555
-19.177375697067987
-19.185831921569132
-19.18818172291752
-19.190347661571856
-19.197980679160807
-19.193824096480316
-19.202217708082358
-19.200760754496983
-19.210267558816216
-19.22962726613667
-19.240484465697328
-19.236373756359004
-19.237893257448373
-19.237111578043493
-19.236304701359145
-19.227228290078276
-19.237113808680437
-19.230814572061593
-19.23555647429963
-19.242402724774013
-19.22945361552598
-19.222187174769452
-19.229723145394416
-19.23769733968518
-19.23339257664834
-19.22422224680534
-19.227041755178174
-19.242786024406747
-19.255870658268
-19.254825685332175
-19.25076664144656
-19.257267240870387
-19.250771807368743
-19.247153641473577
-19.25099213950264
-19.244185038398246
-19.233962991840233
-19.21719887125992
-19.226999814381415
-19.22230586520977
-19.230516657530355
-19.21013965533322
-19.214034952673366
-19.22045673774264
-19.217124448334776
-19.23041492175837
-19.222471241172027
-19.224602671338662
-19.21846092606698
-19.229063747014305
-19.221156173949787
-19.231743960358823
-19.228041516899054
-19.21685375805854
-19.20554990249282
-19.198724924215064
-19.203437496131283
-19.194301286434374
-19.202281524693294
-19.204568344865176
-19.206877943587706
-19.231268811258783
-19.23056086768772
-19.238262562009375
-19.23263909301271
-19.236838110358836
-19.243985899240478
-19.25249016872349
-19.254850446012387
-19.258515463887495
-19.264997107137432
-19.262114452776295
-19.26154760478444
-19.2746958652041
-19.277718236097208
-19.29868296197746
-19.296270252362135
-19.292813836388696
-19.28886444584503
-19.29658440205973
-19.29125096125204
-19.28686549150637
-19.292518850478924
-19.308057970229434
-19.319968038566632
-19.313549115567128
-19.32408311194613
-19.331429568264582
-19.340808459269557
-19.342125315282523
-19.345923958753566
-19.347502564122504
-19.354795655824095
-19.349412036294392
-19.34852922144434
-19.340017085453
-19.33320783198445
-19.323446778473524
-19.325764289922727
-19.331295180079152
-19.33292224195885
-19.339274124622214
-19.335558538458965
-19.345237937122995
-19.334998472948136
-19.327429411822038
-19.3355462669117
-19.320578106283556
-19.32692124916607
-19.32093168487007
-19.32142617770749
-19.33643782421774
-19.321043551707366
-19.33568855342507
-19.334965591540705
-19.328358005649896
-19.345358205994824
-19.35949731788015
-19.353033191959888
-19.363741915865678
-19.355922138970975
-19.350851392429643
-19.361025115149765
-19.35947154276504
-19.353128977208478
-19.37188717293691
-19.376478184039694
-19.385277120532635
-19.401957702404648
-19.393355706298056
-19.393458263955317
-19.39932860190024
-19.377280584507655
-19.38510996182789
-19.384596704958284
-19.402864481895808
-19.414505271160596
-19.429649209689433
-19.44404859683123
-19.445755698595086
-19.429655495768515
-19.43467726904912
-19.426636069546515
-19.417334689831417
-19.41170355349573
-19.40426111413893
-19.394564611351534
-19.377861594264296
-19.389606886397253
-19.392258321321325
-19.393245767200824
-19.401017188211934
-19.41144911383202
-19.39810968553226
-19.38227153872242
-19.389794062434863
-19.379938273605205
-19.399060470423308
-19.385229844399124
-19.38052235194362
-19.383544288137465
-19.384083519693228
-19.379570182674634
-19.39724596937277
-19.417241106980025
-19.424663242111823
-19.41242584755662
-19.412053578209168
-19.40589061810071
-19.395266076982555
-19.39896309737044
-19.3997752392189
-19.389969776460138
-19.395860398204448
-19.40382120532387
-19.401700432935026
-19.41287555561637
-19.41123635227744
-19.417243566638763
-19.419528798804187
-19.440138568004624
-19.42728421554159
-19.42659726750264
-19.4093154622092
-19.40394044207939
-19.398524950190087
-19.395497465661936
-19.3932264342031
-19.390268144733806
-19.386881763992413
-19.40676710241262
-19.397565993934244
-19.396010989003507
-19.406406093385364
-19.40825313646366
-19.41542675175544
-19.426494634707755
-19.43005144416818
-19.42361711002187
-19.41104861621585
-19.417082794158507
-19.41638312368111
-19.41397565375533
-19.42829755005439
-19.426771174381425
-19.417985492858804
-19.424500144442305
-19.415562526592733
-19.409746622140336
-19.418741602706593
-19.422419467659882
-19.421811584835844
-19.42208767868973
-19.42617494091316
-19.437583315937715
-19.442139919406497
-19.45033378832191
-19.443189963934476
-19.431405060936612
-19.4226780613654
-19.415813675080408
-19.403481638793302
-19.422367000909396
-19.42927656326384
-19.42135383795064
-19.43119764620462
-19.43689273910187
-19.45414023093368
-19.46308397466775
-19.48593268257448
-19.478891094859677
-19.49165802835728
-19.480717594717404
-19.501964916572735
-19.50825483341169
-19.50462029377914
-19.506428949991324
-19.49639981598361
-19.479277826586344
-19.478846603252563
-19.476075981907123
-19.487837602403093
-19.49525450935245
-19.49632079070084
-19.496980465741835
-19.493989123794783
-19.496052293975982
-19.505335611274223
-19.504849138348625
-19.50716445769223
-19.492809934410456
-19.499929639017417
-19.509437724920613
-19.501575440883844
-19.483555548989383
-19.489894384503327
-19.508023505746756
-19.525735309942643
-19.516027852957627
-19.516599898483467
-19.523982005188234
-19.520004856089056
-19.532910072293134
-19.53412562659672
-19.52842765053377
-19.538118139531594
-19.51928986231825
-19.53427680509704
-19.537170207651886
-19.53799784450377
-19.55416726924105
-19.554781627444683
-19.55621614004826
-19.562178666615175
-19.549083098441233
-19.552855699070168
-19.549093759526492
-19.554939468615157
-19.55722102019893
-19.545434922745564
-19.530307726966736
-19.541873415078587
-19.54260126824741
-19.54761651243876
-19.551516169857187
-19.563405238105176
-19.56136786117943
-19.558134035114183
-19.556778569951632
-19.53262102847979
-19.54190164786172
-19.516265801223433
-19.526989996014212
-19.52378570856823
-19.514865597123336
-19.502959453691016
-19.50132597813576
-19.51353517268601
-19.52311333208938
-19.537017963845823
-19.53184463896001
-19.535557498601698
-19.529529815641993
-19.516859677276432
-19.52101873588711
-19.54372948593059
-19.543994603688187
-19.541449650583047
-19.548521721683144
-19.55964366803006
-19.55560896935756
-19.558156147472985
-19.558749428183646
-19.555145859559673
-19.56849887313212
-19.555131039329016
-19.54949083101882
-19.557287554592055
-19.546499783594342
-19.544534700003933
-19.557343029327367
-19.543901317757282
-19.53129134955414
-19.544430491715516
-19.552496224936124
-19.536481873972903
-19.5539413307055
-19.548574524622953
-19.54898551297283
-19.563006860843412
-19.564735879129525
-19.566830245278542
-19.558721636147702
-19.55223761906534
-19.565637281402864
-19.57188824031063
-19.578436765879808
-19.576922866921063
-19.57989461951988
-19.58795354536237
-19.591936565325156
-19.59508042568084
-19.592444532072406
-19.5925758914379
-19.594786753289405
-19.596229504215543
-19.594949102711304
-19.60413159460887
-19.599520671476043
-19.591456763269054
-19.591275627714772
-19.603128340686688
-19.601603953369604
-19.61837433021957
-19.62895191695916
-19.622616056958126
-19.622991468219023
-19.62242502719939
-19.623405209575225
-19.624561652634643
-19.636628377547986
-19.641759666671575
-19.636165784109686
-19.62082296201898
-19.60930537050558
-19.599289144608004
-19.587583264022715
-19.583038660727443
-19.582034497746527
-19.569210958682138
-19.592088198390552
-19.59217087208416
-19.594373188558322
-19.59531747981216
-19.608563678979213
-19.60598212154647
-19.609918904312373
-19.604614556637106
-19.598752597831695
-19.616232784191837
-19.597178243865045
-19.6090765174636
-19.611920463628415
-19.618174769364106
-19.61737417266846
-19.617005277764
-19.63026576296523
-19.616132593498865
-19.61687698296135
-19.611602592227197
-19.607377235064305
-19.625813344967504
-19.621462501934825
-19.63710186852194
-19.636373551001594
-19.642151236698812
-19.62640804364604
-19.62867445870062
-19.61894557176643
-19.628679037657616
-19.62490303292034
-19.631298928160053
-19.651560789970993
-19.6465467638938
-19.64325687778671
-19.65153441576528
-19.65449797010857
-19.671950179164355
-19.68233694206819
-19.68307822290956
-19.682639417117613
-19.685046268497548
-19.683287616960307
-19.69343725973764
-19.697238592548892
-19.723199324115445
-19.703998975410645
-19.723459565497826
-19.7233781319881
-19.714637770575283
-19.710245329341824
-19.72274957966681
-19.755446874248793
-19.754307418416232
-19.746105926952367
-19.73295062182842
-19.745027157229586
-19.732529454811402
-19.716034533299496
-19.708772562133973
-19.689112679301054
-19.689614963400057
-19.679136951822763
-19.671272711518256
-19.686308580376476
-19.69153449552868
-19.695478405639495
-19.713621744855754
-19.712317098945405
-19.706883487742804
-19.691235455521607
-19.682413063911557
-19.691847857291933
-19.6931274940422
-19.709434644148537
-19.70363724512251
-19.705368625734653
-19.711167902294562
-19.691271561412982
-19.686096615177373
-19.696663396666487
-19.69933037848619
-19.701205350281498
-19.68426607220234
-19.688426589564944
-19.683937811871296
-19.70009487720401
-19.71171078061977
-19.71287713726453
-19.719632238257358
-19.725022517514777
-19.71788459805896
-19.726801846040686
-19.711008654908614
-19.712954893029405
-19.71097279891624
-19.71210853545359
-19.71160566308161
-19.729256100187158
-19.731862726507465
-19.744039139306924
-19.742281677454592
-19.764662703508314
-19.75876872425214
-19.742684617145336
-19.723271607279443
-19.744437916409346
-19.741765231685797
-19.745996359762735
-19.744319426496617
-19.74472047516953
-19.73694948773928
-19.73056717066459
-19.731040530218383
-19.734836274912805
-19.740007013595392
-19.72780109134943
-19.72616940137536
-19.723582995309304
-19.729116231723875
-19.737008042864183
-19.726803118688583
-19.729901738292092
-19.721083241704655
-19.714999332752328
-19.708201307987988
-19.703424199228564
-19.717930439589047
-19.718181278728082
-19.7188802986513
-19.73433159750337
-19.74326232713849
-19.744090619701563
-19.737866644874263
-19.743780928274003
-19.751554774551693
-19.74641070778817
-19.754443970605152
-19.75913728689914
-19.752808162862454
-19.751250300942914
-19.753926197490173
-19.730743019673323
-19.715312621703433
-19.725679984204234
-19.724751235461195
-19.72237903419064
-19.738840008689404
-19.745730161777015
-19.767655906581087
-19.779759227977454
-19.79218527746749
-19.797248014788362
-19.801353335362098
-19.801751842381567
-19.79425505926254
-19.8084720071672
-19.793707766065616
-19.765201538191683
-19.75827540670394
-19.74546389296425
-19.742904483576428
-19.74975239060904
-19.747541520777165
-19.739018590943353
-19.73316172550427
-19.75289965517985
-19.762961451336274
-19.761758317791198
-19.757466788382615
-19.763643644517657
-19.767487278160374
-19.757792850163618
-19.76261569641541
-19.77683720691927
-19.77170249747392
-19.77732654969797
-19.791479372945435
-19.79761587360081
-19.811082603563268
-19.821023936135862
-19.819125778289738
-19.814272669060504
-19.810584484966103
-19.80802564098229
-19.819215465555278
-19.830347717270314
-19.835329103834994
-19.836131180418086
-19.83597681423402
-19.835579676542302
-19.825993731743637
-19.83214781530083
-19.834150267589447
-19.814751871955163
-19.832904554338864
-19.829393611407532
-19.82231649502446
-19.808332111317693
-19.82321897953827
-19.805248774480457
-19.80411922688242
-19.799875459583692
-19.80236147289793
-19.797740050683572
-19.79965898370589
-19.79654256672
-19.799657121783387
-19.82503492086508
-19.8073321823682
-19.793381989240494
-19.792098929349173
-19.790315924508548
-19.79108937836692
-19.7963121568631
-19.81306131007175
-19.816226752594343
-19.836637097030124
-19.84789959355627
-19.851691190987225
-19.858668217749543
-19.87167775535958
-19.877352551622003
-19.88074084123097
-19.868937368540653
-19.855902637222187
-19.87268526445414
-19.868963597770346
-19.887087390365778
-19.892419218050186
-19.917987562514845
-19.922025109695678
-19.90715403129591
-19.916863038538647
-19.91326629980344
-19.92197541846462
-19.922102309134342
-19.917387732011765
-19.899802841574783
-19.872342534969654
-19.86128034547435
-19.87167845454702
-19.87405186443891
-19.884670269702834
-19.896167245683152
-19.90480490994597
-19.90362755669945
-19.905737978174336
-19.890626626349803
-19.892760126140633
-19.887302001387223
-19.8894665886815
-19.898282099901213
-19.88626008556849
-19.889811226877196
-19.886916068013164
-19.89540829979871
-19.883017585687366
-19.891231825568386
-19.887176700343293
-19.874142722498082
-19.880618286226163
-19.86002309422613
-19.860740491492805
-19.854694792432685
-19.852931592539566
-19.850605623023903
-19.86595173457662
-19.87907564596066
-19.88922684606626
-19.903526977059254
-19.907613434729004
-19.904290525624393
-19.905772366322555
-19.90903206137445
-19.916509785512012
-19.922419728730347
-19.913570829979705
-19.907709069751075
-19.91006520218915
-19.899542726079105
-19.896099496685366
-19.887207645318366
-19.88408204348797
-19.880591641310474
-19.884258815602564
-19.88196773561697
-19.87584002031437
-19.89097664953297
-19.881812782844527
-19.891773863986064
-19.88915546287545
-19.890123161375676
-19.898499918000926
-19.891972478712436
-19.908460296993294
-19.92327078682578
-19.922725203101404
-19.911852050694392
-19.89969890449294
-19.893418851131088
-19.888174732313008
-19.898336235020903
-19.916267194884515
-19.920622731341
-19.92395557582502
-19.93156203092834
-19.933922205185393
-19.933965534431316
-19.949819353903138
-19.928505112848217
-19.924359405443624
-19.938068720217785
-19.935875625100564
-19.93113805486735
-19.93455004413385
-19.924299021622193
-19.93054918985925
-19.932492565885536
-19.92869314926475
-19.9325418068617
-19.92929535060345
-19.924847269214546
-19.94449166253308
-19.938437251599183
-19.916947643088644
-19.907652361359716
-19.913393735510134
-19.91362777189842
-19.91041042737728
-19.91974138069086
-19.91089413707368
-19.918575953975033
-19.917950965401715
-19.894357402414588
-19.89832768561043
-19.890878285384556
-19.889898108987122
-19.90001069952726
-19.890295678053278
-19.894151562064035
-19.896049199117872
-19.892971275806183
-19.91011406642442
-19.915764039225493
-19.902771134114545
-19.899858684651797
-19.891060847236933
-19.881232343855423
-19.869605591719388
-19.860448773860927
-19.8646528843667
-19.869369534662038
-19.85796990433875
-19.85731161909473
-19.857193407545456
-19.863729851724
-19.870890749997525
-19.87582480628862
-19.87860802191125
-19.867939555050352
-19.877405293304687
-19.879607480970673
-19.872181791620605
-19.87448874127195
-19.877302273733058
-19.874479317017318
-19.890133286575097
-19.89095065744294
-19.907853725631814
-19.91334852817587
-19.939242288182015
-19.926150646770306
-19.927151138013024
-19.90693366620453
-19.922229891684623
-19.944398173100808
-19.96103401055277
-19.9539311113667
-19.956955915781485
-19.95237457007321
-19.976640756317952
-19.974896985628934
-19.975127495875306
-19.992184279272347
-19.980274739196357
-19.976820665578952
-19.963037064335428
-19.976108609947048
-19.980014307467098
-19.979821808376524
-19.976857957085247
-19.9744019215459
-19.966303609615927
-19.987332065779253
-19.98109304959803
-19.97349021465418
-19.981058025767844
-19.981220330879946
-19.995256642392185
-20.008557660927398
-20.01968037154771
-20.021313144223562
-20.028759075204402
-20.034169267288526
-20.02556455795107
-20.02149149504565
-20.0357103135314
-20.055263224993023
-20.0486305512719
-20.063176951404383
-20.069089663120447
-20.06003337897616
-20.059455399488705
-20.050773245814465
-20.05602481531739
-20.049760228595407
-20.0421644264899
-20.03651339194079
-20.030170182379525
-20.02374009707842
-20.025125961498915
-20.01942465805708
-20.007331128656247
-19.998049796062023
-20.004644412776294
-20.020389771257353
-20.02303940649852
-20.03003756721495
-20.03125114764681
-20.027547659495298
-20.029151331031155
-20.031504432931566
-20.034156355837876
-20.043624100994183
-20.02748019564302
-20.01406145378851
-20.02662705466741
-20.014034817656775
-20.01589126623775
-20.00655272710779
-20.005062808214912
-20.002810882254177
-20.001130578573914
-19.983838190584983
-19.99908095496947
-20.002890539535912
-20.01288354830185
-20.0141922415643
-20.012367056990534
-20.000581679161773
-19.988427444790567
-19.998721571642456
-20.01328873838286
-20.00360158434447
-20.010699772857766
-20.015729526112693
-20.040230287146876
-20.036357600933794
-20.023040243915542
-20.02920032175824
-20.02232544604264
-20.01164091053349
-20.003135815654744
-20.008636432649325
-20.011786766815423
-20.02850751342162
-20.030679528822183
-20.027693481563933
-20.01745632312803
-20.015605352653825
-20.01312260341959
-20.017015512241496
-20.00659278859479
-20.01407337233148
-20.014218137811316
-20.00250112860879
-20.00151865935979
-19.980667679525443
-19.973706722679346
-19.986460633426745
-19.97859942903116
-19.98694477066639
-19.985852920679473
-19.984241255743676
-19.978589354091046
-19.979594280166072
-19.98232327060865
-19.95827810408225
-19.959347475540902
-19.97605661874625
-19.995673530191183
-20.008657144102973
-20.00933923627866
-20.009231604980574
-20.012618453339915
-20.025253881247146
-20.03404983109859
-20.01774389406887
-20.02009038597338
-20.02630063438233
-20.03867424504547
-20.028784603016543
-20.00877851640037
-20.02664120131198
-20.002452933975018
-19.98901654495355
-19.992512032979615
-19.988519749032626
-19.9963728579443
-20.010759397357077
-20.014878334884305
-20.025065363816406
-20.018598217388497
-20.020825414933675
-19.98990887201497
-19.99531930527439
-19.99769667996475
-19.995319052925257
-20.010953061119608
-19.994490709871673
-19.98643104307644
-19.98400125082854
-20.00015934972414
-19.983803760247305
-19.986042456570445
-19.99614282833672
-20.00462135522854
-19.999594667774307
-20.00217206909224
-19.990495127572967
-19.994495215582646
-19.974408460480404
-19.985962540601783
-19.996373803983822
-19.984335646767477
-19.979228501468242
-19.992544494937672
-20.003795951610154
-20.000929322491448
-19.98536299183429
-19.978951826158962
-19.97026549459711
-19.972192635015936
-19.9686405075382
-19.961810475564075
-19.970572102008493
-19.973779230301123
-19.96524988995255
-19.95561909688174
-19.96944851049703
-19.97174660286787
-19.976150834344438
-19.98499413152603
-19.997247999371858
-20.002319547413258
-20.01120269559523
-20.011930232218308
-20.019026254912824
-20.027739661931175
-20.0343498284504
-20.038045388348348
-20.035480485993833
-20.03905805205198
-20.02041306643377
-20.023732782586784
-20.028264104956644
-20.013141930271075
-20.013304501406243
-20.00515918041205
-19.995980227400633
-19.99144588886339
-19.98829477050912
-20.005149499789656
-20.00803344100955
-20.011752045583027
-20.027677747854565
-20.035658572010448
-20.040993605938702
-20.04330585743938
-20.048610629889133
-20.03845988347482
-20.047922561148585
-20.06537361997055
-20.038978059653722
-20.03363888965675
-20.029481128060016
-20.035436096278897
-20.029702795744253
-20.034365510659068
-20.029285152297422
-20.021244785728197
-20.015659847352453
-20.013612241806264
-20.02555110676168
-20.021951580116653
-20.01665330301949
-20.0216399014605
-20.033240053152017
-20.03063811070015
-20.037504655639317
-20.037611486105856
-20.024973884189112
-20.03353357742326
-20.043301642940094
-20.044429803709214
-20.03935055479877
-20.058948677512657
-20.05968061482237
-20.073181983749176
-20.069605592130195
-20.062087430344818
-20.04793250407332
-20.0443831839783
-20.058175913954376
-20.053237609948976
-20.061424722291253
-20.052512389722203
-20.036735186659254
-20.03706191468082
-20.045305099823693
-20.045406388752667
-20.031545117726072
-20.037451633795097
-20.04110185535413
-20.041358393696697
-20.02702869707616
-20.02489937966164
-20.02017032816358
-20.030821802339805
-20.027846781883444
-20.020684111591684
-20.012457803432195
-20.01294072780175
-20.003722473906162
-20.018399004877082
-20.01167410297854
-20.01939315026726
-20.02528305272442
-20.01139065007204
-19.999865279227098
-19.9912841781156
-19.997981191980813
-20.005544344996782
-19.996900183633134
-19.98938474078865
-19.981102748355575
-19.971809231650113
-19.981773621540402
-19.98694704440334
-19.980989147416196
-19.980521980400653
-19.98215785562205
-20.002917789400886
-20.00748437764659
-20.01614718629745
-20.038683460538056
-20.03255655842205
-20.02794042133138
-20.030911910269296
-20.030801186583787
-20.047233985651634
-20.040793440994168
-20.049521541051668
-20.038845710414616
-20.021206088107334
-20.03050153341959
-20.025275544323517
-20.035785867154072
-20.052220145830752
-20.056442109444752
-20.06207005687546
-20.052872930371088
-20.038625824171298
-20.041717602482255
-20.044310070436154
-20.05048065310134
-20.056087660680483
-20.05417071486945
-20.051075608004798
-20.05591027731899
-20.08379496409303
-20.084387592415805
-20.078959848214605
-20.099333962609613
-20.084215760583074
-20.08325469634011
-20.091512195567976
-20.09356108344523
-20.098758253277158
-20.109509658216133
-20.11536754723825
-20.113711635933676
-20.12080006432627
-20.10408015304348
-20.10134834256853
-20.10809934237266
-20.121237014751614
-20.128743826988398
-20.11957929586359
-20.116743529462468
-20.128927956223954
-20.107440693334873
-20.091943521409018
-20.098710031986094
-20.098136951137565
-20.098075465131153
-20.096799353843
-20.098617105278823
-20.10656299471162
-20.112429115425567
-20.1087665703627
-20.103153779591214
-20.097980500075337
-20.106733965467814
-20.10024979765282
-20.099211875468484
-20.095780230925605
-20.11166284001136
-20.107958773772808
-20.11847286795887
-20.12536830126658
-20.138109261144827
-20.153187782568335
-20.14703609159696
-20.133261796501
-20.127169270595576
-20.110942122919198
-20.108123909668628
-20.09848124623834
-20.110511234885195
-20.113120862613385
-20.118921179006335
-20.10421839740241
-20.094668878245667
-20.114706470616333
-20.115130034487038
-20.10708998958914
-20.114512357870435
-20.109918380724288
-20.104881533213007
-20.115572473233666
-20.11756069163601
-20.10151846192022
-20.097690644183974
-20.094711985365684
-20.083143915300514
-20.103237305690012
-20.107988682143557
-20.114524374641718
-20.11834457418642
-20.126216113856657
-20.122983263515803
-20.110839815388907
-20.102397148099563
-20.090105280566092
-20.092550580979022
-20.090948285585302
-20.090792114641282
-20.086817679162312
-20.078898788844725
-20.08660308396295
-20.099219207325433
-20.11350950758913
-20.107281416113743
-20.109429735726998
-20.113117146726502
-20.108221297751598
-20.11572541660845
-20.116554162625675
-20.112450176643954
-20.128312921895684
-20.1368232379269
-20.12844950444762
-20.14037105236254
-20.163782484265496
-20.161156645469433
-20.131490886326702
-20.119438769603903
-20.11601200884846
-20.102703963271118
-20.11587965806738
-20.105728600697407
-20.10679846494758
-20.101221979273458
-20.10363893870116
-20.106501015070965
-20.123829174135075
-20.120744010056782
-20.132303881889978
-20.128065462407633
-20.134329830732472
-20.132986903543053
-20.132977823062646
-20.12340886258127
-20.125026993267344
-20.111150279499203
-20.12361619275201
-20.105383452631337
-20.10362177521451
-20.084866743292867
-20.076993868588932
-20.071873993627115
-20.08732094982426
-20.07740517199918
-20.092412118074066
-20.090851295636664
-20.08574071460765
-20.091464437559303
-20.110999742267396
-20.11330747230223
-20.113604283623655
-20.129293961350466
-20.12039303563535
-20.13049607878922
-20.130643485935686
-20.136052165134217
-20.12780259754158
-20.135141478784693
-20.127180470704467
-20.108142529051904
-20.108875344373114
-20.10696682436299
-20.129996250871354
-20.127379718865928
-20.137797687968927
-20.14502496385103
-20.13630459920238
-20.136201176418112
-20.12882604393006
-20.133453732481794
-20.13450973014534
-20.131892174045863
-20.118099085901033
-20.107194121214757
-20.121187634024054
-20.12401445638393
-20.11797527953524
-20.13600513743642
-20.14320637235063
-20.148177827039603
-20.13773407247981
-20.143571282264357
-20.140922350544372
-20.141716717559643
-20.14526301810933
-20.13908438124048
-20.13371907841316
-20.137981827849327
-20.14714596498265
-20.131266404310377
-20.132255327875914
-20.14014094456389
-20.12449703987615
-20.134468081786828
-20.1419272299522
-20.143622689843323
-20.133054218073898
-20.13354274589453
-20.128820227530305
-20.133370546676602
-20.12188821457464
-20.12410683881627
-20.127869017229727
-20.118197407726896
-20.103968207767878
-20.12473452171562
-20.11655175572525
-20.11327946311945
-20.112092971676297
-20.1117070249506
-20.13070233276692
-20.132543130182235
-20.13870722918897
-20.139180023130667
-20.13424483764921
-20.152475944254796
-20.14679586949449
-20.13292584231374
-20.137060185919875
-20.134611751192466
-20.140417258531585
-20.127990827580533
-20.11902927489999
-20.121174603729152
-20.107208400638665
-20.0989568909847
-20.099065754035042
-20.112748789783424
-20.115272646442786
-20.11569822002397
-20.110777862327847
-20.098485504844604
-20.095915041204304
-20.09841641158952
-20.100611990703488
-20.08757979396552
-20.09728386354948
-20.103314297861854
-20.112245640386213
-20.109147182495214
-20.099887718136106
-20.114844419836388
-20.120900323029648
-20.116348200651363
-20.117641548306104
-20.12170699968427
-20.132132848805647
-20.12924116194765
-20.11115502067093
-20.10149903259361
-20.085958273097223
-20.078052392909402
-20.084076817456047
-20.091793032067567
-20.094548482081606
-20.107579601443664
-20.096105645819502
-20.098549504489554
-20.087545836432437
-20.10323003868589
-20.11326494325708
-20.115045288709776
-20.11458027251747
-20.131415122646736
-20.12137504817119
-20.12331705089928
-20.11217190467637
-20.100823528049933
-20.085987763835455
-20.095478023989337
-20.082348267207934
-20.070223308665383
-20.060967177149422
-20.062483834254895
-20.071775187588734
-20.071144139779243
-20.062897902750617
-20.061090785484602
-20.04969484937979
-20.0551841087354
-20.063517497909746
-20.060619431627632
-20.079488314554954
-20.06579507421594
-20.058172820858765
-20.065915174855856
-20.09092510804168
-20.085809359812835
-20.092787633951517
-20.08875967840451
-20.082860454933584
-20.093819773854747
-20.1068165767899
-20.131231409225453
-20.134630843830273
-20.13965554204479
-20.125147382600947
-20.11997121039131
-20.118708427589816
-20.116487243697673
-20.119432077454316
-20.12215280584743
-20.11392472306878
-20.114346783211136
-20.114451178394845
-20.115344905972076
-20.111076299076217
-20.114899962983692
-20.12037831646867
-20.12535947233872
-20.12664296535845
-20.107160027047932
-20.093925104170452
-20.107116482300434
-20.103124649067393
-20.109208999541433
-20.09589258018148
-20.09651132241498
-20.0892115995324
-20.1059664947575
-20.086965396712046
-20.102803129156438
-20.118288833956
-20.11801692748897
-20.10897847023221
-20.116355152469723
-20.096984574567593
-20.087821097266986
-20.088829451479718
-20.086639132721427
-20.070005259508797
-20.079438721386495
-20.085732247361165
-20.06760258856359
-20.074493398774802
-20.070869286484303
-20.077014077852194
-20.066263078248998
-20.063153865284978
-20.070764212311044
-20.08018733545577
-20.091369227438598
-20.100149237850477
-20.10105615703908
-20.092129866476142
-20.097940518004645
-20.090617843227324
-20.084275716835066
-20.087799571175655
-20.10324574451272
-20.10771281259939
-20.110171422459434
-20.111074502302557
-20.10648011248015
-20.100743522192328
-20.101606805621177
-20.094927376135345
-20.099748984102337
-20.110072352210455
-20.11246816948087
-20.124430101610272
-20.12830631624135
-20.115838920753802
-20.11422406336531
-20.118846270454174
-20.102623090589166
-20.107856028301146
-20.113705243215747
-20.124467978740466
-20.125750849588815
-20.121712821143525
-20.134956596569488
-20.154049875179613
-20.151259797362613
-20.161073380450752
-20.174273097939473
-20.188703396331697
-20.179197896347837
-20.169460148459404
-20.169715116883683
-20.158496431975465
-20.1755526773304
-20.179588474664264
-20.179935393635738
-20.183784876129995
-20.19283103768678
-20.195058463548573
-20.18751394735612
-20.180041021687664
-20.174619921475113
-20.196135858216525
-20.206772675441584
-20.212013686597242
-20.209684907682217
-20.21324770230729
-20.199805900323362
-20.20091076167051
-20.203635922235225
-20.202725117184816
-20.19397826809769
-20.20570251337478
-20.196381554520038
-20.201761455723496
-20.197543749795642
-20.19446508674922
-20.182919507207952
-20.19306424316862
-20.192520311817407
-20.18482486128119
-20.20346083210501
-20.197570283369423
-20.19070886215604
-20.172751322352703
-20.147729192341952
-20.160909728399563
-20.160021381587825
-20.1569946708544
-20.16825729330008
-20.179338172115703
-20.186504096930236
-20.19449689636118
-20.190345369462413
-20.188810549274425
-20.185787126358484
-20.17560098953159
-20.164415423160094
-20.164806636864878
-20.16537743013975
-20.166086416499116
-20.160341895721164
-20.15847757701849
-20.149707712344654
-20.154309638127213
-20.153615597568393
-20.164289705662203
-20.15250790675591
-20.160956608887577
-20.165540158287364
-20.16597565386322
-20.17164144160136
-20.157773280935285
-20.158711505082923
-20.14431338943302
-20.13757788030019
-20.146569661615214
-20.157043668434223
-20.153225804231415
-20.156889631903923
-20.15536718804439
-20.173887883592997
-20.18765102848358
-20.189550656275962
-20.204208738820686
-20.214887498657202
-20.19953897316791
-20.206739863366035
-20.20332276486713
-20.182885622361724
-20.190595306963296
-20.20950026935967
-20.200072298219865
-20.19245505118421
-20.18506307722173
-20.191947562273253
-20.203552794498233
-20.204080319550346
-20.2013151920167
-20.1941002459961
-20.181501170758864
-20.169814820142726
-20.174361387004172
-20.172879341513276
-20.180639428013077
-20.17245340149377
-20.17084594633531
-20.169792122599564
-20.16935652711703
-20.156899532104443
-20.166638295600354
-20.156850136592503
-20.178546523604584
-20.194008089714814
-20.208309507913444
-20.21023669104033
-20.19520706005046
-20.205614279788907
-20.199579144162087
-20.189586719912008
-20.193380782674236
-20.180577764500164
-20.177183244500267
-20.16026650101711
-20.15251384281012
-20.168432978109948
-20.164926991161025
-20.17479035591699
-20.16762844850906
-20.168102308641895
-20.18960377828777
-20.18855296683457
-20.19337452956585
-20.18123969929949
-20.176934677037792
-20.17173654569414
-20.15706450336693
-20.166257352827262
-20.162869990593833
-20.177942961736626
-20.171917493650902
-20.156253856441484
-20.137897042867888
-20.129161543515874
-20.12805973131009
-20.135550349656018
-20.139373308042213
-20.141226819616474
-20.137288132717725
-20.14522638254302
-20.13520063622691
-20.142396965658314
-20.14111187287278
-20.13767604667609
-20.1407367002462
-20.11998351489119
-20.11607610593008
-20.127260037319232
-20.129962993479428
-20.128151316271097
-20.12379327165787
-20.127319542795338
-20.13482631453168
-20.138156590404765
-20.138696370578433
-20.16028578907479
-20.17758953326909
-20.17298488322227
-20.192858801634475
-20.19603420006046
-20.1957211400229
-20.18753718108903
-20.182291718644304
-20.18648036483274
-20.20021637829072
-20.208917227002054
-20.200252246447114
-20.194306372061945
-20.20197645444293
-20.20897206543435
-20.21907510663291
-20.246477670266888
-20.24349557598922
-20.23865273788372
-20.22509541289618
-20.22596263592089
-20.224062093075556
-20.22779353668706
-20.246265444024406
-20.254565009729877
-20.254334109309053
-20.251011375766506
-20.239759707468234
-20.25247498530506
-20.245210275424384
-20.235454203943455
-20.222183792622594
-20.209392998104526
-20.223842746577596
-20.22025910724115
-20.2101588463538
-20.234878431520972
-20.22817859315816
-20.220620334882984
-20.234935654078836
-20.23499328922961
-20.243404572427263
-20.260092375090146
-20.270671213441208
-20.275055295779236
-20.276176137324025
-20.283602081123227
-20.280858131616743
-20.27334227874604
-20.27896835110008
-20.264427397377876
-20.260918800032222
-20.26469037325582
-20.273376136179305
-20.287990447774366
-20.284974301094334
-20.290950636164332
-20.279086279081334
-20.279694133682764
-20.26893364297518
-20.268249934904976
-20.28596787358477
-20.292120767646235
-20.28107094218321
-20.29818949431784
-20.287395223085234
-20.265471289333615
-20.25570777607396
-20.260727223785327
-20.24992667969408
-20.260210168444722
-20.278269845521837
-20.264739898136476
-20.26199461840872
-20.26020475743589
-20.25899004896703
-20.24510630576243
-20.250989105407058
-20.25939264272432
-20.2526676684892
-20.24272464018934
-20.233109444589626
-20.240010899768528
-20.239952030760282
-20.24814818728564
-20.240135991198738
-20.257264318684538
-20.259382614267018
-20.26671624978043
-20.270744468520615
-20.268512268529747
-20.258725708826955
-20.228291742660446
-20.214693585839015
-20.225235341629812
-20.226581065409047
-20.213752186138265
-20.228680369700317
-20.226474950481002
-20.231627702718388
-20.239292265906833
-20.243920246056366
-20.23802067189818
-20.247048653071797
-20.24753391963195
-20.24377235207554
-20.239780567692094
-20.22416548717918
-20.2342672630858
-20.220290061344016
-20.228658316434753
-20.2339874709307
-20.23049270847497
-20.235102961013347
-20.242735823531447
-20.24775853748461
-20.235435297109337
-20.23291143948274
-20.24104123813163
-20.25144551942007
-20.242601892037857
-20.226259577298862
-20.23296581706619
-20.246331405388393
-20.242422924585565
-20.25105568533377
-20.237001399269307
-20.22910741457763
-20.209917292809003
-20.22372000105044
-20.238690470837284
-20.236240520166238
-20.224501580749976
-20.22321079750269
-20.226848511734087
-20.226455478172422
-20.203780886118604
-20.20024607219517
-20.20452289464308
-20.21283086707621
-20.216129144843602
-20.21314439645785
-20.212608120254675
-20.207705103751163
-20.203722301441392
-20.20568204540764
-20.208029996863356
-20.202077077066424
-20.21136790986317
-20.215108948218347
-20.193229586409643
-20.18964735650477
-20.192169214468905
-20.1961148939076
-20.178717818342466
-20.159035943444717
-20.177893957872854
-20.18271799923337
-20.191392092820326
-20.16897876133136
-20.178644912760543
-20.18938201338298
-20.19838943210241
-20.20819691904969
-20.204775481323455
-20.197240972080177
-20.19851473065391
-20.214531106155178
-20.213342737306665
-20.217208221796195
-20.223029166820396
-20.229334881952262
-20.227476081696988
-20.233947109460484
-20.22365907710522
-20.22805089203104
-20.23072701697917
-20.238111019551877
-20.249636848985247
-20.260693046453156
-20.257775394723648
-20.264028534529405
-20.251293287742154
-20.250794233683997
-20.25269080375079
-20.25604820605975
-20.250283880884204
-20.244360309264117
-20.22705200669154
-20.23399712437165
-20.245463847344308
-20.256098404423106
-20.28081168423232
-20.279466715651697
-20.264171387614034
-20.276567770835406
-20.26613284475857
-20.27392852064167
-20.27628347128724
-20.276162203441288
-20.28421348580636
-20.30182433414558
-20.30757234918343
-20.325089097145177
-20.314538711156032
-20.309396943385917
-20.312541099716885
-20.317958405923406
-20.32834060195236
-20.315489642742392
-20.303741418497392
-20.30405581378677
-20.298471972486595
-20.299142084130843
-20.297850164328924
-20.316892918546923
-20.325005296951836
-20.312836796861596
-20.3098757455025
-20.31718216271064
-20.30617335927
-20.315035424773267
-20.31805023629009
-20.307567753418848
-20.29877917809672
-20.296323463764715
-20.297016025332788
-20.282084900896468
-20.26682787135781
-20.274695649338
-20.276451050388612
-20.26963672660027
-20.28941232430182
-20.303593716836644
-20.305790009085673
-20.294895139994683
-20.282899523737296
-20.274727002102253
-20.28348287399664
-20.278860227954898
-20.26800361825238
-20.275883726573166
-20.287133097041828
-20.279639974905646
-20.278793196009104
-20.292122913409994
-20.30932152485353
-20.308099592183712
-20.296132878037948
-20.29409534638771
-20.30075652472797
-20.279430271744776
-20.282453811016868
-20.281955281637707
-20.272144619726625
-20.260467081331257
-20.253805551500715
-20.2591366686392
-20.278557349346595
-20.27523151118999
-20.292847813484794
-20.297371104714614
-20.29510195416683
-20.307304587551346
-20.311168533314138
-20.2979890780742
-20.281375764075392
-20.276695687521524
-20.27765999526824
-20.290948341412598
-20.27437658576049
-20.291352109433134
-20.29065167644043
-20.307953939796622
-20.29324260136415
-20.289467865259088
-20.29775189575906
-20.267096061088086
-20.24138882022829
-20.240848847076386
-20.254579309795275
-20.261636412259197
-20.270677792971707
-20.286427804429806
-20.28654674365101
-20.271576038747337
-20.276691648788102
-20.292128358926906
-20.28826988639453
-20.29294767661926
-20.278250860222517
-20.273986052774653
-20.26821627360358
-20.261737114557537
-20.270847985804384
-20.267173799413758
-20.270933630063176
-20.268947575666186
-20.26386270526041
-20.277441236961234
-20.260145438242613
-20.24748775808676
-20.25758900487758
-20.26800127979835
-20.264823608483898
-20.2653749734211
-20.264559053728746
-20.262791381108563
-20.264406604021463
-20.285405776067442
-20.285994130683044
-20.301865979743063
-20.302918242007863
-20.325300186305167
-20.321113962182
-20.308429090156363
-20.305081253208417
-20.314641907730163
-20.311834230720795
-20.30980385994692
-20.296161234739433
-20.30194883265911
-20.28454839301688
-20.26604096815005
-20.272285514827047
-20.27190392710017
-20.278218584500213
-20.274222809068757
-20.267863215064125
-20.265065760595622
-20.25332894177845
-20.245568174493272
-20.251426101534815
-20.24860814675941
-20.250288016794627
-20.252435112693732
-20.265722722611258
-20.253607956706063
-20.24412960445019
-20.244013681664967
-20.25146201231849
-20.250976476592587
-20.25246025840196
-20.26390679908433
-20.25490078660257
-20.254509702398046
-20.23871134196951
-20.255491515739063
-20.259961864919052
-20.25976925914296
-20.26409923406892
-20.25213242817626
-20.2370138396159
-20.235536380553366
-20.232349713338575
-20.23056164629836
-20.23734041935623
-20.240598664006374
-20.248610478719865
-20.251741863941092
-20.25320583758754
-20.259019958678813
-20.25273679209238
-20.242635153066104
-20.220986142807877
-20.220274238303915
-20.224026034794335
-20.210650630435495
-20.215491941985416
-20.20980631937514
-20.219351340741287
