44.0
43.73246907242351
43.438578860203506
43.12215855151274
42.783622596665516
42.40000231710857
41.9968440401173
41.56262157587344
41.11728899656206
40.633197754493594
40.10343997814557
39.523824665286256
38.913977596725964
38.27477758539297
37.621812986784775
36.8592546528887
36.05782190411188
35.24482365032353
34.39954931784388
33.50760264419066
32.56845438503141
31.55814081547911
30.576911277836675
29.505821558108366
28.402499638982132
27.30736644060163
26.15639886937475
24.976793597570015
23.76249479841352
22.513209047276522
21.288729980457774
20.05331547038775
18.83400836686861
17.544761982028835
16.32575315421943
15.077472511316143
13.858829209561764
12.735135609656927
11.5606414046286
10.374482934314662
9.203534030338675
8.096613049188974
7.046591886358997
6.045059074692807
5.012300762862629
4.0321289079954
3.0616618659111747
2.102249580882725
1.2073245911064798
0.36032845243026373
-0.4504787764627361
-1.2621268710929332
-1.9829153558176214
-2.7211884391938326
-3.4028691256809656
-4.051894769029318
-4.66511619592734
-5.241331886954272
-5.834190893653336
-6.384926197659964
-6.841640364608656
-7.333253723171333
-7.776619244797518
-8.221943900230235
-8.640873378165937
-9.019199645738844
-9.386757172028572
-9.745570218276887
-10.071244677092617
-10.398422936579884
-10.679452090796511
-10.975686852501617
-11.258260840192609
-11.464392874460229
-11.68126117249794
-11.921142367852134
-12.145094679365776
-12.331898587513177
-12.523116805422093
-12.70649016051864
-12.884263905342015
-13.052645663024748
-13.217494413332597
-13.375740684889772
-13.520213963390828
-13.646070378625053
-13.797691334862945
-13.913105418385685
-14.014790683959182
-14.118634071674038
-14.21083413382736
-14.342037741269278
-14.454890709952535
-14.537961878586732
-14.638233717387909
-14.715851664472536
-14.7918980166162
-14.870460254263886
-14.94721803436159
-15.001428804683806
-15.065225475364963
-15.133275380032872
-15.20669521525491
-15.283993928602207
-15.343429969102473
-15.396084846783173
-15.449201758093812
-15.502350388646315
-15.554943958917603
-15.605455401005592
-15.632380723777931
-15.683611544057614
-15.71734945685667
-15.772422822422756
-15.831235369502702
-15.868148778569262
-15.916315981053096
-15.951573243859887
-15.986108317004863
-16.018250005267433
-16.06198973223523
-16.11799242788259
-16.159241178513682
-16.195003163540136
-16.22764119642434
-16.260973848070453
-16.273752185587274
-16.308076496983556
-16.327017593430643
-16.352964752244706
-16.388479107715092
-16.40767713822457
-16.432255968482878
-16.46369971241461
-16.463230437586994
-16.479517551420198
-16.506602507184745
-16.525666439797106
-16.55425550673384
-16.581605129023995
-16.622596581177856
-16.66009768549195
-16.677754334351686
-16.678879889377132
-16.698195450443766
-16.704283707417805
-16.740393698376423
-16.767905336398805
-16.785135889308116
-16.80714021108594
-16.81978086543689
-16.831694625221903
-16.850581564456146
-16.87545901653053
-16.884571751874763
-16.89424944079615
-16.905691344209057
-16.934863260334456
-16.93981905093206
-16.9727264887669
-16.97853979452312
-17.000382713843425
-17.03319158668554
-17.049598220027985
-17.05406393757066
-17.076320150143346
-17.08992758700599
-17.095418697060943
-17.101607755932815
-17.121922620631068
-17.12587615261514
-17.14255899388426
-17.149330812242553
-17.15474985016219
-17.172109903130078
-17.197329140099804
-17.199202206511277
-17.214343591017034
-17.21246398265908
-17.20979190004079
-17.22084859820727
-17.215792938893387
-17.22167992578571
-17.22658279791219
-17.25181880172724
-17.248784085179622
-17.25287561732885
-17.24769394664821
-17.263278505552975
-17.283014286590667
-17.292681751627157
-17.305076823777156
-17.31517816472009
-17.335750124092932
-17.333901978931575
-17.337027888087693
-17.343704353273903
-17.352016229373064
-17.359194137701973
-17.365787811349257
-17.380350702877266
-17.379804790997323
-17.385548492390924
-17.4021183639142
-17.428176028044117
-17.424095977141395
-17.428976207881792
-17.45350180302558
-17.45154680550028
-17.457547127518108
-17.483710936079575
-17.47799546672183
-17.461150355542376
-17.471840880259897
-17.476442915432628
-17.483280162408604
-17.48942703807049
-17.484048405479328
-17.49548273523004
-17.514174224174692
-17.502850683698178
-17.532069827179335
-17.540729622650648
-17.539010743512
-17.5451174142821
-17.548071085127834
-17.543670839847227
-17.558927749115785
-17.56820051770893
-17.566688868381643
-17.559890280238392
-17.566983525304074
-17.57002969654993
-17.57475758176142
-17.5634845956669
-17.56226166962306
-17.566249207681246
-17.57819903957551
-17.590025512094822
-17.60004019932638
-17.6247883064328
-17.619257805171532
-17.611583627556605
-17.60766005337813
-17.61540522887326
-17.624449716478463
-17.623453618476347
-17.62917329662068
-17.63052463962841
-17.63388248366165
-17.635836853426536
-17.644417101919075
-17.648748635779924
-17.645776172209853
-17.655824368095377
-17.656513930462445
-17.656099277033736
-17.655347351495184
-17.63661580495312
-17.63443814504391
-17.645712514010178
-17.6421294554224
-17.632490335939384
-17.638933470790892
-17.63883790184829
-17.65679979590201
-17.65808110353744
-17.67685089990598
-17.67953456541901
-17.679332756892688
-17.682277019943616
-17.670592938624598
-17.665171073580648
-17.660984306476358
-17.671737864697885
-17.67793881924336
-17.694088105087122
-17.67897421573176
-17.67912807633683
-17.686511563747544
-17.68198268918327
-17.687466560961013
-17.68734365331818
-17.695854160315612
-17.681636284552294
-17.69109553829065
-17.684484620950734
-17.683300027333022
-17.6892151139098
-17.71277827819392
-17.712287094936265
-17.718797675150718
-17.72710599696742
-17.71948590569387
-17.713606460452965
-17.718614093460385
-17.717552648772024
-17.72629143365712
-17.736225328924537
-17.738774969773498
-17.72855306223779
-17.72787165137412
-17.726835497037577
-17.736296879573075
-17.74695103219835
-17.728915631458996
-17.711067338265064
-17.7294452440142
-17.736847511579644
-17.751401769537882
-17.763598864825365
-17.765907661483517
-17.751775251818433
-17.746009681703978
-17.752216218299417
-17.765109520195885
-17.804024284025246
-17.818584680530737
-17.841519925063924
-17.85118214882027
-17.86607756536603
-17.852921054187224
-17.844496513280728
-17.840226205538233
-17.845061332741214
-17.858660538613876
-17.839342935168467
-17.84393238662041
-17.85048760682022
-17.85440949373555
-17.85900853075546
-17.868815663603538
-17.850578126740025
-17.8425579029187
-17.852521646337834
-17.858673179715336
-17.852383009448246
-17.86284735848226
-17.870179921439117
-17.872911271283893
-17.86417333073672
-17.867833586270077
-17.88974662387288
-17.88149093651721
-17.89297327691326
-17.88842009153844
-17.908025432482315
-17.92079483164909
-17.910011396448134
-17.902109775722824
-17.89529317436173
-17.888374050229295
-17.89785391351212
-17.899726567135517
-17.885255911466995
-17.878629621905578
-17.880483899641636
-17.87699703900051
-17.883955839180885
-17.88279020916258
-17.903314527874468
-17.91682048334966
-17.921311968591166
-17.93138385682791
-17.917895424205348
-17.909270709524215
-17.918339063999195
-17.932472281432343
-17.92336380145169
-17.92409974201553
-17.907821533665107
-17.898827374126327
-17.911980498252
-17.92443255338097
-17.923453066201123
-17.916062466824364
-17.934600436034895
-17.937303152136412
-17.924158016550603
-17.93054796601154
-17.941020573937116
-17.951149596925582
-17.953112634571852
-17.95028555044026
-17.95837390868163
-17.978825637036216
-17.980384465329802
-17.990963986491884
-17.985641593679546
-17.985205776972013
-17.98967587575764
-17.975798002347375
-17.99423266091597
-17.98291193930809
-17.986999984533036
-17.98761741375198
-17.99297377055839
-17.996124115031126
-18.019274107612336
-18.035399696266143
-18.02093516139603
-18.01683063333589
-18.018413543577253
-18.02231829073943
-18.028206059078638
-18.035222397447136
-18.047853587186097
-18.054153255337518
-18.065928354412144
-18.07980164956289
-18.07652381936618
-18.077091218152482
-18.092694243510365
-18.095131399458616
-18.097999375101278
-18.093192924895078
-18.080404171493665
-18.073037897288387
-18.071707811525346
-18.07860612496446
-18.093605997331125
-18.104866805126623
-18.100042133814455
-18.10164194020283
-18.095682696110202
-18.08793869006548
-18.070186270359343
-18.079710360716472
-18.083175109494967
-18.089230135522197
-18.10837765841571
-18.106596954535743
-18.118105444892148
-18.120396235040182
-18.115409394786454
-18.117616784016672
-18.11279769981183
-18.123273464224212
-18.11886313973324
-18.128351814294728
-18.13680964833743
-18.14334267385966
-18.14139183734729
-18.150246630981616
-18.154352480549306
-18.152075542017464
-18.15213302646837
-18.15437594777681
-18.14351035556348
-18.14888678626448
-18.140447491990628
-18.131843122685083
-18.135499126452075
-18.14390567210503
-18.143946002850374
-18.147093581458268
-18.158357813034634
-18.14605974485351
-18.14462741785889
-18.146800518229707
-18.162511663247134
-18.152185971363373
-18.147680566266448
-18.13937392156704
-18.1345183803894
-18.1422276499389
-18.159568069738825
-18.157382046837363
-18.16953337270933
-18.17533390951625
-18.170982120478367
-18.1606911606513
-18.16078365221614
-18.179417871692475
-18.162273362653234
-18.17231954312135
-18.175511430934066
-18.146682671704184
-18.144517335083826
-18.152781620896658
-18.15126713834793
-18.145139631679744
-18.148827884983323
-18.15366532014422
-18.14928122917839
-18.151668208725614
-18.156713385419987
-18.162643068958594
-18.144574640643818
-18.145339529944536
-18.137433116548273
-18.15568354256909
-18.16179626733516
-18.163500967815185
-18.15864857220935
-18.1650305612679
-18.161955124371357
-18.164531652938575
-18.164472707057126
-18.182407085244147
-18.188016396215833
-18.192653297872333
-18.188477981298306
-18.172304515258265
-18.188342010964476
-18.182954380258295
-18.193233798430168
-18.191284516236305
-18.19568983006708
-18.203084940174126
-18.209213157403724
-18.229962795827902
-18.222786517975646
-18.22434460245872
-18.210920423075027
-18.204583868094684
-18.222723652221443
-18.227195226098193
-18.231386719415003
-18.214495530301157
-18.222415829924795
-18.236079775991744
-18.23044093933909
-18.229771813103117
-18.217003213582206
-18.20416678404218
-18.198535663053132
-18.204767952794846
-18.208928056892827
-18.199622365040522
-18.215553086040813
-18.2007240116231
-18.20865988731939
-18.22601187976818
-18.228371013377348
-18.245423505641295
-18.2596918065103
-18.257326071987976
-18.260593123993235
-18.26726468830837
-18.277253913210348
-18.27844646193942
-18.293697698904555
-18.27820118894242
-18.28030496073112
-18.300021119440032
-18.302568196643204
-18.31476309532711
-18.31719736832912
-18.32605029667475
-18.33007546413195
-18.325285934629925
-18.334063709846397
-18.332803245837216
-18.320344884076935
-18.31686551083943
-18.32994077041615
-18.328272643908612
-18.32873505456834
-18.300256253259334
-18.31664484149673
-18.306805620238475
-18.30606460526287
-18.295324371522703
-18.300396139465818
-18.316693169348316
-18.31723839468839
-18.33778180828124
-18.327913565634386
-18.327177474452107
-18.32240000323437
-18.31748765307963
-18.3192902958581
-18.341430106979903
-18.338770176154906
-18.339779233801174
-18.35780896217344
-18.361288505805085
-18.3645068580898
-18.368557883482538
-18.35785031607737
-18.34285402258609
-18.34726508163147
-18.37543374461
-18.378089059659445
-18.366994027541086
-18.367264296429703
-18.37129953999668
-18.369917432065865
-18.369283991028496
-18.360477139288506
-18.37316208618601
-18.357103024301956
-18.363737578937677
-18.355363793479423
-18.357048411414542
-18.352786622939256
-18.348233498109437
-18.347409381609694
-18.336053865912
-18.336994042896997
-18.330265355998122
-18.309839049763976
-18.318127018252827
-18.30206955365094
-18.314746962544703
-18.3263705112154
-18.334406277950105
-18.317918354970036
-18.32723332266985
-18.33284780662047
-18.31736566926991
-18.322159008499334
-18.3325825902804
-18.342203946678474
-18.352563524147154
-18.353846522544444
-18.35121460686173
-18.36055718427437
-18.360003835877322
-18.371187062181157
-18.390229023937014
-18.393326506494827
-18.40330391694478
-18.40908882100303
-18.407391643911506
-18.41040643346949
-18.423345302770528
-18.4198439937265
-18.418761241111508
-18.42514297898506
-18.428625632983884
-18.432876515408353
-18.426378267817004
-18.428043189678693
-18.42176997625406
-18.45111949854097
-18.45029491808731
-18.444513881565587
-18.445478066085062
-18.455138322645368
-18.441410095481086
-18.446382379088135
-18.441362244558857
-18.448450114279954
-18.4366191002829
-18.440051895953253
-18.45735880753513
-18.479693100398322
-18.477115160037293
-18.48897852806286
-18.509312545190078
-18.51006923411308
-18.514731044524986
-18.5123194739687
-18.51223200794695
-18.50504217573075
-18.497848435128326
-18.492943642460997
-18.469708010205892
-18.47251146216455
-18.47861034109349
-18.48039921263048
-18.477106840803653
-18.495937161310884
-18.499605664093853
-18.50825938319083
-18.506593483228997
-18.496376568904687
-18.501497963956396
-18.48702920608683
-18.485266690092377
-18.495231764705725
-18.48969392104405
-18.50497641748758
-18.49422796602342
-18.497832182985412
-18.49949448737164
-18.491460379132512
-18.475602898775293
-18.472201657010668
-18.485908524310922
-18.489917107093596
-18.49258993836244
-18.501197050804645
-18.498172320456362
-18.492772913777625
-18.48880374683758
-18.496317870479714
-18.509872496622425
-18.508359674516
-18.517281251662286
-18.51276876728065
-18.514936080824032
-18.50857660351085
-18.502624969175063
-18.5004199480831
-18.508817081847365
-18.507888532305095
-18.506584380177546
-18.51080149934347
-18.515058564929923
-18.523312106490454
-18.533773521775046
-18.529638683521988
-18.551717971925644
-18.548250842182494
-18.5542609133243
-18.564168799398917
-18.569752784561672
-18.593465540917393
-18.6009313234903
-18.60673850676271
-18.595129404852923
-18.591808392921156
-18.6013511996424
-18.58663306194934
-18.57945018762882
-18.585009269949385
-18.58055206188934
-18.57004430829478
-18.571530853805378
-18.593970078764347
-18.60094410550679
-18.59768123094022
-18.599644816857918
-18.6314752150827
-18.642179993308467
-18.640457408514667
-18.65208909926677
-18.637306845299182
-18.621536803225844
-18.62422405812777
-18.639605154215605
-18.635279224592903
-18.634455100014
-18.626200064620804
-18.62201525732981
-18.618367802428256
-18.618995335984163
-18.63612554843234
-18.63513489137069
-18.64816007963843
-18.66872996299853
-18.665064416262208
-18.680448581969294
-18.67252526670689
-18.689520387122965
-18.694467199940803
-18.680650612617427
-18.676573106894555
-18.679069621737835
-18.673064938473786
-18.669546253252022
-18.6764375900333
-18.671347533313103
-18.663320093119793
-18.674039666707802
-18.691334285000547
-18.716063430611552
-18.71493770693038
-18.717699801335826
-18.72777880028558
-18.739532244193843
-18.729513596815035
-18.729207711150416
-18.739546685291945
-18.74410213225078
-18.7372357306147
-18.738802249158994
-18.730592386887523
-18.724509974613927
-18.72804301432989
-18.714809358779284
-18.710405351678087
-18.71322354439001
-18.708198427155377
-18.719176861325156
-18.7181390568203
-18.730649082797417
-18.72192606466438
-18.71605850378054
-18.725212110027392
-18.73591053608421
-18.733916618959338
-18.726760515681907
-18.728609489625597
-18.72203766795368
-18.710766381749348
-18.725036734576275
-18.724500099472916
-18.745310889214874
-18.748738995599638
-18.747816187577506
-18.7438613517822
-18.75679184743199
-18.773226654379677
-18.771043650710354
-18.782199910882195
-18.796512977583294
-18.79132645168197
-18.776828304612
-18.78736600583038
-18.791443251875542
-18.78929140220076
-18.776249200842148
-18.759017577710395
-18.767085437439853
-18.76068880740989
-18.77096130825574
-18.7518804794183
-18.757911342344496
-18.760618196054047
-18.753746075611875
-18.758167513183587
-18.745023163735393
-18.746803637220395
-18.776640787615637
-18.77427730459461
-18.78261600035637
-18.788912796817392
-18.77057396827498
-18.76412681199143
-18.7861088868624
-18.789063410889813
-18.781231149075193
-18.78545687646046
-18.78570500005615
-18.782021214651113
-18.778840657103157
-18.775355011042194
-18.781564389598994
-18.76240134431201
-18.768477568103155
-18.78635095696413
-18.785811484323695
-18.77664083125817
-18.77388286632422
-18.774088837900297
-18.77162963810724
-18.7818234433806
-18.78171316877508
-18.7911705588093
-18.795435638669836
-18.782952769570027
-18.758038380451136
-18.77107917879998
-18.771053469991372
-18.772919083473788
-18.785081028213327
-18.78290844736645
-18.777692368991787
-18.792133059791166
-18.784821973385196
-18.803151476243187
-18.804232075020913
-18.80221839605061
-18.81466367666869
-18.81687872806962
-18.817661223858636
-18.809321862568023
-18.81732236509572
-18.82566139768478
-18.83329622120763
-18.83377026252865
-18.850928216852484
-18.84632651085288
-18.84863528922124
-18.854505275732652
-18.86253576805778
-18.845002544632308
-18.84223008731718
-18.835871231467994
-18.85088235722702
-18.863735258317597
-18.86503253748998
-18.854612414320595
-18.85927146284025
-18.863134499491125
-18.86383893683068
-18.866929966277556
-18.866261509052126
-18.85637671742259
-18.85601800485026
-18.857196035234786
-18.848540207691528
-18.828543145662994
-18.844386986850385
-18.857826217241183
-18.87940988123557
-18.870789149019316
-18.874997554676963
-18.878372634233454
-18.877388924309706
-18.86021667677067
-18.873444172484284
-18.8790315586818
-18.864271510531463
-18.868126167294147
-18.86411239215322
-18.878953852646003
-18.885163038744064
-18.88397138801734
-18.88182299110875
-18.885664367309452
-18.891589994219892
-18.890446687035116
-18.905120384815994
-18.91831371303302
-18.91965422474177
-18.94027805500005
-18.93587340470407
-18.93947520586223
-18.94773582866813
-18.948183944246438
-18.95652723556941
-18.950015104503535
-18.95795099341854
-18.966406265596788
-18.94923466462298
-18.956370321707457
-18.959464543233562
-18.973887659964227
-18.96667158883202
-18.98048620289572
-18.980566647487777
-18.987809236124917
-18.983925980782594
-18.975192004137885
-18.978768841448733
-18.97738140948311
-18.98601314603219
-19.002655006956925
-18.994326452597157
-18.97502819521652
-18.995321531631387
-18.988211804327978
-19.00035819133927
-18.99637609511114
-19.01181333846341
-19.01147230287852
-19.017309217920584
-19.019729035898486
-19.01338392730135
-19.02646056915879
-19.027506249082368
-19.02121862976717
-19.004694220446023
-18.983218452030446
-18.9869384289591
-18.990880818424706
-19.014321263559882
-19.01863144634978
-19.015719628052622
-19.023731800672643
-19.021293847047414
-19.0359083598125
-19.020306197688345
-19.011518420635557
-19.00645343945942
-19.024609300435483
-19.005856236576644
-19.023297594177137
-19.018348779033317
-19.01110486110667
-19.010773282852625
-19.01866630629056
-19.030788749049993
-19.032023032503705
-19.038998467010565
-19.03228520486857
-19.031717761273686
-19.025474354164903
-19.03950962678281
-19.037634859401162
-19.02606614745853
-19.02311304778503
-19.031899709624266
-19.021015708752355
-19.023545389283573
-19.004401334479372
-19.00071159798073
-19.009905652902233
-19.011123156889255
-19.01175066119709
-19.014349037323413
-19.008791307539674
-19.014387596874478
-19.02038589162655
-19.024678851222813
-19.017364012001416
-19.014239941949597
-19.01244905608905
-19.012933179060955
-19.009596639228924
-19.012244000424754
-18.99644221375264
-19.002632954652526
-19.01798455443954
-19.011554629189508
-19.008240516349474
-19.011839619476515
-19.011945597717126
-19.033975518841824
-19.048901700387702
-19.043466293896845
-19.037369896042552
-19.027405708323965
-19.032805180153506
-19.038930199656836
-19.045584209545392
-19.041178458728098
-19.04617555208341
-19.06221867337393
-19.079213146910107
-19.059797959183886
-19.073798756797387
-19.076572301582132
-19.0826477016956
-19.095048276297756
-19.08620843969981
-19.107188490292724
-19.094802146352382
-19.089216562252297
-19.095898499491856
-19.07782540944208
-19.085582054061778
-19.06683199578574
-19.056423786528505
-19.063499952961397
-19.068858639286205
-19.073600486213824
-19.070327921580667
-19.101025627890056
-19.105245968700803
-19.117081980630058
-19.120176716120135
-19.12734886937517
-19.135279321150822
-19.134849853912637
-19.141101821546904
-19.130350935109252
-19.126218393065233
-19.140774270726897
-19.136055381727424
-19.14838001748563
-19.14381159676723
-19.136008304358192
-19.13550822382966
-19.12642589508871
-19.128447245733422
-19.137968836639732
-19.136061373485706
-19.15351713373979
-19.16443136406548
-19.185888295148015
-19.1816805887509
-19.16825176934696
-19.173894880038663
-19.167722187900488
-19.174721307944093
-19.182661488313155
-19.18236996600503
-19.199488553958165
-19.189921082292784
-19.1876688942394
-19.196447893020125
-19.21698744082672
-19.22310513106332
-19.21854068149783
-19.22247712086119
-19.238488898639275
-19.239439954739193
-19.22996197742828
-19.21144845362178
-19.235205177773672
-19.226985911887162
-19.22728592747602
-19.240116342384407
-19.22938217206751
-19.236312571433633
-19.230850495760176
-19.225929044636136
-19.242244910838444
-19.249517387437013
-19.243590772055175
-19.236632727951086
-19.23039383576076
-19.224350239898158
-19.225827405412197
-19.23250233096873
-19.226092680139505
-19.2154601688419
-19.203625228173557
-19.212828069859555
-19.215392298768627
-19.204292097050136
-19.22555055093065
-19.20817349306244
-19.212238596656434
-19.216376302073737
-19.21124163064069
-19.198538212399306
-19.18617509872906
-19.198331053513577
-19.209576848420582
-19.199820012251628
-19.18562132942938
-19.199601455577852
-19.197825044266867
-19.20736674818228
-19.21517018988406
-19.207010822984117
-19.210711618745325
-19.20597819162786
-19.209617800815064
-19.22255545329546
-19.229081461785835
-19.234788336999802
-19.245440277290815
-19.24076119088972
-19.255097783781167
-19.25137476323666
-19.261433654544803
-19.269005433022592
-19.270519286330174
-19.274187389112008
-19.260828775700436
-19.25285732893265
-19.246377686020455
-19.251773871206534
-19.264137565778448
-19.265301569018565
-19.254009453897897
-19.26753218545199
-19.278921706484702
-19.2754725085829
-19.269734665901975
-19.26486177010491
-19.258684297430058
-19.25479941323656
-19.243959299117705
-19.252346965287128
-19.250811441554784
-19.267606701140103
-19.285489703681154
-19.26621265854183
-19.270482692905222
-19.276322630809734
-19.28264920200195
-19.26701456392962
-19.27913786554824
-19.283217907700273
-19.272114876236813
-19.277669813845026
-19.28072720574438
-19.2923777232403
-19.29996250727761
-19.293405722623543
-19.301409003935607
-19.303618769085265
-19.307639557250265
-19.306366860880193
-19.306042871737848
-19.30031142867772
-19.312724491028476
-19.30932042494583
-19.309350939143748
-19.29333463079663
-19.2812539081082
-19.285737813513666
-19.28787996763992
-19.288540152688686
-19.301729518623194
-19.285693564190634
-19.28233831279034
-19.28296193655929
-19.27420081474449
-19.273333038624415
-19.284641755225536
-19.269453268229174
-19.27495630906723
-19.270906860739146
-19.26761584753732
-19.278930638641516
-19.27910578880763
-19.2809946560044
-19.287902767112595
-19.28326320242909
-19.287836350289002
-19.282714628571977
-19.277991597568807
-19.271783233212993
-19.273896491500853
-19.279330707510958
-19.288994201388128
-19.29089653437202
-19.27385696185472
-19.281824068269373
-19.28845664276928
-19.28936915644016
-19.293421582559915
-19.303204473849682
-19.304124252020948
-19.314789169780934
-19.314871395811956
-19.31808339638971
-19.331301417175656
-19.332168297526717
-19.32957031941951
-19.348310490624414
-19.354626909049138
-19.333111946492423
-19.344329997946765
-19.34179639835803
-19.340442828597954
-19.3501809406431
-19.365181867614805
-19.378545065153915
-19.38417941202573
-19.374341437220348
-19.374719272255508
-19.38638015915822
-19.381252836932454
-19.390573902209734
-19.404631063231772
-19.40230420666257
-19.39227977831071
-19.373419720066302
-19.378090624331048
-19.382845602658048
-19.371772394097153
-19.356036047767212
-19.351740208331766
-19.346567283527083
-19.340979152395747
-19.333338959104584
-19.330065366532697
-19.33984286041747
-19.348827195431245
-19.34409847406818
-19.34761979098318
-19.33841523254168
-19.34634232171222
-19.330751899262985
-19.331000172862957
-19.33407972966197
-19.332699413982418
-19.321366789892142
-19.310934093716448
-19.309779195961305
-19.311325632248856
-19.334229362476467
-19.335514891726515
-19.3421668450117
-19.344211292008975
-19.337505418514407
-19.318885029634444
-19.309598702828428
-19.337305450107333
-19.321990532520342
-19.330660085913436
-19.33837622600213
-19.34096801558862
-19.346077867925796
-19.339985787585906
-19.345491632383112
-19.351448144570213
-19.362867856937015
-19.39065077327093
-19.37933645356849
-19.37475451616751
-19.36937334932992
-19.382666941450196
-19.39991265377006
-19.391341974874177
-19.403891423763998
-19.39782752425931
-19.40102360950945
-19.394685119059094
-19.388323218879055
-19.40205266093807
-19.40044850908285
-19.425618327463436
-19.421253384878295
-19.405675784869235
-19.42779991009313
-19.427736281638254
-19.433937824706426
-19.42241269780532
-19.435487078176738
-19.43333332492631
-19.42823448460724
-19.41621287031329
-19.4308100953168
-19.42460189817085
-19.427726817148766
-19.432493837374686
-19.43670724577253
-19.43881890044811
-19.44091473482561
-19.426614429388014
-19.443515322159705
-19.458247630932405
-19.45877130880887
-19.462636477255234
-19.451137262268414
-19.46194856195507
-19.459697477588804
-19.46376249522173
-19.459824731451157
-19.473283255556566
-19.470440512289045
-19.471821653010245
-19.485728382285938
-19.488605524328456
-19.498532300828927
-19.490045437077086
-19.48980026211769
-19.47829671232222
-19.4583752148888
-19.4507222181725
-19.45168353677264
-19.471829155172554
-19.481287174082336
-19.485896905456222
-19.49906115311946
-19.50193362680302
-19.495585536029427
-19.48916991207515
-19.487250093474795
-19.487357402860535
-19.484793357131803
-19.48733799868246
-19.500479627354053
-19.494463914734617
-19.48535776427501
-19.48537816489185
-19.49625721384455
-19.485266638101965
-19.481162961911917
-19.481820379643604
-19.494962480057605
-19.50595535754226
-19.51691368370298
-19.50919178624034
-19.531056277861406
-19.532051590675735
-19.538389843267588
-19.534729864962166
-19.52973825097944
-19.52823179943407
-19.51992447066501
-19.529693417778983
-19.525421347749568
-19.5381534548849
-19.525689282359476
-19.523556362392753
-19.517729351434465
-19.513344519144997
-19.504005576049977
-19.52002752767958
-19.51547559421712
-19.503566027415307
-19.509759324264586
-19.497914042259325
-19.50233849310025
-19.4959218770917
-19.49240802377458
-19.495278492254528
-19.503257155007283
-19.512856677712936
-19.528896283490234
-19.54004216685525
-19.557848665723693
-19.562368610829203
-19.56687129846268
-19.57099754296421
-19.57806647821769
-19.575244886427654
-19.575723594875456
-19.595698561345664
-19.593510918441545
-19.600515418895725
-19.605828276648978
-19.604585837016895
-19.623663858404964
-19.623986305203683
-19.610587056434817
-19.613093114871123
-19.62677211490661
-19.62946501289293
-19.613533458107202
-19.603149628811874
-19.599560027735453
-19.600438099139378
-19.60902535250493
-19.606125491543736
-19.607169922893192
-19.60720142191971
-19.601332833145182
-19.60705145872383
-19.604807121288314
-19.592451766862663
-19.58081045416242
-19.58410609526156
-19.579154455659943
-19.6125579151986
-19.623260874176268
-19.623382929874378
-19.613277495077416
-19.631886493106162
-19.634952234743952
-19.64638127157568
-19.64751576206826
-19.645836887060046
-19.649016988838124
-19.65024236971484
-19.64078584979716
-19.66503123825254
-19.660944125069587
-19.64831819651859
-19.651721250345986
-19.65627852524469
-19.665131708124544
-19.663747349654162
-19.667470256216394
-19.66250499005503
-19.659985210600723
-19.65521391797168
-19.65333813285743
-19.64965200585123
-19.643353038285994
-19.646327492701396
-19.642998655690683
-19.66500359322594
-19.669304301773042
-19.66912274360902
-19.664997043698637
-19.681882453196746
-19.67429298106386
-19.674175472365995
-19.66858958913376
-19.662141039859037
-19.645245492444822
-19.647867303755852
-19.661674862345134
-19.673360870913665
-19.674784242248144
-19.659929370312796
-19.66406385210648
-19.66615157386051
-19.660592158667505
-19.66370111518525
-19.646057678526308
-19.646536525827162
-19.655568352695646
-19.660727548673467
-19.660626197180978
-19.666415712743458
-19.688956679906852
-19.69366812288263
-19.682768254043115
-19.67256822862459
-19.660456998728073
-19.64653208759047
-19.674036388248457
-19.672225620862207
-19.682768792546288
-19.67773671446993
-19.671115989256634
-19.66249325123925
-19.660485106705064
-19.664020427223882
-19.661111383209384
-19.6521904928814
-19.65194241170082
-19.664282868692815
-19.66553462463472
-19.66965736389176
-19.68208437876685
-19.68267662489155
-19.6884273873414
-19.688826718042566
-19.693736212392736
-19.679746568835427
-19.664627659286765
-19.661194798865388
-19.66910841270537
-19.676611368719072
-19.67260263620154
-19.676555107794005
-19.676841037337375
-19.68278481107933
-19.684584324448902
-19.67392095414028
-19.678824383767605
-19.657584319109286
-19.66006151619941
-19.662262349590304
-19.658639804712973
-19.643258123200756
-19.639476819205328
-19.635809007617556
-19.63539906794185
-19.65158924246595
-19.641101451730925
-19.64957000012266
-19.659767154256826
-19.663860378185483
-19.66788214215611
-19.66958662591744
-19.674768182366673
-19.68926153144654
-19.693809152753627
-19.68743206877432
-19.695154036096376
-19.693152447629
-19.704327845509333
-19.711128212965175
-19.708662826425392
-19.72878399068913
-19.718183430854747
-19.722639967085325
-19.719070351679697
-19.703932021554387
-19.70036711577787
-19.698857556813724
-19.69798285178067
-19.698390909515442
-19.705796812881854
-19.69093973088984
-19.69826938238525
-19.69550543026179
-19.689485837014978
-19.69510694034402
-19.697451236781966
-19.724951473760413
-19.712597050816157
-19.691772520876548
-19.686618813021834
-19.671129232705542
-19.680693131962208
-19.666155883765423
-19.65839258123748
-19.661487098522816
-19.657169867471186
-19.670509528570776
-19.662000134067114
-19.6567461231454
-19.658162989582372
-19.660789476295225
-19.690808038284338
-19.676250596251407
-19.677594800005874
-19.67101927754309
-19.67484018356351
-19.667709034246048
-19.668138713986853
-19.685352864179634
-19.682969550216004
-19.693572977911273
-19.6986057124042
-19.683722950373195
-19.695791096792192
-19.70296459874759
-19.707114973101394
-19.701713214747343
-19.696246794149513
-19.704716586001602
-19.717865482750536
-19.707764174689647
-19.70079594288333
-19.704265290753096
-19.697385017426665
-19.70127710299428
-19.71905376619246
-19.715955766161386
-19.709185782531915
-19.70952002440951
-19.710714927027112
-19.7246184402047
-19.713493351583555
-19.69546069567162
-19.70221730219432
-19.71023088735215
-19.706788342059646
-19.706756594695317
-19.711738360687125
-19.707590152749198
-19.702520340153818
-19.70722367440999
-19.695433444119324
-19.69333356802596
-19.690959304774545
-19.697730353641308
-19.726979410999512
-19.729252416508682
-19.714861352056783
-19.7067559206053
-19.700805094775667
-19.710289398241684
-19.72623355610028
-19.738804370501885
-19.736857414927375
-19.763292164212512
-19.764084816014897
-19.75253388217562
-19.75213122027337
-19.779744779493708
-19.779665042023186
-19.7985349455753
-19.7899767869014
-19.779052307855288
-19.760038065415646
-19.753956402786457
-19.761831492430872
-19.77508695252032
-19.766735021088937
-19.77393499754163
-19.78117176448361
-19.78089471492273
-19.782245804094934
-19.791086675851083
-19.7780192970829
-19.775365761206356
-19.776010330192378
-19.799115690521592
-19.823897368526012
-19.83695705584325
-19.815219574716565
-19.823185344758137
-19.81660659054458
-19.82778836176167
-19.837677976279778
-19.834860988846252
-19.834588853430983
-19.842268260534038
-19.84893626579325
-19.8600034771944
-19.8601595310013
-19.860147091785745
-19.862735453046547
-19.864795386787943
-19.870859592151294
-19.864301837249982
-19.86100392547571
-19.85684334911812
-19.855426329084967
-19.86080658215943
-19.847580963419336
-19.845030450706172
-19.833402854854754
-19.856464476851524
-19.859632865258558
-19.857668865125838
-19.853684948860906
-19.831756840433858
-19.817322721599176
-19.809501899500695
-19.82060416615927
-19.821562031331993
-19.827506973444624
-19.83953818182266
-19.845312995817014
-19.853721449733477
-19.85386449535104
-19.86125564823649
-19.84535297191632
-19.857987533879818
-19.845270943501816
-19.853809434078006
-19.85160516896781
-19.850436834840785
-19.858582041662814
-19.859097354451833
-19.85756814071397
-19.850834503178277
-19.868292674531123
-19.860302453148286
-19.87880961517693
-19.86609095463861
-19.886316178581705
-19.892690322071306
-19.89432949491985
-19.91461757954948
-19.912138740512134
-19.913788807553946
-19.898355892829063
-19.86791686933844
-19.866232086730918
-19.8610415069539
-19.849807656270507
-19.84736722202002
-19.83708024181562
-19.832847918069984
-19.838694792879863
-19.835050252883608
-19.82156913212045
-19.82188201977314
-19.83061083400131
-19.82853075976607
-19.82968207796281
-19.829295837441684
-19.830325556831802
-19.822742099105643
-19.82732985776772
-19.81978446238193
-19.818638867744458
-19.845251846937217
-19.846057803304
-19.83633339944486
-19.82344740217669
-19.810613989473385
-19.824793392681563
-19.82837221724402
-19.81915300460933
-19.82231185419816
-19.81293130582467
-19.812409804093306
-19.810142529213707
-19.811142329171403
-19.80080165513128
-19.79094585336871
-19.79325230242754
-19.79329092301489
-19.800665328501136
-19.80602982194299
-19.812915856181867
-19.819867839841883
-19.827186612431003
-19.821839678809678
-19.803171248337584
-19.81785592559908
-19.81423189475704
-19.81572570287335
-19.810283875161044
-19.822054444870304
-19.82507821869751
-19.83702358692178
-19.852672799330435
-19.859883351087998
-19.839180441351758
-19.826865030032167
-19.82207368241186
-19.82287822809758
-19.8312764146079
-19.81632180822828
-19.81474938735952
-19.815802650455694
-19.828228430002866
-19.832298612992062
-19.83453153561666
-19.83184741483284
-19.848756488339188
-19.859912756650075
-19.855218267646684
-19.858409706270333
-19.85845705185519
-19.85970808901183
-19.867006898079488
-19.855944089126364
-19.872944684345526
-19.880893061223013
-19.890643885282188
-19.892852509848368
-19.88703764573637
-19.898148378844166
-19.88486471169459
-19.89710537009152
-19.91825685240175
-19.903426875230654
-19.91314930490785
-19.914877116373248
-19.9094693015914
-19.897769007402562
-19.89332903146476
-19.89707102060137
-19.90534149603942
-19.900609150391023
-19.889005487508708
-19.900560513971584
-19.889838135035895
-19.91263114997858
-19.89410611218333
-19.89024240665463
-19.90255123329472
-19.90047601784764
-19.88049695856498
-19.884939141602644
-19.884700100815504
-19.882438050004012
-19.890028411329148
-19.878142455260026
-19.887102167138792
-19.892077735166968
-19.88388801633869
-19.879218450283314
-19.878539295048153
-19.864821121052906
-19.843501862728576
-19.869277101144924
-19.872554734235532
-19.87560211047515
-19.89807268873677
-19.909808027929596
-19.889714980942877
-19.88744433127482
-19.87860383595354
-19.87470835039559
-19.871828388912263
-19.871161775261903
-19.88641989878823
-19.900178817969422
-19.89976444967415
-19.905077473075945
-19.904829377758578
-19.91185876063425
-19.901831063869167
-19.89529782957676
-19.886123708678436
-19.905554779151334
-19.92259983770715
-19.920877710231952
-19.92111163274393
-19.929670775828345
-19.942248826705775
-19.96961403890708
-19.970540984992763
-19.97575187648431
-19.97008743771355
-19.996053675737805
-19.99230159838866
-19.97399724096034
-19.9614849537529
-19.961900278212216
-19.966601609715504
-19.971651950099233
-19.975699195215743
-19.96446979049586
-19.962156797155867
-19.96844966223632
-19.961205498794435
-19.969942544611115
-19.970651328068882
-19.97455325958499
-19.97921885524713
-19.95932859237595
-19.94274340874444
-19.93927700598002
-19.936877899050856
-19.93078040842653
-19.948966740383558
-19.946072327096534
-19.94888301560382
-19.964746438654867
-19.980817685687988
-19.99183861965398
-19.983633446163566
-19.984675282430313
-20.006746495784093
-19.998211165081027
-20.001927551268714
-19.997108876770874
-20.00105508318039
-20.01628951528761
-19.993566988307833
-19.985866858488215
-20.007868370837656
-20.00393017175032
-20.007264196914242
-20.00725391469113
-20.01160790619761
-20.018505847001865
-20.012796148158664
-20.011717423960715
-20.00218998902136
-20.003017847995135
-19.999528053518866
-20.013767030798533
-20.014246745494287
-20.011776325963964
-20.00287283039974
-19.992240318302947
-20.002138511887242
-20.00237098994412
-20.00918001384724
-19.990344814342993
-20.014319688099448
-20.010871626559894
-20.018730329926644
-20.026040925156487
-20.018941040231315
-20.018307264475826
-20.017894212979
-20.026199551179943
-20.03277699728872
-20.034015163392432
-20.034887086912306
-20.030541021088702
-20.02756176095621
-20.017959518621616
-20.0081189379325
-20.00100123398161
-20.00540227844477
-20.008459061900442
-20.001850708296246
-20.01080617059697
-20.019553701926927
-20.030430803359796
-20.025541623735684
-20.019759122421032
-20.005096182231853
-20.000024493089924
-19.990980285164117
-19.989444766021016
-20.003747860957017
-20.002752057418203
-20.000048032968742
-19.99880408400953
-19.993403070580953
-19.995279072546033
-19.993391154001202
-20.015182906693546
-20.020336569631326
-20.015294520911706
-20.01819840900262
-20.02321519777849
-20.03999172844995
-20.060311703232564
-20.068532858524378
-20.060407861936245
-20.057350234406425
-20.041977793711922
-20.037244607252674
-20.037848224689437
-20.05609707395331
-20.059653350630022
-20.058534248858667
-20.047795188226313
-20.063173927036033
-20.068004949740544
-20.06689606636335
-20.065365826564406
-20.072418980121558
-20.062915079178875
-20.06946729005456
-20.064456276827233
-20.063133591358714
-20.06854140247211
-20.059373497052533
-20.067494983309356
-20.05304033983299
-20.0656019036814
-20.076708964004457
-20.06730723516354
-20.06257996177849
-20.050888420083773
-20.056099113393348
-20.044128134983726
-20.06024424953124
-20.070683471684326
-20.075664324015957
-20.08335767848175
-20.099941973893593
-20.095889274661463
-20.095692532289842
-20.07373656173684
-20.07101667870899
-20.084527183334668
-20.067445526418076
-20.062243523770572
-20.071900346737195
-20.067418447068263
-20.071450975494653
-20.075213044976447
-20.08349289442123
-20.06430903895336
-20.072082475356023
-20.07304723153658
-20.057975779104478
-20.064641675278995
-20.06165776176077
-20.054840060026777
-20.044018337887515
-20.039475517942265
-20.04761688507968
-20.03995922473791
-20.043413282950745
-20.042107140744875
-20.049792377392727
-20.054539711721546
-20.050897586528826
-20.03305271177593
-20.027652438528197
-20.04443297754659
-20.04883580532285
-20.0629994214372
-20.05303432060394
-20.048744236183776
-20.04571409655891
-20.042637155493775
-20.0450649098449
-20.035681263374176
-20.0426044863589
-20.036887070610344
-20.05528927758229
-20.049373102496176
-20.06661487998997
-20.061160475944334
-20.061383102594615
-20.051321812144028
-20.05522544027517
-20.072411530681276
-20.08429766612752
-20.078906882624366
-20.084875589170093
-20.074138776254717
-20.058133294853324
-20.06738616395131
-20.0710139188268
-20.059633830336185
-20.041072934072282
-20.036151961034616
-20.03123792839075
-20.04285677350793
-20.03177305902786
-20.039480417231754
-20.044252787425005
-20.039215172582264
-20.06012134322357
-20.070050806305577
-20.055442108381538
-20.057420634883464
-20.061769841123528
-20.066084825593954
-20.06843617856047
-20.077640934466167
-20.069088337331646
-20.069206670746848
-20.08517816635413
-20.07306487878165
-20.070803887375753
-20.08595382671749
-20.07204131728027
-20.05781921525653
-20.054789175339234
-20.048318486728306
-20.04811248019069
-20.057200851430505
-20.047089432475804
-20.03556541487558
-20.044335630307376
-20.053021234940196
-20.064742563042767
-20.057220989116637
-20.059362031089854
-20.05536507674806
-20.059578262533872
-20.051383523622874
-20.055366040248686
-20.04463068550569
-20.041183959231343
-20.03743410256639
-20.041380363670868
-20.03704750341165
-20.033680089196203
-20.02683738375429
-20.02207828446708
-20.012468940322982
-20.017611794437325
-20.00631660293858
-20.00098965387944
-20.005222720636542
-19.99580209891524
-19.991421298403694
-20.00200750287843
-19.99497930608795
-19.983871761846842
-19.993151477875237
-19.989391236471334
-19.99918104111427
-19.99282839550654
-19.997497088924664
-19.995318386632444
-20.01439512660525
-19.99277186162885
-20.004561836703736
-20.015145061703087
-20.023349149318538
-20.035900769604005
-20.036817993054516
-20.037918637505182
-20.047669001830766
-20.03217854008449
-20.040753197830313
-20.040221994361676
-20.04241299795682
-20.045391563279125
-20.046647408925452
-20.05026245795486
-20.06514604928352
-20.081698192330677
-20.06518276772057
-20.0677349042432
-20.077084573058947
-20.06039085100065
-20.054171849753548
-20.048815178562418
-20.055590811194566
-20.061410315683414
-20.05725261183655
-20.064342186669215
-20.06141909207693
-20.047763758471742
-20.047499497568655
-20.065662297249016
-20.045172891244224
-20.050873008011344
-20.066479515037756
-20.038191984085714
-20.049566810637753
-20.06201248977786
-20.067226472363686
-20.07696573788257
-20.08810967694777
-20.10273205965605
-20.099954638978307
-20.11113203033166
-20.12059697613523
-20.108658459707698
-20.093267991106305
-20.072151068067125
-20.06138304368483
-20.076384900942347
-20.094526236545978
-20.09857064857139
-20.09793502869283
-20.09278852356117
-20.111332515991165
-20.104586294431154
-20.094205237165223
-20.086821731692496
-20.07951817587618
-20.093166174839514
-20.091319757696052
-20.09445003217325
-20.085843678684014
-20.07107472339188
-20.060029434131167
-20.05911182163455
-20.05795974084919
-20.047174288279987
-20.056988352794097
-20.03035196724329
-20.047711424499475
-20.028867423721067
-20.03069922538355
-20.03258856876613
-20.040862297862482
-20.029587889145226
-20.025556828111288
-20.04365065468131
-20.048427013418674
-20.045453592298855
-20.055336192805818
-20.05498832199565
-20.0657294903582
-20.05947783328612
-20.059542094361305
-20.065504747563246
-20.04646759337756
-20.02602813011857
-20.021117972946755
-20.03672754517885
-20.028311829193058
-20.034871379185816
-20.03112410906212
-20.04358828518646
-20.034527752070556
-20.0307224515945
-20.023328216385096
-20.026658601277187
-20.025249895995415
-20.02433172397212
-20.03016506173098
-20.03914159083534
-20.038081493321908
-20.045141530208667
-20.047226648470726
-20.03523272279698
-20.026781880794847
-20.02889356550489
-20.027802262602652
-20.01795577583233
-20.018635695498116
-20.003713070962743
-20.02678051759279
-20.029024109996218
-20.034989036219336
-20.05040592155541
-20.05331069571366
-20.050891911901342
-20.049660117351316
-20.0514847306531
-20.064099997846437
-20.068786955995545
-20.082457622276287
-20.07626637135754
-20.08661730517279
-20.085184014753537
-20.0846392180113
-20.099964574107286
-20.10088940393293
-20.09517756815774
-20.099690568998344
-20.08406451862721
-20.079147962478423
-20.071633875224958
-20.064636008302095
-20.04446466099546
-20.05072651127584
-20.0676661803132
-20.06911089710209
-20.06764668994977
-20.070119101288697
-20.07490498176829
-20.07633295050983
-20.065829458404057
-20.08043325565825
-20.076396365716892
-20.092997257755275
-20.08446895445581
-20.098189799396724
-20.095017503125003
-20.077090119757507
-20.0788201752272
-20.065461147715776
-20.08386783574388
-20.086892617547274
-20.084532550752677
-20.06970278406857
-20.083197908072314
-20.089453885394153
-20.080702664942574
-20.074115255466545
-20.08919268422391
-20.08391292475647
-20.090039862394054
-20.0930604166394
-20.077783012258664
-20.065580039318323
-20.082001958884405
-20.091674885294182
-20.081687205457108
-20.09144415008538
-20.084936182993186
-20.08338811719279
-20.073007913979474
-20.08065627170809
-20.09521685231611
-20.10507202205954
-20.126874439269276
-20.10693311114082
-20.090805334109614
-20.088929978071736
-20.08645525646874
-20.075453317438992
-20.05480534057828
-20.06081489606127
-20.06549776065089
-20.072354226430758
-20.083563188665877
-20.06058352247308
-20.075148760059832
-20.083142563085126
-20.076941423113805
-20.07829226277472
-20.078331703621974
-20.080586738939488
-20.079531670184487
-20.086560870119975
-20.096190336524515
-20.083616771209268
-20.074311914112354
-20.086404349372575
-20.107618460674242
-20.102439429629285
-20.09705833773236
-20.077326174459735
-20.061234536268085
-20.074714435782298
-20.06933513045973
-20.06300289695554
-20.06373516788324
-20.07021867674765
-20.066277769504772
-20.053616421457612
-20.04906761141868
-20.05623665012485
-20.060088307676825
-20.05873211519602
-20.07133956555391
-20.078465402099926
-20.090328396974513
-20.09910562475927
-20.110723129463235
-20.105517247969782
-20.11080742373429
-20.122275985039202
-20.11136270117428
-20.10592982114906
-20.098213301229762
-20.120217174348824
-20.116346951409607
-20.108546548081016
-20.106035878370594
-20.094645238058327
-20.108733149713842
-20.128493337819908
-20.127565789662693
-20.13097142108748
-20.11790750982436
-20.109821490943425
-20.107869178239298
-20.108346033030916
-20.11319180606456
-20.116461671388564
-20.115727935865152
-20.11794773605093
-20.122085109061825
-20.125392527410494
-20.111628102436406
-20.112619007313768
-20.101038699276017
-20.099922538121366
-20.093699659503034
-20.085465586888134
-20.093852696192318
-20.104123678237762
-20.0948685263759
-20.085724875581477
-20.082318840899596
-20.068133682970533
-20.06462771139245
-20.05226091501462
-20.08230416629432
-20.071940911610845
-20.078661849579397
-20.071973261539263
-20.068414014301396
-20.062231186525175
-20.06242007410897
-20.06722474836195
-20.0615755300543
-20.071089135245163
-20.081877565281072
-20.08433748197779
-20.083094078880148
-20.06690068276723
-20.064105089584167
-20.06856348830271
-20.056272379528362
-20.059048937830166
-20.053651400688757
-20.045525181969026
-20.040056150850155
-20.046424923522554
-20.029274659162763
-20.035285482810625
-20.042502186252698
-20.03971744256209
-20.029539193115
-20.033298472145013
-20.018845484987647
-20.025938761402482
-20.021392369420965
-20.021133619377107
-20.025811663384097
-20.016623878211487
-20.013818527302078
-20.00717960623628
-20.00582896853916
-20.01327439265957
-20.008200692385465
-19.99875198349913
-19.995099276615974
-19.992283523180845
-20.001143763253914
-20.011673743663867
-20.019900713506555
-20.022732551289717
-20.02306630143867
-20.03513957919146
-20.017675544727858
-20.013403784957163
-20.016969623143954
-20.018493720893073
-20.02364176469623
-20.045449314528547
-20.050683625253413
-20.05717577250984
-20.068952827608125
-20.066638225379293
-20.071031640551624
-20.072900311840254
-20.075568041665885
-20.074621044378492
-20.080356257101297
-20.075858243191092
-20.082852392222478
-20.07966695090732
-20.076352728828844
-20.073735719947265
-20.070291209056258
-20.058207746007803
-20.055329412586183
-20.052650049478025
-20.033173634621715
-20.02948043347072
-20.018510179787437
-20.015065015586167
-20.000271720828486
-20.009641952994375
-20.012529389740234
-20.015958196342552
-20.01306776982674
-20.00632355849301
-20.015714472920827
-20.028346895581954
-20.02892949189271
-20.034931327086184
-20.035862312203633
-20.023230974258777
-20.01552138471651
-20.014927694141946
-20.006734979368726
-20.014242625919373
-20.029338473506165
-20.025500327024897
-20.040152781243
-20.043782927547724
-20.043128536539186
-20.039240007527134
-20.034342250556307
-20.03391636823434
-20.034181699847707
-20.035796536662087
-20.029844420574
-20.037204525169116
-20.05414779558519
-20.068028722646915
-20.067335897092004
-20.073476325635177
-20.07106546744025
-20.05092903837804
-20.054083376027698
-20.05704287403928
-20.05626537521839
-20.064050827380058
-20.078494735294324
-20.077500243460047
-20.081443332927698
-20.090198767996778
-20.089616672079778
-20.082650450069657
-20.08175234963799
-20.081370790323977
-20.076601321790857
-20.072021642076432
-20.074249017598056
-20.077202865216623
-20.06453810332462
-20.07510664931177
-20.071195545839334
-20.076751839576094
-20.085999190352098
-20.082088444806182
-20.07691417411444
-20.091983342156503
-20.102507937410987
-20.11100011943647
-20.118704134531985
-20.119948157379557
-20.11576697611568
-20.12560528241159
-20.139723864010325
-20.130643151109346
-20.113208575230935
-20.097554853889704
-20.093602431752842
-20.091105278735636
-20.09038415487535
-20.091866843446617
-20.084213720317315
-20.0724445749129
-20.07709083719254
-20.080359977472206
-20.08584328519855
-20.078691065091373
-20.078890548595545
-20.094656816019523
-20.078363001977046
-20.088207593859128
-20.099807450152486
-20.0805079030368
-20.085241135789637
-20.092982018687238
-20.07812672466459
-20.08512932741341
-20.09271015280567
-20.07802846374916
-20.07947861987886
-20.07675046328453
-20.079454145902726
-20.079913917396972
-20.08882533600008
-20.08515389354031
-20.093194568972322
-20.104485150600592
-20.11147919649754
-20.10609109873773
-20.0982734299274
-20.11474647319155
-20.12791500905161
-20.1416480721582
-20.14695748895685
-20.14910172357077
-20.151798952953026
-20.155075632858757
-20.145312155478738
-20.15187657272209
-20.15729037879799
-20.151594096598917
-20.152507637152766
-20.147729470262703
-20.15050484069809
-20.14295880250873
-20.146540092126553
-20.148454719239716
-20.141610639595083
-20.149517775413027
-20.14123635742515
-20.136341076076675
-20.145152621407252
-20.143890005955562
-20.15102096054287
-20.166749468603555
-20.16798558696206
-20.177871381718496
-20.16643002292181
-20.167681849434214
-20.175784293424638
-20.171591701444196
-20.167138873776487
-20.17985273685891
-20.1613270340889
-20.154466798456358
-20.15910227625792
-20.171218052825875
-20.162479133577428
-20.149720517535133
-20.1590734079017
-20.165365724942134
-20.17015888264848
-20.16351359757341
-20.161480927368746
-20.166396506977176
-20.17073828247781
-20.17252293724015
-20.14687937218953
-20.143871523538714
-20.132524533727945
-20.13168149346649
-20.12899180889653
-20.12017568055494
-20.114082391856233
-20.12550598915255
-20.118961659007585
-20.11568307319346
-20.128861071714475
-20.13137727553294
-20.1168674295543
-20.13466928399615
-20.125568395173584
-20.135060240816607
-20.126471685812298
-20.130486191605616
-20.121553743377373
-20.125691118683637
-20.128465246641266
-20.134794422298828
-20.139397578937444
-20.143174787792276
-20.17165207854822
-20.17405296530188
-20.17567622363706
-20.163512608676236
-20.161444505452653
-20.148108997035592
-20.173015484854012
-20.171998515459975
-20.170303262937853
-20.16968328154736
-20.16111054007498
-20.17040287655601
-20.162622391957274
-20.142769917863202
-20.157807039412887
-20.16068554430718
-20.146612391934674
-20.147861184899124
-20.151001360392048
-20.142363197746228
-20.144975096502556
-20.147333547781876
-20.134433104489
-20.144143506058604
-20.14831713911414
-20.152627432423134
-20.15942928278932
-20.15585072557013
-20.159525898233948
-20.14585109030444
-20.143972597098667
-20.147775734960184
-20.139867014737987
-20.138520134982397
-20.131708521737565
-20.143060618191
-20.14160358080976
-20.14587736570815
-20.167050344240906
-20.159832674180365
-20.154545937584402
-20.151018667832112
-20.14730095746706
-20.172713553898177
-20.181395185000014
-20.17401596224967
-20.16813894630183
-20.17070685460765
-20.173879462807765
-20.18138062402441
-20.16806190183317
-20.18051658834388
-20.187291835592912
-20.19805551517879
-20.191517967673473
-20.18932674581853
-20.21085753546283
-20.21120002573488
-20.222445209001865
-20.21068903069958
-20.199386455396564
-20.201349530367658
-20.203085256596097
-20.193035651968295
-20.19409412214372
-20.214271633692988
-20.215537439238002
-20.219478141875445
-20.212446929135904
-20.200814189578438
-20.173045341241966
-20.175216934448276
-20.174551487212693
-20.195241265895294
-20.211557342564628
-20.215879104640774
-20.22277977731239
-20.22432162139948
-20.21339946043512
-20.222067189187843
-20.210385291617367
-20.214598897319267
-20.22723155196754
-20.22542121614126
-20.230869004601253
-20.230295711109104
-20.22394548868619
-20.23527141664883
-20.256979808991325
-20.270793251092922
-20.25948071646006
-20.272818632341853
-20.275254943192937
-20.27364921930984
-20.28057821021917
-20.26983049179029
-20.27724954561659
-20.260514493210756
-20.257128206974436
-20.2424322267432
-20.232380901612164
-20.240888903395085
-20.25034886523219
-20.255050340535703
-20.25784167238276
-20.24231008395417
-20.235574482269655
-20.214604292554124
-20.21939026507872
-20.211140902419785
-20.21257042713682
-20.207740605480854
-20.197344920159832
-20.21363999786074
-20.21372674688016
-20.223637735580493
-20.228305778445726
-20.22712040144579
-20.23990367744871
-20.24513127710408
-20.233972360198617
-20.23192511423581
-20.226825754468152
-20.23268758147432
-20.23668488337078
-20.220057777478956
-20.217364328156723
-20.219099709056245
-20.21414924341687
-20.20678467709095
-20.188371800167612
-20.18201159302
-20.184299473370817
-20.166150763553993
-20.15262578418918
-20.14474809655783
-20.141799127021564
-20.146107914979996
-20.16992914998703
-20.171987271361814
-20.168995439143846
-20.160316238100524
-20.181225711089237
-20.19005424812806
-20.179021489776392
-20.18148182482161
-20.170652347012883
-20.172995668648785
-20.162174814919826
-20.174529952754593
-20.16376348956498
-20.160676650324678
-20.157520806574645
-20.159809804818817
-20.171285062082244
-20.167464665956405
-20.173335803976112
-20.16944709954344
-20.16358224719132
-20.156819029689665
-20.168589278582587
-20.186783194134588
-20.184637243386828
-20.203116752903163
-20.215615697873684
-20.21595858056801
-20.19611381325538
-20.209490801554374
-20.206709850368938
-20.199119137408935
-20.187528909417022
-20.18409513555741
-20.19643276168475
-20.218052442650432
-20.213859013816244
-20.213524099459924
-20.205203522026938
-20.212457727212136
-20.197513039830017
-20.198824775119622
-20.20782640199347
-20.195964060285096
-20.202253818988847
-20.201707589029724
-20.186005264498714
-20.176244719197083
-20.168428999114276
-20.171152599917058
-20.165180370405594
-20.13993354288355
-20.133271248351697
-20.14514896553674
-20.13860536439164
-20.146568416738933
-20.140134748191613
-20.140396117365068
-20.160662583230597
-20.155877352990892
-20.15695397804023
-20.151273929495023
-20.149675471318467
-20.181394965952066
-20.182014192653927
-20.188723917598207
-20.211047371652384
-20.202353196310106
-20.216274151515915
-20.234572459969222
-20.231428669781973
-20.231111576650637
-20.226164340734485
-20.226696491288152
-20.213494979069665
-20.214545350429795
-20.210580984176357
-20.216658322572094
-20.22204420192959
-20.211701428945418
-20.199145655705887
-20.18484408121335
-20.18653020050552
-20.184315562683192
-20.195796715116767
-20.20998674317468
-20.227006028322887
-20.22299465282674
-20.231298478096633
-20.224123707979814
-20.233799765722775
-20.24543596164375
-20.235277011909233
-20.229958482345022
-20.233907758218333
-20.22444586589725
-20.251782105676728
-20.253166517517933
-20.246056334775975
-20.244338933587922
-20.23149225982277
-20.235897302906174
-20.230865016897873
-20.21081011923917
-20.204714927731903
-20.20653511578576
-20.19947773718839
-20.192549372343755
-20.18729854694792
-20.185229636240525
-20.1912865434881
-20.197834230189503
-20.19906562309936
-20.179331848498965
-20.187371895566596
-20.17359917761356
-20.19573674498055
-20.19147735170983
-20.189971771585547
-20.182810913826636
-20.199046217875647
-20.20425981523957
-20.19210135712768
-20.17592312253028
-20.173857701920724
-20.17640904547294
-20.18107359144651
-20.193873006608893
-20.194085824792648
-20.200219481409334
-20.21381763942271
-20.18204312991441
-20.188363896485143
-20.171287119322567
-20.17495171713664
-20.18629062581988
-20.189798152837646
-20.199073232521876
-20.205559948597482
-20.198995507402728
-20.190615602671436
-20.201344842811835
-20.19673774143149
-20.19569658647177
-20.19655117858898
-20.18045382605636
-20.182551152608976
-20.17510914788846
-20.18326459476177
-20.173553063825057
-20.16621750615062
-20.160670253630883
-20.164615276440212
-20.159642339111738
-20.151338117443412
-20.13769568360319
-20.13656611527674
-20.139781540325224
-20.149173542916067
-20.142679768658518
-20.133189752142236
-20.1303211160354
-20.12733307512996
-20.124366476446255
-20.122137857657346
-20.119813790446123
-20.13122619066079
-20.124751589830286
-20.136006550325646
-20.134044582154367
-20.125266398988128
-20.150417793482838
-20.177858607922623
-20.16896041011524
-20.160113622048463
-20.17604461199308
-20.194962974820516
-20.174570329622654
-20.18331263267873
-20.166198760301896
-20.175069742786242
-20.166210599767528
-20.169953103485696
-20.164513894000645
-20.171979929021795
-20.179382755447403
-20.17807775872486
-20.176160188485163
-20.155183076614886
-20.167913446792063
-20.148940321331608
-20.144500429515453
-20.167179226037575
-20.175181389538096
-20.179260017953755
-20.180733327757434
-20.174189111526186
-20.172571034909602
-20.17546355489611
-20.181845453313183
-20.180438862083562
-20.18650979086296
-20.166642852467
-20.181453319210632
-20.16335499595666
-20.17416574206998
-20.175898488118168
-20.186912053733668
-20.18939946575794
-20.192783266443996
-20.19059582491894
-20.185467070369867
-20.17863930814987
-20.176579024456032
-20.17969900552627
-20.17894640673531
-20.18036913303221
-20.191884239574435
-20.191271976005527
-20.192171527390258
-20.196731293533382
-20.201067766141502
-20.20738718363954
-20.201953378223276
-20.19932282949856
-20.213700442206086
-20.221166489115507
-20.22177692859201
-20.223541864244062
-20.218097374747646
-20.216661741043676
-20.233503671147478
-20.240557775447446
-20.242049476621965
-20.24573040888421
-20.232083217099472
-20.227330997911817
-20.233978381147637
-20.23592683343538
-20.246114522703692
-20.244663301843275
-20.241440402629102
-20.24548624782137
-20.236117775821842
-20.238620623897834
-20.232489087933594
-20.24400068785841
-20.264716726897657
-20.278206931543263
-20.284307249075944
-20.296419342255525
-20.303951434752886
-20.302030045078922
-20.285077803620982
-20.27484371105297
-20.278536223787363
-20.265137392045446
-20.272851837168467
-20.267276332600115
-20.256910457459824
-20.25647725409678
-20.24959965694375
-20.250612561127536
-20.252352241366516
-20.25297933097215
-20.257965005665387
-20.259261773928635
-20.263941602403957
-20.262266420821717
