-20.30471561628789
-20.215708233088176
-20.13777723061377
-20.178558963842104
-20.131912330559004
-20.162337306866103
-20.170963160123154
-20.183328319922655
-20.159265976929255
-20.160178845816816
-20.19463823759277
-20.15940319909826
-20.107917436000932
-20.171031444813764
-20.143581342322232
-20.152556321980875
-20.142462431594907
-20.141578855297396
-20.178637267080987
-20.161739439773978
-20.16503843943141
-20.1548989689805
-20.14003019259354
-20.157612498644117
-20.14502460752728
-20.178192281906533
-20.142760881160726
-20.171931073069786
-20.14585224675642
-20.154301382044235
-20.153414329353616
-20.19285935757349
-20.157617767034044
-20.15580341872885
-20.193557532263373
-20.16480400544535
-20.162228120102746
-20.17428504760565
-20.155899805277528
-20.14701633328602
-20.147715882383455
-20.1950716678599
-20.177641874519527
-20.179375529905325
-20.166461799404832
-20.148182121745723
-20.194623708808088
-20.189128855498026
-20.16668950054592
-20.18090759668789
-20.200161398737748
-20.19641800437257
-20.183322873706956
-20.159114290569466
-20.13613455405817
-20.145640680307757
-20.145162848132312
-20.133801467645824
-20.14434418282527
-20.13280512248824
-20.17042268480946
-20.10294929565301
-20.105199110661182
-20.128040384335744
-20.144057667141574
-20.154599278667792
-20.161971285079463
-20.132458653899864
-20.157931385904142
-20.141530782771376
-20.152672712424756
-20.132774681431084
-20.151234495388135
-20.13882733780715
-20.16280425896289
-20.131981922973033
-20.154238377652117
-20.15392862720956
-20.153735948654134
-20.16041117601403
-20.178011524357284
-20.183453612398015
-20.170162079187335
-20.168728453961705
-20.205199063490674
-20.199520603047883
-20.172452908692392
-20.177125714854075
-20.18040671130602
-20.152506383805598
-20.142779755958603
-20.167679705053963
-20.1826272778214
-20.178344884553535
-20.162494030614322
-20.19560784021643
-20.130391871896023
-20.147923104432856
-20.16386982422357
-20.17653009603307
-20.173606400083052
