44.0
43.72882492886237
43.422899680143246
43.08316341829851
42.73240084500605
42.35366031798011
41.943849597586365
41.52099445532863
41.07200181802549
40.594040242514055
40.06406525671929
39.48120188675676
38.8729754494108
38.209357527649345
37.49487626707254
36.787817516766864
36.004774549081205
35.17974746710904
34.304258779610436
33.388169261173644
32.445272172133194
31.443545925871806
30.3889807057723
29.3145201518715
28.23415448373786
27.093458574614075
25.982235096763645
24.820764540473423
23.644247279541737
22.465640997470146
21.198919967956023
19.94877838371777
18.701457945070246
17.487085667906246
16.260466925774704
15.057530684742968
13.900817525459283
12.71953704919087
11.54931188535385
10.36123427760998
9.230336514768483
8.114614960267794
7.0571918592978955
6.0026624226517
4.962826295857735
3.93065839844319
2.9542400069073538
2.0191186976109012
1.154771660306004
0.27709368203615575
-0.5282043509937052
-1.2309972001010743
-1.9840431028609826
-2.6637887440416823
-3.3533609138187837
-4.008998728294163
-4.597274960738554
-5.22015532341215
-5.790598606333612
-6.330725189333053
-6.808469097527216
-7.291613866976466
-7.738508564867252
-8.157435760039721
-8.574570641897715
-8.940496623108663
-9.311731616819088
-9.630003983741249
-9.973969183832851
-10.276326452224355
-10.594627387255752
-10.857185958981633
-11.11330136520147
-11.336791891147794
-11.584524552505934
-11.824514553854833
-12.03516143371003
-12.201848294597283
-12.387849671694667
-12.541455896798535
-12.720096057375164
-12.884899513283523
-13.047821144018647
-13.196414591741652
-13.354726129534567
-13.495305320675179
-13.641132329528459
-13.739156737419593
-13.846750598182346
-13.976948536838616
-14.071817461880306
-14.1558382125891
-14.262825178732877
-14.358651218914053
-14.443402894730959
-14.537190240133919
-14.636906200286344
-14.71161455186276
-14.762401847391985
-14.826109435386815
-14.889365688316285
-14.97822372153857
-15.064830237906946
-15.126896879373538
-15.178849744818269
-15.22554583995843
-15.272956784691736
-15.347892342106315
-15.40426547426722
-15.454311535905168
-15.511481377824468
-15.570634099922563
-15.591154710405448
-15.636586675377107
-15.699252986978237
-15.732759334686587
-15.763883795630088
-15.800467912418897
-15.83047415265398
-15.85957927691354
-15.888248010633225
-15.925527558666504
-15.968768992619538
-16.01092944212866
-16.04432495755726
-16.080683423025796
-16.105696272731194
-16.137677806622897
-16.164621130301207
-16.18386490922881
-16.19019751981408
-16.227325723580876
-16.24622480277474
-16.268738983454448
-16.294335276062274
-16.307111368799188
-16.33600674393754
-16.37151477184673
-16.39219750784277
-16.407433795981426
-16.436884089831224
-16.454345618287114
-16.472650797411372
-16.488802116647122
-16.518845404042647
-16.541653529140547
-16.559537862209925
-16.579467065945057
-16.610732661141547
-16.61958211507954
-16.62406814565246
-16.648302390861414
-16.673830730091783
-16.6770406242464
-16.674305682938286
-16.68347962528051
-16.699138119021047
-16.709947508643857
-16.73392902377358
-16.744005668568615
-16.74904621028926
-16.766083013944282
-16.780228681543306
-16.791408240598514
-16.80827104592506
-16.82787809106049
-16.828266972342078
-16.843831346828694
-16.84946674530268
-16.86062583902115
-16.87108836372429
-16.88000137545259
-16.9174481301769
-16.925842693298154
-16.92771816785488
-16.948246903710046
-16.966044176800562
-16.976246716650177
-16.97862910062971
-16.989052346133487
-17.001639324346296
-17.015084588137494
-17.035120042482728
-17.05573855453494
-17.07133762522675
-17.083682998933764
-17.093190128142215
-17.089050420038923
-17.086931561068795
-17.10845177276971
-17.104420454043023
-17.101274978211656
-17.11132920519962
-17.135338956952104
-17.14732165328387
-17.14759830497551
-17.163338934350865
-17.172370559870686
-17.190226285642378
-17.197865789491
-17.190877334787984
-17.209632959582233
-17.222287180995195
-17.23031766660471
-17.23288819138085
-17.231372186584384
-17.23057837772496
-17.24936792855116
-17.24636857296155
-17.255726961565927
-17.27015818561607
-17.280913056049933
-17.28130827436305
-17.278507136455413
-17.283595063409212
-17.27411838711156
-17.26249278770662
-17.263186096342622
-17.289622306135804
-17.32047628115469
-17.321733737079477
-17.330318271495717
-17.334738699443328
-17.348360304801627
-17.340317912386116
-17.354842515053644
-17.362645927246433
-17.36505989390427
-17.380887090556627
-17.389904769247654
-17.404166450545855
-17.39595068292062
-17.387421335360727
-17.382297450692025
-17.385182273440872
-17.40725881737726
-17.43184433449135
-17.44341110949884
-17.45597386388778
-17.46386700728208
-17.456293925729796
-17.462824939241322
-17.45540069409132
-17.43992036681307
-17.42799429735125
-17.447694597702707
-17.44878958040952
-17.423577159768872
-17.4186841246999
-17.431006083493557
-17.4338587570424
-17.436757944711033
-17.450550988533227
-17.4652476940112
-17.464963703786896
-17.479518991043115
-17.4890141941306
-17.50098982746247
-17.503351490123084
-17.501216157031152
-17.511220078128673
-17.51858145618185
-17.513521605250716
-17.519216432439734
-17.529258714902287
-17.521119564136868
-17.518717251283515
-17.52155793319653
-17.521548738816726
-17.510191757396864
-17.509035991421037
-17.539059644456643
-17.54412371785712
-17.549222584305543
-17.559264697338424
-17.553850845762323
-17.562181322627534
-17.561253026466577
-17.57392318249754
-17.575295454300935
-17.579651154577093
-17.573643875299606
-17.581058954314667
-17.595882219043737
-17.597079273481103
-17.606409028973662
-17.61442678553065
-17.6377259940565
-17.626561416027553
-17.627023180038247
-17.615090166046784
-17.61662081040562
-17.63087392537842
-17.627236719776516
-17.63192522815047
-17.652745005372612
-17.644202447848162
-17.63559440470742
-17.656002560874267
-17.669267149785195
-17.66119503508841
-17.665501059573838
-17.667036545643352
-17.662023870513348
-17.663992248273846
-17.655233655727113
-17.64334159142416
-17.664464634912807
-17.668837168758486
-17.6710277136724
-17.67421426095113
-17.710717751466557
-17.68444086663163
-17.698183705140547
-17.700134312185686
-17.69653893261548
-17.702630448989865
-17.69535987913824
-17.704823913816263
-17.710502678983083
-17.707793308661145
-17.70163937979208
-17.697188397948658
-17.708277317122292
-17.70438698814205
-17.709296343850827
-17.708791500857256
-17.71988561803215
-17.73481038881021
-17.74939633198953
-17.763028572877303
-17.766525163189836
-17.778297386173687
-17.76606330440733
-17.75933740272706
-17.760569343734804
-17.770419976231846
-17.780623192444363
-17.780820916978858
-17.795896964885458
-17.80663790238492
-17.801283058741387
-17.79229536580897
-17.787241998879267
-17.80502427013215
-17.82631780590977
-17.824808374561616
-17.841433333576667
-17.839930399039346
-17.84039187338525
-17.844478747686477
-17.837136229651612
-17.835425003925284
-17.840743669250507
-17.83607746171808
-17.83766119322634
-17.826235602918093
-17.822206886767635
-17.817494994520352
-17.807981767632764
-17.793612933748662
-17.805814825318443
-17.80846166597462
-17.808325639690178
-17.825272133722606
-17.81427228588691
-17.808477620545823
-17.823873444703665
-17.835020069380217
-17.846123198638814
-17.855513191361364
-17.866458270504186
-17.871769350404396
-17.874914204225128
-17.874695225257803
-17.884597758714264
-17.886616495279437
-17.895174507920633
-17.88393084520986
-17.88079002811737
-17.890029237772808
-17.8904038286954
-17.895203029440648
-17.891370991228257
-17.89459936315308
-17.9130585309834
-17.925812985623327
-17.917992087303123
-17.92766482520894
-17.92653144781197
-17.916909475319578
-17.91821106972457
-17.935788640272147
-17.944796290099283
-17.943907674533886
-17.946108672860777
-17.96989347705696
-17.968993514949663
-17.98825157452186
-17.973559518576664
-17.974510988126838
-17.969794938806032
-17.968819606542006
-17.96861447920857
-17.982428382998542
-17.99546217003117
-17.998410141974
-17.99205570869868
-17.984678453678537
-17.98051366965757
-17.994915657558337
-17.9889036374833
-17.98593539968922
-17.9832846987421
-17.978202451116125
-17.980884240247434
-17.99432259054022
-18.00642744041886
-18.0128350178342
-18.008983840147437
-18.010855639871455
-18.009328052841102
-18.007485890141375
-17.998586657304127
-17.99570200526476
-18.001174746384148
-18.00049062403751
-18.01375245729698
-18.01707062633191
-18.013323781524836
-17.999448422432128
-18.015267513139957
-18.02323067445838
-18.01963589357082
-18.02767250018205
-18.04010195940717
-18.037269547558452
-18.044663260216556
-18.043511262383827
-18.045365236932597
-18.049216817043153
-18.036598738736178
-18.035216082804368
-18.052035174987612
-18.06673551855085
-18.067729965641654
-18.05748871742223
-18.07073510136236
-18.066204005473566
-18.06051793070516
-18.06603709857797
-18.06698775660594
-18.046442927923508
-18.04238000230236
-18.049429749854692
-18.061403178922
-18.071358090776275
-18.07520037131653
-18.086549657080973
-18.082512981243603
-18.0821219794068
-18.07155028552435
-18.06746044420561
-18.06386212942128
-18.07282084738436
-18.068054791657552
-18.070101849807457
-18.073310499651644
-18.079659877395557
-18.065742904254922
-18.067794502261073
-18.071144182078562
-18.066315503228203
-18.079793931438825
-18.09648860348287
-18.08937921519827
-18.08652288373084
-18.0771158768124
-18.078157996613232
-18.080055811948146
-18.11089440144519
-18.103779207669355
-18.106140864801812
-18.114603978603146
-18.110711476222356
-18.11357913905947
-18.12920970474024
-18.144774224364667
-18.144449407210985
-18.15218441662905
-18.143846875564588
-18.138116933500704
-18.153668549257983
-18.158707445068796
-18.153559745111686
-18.154204210071224
-18.16007039546851
-18.156187357233197
-18.15408654977698
-18.163694522449056
-18.15332539717546
-18.136818078666845
-18.147208127590854
-18.145788138441073
-18.142228437654225
-18.14537495808209
-18.163362636709536
-18.161609891361998
-18.164611590466226
-18.148936374231916
-18.14041032208022
-18.15066508840611
-18.146321384828152
-18.15912516468485
-18.166921728280403
-18.168158559371285
-18.17564197122268
-18.15582519430419
-18.143342723025988
-18.13709102334869
-18.154966337715948
-18.161112334718773
-18.16954374269281
-18.16989909762341
-18.167068776009298
-18.165199721900006
-18.16347862038214
-18.140955824009943
-18.134262432134047
-18.159976473453046
-18.16990154590823
-18.161362503793978
-18.163599904955518
-18.1772768036852
-18.195196561948265
-18.19987978625118
-18.192413343799302
-18.19224515361154
-18.19951685782415
-18.186225653709513
-18.18082177717245
-18.181182282359558
-18.202515358383845
-18.21273398557766
-18.203257460677523
-18.206123162706266
-18.233083177556495
-18.224758124145694
-18.227691759564333
-18.228243103290904
-18.229482005052237
-18.231020498210498
-18.23903082371778
-18.247782026394027
-18.238010225226134
-18.23299634328799
-18.244142275403526
-18.24856701127041
-18.246660732634208
-18.256025334206065
-18.266097288584252
-18.278331911824555
-18.27088295488281
-18.261283380274087
-18.260668569952628
-18.25700602402984
-18.270782316688553
-18.284971166427116
-18.29022749189442
-18.285567192433735
-18.288111790036382
-18.302444603035926
-18.31126728617548
-18.290765159589476
-18.30762789108379
-18.303193381627505
-18.29868110961814
-18.286629775308086
-18.286206974318183
-18.292044525707393
-18.26878005280012
-18.264553207816327
-18.283737534498872
-18.29741774166289
-18.29527686954089
-18.28828174662755
-18.29266250988515
-18.301010238567706
-18.28759260060792
-18.314565236299842
-18.31767625823643
-18.320715438611117
-18.324590259746095
-18.329473409724326
-18.34180555976524
-18.35973217248936
-18.363420159679702
-18.363551755437022
-18.3577897781218
-18.353001170176
-18.364218189784538
-18.351036927195
-18.335926423243855
-18.336329597148385
-18.361396983694274
-18.37280181244242
-18.381921717407582
-18.373021944009086
-18.39457482925014
-18.399600256583117
-18.39781033802193
-18.403347704350193
-18.41342287429364
-18.416229120274778
-18.416992366523385
-18.428225603670068
-18.426660256250923
-18.41682287938657
-18.411089168140492
-18.423486266634015
-18.439597902329055
-18.44857366069556
-18.440547783724156
-18.446581735861788
-18.45895393194606
-18.453488664477355
-18.445235179768318
-18.446884532241526
-18.45554881701937
-18.461580701331435
-18.466329886688683
-18.469469215179398
-18.46745064633978
-18.467757348705515
-18.47415818097955
-18.472964077019878
-18.449184098553815
-18.45075146011585
-18.460262894175575
-18.451624424453655
-18.458489157530583
-18.460232743309408
-18.455444747881977
-18.460315704536367
-18.457381778703784
-18.44568035246486
-18.453823385478064
-18.44737184291004
-18.46251259590377
-18.460166101633746
-18.474091243896535
-18.47957326896192
-18.47998304097225
-18.466218428371125
-18.48683034433154
-18.48365479383961
-18.480186802794908
-18.474766307387316
-18.47613271178633
-18.479388029272307
-18.47253682575473
-18.477514403628664
-18.49039778916268
-18.48738319812909
-18.48021145475602
-18.470754678612842
-18.465452907759516
-18.458463374264923
-18.46277247435731
-18.462707648497695
-18.462828978936063
-18.465944706826765
-18.485462007181372
-18.490741319082737
-18.508464833936728
-18.49891732503335
-18.49257694338469
-18.481354171992994
-18.505145058987665
-18.49507234794882
-18.5131409382017
-18.520830158881655
-18.5126286348932
-18.522781520101162
-18.499104572532765
-18.50560036790436
-18.510516178996372
-18.498860523155315
-18.495953202781198
-18.50855883642852
-18.50390837937568
-18.499068654101816
-18.493406619077053
-18.493969056863044
-18.500856491723578
-18.50840714745658
-18.49382697477711
-18.50130818715455
-18.50120334828413
-18.502603977182655
-18.509497146711713
-18.50456828826217
-18.507673405916275
-18.507730362558362
-18.52211020808379
-18.526964932691296
-18.52758171368789
-18.53829384554359
-18.546845518599408
-18.54156982155791
-18.551143654009227
-18.56846553867025
-18.566011753168027
-18.569360409778707
-18.586586940178517
-18.60391938005413
-18.59061584086093
-18.605543152302545
-18.618450481877765
-18.620725690802114
-18.618396293538343
-18.60550401829326
-18.610183875651835
-18.613504495155485
-18.61112572973426
-18.59688642455658
-18.59047341384768
-18.586254692109968
-18.58220797303698
-18.586635794090178
-18.591819002197752
-18.576044298903692
-18.57566082815942
-18.581196634757436
-18.59437366931116
-18.57758418103953
-18.590117286659222
-18.60718460530843
-18.605418849850093
-18.630305418855738
-18.624701300587407
-18.620350479248323
-18.62789816266915
-18.62901981344249
-18.624413872260725
-18.638615874115676
-18.631442345566956
-18.630492783067965
-18.63162277889879
-18.619439112346267
-18.618355193603275
-18.607335866245766
-18.603436641811626
-18.59732443787486
-18.595378111942814
-18.597321689154228
-18.610532082709856
-18.611151689343014
-18.610297351097305
-18.62621955781142
-18.641217979450126
-18.62858010507711
-18.633569287048473
-18.645223918302918
-18.627298834105872
-18.625134258879537
-18.634307754775232
-18.65134157407841
-18.647848681431533
-18.654654434832164
-18.664814161364756
-18.64841112647427
-18.656526223623953
-18.644767009309486
-18.639171605383158
-18.640760984560387
-18.65531587701666
-18.648557652749567
-18.66927918889325
-18.67079274124852
-18.677329359878456
-18.669377880383344
-18.67012364985469
-18.684815702219588
-18.689587032692554
-18.674915487341067
-18.651427337275408
-18.63354298329291
-18.643472224568228
-18.63507933045089
-18.63732616644834
-18.648036417128274
-18.664311463464895
-18.64667084345046
-18.663925705276593
-18.658565182037307
-18.65577945559051
-18.64263644101817
-18.654197412115664
-18.645069097664752
-18.64223468922692
-18.640060301435636
-18.65424222533282
-18.64825509266553
-18.6494600439772
-18.66541412103487
-18.653109365887335
-18.647656030200576
-18.65138383327407
-18.665072851730425
-18.666834831035395
-18.682226868807472
-18.68836203178545
-18.685597928551186
-18.705033846412995
-18.704708508302556
-18.689731364375554
-18.684796976663623
-18.68924336336738
-18.67586961876548
-18.6797969172732
-18.68931823677281
-18.673767208960353
-18.69122462774031
-18.681716072847376
-18.676675307774758
-18.69053934705879
-18.69796548261829
-18.702030721359954
-18.70494107017267
-18.72126762237425
-18.727428771672194
-18.72671664267102
-18.72770141523387
-18.7418730051165
-18.761528977943545
-18.774189176513286
-18.768011545974893
-18.780867475139395
-18.785686372127834
-18.787216543223625
-18.790684129554382
-18.796042823165838
-18.80448066338962
-18.782553951420457
-18.784856507305115
-18.79682000193356
-18.78610236545075
-18.79039156566912
-18.77944900329125
-18.778140159234244
-18.79345985146084
-18.789052275236184
-18.77890098918614
-18.78574684252524
-18.81062065462135
-18.813538029456264
-18.81629223765975
-18.804632329490587
-18.791456783066952
-18.78069622502367
-18.78167321298216
-18.787636596718862
-18.77807127545388
-18.768605246847706
-18.77993954022924
-18.771627437356916
-18.765743102731737
-18.771450776997533
-18.762976379154253
-18.75849668859646
-18.75738702263566
-18.760746386414137
-18.769880794437444
-18.785494396323383
-18.806427441787434
-18.808855522218984
-18.800103806250338
-18.78189114535114
-18.793952199917324
-18.806775245186074
-18.8158959588833
-18.80456284381039
-18.788292756077023
-18.79005228598021
-18.799319429331206
-18.78363854511312
-18.79426442288254
-18.792810195503872
-18.79235661626269
-18.793337943821882
-18.799932501238676
-18.793343894620183
-18.796897958333783
-18.803510937448394
-18.80048471589538
-18.827750229801353
-18.841578767203067
-18.8276049180622
-18.846420110645404
-18.858777557686576
-18.835475784611653
-18.847487222633493
-18.84482658645334
-18.838688392784917
-18.83493934732544
-18.834177097732116
-18.836511584219835
-18.835959623022774
-18.839444865701918
-18.84510643480394
-18.859866956518253
-18.862500617922848
-18.862282210798032
-18.849066964567225
-18.856510974449513
-18.871473325979853
-18.862333405678772
-18.86046235330704
-18.867889018264364
-18.876973449670302
-18.868300994908864
-18.86697604694787
-18.861439965051993
-18.86291749202086
-18.876787027528604
-18.875183843541755
-18.87014680853266
-18.88155054698499
-18.867386436484676
-18.869483454924268
-18.894165178627958
-18.87461557415397
-18.876225762982518
-18.866062016881653
-18.88461146865181
-18.89786261708662
-18.902633029957
-18.904664547684845
-18.880036659409726
-18.884627048628587
-18.866479106214225
-18.862297764980045
-18.852738356920106
-18.868194440657227
-18.87960289300108
-18.89157580815065
-18.9100271752752
-18.917584644874985
-18.922678135082283
-18.93415547933354
-18.94832084032476
-18.942652237759994
-18.957559015640133
-18.957026774238066
-18.938914953156527
-18.954557037781246
-18.953559155626017
-18.958577530541426
-18.955871915224026
-18.967675920001714
-18.971616981336357
-18.991502306715752
-18.991570046402487
-18.988296121121987
-18.98172880451279
-18.992592681341037
-19.00124265782074
-18.988381534234616
-18.986997805954577
-18.9870644090855
-18.97312508309335
-18.980183264102912
-18.991271480762716
-18.99152066264119
-18.99229303701732
-19.00193102388949
-18.99738643364843
-19.004894507606235
-19.00455312854251
-18.999557955315687
-18.999220895408982
-18.993354045651447
-18.996723928964446
-18.991079115795845
-18.99611222322633
-19.00302280184425
-18.997621239320868
-18.99013416333842
-18.997348886449085
-19.004322659494033
-19.005916854384893
-18.992851675803507
-19.00394139062103
-19.00049970266107
-19.009543004179854
-19.00776219638747
-19.00622552688436
-19.00194253606594
-19.00585300472642
-19.012237947914922
-19.00535887732626
-19.006689516120623
-19.00084076012948
-19.003789207073982
-18.999674211959608
-19.015781222133672
-19.020352091781334
-19.017237586213827
-19.033133942461166
-19.042022016376848
-19.039588765126958
-19.0462848807229
-19.039079298484936
-19.035437964167603
-19.02641918290698
-19.027385308803147
-19.028786851900957
-19.02338421274048
-19.04433321991441
-19.042482370097886
-19.04158482937571
-19.05619079646016
-19.058124747140074
-19.059138411090494
-19.05128406928355
-19.036987199736835
-19.023373134656378
-19.02059141917541
-18.996654902586595
-19.014978203014856
-18.998926216591045
-18.999416463563144
-18.99587489057824
-18.999798240828003
-18.995031525209964
-19.003820598535935
-18.99733327600719
-18.99354921242558
-18.990882829749534
-18.992905134242264
-18.98297692946382
-18.990978562156197
-18.995193681959236
-18.972359756677605
-18.984833714648136
-19.004370353997228
-18.997601643001953
-18.990169526014892
-18.999321444765023
-19.01714152411886
-19.011128697538094
-19.009698109769175
-19.018021273867877
-19.015537273888814
-19.01024342153452
-19.009011584477737
-19.019544105358065
-19.020964003158362
-19.000808914404438
-18.9960667645994
-19.003955618759367
-19.008653113258053
-19.02499504487227
-19.032631706955705
-19.041169000261373
-19.051052577951406
-19.038242133355283
-19.036977707041704
-19.029079975067365
-19.028579559458784
-19.015204319885868
-19.019122465402763
-19.026726166416264
-19.012224029782377
-19.0066749330469
-19.02318561640452
-19.01982788713876
-19.02273071756736
-19.03014209846894
-19.028888091913917
-19.02569686474792
-19.02503966774111
-19.00325126411822
-18.982425725865752
-18.986704196507382
-19.000389330967433
-18.989905602302827
-19.01163424544254
-19.01913370456941
-19.025205490283614
-19.03116465764699
-19.035740000022724
-19.032795860267818
-19.03727908555045
-19.02409370959776
-19.03147596495084
-19.02791274431857
-19.022753998419024
-19.020736413966528
-19.018974440038605
-19.021204608757394
-19.02403830841139
-19.018124086411778
-19.01553883719006
-19.029378582071573
-19.029286414277966
-19.047943542286593
-19.04194013317304
-19.04485582649035
-19.03842049863023
-19.032529149916588
-19.031571974601423
-19.027028333136304
-19.014455338351084
-19.02227718442813
-19.016479109021077
-19.028550770611897
-19.031110566680283
-19.042049935670285
-19.043262071036967
-19.057539911612565
-19.069367919918157
-19.06113281810602
-19.06722918535621
-19.053787697284424
-19.056966936973083
-19.06865711898752
-19.07103092740794
-19.073714107157084
-19.071776298539593
-19.094696018671105
-19.10019087245718
-19.10401622380745
-19.106694663163243
-19.11304592425305
-19.13301662998753
-19.12451604114209
-19.114917058925002
-19.126519087130866
-19.13204131395341
-19.136265623894374
-19.141356513645437
-19.134671737104917
-19.13289720143488
-19.115065120209458
-19.10902978841702
-19.11376715954254
-19.1151486634947
-19.12988368106478
-19.131895122198035
-19.135097836486366
-19.135236770118517
-19.12098257061329
-19.123893824324405
-19.12216048590126
-19.118698073522413
-19.114615658011303
-19.10154733536927
-19.109597001308572
-19.11987454621298
-19.119085732764436
-19.12949058227398
-19.137772814369967
-19.141279234779596
-19.16951420585195
-19.16412635061063
-19.168210300593078
-19.179241134907027
-19.1805522343908
-19.19827525211252
-19.197167143554474
-19.20485221278847
-19.199796439502133
-19.20587686125761
-19.194271788616653
-19.1969102727196
-19.188260114360805
-19.17915291206877
-19.182484261141045
-19.17844742648007
-19.17345834888986
-19.161484942458337
-19.146276264418777
-19.1417360021534
-19.132447756147368
-19.13927799811912
-19.141456723724875
-19.144976781018368
-19.163223233237606
-19.17249388530524
-19.15700133731851
-19.141461245249225
-19.136267903944685
-19.146514537430573
-19.151130803761333
-19.13888324382978
-19.138924748112057
-19.147917577874015
-19.147215195892464
-19.139755476276992
-19.156301777946986
-19.16539685954204
-19.159375936255486
-19.167697404445452
-19.171366673669247
-19.1751537247215
-19.18424452504556
-19.188592843018547
-19.19167564742186
-19.188782547761406
-19.19645178543644
-19.20187365522117
-19.207831503145126
-19.186111144698813
-19.18872773357665
-19.19186167552791
-19.199508698866946
-19.184442657494753
-19.181766971151973
-19.207674592791914
-19.210500715063183
-19.198620075497825
-19.178336222812103
-19.170414340524065
-19.17746535768747
-19.176236541619932
-19.180429548395278
-19.191606588547664
-19.20520217518198
-19.203784844855694
-19.202834006293404
-19.205041169360232
-19.19604897061479
-19.197093107258475
-19.203600758838814
-19.226037756963002
-19.212329305267172
-19.199543626202168
-19.193449505043347
-19.195014433445955
-19.205115304668507
-19.196488978981474
-19.19697225894483
-19.187826934798284
-19.174656989579965
-19.168238105249216
-19.18496845246222
-19.196546925459455
-19.187646044752405
-19.199424732326662
-19.2119967776056
-19.222009632256167
-19.215785969501805
-19.223270777822467
-19.255634944587083
-19.256596798518572
-19.269304028794746
-19.27625064583169
-19.252542817231753
-19.25520958782077
-19.27085833827229
-19.275592376328184
-19.265612323133922
-19.26849953849462
-19.268727680452844
-19.25228123053073
-19.248771004512196
-19.241657676332235
-19.22719648343895
-19.210142823588956
-19.219598994754794
-19.232065211795497
-19.24483920301039
-19.22600086647016
-19.2303692874992
-19.23672853551193
-19.230305273160408
-19.236185697293017
-19.244793727154182
-19.239499662974616
-19.248816743445868
-19.246009492789316
-19.229825623094108
-19.243977096958083
-19.239940364820455
-19.241590382158897
-19.251275916571494
-19.265419925777454
-19.25486172805841
-19.250051830876583
-19.25969566290325
-19.268685716692254
-19.254862291853353
-19.246114703970434
-19.25736802552637
-19.247597508070054
-19.23245110002905
-19.236052094303737
-19.225757658612117
-19.21931770046471
-19.20174495577167
-19.201034210600184
-19.22369454626664
-19.233647242264183
-19.244575210129224
-19.249512956056535
-19.264196530914102
-19.250561991469173
-19.241885860103796
-19.241554803007514
-19.25175718587884
-19.259044358757034
-19.26664348467405
-19.25880700543301
-19.25534524569826
-19.2507181490554
-19.247445994109913
-19.23110582949737
-19.232451800097436
-19.235960258042454
-19.24124180680585
-19.2408872002087
-19.260467467283494
-19.285120475865117
-19.265989964489084
-19.28240240973244
-19.276915385475426
-19.270194468018236
-19.27249336967924
-19.27922728851635
-19.269870918208355
-19.276346740495704
-19.296137136755473
-19.290756543440676
-19.297013483920562
-19.300018331860024
-19.299254893789435
-19.304378759736096
-19.31252537313487
-19.307586896793715
-19.30603890311504
-19.293847351652204
-19.31596942524047
-19.336049847604524
-19.3321881890779
-19.349034412308797
-19.361211342149403
-19.371979292648493
-19.360898661041727
-19.34764494218491
-19.3498467757948
-19.348716093027335
-19.339694560720062
-19.348526013225577
-19.339823475681133
-19.32668567376962
-19.329966044531762
-19.34410156404873
-19.339457139486125
-19.350324528326308
-19.333030890242814
-19.312727855440162
-19.310824299722867
-19.305971841590992
-19.3079463328119
-19.317811828945768
-19.32870746091824
-19.334086278034935
-19.353917126730554
-19.34702565790266
-19.34750413569103
-19.354359742311434
-19.352976528138882
-19.36270673139051
-19.369366478262148
-19.371781945449122
-19.364028355368617
-19.374472775664806
-19.368929489709267
-19.37496566658849
-19.387918222773138
-19.40722532073978
-19.407151469244766
-19.389003067502145
-19.37695841950835
-19.38751505531698
-19.39410396978414
-19.3998161342084
-19.38320903907499
-19.39830991185746
-19.420531510108454
-19.402069588705167
-19.398233061401903
-19.404126564294252
-19.392770484478373
-19.393579427134316
-19.385847082695033
-19.3908612959922
-19.40023804786286
-19.415416986546063
-19.43197961149453
-19.427843025596495
-19.431316877412936
-19.429634985290466
-19.429327845002884
-19.42524667686289
-19.428254804939414
-19.426201164829585
-19.422770978837537
-19.430431091062268
-19.423587407261962
-19.410480336377315
-19.39600252537983
-19.383462790238088
-19.37903163714765
-19.373908149914953
-19.388817679722933
-19.390920541006594
-19.391243126514645
-19.407271969658435
-19.40343827061528
-19.418173371007075
-19.433183553026566
-19.430269883964968
-19.428822429899398
-19.439816306275826
-19.434665760465606
-19.431486244044862
-19.420580029493568
-19.423319077349365
-19.433501282432427
-19.423414758956522
-19.42811677977475
-19.43606801312077
-19.421574510089638
-19.43903264774939
-19.427357872194154
-19.409920134746024
-19.412608579248882
-19.41587123935412
-19.414984345301445
-19.422170412120614
-19.40539701008457
-19.419670907705207
-19.42530648682228
-19.44074571020109
-19.436151418340366
-19.443520119084265
-19.45568652617179
-19.448913191872354
-19.449818834116638
-19.439871106137794
-19.43259109209826
-19.44122629074189
-19.436349536476676
-19.441994419003276
-19.440682933619552
-19.438410192759374
-19.452725854854528
-19.46186772922746
-19.467301769079164
-19.482458968576346
-19.47660711552867
-19.457480647743008
-19.483999103134163
-19.47774517637782
-19.4797790814936
-19.461188626552506
-19.456383684356055
-19.456077989283877
-19.46830364178328
-19.48064295011692
-19.466831673510434
-19.466529020913345
-19.454469776146436
-19.466541732226737
-19.460522372997183
-19.460175004148397
-19.460545864856524
-19.46785779265072
-19.475125012411976
-19.467013164473084
-19.458829802357563
-19.457773383632993
-19.47175869094468
-19.467370439665842
-19.478382127064936
-19.484376895222315
-19.465000561406946
-19.47941276295046
-19.482189990808834
-19.473612297727257
-19.47071145912043
-19.463049386725437
-19.446232146677985
-19.44453375531428
-19.448059347537047
-19.44191473302667
-19.430100632626477
-19.42707874498691
-19.43305569878222
-19.45505863681501
-19.451126799511556
-19.448770346962988
-19.45528794254916
-19.466553469932414
-19.467455160604167
-19.479811041230764
-19.473798441137397
-19.467036153040624
-19.456580018957204
-19.47091688533481
-19.48028707895696
-19.489654343109365
-19.491663089437093
-19.49354726694335
-19.513156799869357
-19.52951048384833
-19.53909249227693
-19.5272790110639
-19.536276393864956
-19.53113543583263
-19.534684666408495
-19.52367472870143
-19.548226108649843
-19.548146502502902
-19.54414947630905
-19.53931700494823
-19.538873775929957
-19.54604465405329
-19.55601576184681
-19.575952860208464
-19.563511283182887
-19.554224447147806
-19.55886536399337
-19.551832642896038
-19.5512199366482
-19.550352892306133
-19.569364094187314
-19.556036041065354
-19.56748530524716
-19.56313754287968
-19.54844354867341
-19.531912992505298
-19.542234731108632
-19.558058277835876
-19.545835718889094
-19.53546103324946
-19.523650133859956
-19.52560210953815
-19.543591472288117
-19.55148751786768
-19.53282397762039
-19.523522484393716
-19.502445613190705
-19.488402107705745
-19.508534251196338
-19.516433951825533
-19.516862146267485
-19.514895988042085
-19.530437006715093
-19.528765194791042
-19.547105804910878
-19.567863951369414
-19.571679048428873
-19.56593847291394
-19.570666130472834
-19.561020337260405
-19.563266444482338
-19.564760702012766
-19.573798949720345
-19.552673055821856
-19.54966481420389
-19.5717600786235
-19.562875821415485
-19.57995771158656
-19.587682136623123
-19.59765963665703
-19.600026821381412
-19.605331571523426
-19.605370150031103
-19.60063251152182
-19.587898141528726
-19.59809324619042
-19.60809509513339
-19.605799950781844
-19.599259056797532
-19.596855120540553
-19.593300910741494
-19.58916323606254
-19.597517324485068
-19.598441015432346
-19.59901494125999
-19.604992494240904
-19.62870355625893
-19.631063826821574
-19.644061094403682
-19.642212593740222
-19.63202005444829
-19.63676297820371
-19.639354013435792
-19.639668267545552
-19.64411750341757
-19.645999461102218
-19.653085459907484
-19.656923795888876
-19.662760130673185
-19.654004431791723
-19.640649243003857
-19.64153896767309
-19.64152122969793
-19.640480201092974
-19.61090026168993
-19.60139827503721
-19.616324051405776
-19.62639583453814
-19.63284707810541
-19.653065879281982
-19.656698270388134
-19.66693175403837
-19.661123374513227
-19.664142583806214
-19.66287882691604
-19.670108057450783
-19.679364780874995
-19.661491695150172
-19.650241823500494
-19.64820353904604
-19.63421708207328
-19.636145524953033
-19.643922257062595
-19.633668872052414
-19.641330964515234
-19.63093894956202
-19.640685496467757
-19.64464915013261
-19.645620745418054
-19.66224167858275
-19.664688908084013
-19.663772417200235
-19.66899810930372
-19.67677770547321
-19.65457066065786
-19.65796425200001
-19.672946640616058
-19.65940569685483
-19.666572104112845
-19.664957422529678
-19.670847139659255
-19.66165192768115
-19.648210387080958
-19.640616314024463
-19.660169466636226
-19.65269768102747
-19.63821147056049
-19.625323650435256
-19.63483713794665
-19.640256952081163
-19.639656044130298
-19.6320405216174
-19.61070380383913
-19.60774076578872
-19.617651245100063
-19.611930553679247
-19.601791214625763
-19.59875793879545
-19.611453933825512
-19.60519814386088
-19.599390183229552
-19.594704575438666
-19.616976848728626
-19.62305655864188
-19.631690266035967
-19.62682541305784
-19.63889116170852
-19.640462348034493
-19.6427032425511
-19.650786081900275
-19.63025509805807
-19.64725207946127
-19.644839138299044
-19.640190443478623
-19.639540465600273
-19.637995688247564
-19.651294688872326
-19.6543850029074
-19.645633850987153
-19.65169107516181
-19.637570567917297
-19.640007834599672
-19.636389590349005
-19.63612612082071
-19.655969670304152
-19.67495721362138
-19.670960044588323
-19.66599969601609
-19.659280830459423
-19.661525131102756
-19.670368304705338
-19.675447403938332
-19.672426344692784
-19.669506982481185
-19.668765211244644
-19.671435001862687
-19.65829935338502
-19.670074448853402
-19.674665812033133
-19.682692016386525
-19.695477718634105
-19.702123989616375
-19.713075307040253
-19.72261776512057
-19.71095876331628
-19.721750357932724
-19.726111610976016
-19.71770796705345
-19.73338628591101
-19.71724045564567
-19.721390535245124
-19.72487387649123
-19.728368487878534
-19.73682023694121
-19.727626956470246
-19.73031279186228
-19.718841495232486
-19.708922704132068
-19.69120848367829
-19.687537556090863
-19.67497109650248
-19.684189284190097
-19.689167860950413
-19.689448425753163
-19.684340101694342
-19.677338940524084
-19.676816754382454
-19.680197077920297
-19.683993345170123
-19.692176951220155
-19.699230942722703
-19.694874870323826
-19.69788156530113
-19.71047624886513
-19.708136406898387
-19.716153587543673
-19.714954541613835
-19.70750929311141
-19.70444596780864
-19.707161342206895
-19.704434520454544
-19.693369365924184
-19.69014161376025
-19.71203188143849
-19.716477689426096
-19.724102335363767
-19.715484510089095
-19.73190487578029
-19.73870987141243
-19.722263590783438
-19.716891136281248
-19.698522009153244
-19.699115495692098
-19.69198349362749
-19.663939669035702
-19.657404204665543
-19.658354467237526
-19.660954363451076
-19.66250132542546
-19.681146327024805
-19.672495307194126
-19.657419085447373
-19.658831134380502
-19.656860607672524
-19.66648639025954
-19.669776703900535
-19.673891780667915
-19.663590864101465
-19.66421290814595
-19.66302231936093
-19.67179098661643
-19.679175853640768
-19.689811735671412
-19.69174939414441
-19.689446517700176
-19.702890985198707
-19.71781272859769
-19.725633505677266
-19.715158422334905
-19.702715574490153
-19.725856441934255
-19.71191057650761
-19.698837356435615
-19.702585354866542
-19.710365790289668
-19.718037888373804
-19.7191243048216
-19.714768164771495
-19.703420843857806
-19.71423368707421
-19.694169127320123
-19.688195860001272
-19.7105428318864
-19.70193314959158
-19.700592547052153
-19.705229554274112
-19.704354068682118
-19.702871715609003
-19.709602591902854
-19.715406840447763
-19.72860824427774
-19.733457628589683
-19.733319318512763
-19.733180868457254
-19.728460582380027
-19.738001463501178
-19.720846358119257
-19.724205446204152
-19.730575971407525
-19.724207082143305
-19.709262057650715
-19.706108091000054
-19.704264223235086
-19.702320500043463
-19.712114724692196
-19.7343309545038
-19.74186696084313
-19.743301059160718
-19.729258915961946
-19.732046611107666
-19.732323760615436
-19.7318815981181
-19.717458404178558
-19.714712885814134
-19.725555540544196
-19.729849388494618
-19.735134088252067
-19.734069285519396
-19.737028540770464
-19.73271680665683
-19.75707139710382
-19.750161827794887
-19.74988492505371
-19.756019836679318
-19.743505148511037
-19.747874319277464
-19.741889629249048
-19.751418366496512
-19.739582404756277
-19.77794531364033
-19.77520369251093
-19.77153617307941
-19.79814171037442
-19.799726301682874
-19.804683347474008
-19.794088242550423
-19.79755375787542
-19.804286764617487
-19.821275878659563
-19.840723888117843
-19.844142144446387
-19.84541683090086
-19.864967044013714
-19.853430909595325
-19.842560639524912
-19.863526572564933
-19.865675375293655
-19.860094961394942
-19.856402840114328
-19.857260345597354
-19.85968775301462
-19.86344203224841
-19.876551740516202
-19.86987583056616
-19.87563647555696
-19.873024173596807
-19.86388448157407
-19.84825618731251
-19.843529864451227
-19.83997417397924
-19.844153180767602
-19.85085178644755
-19.851045277321813
-19.84637313733922
-19.847551302553462
-19.838876727230417
-19.827055463382393
-19.83084106213378
-19.828507943426523
-19.820318253657355
-19.81596425220766
-19.804087065803717
-19.819968791298635
-19.81576851318768
-19.832639764857134
-19.82887403762376
-19.828006976481024
-19.845129162037782
-19.834412786853417
-19.80258295604464
-19.80080070574248
-19.809898779294336
-19.807744309923
-19.80967839685883
-19.79477021785449
-19.784826059690804
-19.79627422265864
-19.80463033045664
-19.804463694874492
-19.824263934897473
-19.818430382641274
-19.829890998378655
-19.834895684744595
-19.82294096514816
-19.81220415395107
-19.803864797023365
-19.801474528370623
-19.80157862115053
-19.801225207264206
-19.819178736445114
-19.81007348264983
-19.806662419786328
-19.802345774696313
-19.80290294829327
-19.823251405718125
-19.830439187602472
-19.827974680631897
-19.83178003605607
-19.83293277369684
-19.82703454051938
-19.82480150142963
-19.8240052518426
-19.831284991006413
-19.830557654533077
-19.825312729594852
-19.830135544968392
-19.83772114635171
-19.841361378382622
-19.846664762619913
-19.852052253970726
-19.859740659680103
-19.87221722890588
-19.86015983315624
-19.87262759957704
-19.88419523921376
-19.88177285974054
-19.882109095331543
-19.878740633965876
-19.877795120827386
-19.881821419718552
-19.893561934109673
-19.899443490397477
-19.87232346413208
-19.877534709388033
-19.860050263213818
-19.851888622899075
-19.848550856202188
-19.860237560416024
-19.867902292872493
-19.865089109232777
-19.852620161350092
-19.848600059868954
-19.83016375348788
-19.83166958030093
-19.812721087033303
-19.821681396057265
-19.812502195421764
-19.80797771487472
-19.81170946499236
-19.79213074357677
-19.79955158661378
-19.80007658546002
-19.79997783381872
-19.798829177583354
-19.788978378016488
-19.807163822604902
-19.800579406321308
-19.792954973645283
-19.79644971456932
-19.79037731498921
-19.78967215371424
-19.792365695490197
-19.791265343801363
-19.80726936224453
-19.808721116515166
-19.802153043298517
-19.799952036496517
-19.81278176432636
-19.801597357484184
-19.804340122365698
-19.792806129399143
-19.795354425281147
-19.802832958207034
-19.804231144368007
-19.794242369168504
-19.787965683108016
-19.77635829917127
-19.778872984889272
-19.777907878230597
-19.76654116164014
-19.76893192002114
-19.75559905864938
-19.761430781693395
-19.746123528049157
-19.743413565224493
-19.73395056700097
-19.74680814784954
-19.750575535811546
-19.7645751668373
-19.772789978731968
-19.77934583856214
-19.790620131362914
-19.78911470873465
-19.80510213284281
-19.803886880852776
-19.799447549134594
-19.794033042831916
-19.80039273022995
-19.797282519250874
-19.800098214631113
-19.79698836036149
-19.812885240736172
-19.817915341913544
-19.837352055260027
-19.836444332274592
-19.84184560141329
-19.83683127162664
-19.837613979733216
-19.83886392221742
-19.839076734691375
-19.835860467128363
-19.837565131705695
-19.813479803959716
-19.812273800867064
-19.822610040006584
-19.839394365185193
-19.865656801104624
-19.861509491891262
-19.847103757094278
-19.84055144287967
-19.8274777584484
-19.836822668005485
-19.847976861409446
-19.83376627860212
-19.824754443058502
-19.80477185158955
-19.803969794256822
-19.81602022360744
-19.83421273076748
-19.837840324466523
-19.837278564376362
-19.829230206939005
-19.818126521280334
-19.80662625315062
-19.80215495884048
-19.79537696296524
-19.79711584225881
-19.809395483398568
-19.798038211417143
-19.81238538098227
-19.824694791015737
-19.829225949654944
-19.826874708894483
-19.827991683201265
-19.82642405436049
-19.83062630288353
-19.833128878443496
-19.84199553623868
-19.84276036763899
-19.816437736973764
-19.812049335628895
-19.800606077079095
-19.784907852798707
-19.792773507730686
-19.796184442398687
-19.794782030097597
-19.794614949771432
-19.803525460149416
-19.798657952596496
-19.801701010465205
-19.80828664816039
-19.78624004100147
-19.78756016823149
-19.790455237287865
-19.795156086913575
-19.806954374315755
-19.79898313311687
-19.802223831945625
-19.788982682117638
-19.802691740675492
-19.812548922773253
-19.820581865269755
-19.81253610133191
-19.8247503952844
-19.839039746484122
-19.844836355509667
-19.83692160687916
-19.832094966491393
-19.837743534658454
-19.837270102498046
-19.83366981104029
-19.848146558849262
-19.835539983324598
-19.855647404584694
-19.854713451975762
-19.858641804476804
-19.85582300743785
-19.85616221245498
-19.850532793070958
-19.853736656677878
-19.83648430888517
-19.841549833584885
-19.851455639624376
-19.854319653457917
-19.869808364904618
-19.871295950117435
-19.85597956907583
-19.86037784914838
-19.859448951476196
-19.86945255631548
-19.85700431144755
-19.852297793794364
-19.855435173781494
-19.871586816320818
-19.87843721752229
-19.87950313405327
-19.880486269991707
-19.88758475626167
-19.90451830879927
-19.892924526307745
-19.884951518941687
-19.881271479178224
-19.880093582941676
-19.882728576529825
-19.8887050387289
-19.884469232252698
-19.86426886276568
-19.86158951352692
-19.879421570338327
-19.880402482079177
-19.876051715917527
-19.891844920547925
-19.897554306992422
-19.893880288212014
-19.89732652023912
-19.876019483457267
-19.859631404679142
-19.85934439847348
-19.848447454194847
-19.849118172104582
-19.8419651294412
-19.849669282988454
-19.838968037259203
-19.846253460197385
-19.84185444429179
-19.8486528134557
-19.830934502279696
-19.816424072659498
-19.834419514085994
-19.834351979202566
-19.824035714654855
-19.809600461428495
-19.805938839515957
-19.80647685069199
-19.818854207284172
-19.826322981235915
-19.845471633371552
-19.8591739415901
-19.859934228390728
-19.866002982861765
-19.862423757380196
-19.85484159608836
-19.85123548107291
-19.856926288081123
-19.854433669908467
-19.850740877201158
-19.875920813122725
-19.874625708216673
-19.860116090510434
-19.863493803272153
-19.86637425320969
-19.86687462605523
-19.875632942062467
-19.866045371598286
-19.849239946144692
-19.841832902939622
-19.846070099039412
-19.835052013506527
-19.84567324491192
-19.855643955566357
-19.87871065000309
-19.878221237744768
-19.890653326217006
-19.903146107997486
-19.898012036912323
-19.89608534104506
-19.890844250921663
-19.890962786299564
-19.887881790471496
-19.87800949491361
-19.873534521908443
-19.884586885373064
-19.877338716345058
-19.86973856280513
-19.868427414077185
-19.88951992177403
-19.87594363828803
-19.888962538405263
-19.87625165041196
-19.87765243763605
-19.877119873494063
-19.867361015765916
-19.88200742968973
-19.867088916562665
-19.87198604376002
-19.868876747290745
-19.87149795119912
-19.875719414010618
-19.892231714701577
-19.896897360443525
-19.88478285963693
-19.887034869670263
-19.896527140228404
-19.897873119944276
-19.912198154245186
-19.91302528328581
-19.904652536861235
-19.90922678693672
-19.919585666391843
-19.91930624859097
-19.92054181261869
-19.93020749558088
-19.920972989879512
-19.92546272098021
-19.920643661708386
-19.918150410610934
-19.898173829740347
-19.89774256551142
-19.915350205085414
-19.931187568773495
-19.92355630656362
-19.91385051311836
-19.912675177112295
-19.89733922215322
-19.895149910122544
-19.891757980901552
-19.895764891530227
-19.896770259998156
-19.907094691977615
-19.90144873492877
-19.91229822023099
-19.917722954635053
-19.908798912311134
-19.906023308627574
-19.902748541401838
-19.911175394433354
-19.915248694053624
-19.905334758834528
-19.92515925287826
-19.920575427967634
-19.907333251041127
-19.917303194055734
-19.911548489274004
-19.90584976291345
-19.892938828942125
-19.891837709184795
-19.896429234161296
-19.890515603401326
-19.901827465071843
-19.896289975545976
-19.89904040555898
-19.916569257453887
-19.913982215752135
-19.901012941731206
-19.918250510668667
-19.930423874293037
-19.919491766683812
-19.908722714993303
-19.88703316638504
-19.904096095344066
-19.9169851868225
-19.908306334993952
-19.924331558261915
-19.92787192310195
-19.907853448951876
-19.91728743440936
-19.915035601897404
-19.936945158639322
-19.940304358186406
-19.94061710618781
-19.93121558376998
-19.92618220945935
-19.92650128580269
-19.93294781208692
-19.926296431535334
-19.94270866939751
-19.940985105339788
-19.925526159510028
-19.934437831399144
-19.942949196442854
-19.945067278637598
-19.953601510028808
-19.96798178768633
-19.96640696178364
-19.98174795486143
-19.96975115950956
-19.97033191750925
-19.961399976555125
-19.959897568580526
-19.968154588402616
-19.967670885938638
-19.988244080676434
-19.98577982600359
-20.000506029901437
-19.98984455953651
-19.98569098495505
-20.0032571860834
-20.003103183472156
-19.992303687624947
-19.982928623761268
-19.97634685098966
-19.981928518966914
-19.985539571099388
-19.98763130492083
-19.998494969337646
-20.010182300553954
-20.01041100116405
-19.992496516685474
-19.998248915273322
-20.000022339591666
-19.994678053046226
-19.99544424572191
-19.997419930725883
-20.00941494002047
-19.987148674807433
-19.99251907313472
-19.995710899431725
-19.994898961429524
-19.98548524799208
-19.985930528835535
-19.964244740676673
-19.94737456097854
-19.942854322754403
-19.95421845945579
-19.963090718652328
-19.976473668503772
-19.983231020383425
-19.976306039917844
-19.966935797036324
-19.97764505093682
-19.966489945559413
-19.965320419054322
-19.952438574951945
-19.952561446869904
-19.951973325093252
-19.96092987579792
-19.945447678033254
-19.940697537927544
-19.930444735840076
-19.94370996690853
-19.953984985576295
-19.943594041484108
-19.940227193800048
-19.95138955538466
-19.962270594626805
-19.966891162999904
-19.988488472053245
-19.977998367087682
-19.982971131184787
-19.976774669768815
-19.993499765279
-19.997243551528083
-19.988450616473184
-19.988122667710353
-19.988368895777445
-19.987386999236683
-19.994718724793756
-19.98993188410129
-19.98310539073055
-19.966688107848807
-19.965879627664904
-19.963779512464
-19.964712608316926
-19.960782297253576
-19.96265571154123
-19.969658274312035
-19.959419413626996
-19.955001659150703
-19.967248355865983
-19.948658712911076
-19.951090601100823
-19.94676154022532
-19.963879169438485
-19.95682209752397
-19.967507408604156
-19.960755378238733
-19.957939643284202
-19.951449618876946
-19.951086364662004
-19.95045497504823
-19.95417849522369
-19.969663175354118
-19.979202016677036
-19.988771979223653
-19.98865156973807
-19.975342738537204
-19.973444441000755
-19.96702041115701
-19.96180883290371
-19.96328760322373
-19.96905181581443
-19.979344785132472
-19.991564264427247
-19.998324646618062
-20.00507714809089
-20.00898552389397
-20.025059087238112
-20.02856745600143
-20.01677956482284
-20.013956587839697
-20.015960220445944
-20.00797491164268
-20.008735642493903
-19.99078214184739
-19.977333049549184
-19.964771806321203
-19.95982965037407
-19.958374145694307
-19.953105576712378
-19.950527482873852
-19.96806232814267
-19.974181807996793
-19.954645481671612
-19.978487572331105
-19.977402673526697
-19.978730026024753
-19.986752477264023
-19.982216495188084
-19.984513351479432
-19.987374013852314
-19.98301034040038
-19.997928794704393
-19.987909415768016
-19.972585329453118
-20.001041264436065
-19.989525068548005
-19.99344475361571
-19.980934202402942
-19.98447520368782
-19.98659054957039
-19.999057060967154
-20.00242818340936
-19.999751438396185
-19.976677981464857
-19.970916663407845
-19.974407158057186
-19.95586134899058
-19.949771541911044
-19.93679160159489
-19.914361947350585
-19.91544246255649
-19.928136143578037
-19.940723918129876
-19.942996836659127
-19.965192665210008
-19.977975298737853
-19.995092788586025
-20.00342421031242
-20.001852804051836
-20.01226884200549
-20.011281956660863
-20.010624971786203
-19.998161723372302
-19.988635920742805
-19.985161752931955
-19.984426745591804
-19.997189378938895
-20.00086472744108
-19.98807906449682
-19.97528705323688
-19.992732806103874
-20.00598577259771
-20.00166260456337
-19.996437659659026
-19.992608663206838
-19.999135287545435
-20.00767964098783
-20.005639192481553
-20.01992532291048
-20.01078614297192
-20.01134237828294
-19.986418432654947
-19.98965111345025
-19.979782852345135
-19.973063267969348
-19.978870334328597
-19.989651877830486
-19.993527553143313
-19.975903075764997
-19.980487669833224
-19.959726899525446
-19.96378748612902
-19.972236049233825
-19.982070636159932
-19.98518223999671
-19.984558606965383
-19.973947546758247
-19.97130419625221
-19.97903097450294
-19.996090026523696
-20.00304696760585
-19.999070975996425
-19.992561379915006
-19.986197592695618
-19.98295550615476
-19.981909229207737
-19.993568332538377
-19.984558162776054
-19.958714670383333
-19.96985395715638
-19.977599362948922
-19.994875303026227
-19.99551024707721
-19.989938982715678
-19.987649165730666
-19.999791588598576
-20.006398476771267
-19.99492923172539
-19.984834532661782
-19.984920618350003
-20.003466292793238
-20.00942184788297
-19.99932232024382
-20.00139880391262
-19.988286548206823
-19.986266425180585
-19.98345889782976
-19.96707161107928
-19.97766943206576
-19.963612688348967
-19.970737726330455
-19.96639909429335
-19.966080251317734
-19.97195624046992
-19.96262237665606
-19.958275538893815
-19.95602462528532
-19.95548180984749
-19.953170690431893
-19.959483972475848
-19.969020411341763
-19.96367421108148
-19.96690294597178
-19.962130322235545
-19.96840145607107
-19.948180386156785
-19.954621334726223
-19.96464671327086
-19.952486783658184
-19.963766566805127
-19.95819803202544
-19.96464678215935
-19.957570003201504
-19.953950203285462
-19.937792738044166
-19.937860747205647
-19.94759188532551
-19.956021577389887
-19.944855026644163
-19.966215194372403
-19.949665590238634
-19.974729796417908
-19.960530164069542
-19.976739854574824
-19.984180564735276
-20.00329413695384
-20.02352651842934
-20.012565297546548
-20.005577878737537
-20.008953992486
-20.008554094098695
-20.021359994666764
-20.031948873624874
-20.02706521461482
-20.02472592780061
-20.0229276432478
-20.017358788706158
-20.012969571836265
-20.01354417319343
-20.00907321579571
-20.008429006827615
-19.99542917584296
-20.005454843215297
-20.017253019734902
-20.02148638954592
-20.027635899258488
-20.007011074793944
-19.99090949478605
-19.997011966804585
-20.000597865351544
-20.004769358466195
-19.99846057524286
-20.0046681285898
-20.00167152242539
-20.010707352160356
-19.997821314256363
-20.0128055154767
-19.991585226094873
-20.005969980249937
-20.010789306684185
-20.006918502816486
-20.018567151523314
-20.035435641471775
-20.036798275799157
-20.028944669922048
-20.00605676209526
-20.01721752056613
-20.018489586332993
-20.006819656200737
-19.998837071529387
-20.009751073916238
-20.018897344110812
-20.023085981386906
-20.021782453385008
-19.997887442151157
-19.994995354967187
-19.998824454378976
-19.976877507442328
-19.959587362538915
-19.956280338943294
-19.967558253842547
-19.976576386534266
-19.97375382988619
-19.986725881982824
-19.99350864137073
-19.99448035319428
-19.993606341731837
-20.00907538576961
-20.015109783282075
-20.02429756989157
-20.017530086912675
-20.005310323503412
-19.99423132012352
-19.98273044845201
-19.98406085532018
-19.984823018165617
-19.979486776580842
-19.968819535381552
-19.97194841187913
-19.977194227763263
-19.95616683968362
-19.93852684307902
-19.957636983639688
-19.953853941137613
-19.927729683406472
-19.9481849790925
-19.95719631565289
-19.985017157812194
-20.010882998647766
-20.00568122730077
-19.99911148340469
-19.987631297395932
-19.982984510014433
-19.984464004995072
-19.972483083396558
-19.958820446862177
-19.97360981701898
-19.96529273638376
-19.95412924120026
-19.958693310467137
-19.96223789560388
-19.976485222906184
-19.966160639849537
-19.9584403462008
-19.96059886735121
-19.983178899299745
-19.977014875993245
-19.95090658947866
-19.96202978342943
-19.97149534715012
-19.966335984056
-19.94143649705811
-19.953898293685228
-19.948806784878524
-19.96914413511973
-19.95036596938626
-19.9479165567792
-19.945240252584462
-19.93484229730579
-19.95842198311527
-19.97109346714194
-19.972451629382316
-19.98771649254176
-19.98531841012481
-19.98200936852409
-19.99727559253629
-20.013932896361922
-20.018328774149637
-20.007043564514642
-20.00842908118694
-19.993453847375548
-19.981206888990293
-19.999766417065988
-19.986734967845788
-19.990469910545183
-19.97728856530264
-19.97693958287053
-19.988216989911944
-19.995855095102602
-19.99889814191736
-20.00134649225802
-20.010594904965195
-19.997045441180326
-19.992973646878685
-19.98936863265335
-19.997932699090477
-20.000036342432225
-20.0094545576701
-20.00974073137532
-20.007896378404347
-20.022213770887227
-20.018708935200056
-20.02598783503469
-20.026812531371956
-20.019160813491744
-20.006825779270308
-20.02173551642376
-20.003081407627036
-20.01014687502993
-19.98968414731445
-20.01732210107022
-20.006228012529597
-20.01959563670712
-20.02588486523307
-20.017539775104428
-20.026084442185983
-20.046049715323758
-20.03660474831295
-20.061219740123175
-20.04985258857032
-20.037678459983095
-20.037391191994914
-20.02229794730661
-20.00755657502467
-20.020152606413955
-20.039156560368884
-20.03406001217033
-20.025417369084646
-20.039600281982562
-20.041984303469565
-20.046716728683865
-20.062329855334163
-20.054245024503096
-20.04833894529655
-20.03599431404362
-20.021673481321212
-20.036737108060592
-20.035101691160214
-20.04085705538551
-20.036166192109025
-20.036507712581997
-20.041174390853758
-20.03008983671525
-20.02042288292096
-20.017969055200016
-20.009272533232423
-20.02600541121688
-20.026452087956415
-20.044432958727224
-20.04661201516248
-20.03615685283155
-20.038089766218594
-20.031439937772998
-20.037786367619475
-20.03283491005002
-20.023538665753648
-20.035508569431173
-20.02701415638525
-20.039711165511715
-20.057743212846585
-20.064206276727344
-20.06039956527613
-20.06339013385771
-20.06581117652533
-20.059580069725953
-20.053499511040368
-20.037589712180885
-20.036829103940878
-20.050346261987233
-20.057260901061234
-20.047744310649055
-20.057034860013445
-20.051631707343642
-20.048743387149354
-20.034118890090788
-20.028708808381563
-20.034210337354697
-20.035062959323334
-20.013204058785508
-20.021303336034503
-20.01456576844484
-20.00950601705027
-20.00432329657852
-20.00058634565934
-19.985039401731015
-19.98950309736603
-19.98402619645823
-20.001326642008188
-20.008788398495113
-20.016990235484936
-20.00378750457586
-20.013281789419768
-20.014794217283637
-20.01641886445023
-20.023750384962323
-20.020039566181246
-20.0194837707904
-20.022294088516887
-20.02884715985099
-20.02442386081384
-20.021046706444785
-20.00953185389178
-20.00539376365037
-19.999601060072578
-20.010752892066005
-20.028752623165875
-20.035209255293463
-20.040768251012445
-20.01540985445157
-20.033072880833465
-20.058468873542964
-20.04158826840706
-20.052126970410857
-20.051802972796242
-20.042509693634006
-20.04577139519357
-20.04759431271809
-20.03552046965214
-20.020434322086796
-20.047110581704732
-20.036356819497378
-20.019068809178105
-20.01819596764124
-20.004927753766577
-20.011187882013413
-20.010337338669927
-19.997132453224012
-19.984924321635678
-19.972418445728213
-19.94542030197659
-19.936376199125835
-19.94916969491699
-19.952737498739417
-19.961604546498364
-19.951499905441064
-19.958964010338466
-19.960253368599776
-19.9468947157432
-19.94614556065519
-19.941504334255402
-19.95230776749044
-19.964186071925543
-19.96562857372735
-19.975587065018612
-19.991809126231235
-20.002286892395567
-20.007433098217405
-19.999908850972574
-19.982881247832132
-19.990997673672865
-19.991915666290954
-19.992618313295335
-19.997512155364554
-19.986544721004357
-19.98350409291644
-19.995706164504732
-19.9805491364155
-19.972324215696197
-19.967707510159425
-19.96763264947332
-19.97630518550941
-19.972731510296878
-19.980070125356356
-19.979001960069276
-19.962798801087995
-19.975598033493313
-19.982898585213086
-19.98988008403448
-19.988133400820544
-19.99521572761792
-20.010900074497066
-20.01150652603592
-20.022052049142207
-20.04382669815833
-20.047230732083957
-20.030835844323846
-20.017977805173548
-20.02117499470288
-20.026222406504992
-20.02273738654465
-20.014181403531502
-20.012495006640435
-20.028954763594744
-20.019809485583497
-20.02116645816531
-20.02963933450617
-20.035967869061647
-20.050801592743248
-20.028776236328532
-20.04403986066546
-20.05577190458419
-20.066759248893938
-20.06373917990726
-20.049441612969275
-20.04028957574789
-20.05378621830103
-20.061799114514592
-20.056047898059198
-20.052410606702967
-20.061966988509877
-20.06022994690668
-20.064656492363568
-20.049556930808045
-20.04937710407497
-20.04219696311467
-20.04159657483706
-20.036098398060073
-20.024608420704883
-20.00837936251084
-19.99168866304948
-20.002165134772493
-19.996172653309788
-19.984885252644847
-19.982915611110705
-19.979223817421094
-19.956440276404997
-19.945721871013944
-19.935547287808173
-19.945617216923534
-19.943214097026686
-19.951684193293865
-19.96265015102921
-19.96479424196201
-19.955637842557156
-19.956279158611768
-19.94723134343043
-19.931811009314536
-19.921978376911255
-19.924589441760215
-19.919319281507388
-19.90450333311251
-19.88489968010474
-19.88655660645334
-19.875037102997712
-19.879631640279875
-19.867528770522892
-19.881834719176286
-19.88584173948721
-19.880578891146826
-19.8859972059171
-19.880396567264548
-19.872454417433758
-19.876461897824864
-19.888680090929945
-19.898401421438905
-19.899803880258286
-19.90442180352944
-19.89078334113208
-19.896157100059146
-19.911859810671228
-19.91667226603388
-19.9204383725439
-19.935958293698164
-19.94014114294517
-19.954954747909895
-19.964156894105987
-19.972727712406627
-19.956293145679396
-19.96405906427629
-19.951846012258365
-19.97848882032506
-19.973147062690863
-19.96355319498106
-19.960216397422457
-19.95423107365253
-19.968276773081694
-19.98828456377879
-19.976966458801837
-19.965996857182446
-19.97939592656548
-19.981471904703096
-20.001487046683827
-19.99806650353861
-19.99403714738417
-20.007111675406733
-19.992040967770077
-20.0054425023776
-19.993912765650126
-19.989784712371154
-19.967658135210492
-19.96339467254426
-19.95489399629248
