-19.99676752615811
-19.961958326267787
-19.97231331375964
-19.98626610988152
-19.987017894955894
-20.007187816377105
-20.018547736629124
-20.009316921313417
-20.02547145414387
-20.03823250837423
-20.05337083022584
-20.040480336131118
-20.04135149355636
-20.024206571264465
-20.054462503561286
-20.032722238210464
-20.072098837423336
-20.065139479653578
-20.043755008026206
-20.032557370295816
-20.02388336214409
-20.027252004332745
-20.01150250012748
-19.988571057360936
-19.9920189968649
-20.01355752682933
-20.01449562171792
-20.011385781266263
-19.988707911612607
-20.00454448585949
-19.98477291129912
-19.994927398752477
-19.981433005780247
-19.99372052995593
-19.995105372311674
-20.007996676436235
-19.998255396918704
-19.9746581069273
-19.98434598065081
-19.97281388249959
-19.961319368415626
-19.95222974086793
-19.957270773044975
-19.959734546400387
-19.980447200569216
-19.995339763055224
-19.982224478280504
-19.957015217498697
-19.9802619425841
-19.980081812787642
-19.993591002889158
-19.989309210987344
-20.001949969919472
-19.989569395190863
-19.968846634768965
-19.967208461271863
-19.97605425045216
-19.974147030089622
-19.972066824535965
-19.976198443471162
-19.982033984396544
-20.011244570073174
-20.026184004505144
-20.036247132690992
-20.046067476735804
-20.041853585359767
-20.040804014599004
-20.025349932623698
-20.028032535414667
-20.028100229150606
-20.021441243177755
-20.017808785756003
-19.993410080367042
-20.022861125172703
-20.039874032952635
-19.998932857042977
-20.011350679804906
-20.00206105767659
-19.984779083551125
-20.00388975673556
-20.009952525222726
-20.019273748221607
-19.990265293770644
-19.956317914912038
-19.957820312290504
-19.964528438016423
-19.953521054567066
-19.94723356842179
-19.94783977772383
-19.919483461173257
-19.928923195134562
-19.92422954470319
-19.92131729215355
-19.92102958209752
-19.949876933426445
-19.941096825362553
-19.947377704032153
-19.95508535766598
-19.98389759111043
-19.982981391396827
-19.972790741331583
-19.988667229459104
-19.94968165720568
-19.94362141030778
-19.940875792553065
-19.92701121645232
-19.922364649155625
-19.956607586085227
-19.949537501482315
-19.952924826941523
-19.9510356190833
-19.945935664858848
-19.953541713122164
-19.950135109127025
-19.96363325538212
-19.938149916934485
-19.942466063537882
-19.926458492797238
-19.9384948294116
-19.952631426022915
-19.94523338631589
-19.946978680369348
-19.949851453984564
-19.954642014890972
-19.961186621302282
-19.960449050716676
-19.970527485155014
-19.962492707792734
-19.96849365826063
-19.992100935536303
-19.981110314147532
-19.972184713924495
-19.940140255464282
-19.944143755709387
-19.938898360443762
-19.94457205735642
-19.96312480728041
-19.98078041646946
-19.971448467272662
-19.957626194965776
-19.958780672251528
-19.97016776306435
-19.97495260982743
-19.968551732113532
-19.982237489754453
-19.98604522744906
-19.96699202431156
-19.954547316647897
-19.970932798688587
-19.94956840396413
-19.95910777805439
-19.937446234985153
-19.920338521503766
-19.93968504389601
-19.929247798285786
-19.91273461129507
-19.933916608962846
-19.90466372865437
-19.896492183404476
-19.893084552863794
-19.898654325515338
-19.89112120711201
-19.905204618320735
-19.915440261875222
-19.91350995739
-19.9187896269407
-19.900189832648277
-19.887688122454303
-19.900313742794435
-19.90826722296771
-19.91296411661192
-19.914544003910414
-19.891991582043467
-19.9072134836268
-19.923138570650394
-19.93327272128729
-19.928774384464234
-19.92382015223068
-19.89848380274455
-19.904141462239103
-19.890670502262033
-19.889287487776304
-19.88176903317071
-19.89206456893577
-19.89936507997115
-19.88653217678919
-19.891013026144442
-19.887390705117518
-19.90319290628992
-19.897036545576874
-19.87732721141553
-19.914207177279774
-19.894821747999227
-19.900624901179153
-19.897610523671485
-19.904205801935774
-19.89778608721247
-19.879175199922265
-19.875691014958655
-19.89071370118797
-19.895425989520675
-19.886419450558527
-19.877776855537025
-19.85370631374973
-19.869146285452125
-19.884173492916744
-19.86834026321435
-19.8578774421226
-19.869507277207127
-19.886404768045736
-19.90730216162146
-19.911659066558716
-19.91887482207439
-19.955408235378126
-19.93818224494364
-19.9381358991833
-19.912386005240265
-19.929967082528997
-19.938348031595332
-19.92083848638618
-19.931625266537168
-19.930375216439657
-19.949427471937756
-19.954606014556823
-19.965410113936542
-19.9742033057378
-19.97547094450502
-19.979388696981722
-20.00858706018042
-19.996716015176833
-19.98296983959684
-19.944809435741234
-19.947849158252122
-19.958412434113264
-19.974233985431667
-19.94747814477794
-19.944805781295376
-19.956034404847582
-19.97955596731955
-19.949053390734548
-19.941090013517258
-19.954606343973296
-19.957137887523558
-19.9769403716291
-19.958202409916424
-19.985417063724398
-19.94503906968966
-19.927585905193922
-19.918329548389924
-19.928043249173083
-19.905778328216996
-19.888075679287194
-19.897983276375463
-19.913991440917194
-19.914436780357992
-19.893675272239882
-19.915091310985844
-19.934373776325604
-19.92878733329451
-19.914560439093744
-19.93762466760495
-19.928868944096468
-19.95056960209492
-19.966572109958907
-19.97054665994043
-19.972145866835152
-19.973024055744688
-19.984719037876868
-19.984846728496997
-19.96345362075366
-19.957580520546713
-19.96822097797682
-19.943756999307197
-19.950196892164332
-19.931351421944917
-19.926810801962723
-19.934211458943462
-19.948147859155846
-19.925877875318175
-19.910987629038107
-19.906375343923116
-19.902417629837117
-19.897207360088526
-19.868889337235846
-19.890538470015336
-19.908034986040576
-19.899558297831227
-19.907773762891086
-19.89334579263685
-19.91136632746056
-19.909222261049
-19.9093785182109
-19.91423021696739
-19.941354821232746
-19.893738979894245
-19.893679231169486
-19.898571553556504
-19.886692076828975
-19.85184184513227
-19.83439484534266
-19.80958842081454
-19.799662841492633
-19.78273843401391
-19.809599413844314
-19.83055714015656
-19.873072836613083
-19.890241082711647
-19.882681692638805
-19.87329995770285
-19.855416294312896
-19.842590628319023
-19.847531354906295
-19.844365455383077
-19.839374040594308
-19.8487791668852
-19.839388414519863
-19.839386557055608
-19.85275208643706
-19.849094056642258
-19.852194481423705
-19.87913793831933
-19.893339800995033
-19.867211702284425
-19.86650564481658
-19.85900400897408
-19.858660936258293
-19.86161361084945
-19.85923357524303
-19.843369541003288
-19.870407241084855
-19.85983146966478
-19.86185250378547
-19.886952059785994
-19.867222310373233
-19.892242375726134
-19.914763308857395
-19.927238821444192
-19.912572174742504
-19.905011834548272
-19.916797114116292
-19.921838661384925
-19.93115585063832
-19.91448719356742
-19.932578991856875
-19.892801624252172
-19.88516753060915
-19.879594462542364
-19.881360535432517
-19.877505566309914
-19.882558723882404
-19.896158244393316
-19.92096050913118
-19.928932637701095
-19.947333666835213
-19.952447503147194
-19.97934250300976
-19.959731068816986
-19.961393836688313
-19.962225522699665
-19.934219895531267
-19.953695019858472
-19.939051938696675
-19.90269079504628
-19.903072254971327
-19.92068088973346
-19.914191175313103
-19.934368711814994
-19.906979434092
-19.91809537001632
-19.910605594982396
-19.89022673109574
-19.913013558656598
-19.93101509008157
-19.9208924959314
-19.936895114116385
-19.937577756686007
-19.964444895674546
-19.9580050088258
-19.930701852267024
-19.906515061125955
-19.92140785618801
-19.89000350181785
-19.89739768826182
-19.91203456979015
-19.88293689750072
-19.87032848955524
-19.857795486085305
-19.842199946911666
-19.848818937063744
-19.858755214687697
-19.846973816170557
-19.841690875238847
-19.8161292955249
-19.828853438692153
-19.836074849846977
-19.835233216930135
-19.82317207893663
-19.798106578697805
-19.80029820727866
-19.798193311309003
-19.78259095324716
-19.77888976699863
-19.755674052572683
-19.78723042394877
-19.799160190051396
-19.821967997857538
-19.83527365012268
-19.8376032503207
-19.85828204988911
-19.87625529542454
-19.87317790907696
-19.886235626090038
-19.888755341815276
-19.88655684942345
-19.893274271089865
-19.894917116354186
-19.875339529903187
-19.88270361468395
-19.865018760919515
-19.896371734388918
-19.903921847351015
-19.91594435734601
-19.899495941930383
-19.898638111313282
-19.89989740508709
-19.875010194211733
-19.881253245628397
-19.895358553293303
-19.877619673414376
-19.87837263454653
-19.890467376975014
-19.881363341810626
-19.886195383502194
-19.89364506584389
-19.88703786572404
-19.91659878531229
-19.911723787876863
-19.91891338951812
-19.898490427078233
-19.89716656219475
-19.879859803953526
-19.875053863703872
-19.876854835077328
-19.883740957091753
-19.896431694419274
-19.88713904204215
-19.92146944570759
-19.93493462271372
-19.93176660838461
-19.914875255532287
-19.932803669158595
-19.910560840777116
-19.91636040950307
-19.944806958197006
-19.950691243673404
-19.963409176881825
-19.95079836418632
-19.94923441356931
-19.97152250850191
-19.984585898180043
-19.988886430580127
-19.977899854827815
-19.98439919279072
-19.988012283490818
-19.94739619150868
-19.940835993425015
-19.93488896198403
-19.951703882996213
-19.94482429509465
-19.939357999907962
-19.92648176276476
-19.923268975518454
-19.93019744401811
-19.9290226420243
-19.958756600950363
-19.978082605422387
-19.9839056096094
-19.982256739979242
-19.98327068464709
-19.98071556303411
-19.996715195696133
-20.019818489216522
-20.008021507893577
-20.010212718265834
-19.981433704956938
-19.969918161232403
-19.96435085564454
-19.94168968855265
-19.951483423018303
-19.94032577004014
-19.96495458373913
-19.969339075904347
-19.97964815338896
-19.984478989321673
-19.961186268561768
-19.959428678087377
-19.97559075428447
-19.963438066648877
-19.95752346069054
-19.94889896161234
-19.980337234370964
-19.97083290547844
-19.96950921169861
-19.95026617826918
-19.963756483659377
-19.966307777293583
-19.96230122963906
-19.984536765443192
-19.966655779470265
-19.97396918874501
-19.987422821836855
-19.98386437338462
-19.9688047158752
-19.989581510709417
-20.007161800071813
-19.991343299371746
-20.01690051591144
-19.998690133866102
-20.00590379790484
-19.996108079813492
-19.996036345646655
-19.99957780423419
-20.00333477920677
-20.006560260428472
-19.98716993640166
-19.99081282408616
-19.965936711938813
-19.955114909620153
-19.932543988170984
-19.941990746602713
-19.946375189869105
-19.942835003381287
-19.954343846070778
-19.95044163432991
-19.94564088098288
-19.94481242108762
-19.949468471570057
-19.952894101081007
-19.960358937922933
-19.9570749429422
-19.966877886724845
-19.982617453879435
-19.98511674520692
-19.986736275753334
-20.000852562330888
-19.995115293761085
-19.996446024032988
-19.997316513019396
-20.019971704488434
-20.051036527171803
-20.038741318341636
-20.024623022662077
-20.01999011468499
-20.03455635024577
-19.987740001825955
-19.998982957028613
-19.969237240236637
-19.951406319527635
-19.964761462244375
-19.970514230082895
-19.942195349815737
-19.952309345398803
-19.945470303715425
-19.95560501830792
-19.95793685331561
-19.959581426594756
-19.971200232853548
-19.951844665464662
-19.967015287750005
-19.986009637188186
-20.01783923462927
-20.008488097680896
-19.996061373138293
-19.999789699411718
-19.97394936471927
-19.97834335213573
-19.97139922911062
-19.967988933129085
-19.985743290921924
-19.975361679323488
-19.981905558395848
-19.969911955054126
-19.97816884134858
-19.987211829147775
-19.98007157157378
-19.99620666210803
-19.98741982713064
-19.985287172180115
-19.97082812979218
-19.978557188035218
-19.980326126546853
-19.99136358448564
-20.008812811421365
-19.994771103840097
-20.032454386376248
-20.030705046600893
-20.0137375305104
-20.008797142566664
-20.01527506466956
-20.00689884519646
-20.020788030874208
-20.031205071994815
-20.028206600003834
-20.00636147557718
-20.006409255073656
-20.003039174926236
-19.987900189126336
-19.96385880458631
-19.98369337303987
-19.991457949928478
-19.99595077236301
-20.006040652243737
-19.991575028526945
-19.982787053182456
-20.010954589340898
-20.003104000632487
-19.999580792722988
-20.017777194165852
-20.006040219547373
-19.999002424951108
-20.023002973011216
-20.029361534748666
-20.03570661051291
-20.02781869511085
-20.043401599720003
-20.080323172631527
-20.06746437220011
-20.062932499144363
-20.04640719645694
-20.03576645586417
-20.03480397072983
-20.01411673038996
-20.026855696662707
-20.028010716006275
-20.04286781096008
-20.06236482409482
-20.06251188352871
-20.08127196622932
-20.07721705221692
-20.0547451545088
-20.052876254134794
-20.045961458141434
-20.031986647002192
-20.019238196486103
-20.031007635373633
-20.0264353684691
-20.01211108390848
-20.000350474550785
-19.98560977658812
-19.993515951772736
-19.9869793651879
-19.982424318139284
-19.981078710372397
-19.950474302990564
-19.980802252257817
-19.957492050106055
-19.963909038324235
-19.955972054032767
-19.97652927794853
-20.006538180263203
-20.00408784982055
-19.99346624935382
-19.99013500259108
-19.997571590755406
-19.974596464286083
-20.000424111466618
-19.966527199913198
-19.946866246235917
-19.952304580648832
-19.962467060613914
-19.944798840193304
-19.94264251055412
-19.95115345990844
-19.940446246023562
-19.965714828739525
-19.97659927075439
-19.944413379929724
-19.95989510669549
-19.96300375794327
-20.0001726332395
-19.994322143948615
-19.97826639978065
-20.00472630520992
-20.02302426368814
-20.01390730861208
-19.99349167268686
-19.983539084177398
-20.014142699955947
-20.020628421478072
-20.010583349365604
-20.01220958207314
-20.019124107754653
-20.034873103544918
-20.052995023657807
-20.049003653215635
-20.0373639888278
-20.033636616497454
-20.016896304153104
-20.002659064009233
-20.03146166319244
-20.035105404321524
-20.0370477458986
-20.058509260005938
-20.04101369830899
-20.069243974598017
-20.05229175586438
-20.04084965216913
-20.028633433197527
-20.03128551521128
-20.00812809099874
-20.005724571007054
-20.007309857029036
-20.01714810944571
-20.014402260039198
-20.028399503058445
-20.0192040245958
-19.994600582858986
-19.963467722895807
-19.947603116224265
-19.939121855048253
-19.960058145600726
-19.95685856064115
-19.927429289018335
-19.951552219400153
-19.957453765565113
-19.945799814607298
-19.965947678106954
-19.97777432824049
-19.986207666200556
-19.977626416961815
-19.994688398312253
-19.99748208749657
-20.004108816915387
-20.003537020525965
-20.012227705957997
-20.00647558649751
-20.032491859073588
-20.027818979746048
-20.022716866644178
-20.038318252216886
-20.04076071240611
-20.023505522952544
-20.018699176895396
-20.009593015968555
-20.036189795337833
-20.086055773127114
-20.04169456492994
-20.050869689320567
-20.061888109091182
-20.06047385801764
-20.0560389070756
-20.058886635860226
-20.0806161766819
-20.085825950718075
-20.077407369235402
-20.108282420678286
-20.098377473541024
-20.08997786021017
-20.11230425221145
-20.11369271483372
-20.140425702127185
-20.110575698618952
-20.1113989023144
-20.100860278900473
-20.116641235891233
-20.124452942528887
-20.118656610045743
-20.084042967090184
-20.075786578517352
-20.041195280736595
-20.03565927242628
-20.075761310919845
-20.09273557865179
-20.11161596986572
-20.092525861339382
-20.09443663399012
-20.109905816852795
-20.105084780752975
-20.112619276499515
-20.121972706135626
-20.12466680419173
-20.09193226268631
-20.088082568535583
-20.100468183487198
-20.128187380181366
-20.117923422785424
-20.110634319669884
-20.084988279407387
-20.085869235843134
-20.09322628092819
-20.078074108734697
-20.0733527613899
-20.081813046470977
-20.06370203769788
-20.05286103491952
-20.0485522603343
-20.05842812445709
-20.093053246010555
-20.08793891232102
-20.096243745914023
-20.09327688753483
-20.104658945909378
-20.112547236130222
-20.095626712815754
-20.08524132126653
-20.08331577160977
-20.06286615314371
-20.063077470993242
-20.050575659483112
-20.057084083614495
-20.046227770875813
-20.049713800415706
-20.037718014747544
-20.016958607679204
-20.03140454228721
-20.033615543412548
-20.02175203107772
-20.027010376859167
-20.01565590321741
-19.998094743347213
-19.99982105219021
-20.003813285220065
-19.988450155913725
-19.98351321220391
-20.001055240170718
-19.988452013137902
-20.002874016205137
-20.040970442793736
-20.04425328503548
-20.0172909922404
-20.021833767072927
-20.015950490358602
-19.973948933735628
-19.97553843887446
-19.9778458547677
-19.991613008323636
-19.97370052497518
-19.982376442595495
-20.01579716760183
-20.026912845122542
-20.04635964588959
-20.032405579149785
-20.063788837254428
-20.058484633076183
-20.06554863737655
-20.027104097605744
-20.02402335449862
-20.017534337246992
-20.00399900115587
-20.00513051984834
-19.996831052666632
-19.997146419175202
-20.008501334468317
-20.009957334173546
-20.03871246994776
-20.03052042174958
-20.021425445434286
-20.018982893776514
-20.03342314496431
-19.99852115807306
-19.97752127157606
-19.975073641330557
-19.972680752368884
-19.962996417191707
-19.95493515343156
-19.98022334007667
-19.985553145721877
-19.9801396501308
-19.979441366183377
-20.003216256695133
-20.007178602630955
-20.019728581592314
-20.005933686347827
-20.010108449348134
-20.012605470613522
-20.032682371758582
-20.013419887525306
-20.012491033892086
-20.024092246100317
-20.051819963640924
-20.0481254322391
-20.058611830522132
-20.068838100697835
-20.070667894056108
-20.04509962392169
-20.043369358087354
-20.040105155129684
-20.04597124708447
-20.02928705983544
-20.027125088926965
-20.00736304948968
-20.011853741933507
-19.996927834757276
-19.99408385453605
-19.987015532823957
-19.97609637281304
-19.984755753792985
-20.016629223696885
-20.01065515514838
-19.97636162051601
-19.979331798828895
-19.97056779263727
-19.996759013978732
-19.98763295120995
-19.956507466061627
-19.963252414766828
-19.953210288740483
-19.959482119858958
-19.95951519929933
-19.954834747434596
-19.956086414966187
-19.962483919087227
-19.96182817175638
-19.96573929616794
-19.964952233927082
-19.976978517005392
-19.991607514188622
-19.974444374114594
-19.976815553961337
-19.949659880174487
-19.979524449637115
-20.00318790236881
-20.013924546523068
-19.983150239916075
-19.98120050779072
-20.0146710111199
-20.007924166995153
-19.995155250574555
-19.986700251378846
-19.981008954008942
-19.96455956807182
-19.981824493201465
-19.990911518615714
-19.982498739568985
-19.99592148205854
-20.003521652106457
-20.027316003530277
-20.058022465228664
-20.052739081965388
-20.056362913209032
-20.057417344162374
-20.052582101167012
-20.038052880622654
-20.016331072412225
-20.020553932482258
-20.004212765376685
-20.010677113105615
-19.98662486253131
-19.97789498124735
-19.946773907844737
-19.978281467992797
-19.95321530504688
-19.97869612917263
-19.988128027488838
-19.9925425162729
-19.965050275935752
-19.97992255580719
-19.9643907085923
-19.978002280703524
-19.95876783413626
-19.962562485353722
-19.969216135069424
-19.945714181655255
-19.95665398177857
-19.951439229266285
-19.99005904082053
-19.981483774845184
-19.943959095552128
-19.952965378028512
-19.973737884592442
-19.964305838483106
-19.96968172634329
-19.97975089235067
-19.992001878063167
-19.983228829087
-19.975459279060374
-19.965484320402794
-19.991739795318903
-19.99736513604879
-19.980319936268735
-19.98381654620402
-19.97956037888998
-20.000803749501255
-20.024910015141224
-20.005673671448537
-19.98888178441926
-19.965578006426316
-19.96296419732326
-19.96683200326999
-19.935001716917796
-19.904287215073413
-19.90486000863898
-19.920152146580737
-19.9104710372131
-19.91849586267599
-19.90694876005153
-19.89912181253759
-19.936135773662148
-19.94789074810781
-19.957562166971613
-19.971920932229796
