44.0
43.71267911943867
43.41103973911941
43.09981324314282
42.74395002210899
42.35090181890649
41.91545718140471
41.4716252698799
40.9664582072354
40.443536770341936
39.88156848375503
39.269372116552155
38.662972840212525
37.96992822880071
37.26877756977897
36.50386433864673
35.73804272964729
34.90557671504973
34.10071965012191
33.22159662324788
32.25909304919653
31.252387196520434
30.175645572636107
29.098414529399015
28.032918372992757
26.910356936193725
25.71784278532436
24.554758753223723
23.332160911937127
22.101233044615203
20.88010383443122
19.678637109511673
18.453288007406442
17.20732026608451
15.969163903853586
14.726133337001551
13.550917026619437
12.342707544000891
11.18677530724746
10.04153373624575
8.909308365437559
7.808038191697761
6.732176575662553
5.722902017363618
4.685401930361125
3.759318793575918
2.8367019103003415
1.935394720383751
1.0689898939104836
0.23750847575343467
-0.5754587471813036
-1.3273911558994886
-2.0830611523376517
-2.8155923680241366
-3.4713577933931155
-4.076008390671196
-4.685726861856347
-5.256318981076122
-5.803361704132486
-6.344752417381936
-6.835265703353163
-7.293221734921295
-7.751415607972562
-8.173313258217355
-8.571259986967203
-8.938726442361927
-9.282618732010167
-9.601542532974312
-9.893861911782112
-10.205017196097248
-10.509060347402064
-10.804420347701722
-11.082622864897214
-11.329308011575753
-11.565544397519481
-11.783750981315137
-11.96325259484784
-12.182768643977097
-12.402141004262516
-12.578536570172028
-12.711441624042134
-12.864394933024096
-13.020672026981915
-13.165478863926685
-13.296229293248052
-13.430804485738692
-13.55571324094371
-13.662378081164743
-13.777031019405598
-13.89721018359976
-13.984822346736713
-14.092761550286593
-14.207520566442774
-14.275424241535152
-14.34694164960032
-14.417044568739547
-14.511706029877585
-14.5958376617529
-14.66975301935571
-14.734871174596229
-14.795142223054947
-14.888190524769266
-14.960293347166916
-15.021031308136177
-15.078795488443937
-15.137571456206297
-15.193410344927466
-15.222649933967496
-15.272046092269534
-15.317951063893599
-15.356035849195877
-15.405418736554715
-15.439628291574328
-15.500034722755244
-15.54344365491845
-15.595316630215875
-15.618831782694347
-15.651497081368012
-15.68336877222724
-15.718466226225992
-15.773090078467957
-15.809282106742783
-15.862441535469912
-15.897092530589298
-15.907897061808713
-15.941620424087318
-15.9703460626865
-15.988269176992159
-16.023734960841665
-16.064919518120426
-16.095801441983117
-16.109871447501863
-16.122729198280002
-16.128609773915286
-16.164423080872957
-16.197784431409136
-16.21867838065219
-16.258456895151838
-16.268209502557124
-16.291196151161593
-16.306037621081824
-16.311705084027142
-16.32817939818606
-16.343951650033304
-16.36808613963748
-16.39250686158822
-16.42589979609029
-16.437074164766514
-16.459498641953754
-16.468728918561244
-16.470535909301482
-16.48786017429188
-16.504697313929185
-16.520342170853134
-16.546611592088542
-16.566412348069516
-16.574744166115313
-16.596307857027778
-16.60480644388751
-16.617867853568082
-16.645861324782654
-16.657574630187323
-16.68141337969009
-16.703383379355795
-16.703839859741624
-16.719504660262196
-16.745717278350188
-16.77439463256501
-16.77532693906965
-16.802649247012447
-16.826431505417624
-16.832758314443836
-16.842020947396602
-16.8631187720057
-16.875764673113085
-16.91095449050319
-16.9209350605786
-16.915408069831763
-16.930723061492877
-16.939786596553205
-16.96152240883469
-16.973951661536567
-17.00777723390067
-17.016260140561304
-17.03970372016095
-17.035409781559217
-17.048599785697498
-17.058646598041697
-17.06316670492461
-17.100125888739257
-17.121951231022383
-17.13763203808248
-17.15241816945143
-17.1546883794336
-17.178885256078797
-17.173220261890656
-17.17970432974993
-17.16117666109029
-17.149420476388073
-17.160469247508296
-17.172689439758095
-17.18370113521665
-17.182965757529676
-17.20024330490896
-17.209082600125008
-17.218892498019805
-17.220778623354043
-17.243526607316994
-17.26335636728237
-17.271941497952458
-17.269619936696028
-17.256123433508577
-17.268704780092406
-17.248353826453627
-17.279444283421697
-17.28863375127155
-17.293163637087083
-17.312913916308784
-17.313613704017108
-17.318096046239532
-17.332568027053412
-17.332733871058224
-17.338191568350464
-17.347437098963468
-17.345078251807834
-17.360094708223567
-17.364087574058303
-17.373739609150135
-17.393081278173593
-17.38707434641827
-17.40345375915176
-17.396796926743125
-17.39463601478018
-17.413786010335684
-17.42226155076293
-17.440917407972456
-17.438322274869968
-17.435909738774473
-17.44386664508299
-17.447053196540686
-17.45108736633205
-17.45412030897867
-17.450181488138366
-17.44936938327862
-17.451634366240075
-17.451496062608562
-17.45738105572143
-17.463126941503585
-17.46881744396292
-17.467439590774053
-17.464118503359824
-17.471969070246193
-17.471662084045935
-17.458969975811613
-17.456180289662942
-17.463292183010665
-17.45885024376766
-17.46821464029356
-17.47344333320056
-17.49636935899252
-17.507420990988997
-17.511369189369542
-17.53121694755464
-17.532251905603466
-17.524856968844986
-17.55012298385762
-17.56399932738265
-17.579104620009723
-17.589872258450264
-17.60673578331743
-17.61570810559547
-17.61637805183931
-17.618859679858293
-17.616000499427614
-17.619986250738418
-17.625742130692977
-17.63331890147038
-17.647307842995172
-17.654612848796635
-17.651776795987647
-17.658063143209027
-17.66000632936022
-17.671596584396546
-17.662674138636433
-17.656471562345104
-17.64951662885342
-17.660037009640863
-17.664675903918848
-17.679514629407514
-17.675518311027236
-17.67616835643932
-17.670471259110766
-17.683894749800164
-17.686987862085452
-17.68527600823096
-17.691696923242752
-17.694811216192125
-17.702459733387425
-17.720910212749246
-17.731106701386068
-17.732848701560716
-17.728778689460132
-17.728424702403892
-17.72553287285872
-17.71737632678605
-17.70332913123401
-17.705584487050242
-17.696504510907367
-17.69928026042907
-17.71121574723832
-17.719360885128857
-17.710209483264343
-17.704799375879194
-17.704931485768004
-17.715808500123757
-17.72948668080468
-17.739530296332312
-17.736487659363462
-17.73598086151485
-17.738239873428057
-17.742502082324993
-17.74609401308554
-17.739424112225052
-17.743404608356002
-17.751190464381644
-17.747100219785906
-17.74520868890206
-17.745443356554066
-17.74919514749009
-17.74971043006859
-17.76409927732082
-17.761879897457653
-17.772036502766873
-17.788675496318533
-17.779488754888934
-17.783064196371303
-17.77804658809116
-17.763973504496835
-17.767335058537657
-17.777752306424524
-17.775422876456684
-17.786328386154562
-17.78468856757752
-17.791651909576427
-17.795396320746626
-17.807477472959544
-17.819469300757206
-17.818790794271425
-17.827923228261408
-17.822656864577432
-17.83610921286107
-17.839550824081883
-17.834762905039877
-17.827728332203957
-17.8103061230434
-17.798841536422945
-17.799170922919373
-17.79292945478279
-17.80269322778379
-17.829864212390483
-17.826816153006494
-17.826549305880608
-17.8274348832409
-17.82024397042455
-17.815999013372053
-17.823700679672775
-17.83468065688992
-17.847943985856695
-17.85012516880036
-17.85038772292301
-17.838584923436837
-17.83689262207235
-17.84136503290792
-17.825116418909953
-17.834195518279
-17.83163407921018
-17.838152626518276
-17.859276972876717
-17.871719585752285
-17.88229849258849
-17.871055206857218
-17.86028883764459
-17.845828926479854
-17.85194224381208
-17.864375136404206
-17.85485662124358
-17.855005682183176
-17.851431634644936
-17.846904837738293
-17.86349046564337
-17.875046440316495
-17.874641737901722
-17.88919717057819
-17.88717657429829
-17.873384254744664
-17.892550238160336
-17.891905882648903
-17.91170803027537
-17.91383872074479
-17.918660807686525
-17.932940945667788
-17.944147133231873
-17.961483497682636
-17.945668269597626
-17.938160697390007
-17.934098588498415
-17.947251563614987
-17.952838566027836
-17.95949013303835
-17.976712292443388
-17.982342215660683
-17.976646673078537
-17.95925342553133
-17.94638842953985
-17.943690540321867
-17.951945345130188
-17.94830294739651
-17.95246250851135
-17.961567037006347
-17.965842067971163
-17.951344473519757
-17.95477613527465
-17.973367503068687
-17.968690509139094
-17.982768822816382
-17.95539429398316
-17.965164826887786
-17.976117210545855
-17.984501511622046
-17.97636724896755
-17.97327317537441
-17.981913523634397
-17.976073015196718
-17.973896993603894
-17.972909844158913
-17.97317853909909
-17.95307149734128
-17.951973459379875
-17.94215053464331
-17.946540216548286
-17.936546864074725
-17.94822132543813
-17.947009576933684
-17.959831267383016
-17.962417548027037
-17.974762086562016
-17.97691027023742
-17.9777927318732
-17.970106306800727
-17.97176628736356
-17.977544439497965
-17.967377669043945
-17.977155136482946
-17.995700261136204
-17.990349275495763
-17.99371077426643
-18.00768193534185
-18.006434787852225
-18.022324548106162
-18.015231870051966
-18.00753458030123
-18.01669766598142
-18.005437995076157
-18.019307557664085
-18.016142187144506
-17.999803674258185
-17.996204497270856
-17.999554083479268
-18.000854986504777
-17.99595709347056
-18.002171919872104
-18.00977628450852
-18.016709119404936
-18.0522126214321
-18.0400566537
-18.030909507005543
-18.043735578642465
-18.05807423600134
-18.0355673301324
-18.035410939127157
-18.03574927095896
-18.05408167296239
-18.05114833487579
-18.045389488538532
-18.045028792592113
-18.04136213017581
-18.027022959946326
-18.029076967659794
-18.037329452489228
-18.040756724047526
-18.04928009159579
-18.055135539353813
-18.032379506863414
-18.02216556471158
-18.026821251273283
-18.028208731734942
-18.033688751679517
-18.029048954867463
-18.035810906120492
-18.055140668973603
-18.056662821309235
-18.07275971958836
-18.0620471465657
-18.06138604208377
-18.081555929882406
-18.09005283324596
-18.095445118013473
-18.106445082855828
-18.118204130095812
-18.11091031216037
-18.112035945070325
-18.10385470121198
-18.10705606445011
-18.09925058506632
-18.10015933180293
-18.09030836555097
-18.09139727542579
-18.097540282422106
-18.103054976347924
-18.088071287611907
-18.075750751912505
-18.082540977802903
-18.09574488479233
-18.113671605742937
-18.12032972101153
-18.12365484403079
-18.135752191983325
-18.132278377311806
-18.135423210726728
-18.132120244047822
-18.147425991075103
-18.141715273992336
-18.15633340564322
-18.163400793994345
-18.148901377655204
-18.124615389539763
-18.114248257003123
-18.10946024601167
-18.121953829517757
-18.124110710714366
-18.12444386439953
-18.11835280219701
-18.13157986203133
-18.125732929999852
-18.12741960343347
-18.143172244897166
-18.13509584791918
-18.13410453682987
-18.129999344287327
-18.14906498392896
-18.158400325638297
-18.153325159506835
-18.16737430640593
-18.169012706228074
-18.167739949768766
-18.18606696790227
-18.20019775618179
-18.205884424741722
-18.210329145103227
-18.215268331257096
-18.21457084085177
-18.221659315040103
-18.205310191609122
-18.204922127388734
-18.212547814753215
-18.207353715200867
-18.194080105088158
-18.183698248356393
-18.189286534927444
-18.216978458360465
-18.212362273272966
-18.23116639439552
-18.230952018058083
-18.240472459932228
-18.238350845943028
-18.225227083573536
-18.237259577314724
-18.250195816446666
-18.249602901001666
-18.2485352441767
-18.246822813958275
-18.221504542332866
-18.21810784585728
-18.208770496428688
-18.22139444238474
-18.221955863136614
-18.239936051456148
-18.214587043757064
-18.22179436002925
-18.214238721514047
-18.200058979443355
-18.19592013988653
-18.20872074187341
-18.229278429055736
-18.225883717858608
-18.225985509723202
-18.233202029783836
-18.251765217809133
-18.246096668644896
-18.24269368647311
-18.246764954572843
-18.24868313905496
-18.243277465475966
-18.244942561731545
-18.258310761115833
-18.285455170473863
-18.30242981792887
-18.301436143260062
-18.304104541573988
-18.275006253117184
-18.25902953958444
-18.251880106728407
-18.26437558454349
-18.26727375240431
-18.25904085102773
-18.278968815867252
-18.275803894877477
-18.27769580526867
-18.25940350171165
-18.25384719282358
-18.250841429300948
-18.24641518808581
-18.254684603932628
-18.27680760100493
-18.273571977597182
-18.278142750849657
-18.26765142460093
-18.281319521339153
-18.267440532068587
-18.265182050685492
-18.272470102819337
-18.27388031373154
-18.279744450148822
-18.26949993668176
-18.240354349853117
-18.22993666331116
-18.240352086281213
-18.260152623016896
-18.270395795989202
-18.275747003070098
-18.26593535189004
-18.2735585012766
-18.283930064048583
-18.285174122043117
-18.287824007420095
-18.293032213828045
-18.292186854785236
-18.28470753697408
-18.280723204022518
-18.28462514626986
-18.289317614905922
-18.292335758143007
-18.265529896905992
-18.269343831023306
-18.292358671708808
-18.300066265584437
-18.29788068048232
-18.283668526750933
-18.288841719873012
-18.27953255151766
-18.307147295822308
-18.309005253299198
-18.320591912724836
-18.32682870954562
-18.326783296088408
-18.347961525974366
-18.358877402078043
-18.36602865774435
-18.357018232581893
-18.350376551037265
-18.36871769007997
-18.375032343187435
-18.393345957113837
-18.373253459345282
-18.358246265432594
-18.366787838001883
-18.364200771485798
-18.38911234465347
-18.369800340873336
-18.352825135242167
-18.346894451301385
-18.340284120641087
-18.35563516103636
-18.35810771628605
-18.370869565148613
-18.363490490166672
-18.344687482215022
-18.34449344171448
-18.34946596822274
-18.34650007807993
-18.350350620503324
-18.349605498581596
-18.361283503854146
-18.371227137297037
-18.372708542945617
-18.363830746147496
-18.349325373482646
-18.358806777096106
-18.371588629649633
-18.359547093723677
-18.363489684432007
-18.37236327303652
-18.39243508808504
-18.39421083394606
-18.406671152200143
-18.417464323121408
-18.412526500669152
-18.41767339986208
-18.42516975741976
-18.43088742618241
-18.421119971174964
-18.414310708482684
-18.43367515856504
-18.44114063455082
-18.462880203090418
-18.477135018575325
-18.457771940366282
-18.453254901800943
-18.442306345142406
-18.445378713667743
-18.443590647813746
-18.453957481426652
-18.455998673648743
-18.44476261983674
-18.447840812785856
-18.438171098941194
-18.428001162462568
-18.423671432595253
-18.444083223758746
-18.436343579684593
-18.43590925919218
-18.424225253814562
-18.415794337277028
-18.410843306844672
-18.421035150823574
-18.41264452606027
-18.401404710034164
-18.43956976511634
-18.458835716184332
-18.476055741281794
-18.483955965530185
-18.500500550728454
-18.489540267013503
-18.498607509982655
-18.49648365517918
-18.514848552495117
-18.522944877961223
-18.537276704979195
-18.54057077982687
-18.54266270562647
-18.545284975438932
-18.550276767083606
-18.556224274788345
-18.546006620216858
-18.545089495849258
-18.53183294661777
-18.529794861378413
-18.545387683237763
-18.549701837401724
-18.556298938279227
-18.545105851748446
-18.546037202026138
-18.539965975533374
-18.540301861146084
-18.536966497687526
-18.528503477883145
-18.530732067074773
-18.55299922317408
-18.567536923704676
-18.57650521028184
-18.588706841681514
-18.601907914999956
-18.606870704707227
-18.592705981273195
-18.60344859950055
-18.611462176886068
-18.62809545646956
-18.65010446821152
-18.65532440113183
-18.658709886919066
-18.642170767927823
-18.63460747410427
-18.635027584565506
-18.62220337707996
-18.61989456282146
-18.607024403845415
-18.608503600772877
-18.611453803818332
-18.61022460811032
-18.612540614562697
-18.60863419569756
-18.59329971637558
-18.594412749484714
-18.58844472725447
-18.586193342191457
-18.57292523137792
-18.587098453637516
-18.59001225647646
-18.574434673037903
-18.60146435305517
-18.61779311498356
-18.622424455830792
-18.617452402814912
-18.614702511139022
-18.621576879739255
-18.611835153616138
-18.62494984012581
-18.621553129167015
-18.627626983390755
-18.625084448152858
-18.60872924049099
-18.61663509627167
-18.622504460544377
-18.6244513705169
-18.623752765479196
-18.629383622358354
-18.622458655585092
-18.623046455798452
-18.63106793800342
-18.622989158596653
-18.599418584644866
-18.60867358636991
-18.605140720337168
-18.602580458239462
-18.62186486680432
-18.61595913061042
-18.616067700009136
-18.61737396425256
-18.607874867010814
-18.614116972355404
-18.606582829146788
-18.61532440251441
-18.619089364322544
-18.615510226124123
-18.612018687974604
-18.63003927054643
-18.623957927718706
-18.63472247602674
-18.655532640359667
-18.648968294918117
-18.65293984882816
-18.639301442947243
-18.646908224893068
-18.651659874796835
-18.645087189010766
-18.635151890205435
-18.64131525415929
-18.63368474865972
-18.627937886289658
-18.64462609761584
-18.651645858551333
-18.657882634966104
-18.660249568407597
-18.646701051894986
-18.651303932346604
-18.671831029951868
-18.67046870719922
-18.650487663250626
-18.669460667501756
-18.659535376653558
-18.664842158506502
-18.672736299769472
-18.680942285070746
-18.667214701306303
-18.66019657470535
-18.64070195136459
-18.63721785279987
-18.636617005848038
-18.62399683936095
-18.61678470298894
-18.605621591545038
-18.602289333269223
-18.604572699870342
-18.616802259060957
-18.633702428636067
-18.63217306072144
-18.61377560302781
-18.598400936036697
-18.59106388886998
-18.587037903137183
-18.578136502644767
-18.578689088591002
-18.581318109257417
-18.58802994442244
-18.582671212519816
-18.573491965595064
-18.5720007133937
-18.593223099618925
-18.602329957641555
-18.599906770797883
-18.6074620615615
-18.611505436150505
-18.620967035271956
-18.634291826908086
-18.653211145944354
-18.662313444753288
-18.642130174602308
-18.631210283728453
-18.627334757705864
-18.628467201267338
-18.642967690655706
-18.651373434155857
-18.651287540487463
-18.66348701671235
-18.65110573097895
-18.645605024296824
-18.651219003353305
-18.6641629849758
-18.661552414901383
-18.668170203182978
-18.679655362408514
-18.68464701601213
-18.677281993850197
-18.679813374946303
-18.67779886952441
-18.68472455959501
-18.690539074538666
-18.690911368716606
-18.702545681794472
-18.696444198314147
-18.705656640283724
-18.70534651273337
-18.711317643064604
-18.71548374886793
-18.716532233274258
-18.715362934774074
-18.71670917131575
-18.718388469738493
-18.723662575976597
-18.70774999715194
-18.703919461051356
-18.694033250039926
-18.700871586571154
-18.699328189041665
-18.700095508209305
-18.71427983965475
-18.710807573541686
-18.71991173007149
-18.724187630268652
-18.71248275333359
-18.719446360085513
-18.729046779088325
-18.731588698310823
-18.7333433810802
-18.749530747048603
-18.767094778471353
-18.78355836305197
-18.778641282603747
-18.78256986972433
-18.78550346899042
-18.798033973307025
-18.78905503173777
-18.78538396527125
-18.7896256338741
-18.789771865245427
-18.791477529163046
-18.791680554030815
-18.79755671435249
-18.800853408542988
-18.82747201156619
-18.81311430538564
-18.81618213253049
-18.821389871324502
-18.817762829784744
-18.806054653553396
-18.799893438579296
-18.794931373365717
-18.789186346242083
-18.785303167762205
-18.803139880434898
-18.82512608125943
-18.839072741108698
-18.85815822081258
-18.859510624888777
-18.855829650363912
-18.859894395044762
-18.854324075173775
-18.86015424221528
-18.86635221209573
-18.86169010102164
-18.840107131881577
-18.851373077027493
-18.847961974953392
-18.83860466483652
-18.8423139085917
-18.8479002973518
-18.855326478330856
-18.849986304934323
-18.841745986039815
-18.81754647693517
-18.81545000968312
-18.841087389908054
-18.838549233806418
-18.84449532599945
-18.843623088179662
-18.849528882960403
-18.853366137441625
-18.85637985695134
-18.852667867328634
-18.845167826366733
-18.84989891873129
-18.86147213127619
-18.876617709712466
-18.879830334150018
-18.896806546021693
-18.90543853952261
-18.903366490079158
-18.913392034600164
-18.906191467659568
-18.899765424366294
-18.877006043531818
-18.89903460045046
-18.88993776131737
-18.901601870887262
-18.876324561608183
-18.906414834638383
-18.908968216843046
-18.900340007732215
-18.89722013442943
-18.894967977456904
-18.912130409429725
-18.910380493247
-18.918350571352395
-18.90851530896597
-18.89342580911258
-18.899373881179724
-18.892680691189405
-18.908873048547125
-18.913772955521594
-18.91143367156258
-18.897315732405268
-18.88425516710379
-18.882451299272002
-18.87023070849799
-18.894691836240803
-18.88506429310269
-18.888341020660572
-18.883012150198997
-18.880276380285657
-18.89035997626531
-18.900442898837643
-18.90403177923166
-18.907284691397578
-18.906300897227837
-18.91539945247049
-18.897107937049213
-18.88300416940307
-18.87124148733665
-18.859341933265632
-18.882164681113647
-18.884684639081392
-18.87852077227651
-18.88195255733556
-18.892223849802747
-18.90227093728124
-18.915644259557673
-18.887942284092492
-18.883906457321267
-18.898420111944333
-18.911884590781295
-18.90707771959878
-18.9074327925401
-18.90679360047861
-18.92271715804647
-18.914108873074376
-18.912949897574254
-18.922841187754795
-18.93862126474852
-18.939785872997987
-18.94553720424937
-18.922952467128688
-18.935739808617022
-18.937797106030498
-18.926071465319144
-18.922884008547552
-18.92504399243829
-18.922396462432687
-18.91731451576367
-18.92667977512934
-18.934249430986206
-18.93714792653543
-18.931620831453735
-18.932659138956097
-18.927346416562873
-18.917459095161167
-18.91092818357708
-18.918101520224813
-18.911230931286113
-18.935643022711428
-18.95027476818266
-18.943956928742015
-18.967702089482923
-18.973328503874843
-18.968670207038578
-18.95850523527504
-18.95670154541776
-18.943018508508732
-18.95387101918333
-18.962947700139807
-18.94437424091968
-18.956855872909852
-18.947360593941568
-18.986143264255233
-18.98618903836746
-18.990315435034685
-18.9919436893727
-19.0045286393302
-19.001535367827493
-19.005599499287722
-19.005074932565403
-19.009571833799395
-19.004646850910966
-18.986302229082835
-18.976647618451608
-18.972107326791754
-18.99093038898214
-18.995876395310578
-18.99786615917023
-18.991652948803267
-18.98797359061498
-18.99619688881691
-19.008387745342635
-18.99941230169513
-18.999367946648555
-18.992320504817613
-18.998400414177294
-19.01431034700347
-19.004054602312976
-18.98668267658213
-18.985296104092235
-18.98481933660876
-18.990298590820288
-19.003504991146038
-19.01682651243411
-19.02929375322455
-19.0418367295881
-19.026392504089056
-19.02706245617069
-19.01542262273097
-19.012774716451553
-18.991847569080935
-19.013617188074488
-19.023136633693486
-19.025578137674025
-19.036447839896464
-19.04160372742136
-19.03454641132799
-19.03622043413038
-19.034904745182253
-19.034359996081353
-19.028103869125218
-19.02383241135394
-19.028921386074497
-19.03521649282533
-19.02988497519383
-19.04200027813105
-19.054142714807497
-19.057120339643667
-19.059172711310083
-19.05167385173998
-19.045426868371646
-19.039786705795088
-19.05106343693354
-19.063569080353833
-19.05829640583882
-19.063489857163866
-19.06378105781704
-19.0622893752047
-19.059678268583024
-19.055014745186014
-19.065213301024272
-19.059890483151438
-19.062403806987863
-19.050000118636607
-19.053165093725145
-19.057016587142286
-19.063993163288387
-19.06013728958342
-19.059567443027444
-19.056996164285103
-19.059828275048922
-19.04729456890506
-19.063931943699686
-19.06988498048
-19.07435525050287
-19.085143245060763
-19.082009428466925
-19.090721572127983
-19.076592191050246
-19.07954465748978
-19.09389299327674
-19.07553647543367
-19.06493149391642
-19.060984672033022
-19.058427448148777
-19.05028901295154
-19.042038904504167
-19.047062968291296
-19.055577350792873
-19.05974359827226
-19.067250364730043
-19.057735183757565
-19.065489594428275
-19.063714369369517
-19.073321206403158
-19.08303513460197
-19.090747635855884
-19.10183477942857
-19.097802977937775
-19.082009178583785
-19.099799253016368
-19.110017744882747
-19.09353077925738
-19.114100364317682
-19.115973374630368
-19.11619112351603
-19.106991023617763
-19.115492502487193
-19.10935718821938
-19.092561908815053
-19.09108159997823
-19.101667350950084
-19.092666425411874
-19.101622764202343
-19.085306910782794
-19.089147419964956
-19.094374729984782
-19.08898555104387
-19.07930987556417
-19.083015908101498
-19.093564968192275
-19.104238837979928
-19.11283661521115
-19.134030331920396
-19.129020630658193
-19.121452452646757
-19.124065930068742
-19.12133261373089
-19.115923567624566
-19.12599321551244
-19.12818187034935
-19.126523662026262
-19.134051058281837
-19.13651857491588
-19.137358431759736
-19.13782471530882
-19.116182843984856
-19.129176172513926
-19.125750061272523
-19.123496303951455
-19.131458293653726
-19.14478230850097
-19.15199564325502
-19.161277981792256
-19.165566129639664
-19.161198532973586
-19.145259256288305
-19.168870853488297
-19.160800925405283
-19.15040795762957
-19.152455143430167
-19.15306688730087
-19.168881604274226
-19.15830908386333
-19.173173888163696
-19.18866959731615
-19.182968964695
-19.183814203545683
-19.162381064819616
-19.169213368622614
-19.17663405799883
-19.173941504039092
-19.166110330892877
-19.194315379623223
-19.189820682275318
-19.21113390613137
-19.20739933583542
-19.221385920462897
-19.223157836781795
-19.220757473578203
-19.230632811478653
-19.232122617099854
-19.221218984061956
-19.22529010109204
-19.21941214655998
-19.2182644688423
-19.2056932161195
-19.218817172978067
-19.233149244950248
-19.244953897890152
-19.240653374515762
-19.24681295746521
-19.225594451765783
-19.23402950098457
-19.240177839392764
-19.237886367845398
-19.225122550804294
-19.21898657842622
-19.220733938821816
-19.23403342134159
-19.237383564546747
-19.218640743857883
-19.21589732499008
-19.204564565377897
-19.195369091526157
-19.20763264892816
-19.20625832064095
-19.212933177242736
-19.231118549804318
-19.219311026345633
-19.2096703301137
-19.217358692559497
-19.215935151810122
-19.20088877784796
-19.20064141516175
-19.213464101615997
-19.22454501862172
-19.23754048954457
-19.234654704690325
-19.22682987382927
-19.227720712439464
-19.23070921870216
-19.230275636699883
-19.227135078593225
-19.219635566692045
-19.241185606627862
-19.243973057214077
-19.230909790544302
-19.226835864707617
-19.22141058866237
-19.21166008137535
-19.215395222799923
-19.209569407545157
-19.201772857199742
-19.20201535870345
-19.197927582877625
-19.21468918940608
-19.225888936896595
-19.211192061542402
-19.21522634535903
-19.218034517981835
-19.224172578148814
-19.22019280568901
-19.225716753759926
-19.232734413037885
-19.25830959168779
-19.251665656256268
-19.23914793117636
-19.239045490557153
-19.234385664749578
-19.235349602875715
-19.22100888265686
-19.22613390307243
-19.231077667333533
-19.233249340999354
-19.247375172994214
-19.236572932249654
-19.256098965357403
-19.257485146509442
-19.257635783818706
-19.253062144934496
-19.262369000488555
-19.262615263014112
-19.257274340297787
-19.258178788463223
-19.259689720940088
-19.252762021235363
-19.23768609501809
-19.24836624698435
-19.259853830462614
-19.27718924707131
-19.268685280619817
-19.28156420891314
-19.279216197596664
-19.291517119450756
-19.287890343323223
-19.28568227193675
-19.27913737717203
-19.272729531187665
-19.284110249886673
-19.276938487153515
-19.267730454646863
-19.27025952904912
-19.28842938159242
-19.29740901949204
-19.295541395082836
-19.297834040587606
-19.281549322293866
-19.296460212174956
-19.300822010850066
-19.288718347355697
-19.301145464570087
-19.300378804128368
-19.2939189259724
-19.300824956746204
-19.30050436778394
-19.301184789213863
-19.30765323124617
-19.30360825037102
-19.274067253303244
-19.276747570155724
-19.26697063327321
-19.27005275506551
-19.271462321743243
-19.280410633592016
-19.285284860047263
-19.27676946361868
-19.288037176680362
-19.2889825483283
-19.30055811542897
-19.28748707808217
-19.281672286134565
-19.29730992521111
-19.29956807514123
-19.323319837270205
-19.319684427997586
-19.30603750357723
-19.316859605754473
-19.317276184271154
-19.31301476397839
-19.324486069214323
-19.341892149713882
-19.346657382240544
-19.356503921030885
-19.35385340571624
-19.351100760456372
-19.355927121758498
-19.355455406147453
-19.366174311774074
-19.352834465616056
-19.3390789406227
-19.341502621359428
-19.36031073820642
-19.366605500743322
-19.362278235265297
-19.371589658831816
-19.376788628192443
-19.376670586858552
-19.3830088672271
-19.364497142982888
-19.38084263853885
-19.386521304973304
-19.39431356271786
-19.378880415326442
-19.376437963445888
-19.37106029843048
-19.376288523451056
-19.370108153655146
-19.376648407018155
-19.389118147264313
-19.38983492155996
-19.390535975528604
-19.41198789288093
-19.402866449175608
-19.39718262435507
-19.390618912565685
-19.396565925322623
-19.402852264725716
-19.388918246646956
-19.425205120945314
-19.425545833074143
-19.437778057883015
-19.44663295086175
-19.447493914501642
-19.435191250393707
-19.436219723544944
-19.451425971605236
-19.437479547597636
-19.428686554392247
-19.421974341014835
-19.41047925017799
-19.406338180888607
-19.401638779148662
-19.412616214636106
-19.409521647969385
-19.41012988858364
-19.412627999420913
-19.41820362567447
-19.41868544363396
-19.427676966973355
-19.45590944475818
-19.469981822096393
-19.478014525373435
-19.48738018124578
-19.48226434243786
-19.484540648233395
-19.487119969892213
-19.487670398829145
-19.47934741501271
-19.489996079122417
-19.471985334688195
-19.48339293121155
-19.486438015138592
-19.477310826706834
-19.473951645867274
-19.476443234176624
-19.474039544365137
-19.461888336141644
-19.44327490980469
-19.448891544083917
-19.456385728880804
-19.466314208244956
-19.49046103289485
-19.500238638398915
-19.498012835281738
-19.479576870995643
-19.48114943437043
-19.477709631224226
-19.493132314499785
-19.495937172778962
-19.487212472017326
-19.470218371567576
-19.466334185783747
-19.454035248251863
-19.451439144447104
-19.46472926585281
-19.45737784292976
-19.455034038475713
-19.453780613376036
-19.455966191974323
-19.466249925859703
-19.472166988268437
-19.47993664827399
-19.484348155278365
-19.480842221797456
-19.473724798837836
-19.49618765431225
-19.485928080397393
-19.49480284747038
-19.482478050880136
-19.49193947436905
-19.515200374200667
-19.500521544769423
-19.51516008054717
-19.509216092075032
-19.526432832487192
-19.519046682253958
-19.518021105983774
-19.515792147770675
-19.509489916958515
-19.49716310323002
-19.489656404386505
-19.49907647472514
-19.50684582474616
-19.510233611701256
-19.50927229703424
-19.51235627918434
-19.506712453846127
-19.503933125364895
-19.503947038492402
-19.505132560030148
-19.50724895727371
-19.514567010217927
-19.513972012881187
-19.50992278188233
-19.512278497145825
-19.509232482939662
-19.515259589097816
-19.498170190564352
-19.49547307880293
-19.51278924142377
-19.515473372950314
-19.508947556394777
-19.525736314475648
-19.533511963473714
-19.53038049327539
-19.531286613518617
-19.52601387392124
-19.53080071731694
-19.539797791692322
-19.55117737769016
-19.54956966053758
-19.539980450739804
-19.538105270143625
-19.509606170222348
-19.49456901971293
-19.50256868585201
-19.507751412229982
-19.489180802479375
-19.47492944920332
-19.478910172380807
-19.496233819827907
-19.491217441477403
-19.486835624514093
-19.479417806378574
-19.46089821476565
-19.45624010932979
-19.45793763529873
-19.451711989291326
-19.4304078501114
-19.419128813886996
-19.419435798389717
-19.430787303702495
-19.437351314368588
-19.444051827260033
-19.434856524834153
-19.44837935536961
-19.461552307270907
-19.458417048427716
-19.452803995515566
-19.437556189971097
-19.44175713915457
-19.45077234393827
-19.45533758976467
-19.452197879286103
-19.454799334294275
-19.45654447004336
-19.466366387623655
-19.46912353332478
-19.45019744586342
-19.453848742727807
-19.459501200761196
-19.486626897100304
-19.48311432795106
-19.47923658408646
-19.4786945439318
-19.4835698635003
-19.49625960699682
-19.476645105081587
-19.477098977499093
-19.499950466529903
-19.511894194480618
-19.50636785718409
-19.518708674054558
-19.502644396972734
-19.4835247692873
-19.473704205907232
-19.46427310151103
-19.45495870623159
-19.47474991187549
-19.477884286271287
-19.48600049113869
-19.48001402785268
-19.463898092360424
-19.455421867644773
-19.43080980245364
-19.43000363690939
-19.45636961413625
-19.45482648405955
-19.44615084837177
-19.445480473371912
-19.43873083735167
-19.419703521791526
-19.424199812938685
-19.418964163468903
-19.425899908236882
-19.430180138271872
-19.441013079770617
-19.438881490940826
-19.43915458788623
-19.446672034698285
-19.45165059788081
-19.463830549684882
-19.458443758705467
-19.47450759074195
-19.473706798472634
-19.473359961669622
-19.47839878031499
-19.47655883229482
-19.49463232878805
-19.48138135591372
-19.5021385021086
-19.497288936702365
-19.499035149877784
-19.490486714336836
-19.485523094413228
-19.469720995998962
-19.472959822351307
-19.46189364711356
-19.464856237393178
-19.46256141706144
-19.463828437008676
-19.463124146736114
-19.473647432376985
-19.46242537843125
-19.461503257988568
-19.447711393579066
-19.456871370080826
-19.471191493854267
-19.470046690509527
-19.486656076459482
-19.49241078464148
-19.477534561799338
-19.48653729010251
-19.49594444085364
-19.512068995137394
-19.519267010898226
-19.536260840718047
-19.54400725621093
-19.551322008440454
-19.54711785559368
-19.548461425292018
-19.544508118463042
-19.536444975184246
-19.54098487003842
-19.531305407918122
-19.5316385884572
-19.536320344995485
-19.512939440336382
-19.506407930041316
-19.51002297817327
-19.52026899623741
-19.49245978947202
-19.487055421424603
-19.493966869641547
-19.495794877259943
-19.49577940081068
-19.50493097269833
-19.5185891702575
-19.543299337845966
-19.554193428030352
-19.553920360934125
-19.54031896299927
-19.554236488612652
-19.547400773732974
-19.559273276946296
-19.58601373011204
-19.576361446839858
-19.584630458222684
-19.56538817219228
-19.548408517355984
-19.53970880710292
-19.541466763551842
-19.535354825623
-19.53716568383739
-19.528450869572126
-19.511472276081086
-19.494743924148338
-19.477199568666727
-19.488590023885124
-19.50685660265917
-19.49554603009983
-19.491853498998793
-19.503218882354982
-19.5265720952656
-19.51970006012592
-19.52811575102202
-19.526836921928872
-19.51970026890609
-19.522056520705448
-19.511070856943252
-19.504808439835102
-19.506308258535434
-19.526053191113668
-19.517146495007662
-19.543623450841665
-19.56041376979445
-19.56890377963848
-19.571588391169357
-19.559612776899968
-19.565128804039677
-19.557873237774793
-19.559402252915007
-19.55867133199383
-19.574056513583983
-19.57379102973885
-19.571828923120922
-19.563885807308736
-19.55971031292118
-19.563300874481445
-19.547326912679143
-19.549922669153332
-19.558422870956385
-19.558147006446532
-19.56400554625351
-19.569471207194287
-19.559134212963578
-19.56405016222018
-19.560631945649657
-19.554592512752762
-19.57526194692252
-19.57272563391148
-19.58522584281538
-19.591427571269545
-19.6022321014173
-19.595588495379914
-19.59648093565226
-19.59527963669388
-19.595244527038254
-19.586057008061637
-19.574958291552367
-19.587609890191043
-19.585237926994164
-19.573070859577147
-19.58846608362666
-19.590537449302175
-19.610490416800797
-19.611997998962636
-19.617685418967334
-19.61264029355651
-19.621354079168224
-19.632957743173797
-19.638699154739577
-19.635920468048777
-19.61816995276609
-19.620578503266522
-19.624809244398975
-19.627853376111723
-19.632781330989467
-19.618487717939768
-19.639254793202085
-19.635475380377677
-19.6389088138162
-19.64451781660185
-19.626476098821005
-19.61756572406794
-19.628836841656067
-19.61161615662851
-19.620921363003156
-19.63243949149498
-19.6300751036419
-19.615680168982244
-19.611996413799538
-19.598560206674826
-19.60966337603022
-19.60661464845542
-19.58890367538483
-19.606620244910474
-19.59955042780154
-19.61599802904493
-19.608838889393954
-19.61870359125286
-19.6212420279796
-19.61365670932637
-19.621943447838646
-19.61927668395637
-19.60314444562932
-19.628493602490824
-19.629896573639602
-19.63044638395511
-19.647311114228874
-19.639108975369858
-19.643040081069028
-19.653074217527916
-19.66989449246006
-19.676896095063018
-19.669580137115105
-19.65466876309223
-19.66108821109042
-19.659343768639122
-19.6644373139248
-19.6631740430811
-19.680713849743082
-19.680913269734216
-19.68520804486492
-19.679925372259408
-19.681297530904448
-19.658951521751273
-19.657655336978884
-19.672774382548404
-19.684089790317735
-19.684093093380127
-19.672191669826464
-19.66635611425097
-19.65775894120589
-19.66688990524082
-19.651796431434327
-19.657039431027172
-19.64154449912788
-19.645410244767053
-19.628208936049973
-19.62976707337454
-19.64633394399086
-19.627787661698765
-19.625831440574537
-19.626399212486643
-19.637637764582472
-19.622506374203596
-19.614262312628306
-19.633812191125887
-19.63299638125926
-19.641950736000737
-19.652644438162245
-19.64840228483295
-19.653939990681224
-19.64485300253875
-19.645053846681055
-19.641283390786697
-19.652581868098718
-19.653301151256567
-19.64641241285495
-19.645399830694945
-19.645756057959723
-19.648759310874034
-19.64233214824068
-19.641246934988764
-19.66048678320305
-19.65421186632553
-19.639736881472576
-19.643173597185942
-19.6525651817241
-19.664973216985626
-19.662041393950727
-19.678470374981554
-19.676864181609382
-19.668754493745816
-19.654004152441264
-19.647794397083985
-19.64345584232986
-19.638567566296203
-19.617508829746043
-19.615864857818178
-19.606356866602976
-19.62548066650713
-19.614086716336292
-19.610057071999403
-19.63037393966135
-19.623776922259815
-19.618165942241525
-19.60709329176733
-19.611264437182637
-19.61233138905809
-19.609488012696275
-19.61653051548517
-19.604172826630865
-19.601952661795693
-19.60315361510123
-19.594377375399457
-19.592128695884625
-19.584357451243868
-19.5956459773378
-19.59001464874292
-19.601486373920434
-19.606521155422126
-19.619681588871927
-19.620573491653506
-19.621305084035747
-19.620212202168776
-19.617189787899243
-19.62368042620702
-19.625752399133354
-19.616623995298585
-19.62254564892676
-19.632138544948262
-19.648603851151563
-19.635681072180933
-19.645216562863546
-19.639398779146358
-19.639715197324783
-19.648728771296806
-19.652667257227566
-19.65509690052579
-19.654035513679222
-19.649460787504253
-19.646939592580008
-19.66034809740314
-19.671489082168016
-19.66893359589059
-19.6758364239989
-19.6613576247527
-19.659898490226002
-19.65886676943267
-19.644579635459333
-19.643975466530073
-19.6510878702754
-19.641730834914785
-19.64820017394871
-19.654222381512323
-19.63839829722257
-19.64506166252643
-19.634505555815647
-19.613326858643198
-19.611139045077202
-19.603580561578283
-19.611290450732277
-19.617249361827376
-19.610034108331305
-19.615020178311962
-19.6175633414788
-19.61759879231393
-19.633527795903465
-19.64162071579156
-19.652501014958663
-19.644964369185615
-19.646046709789605
-19.65643522721061
-19.648969035145406
-19.66634733877494
-19.67318277432868
-19.6737499720579
-19.65882489028225
-19.66484133989478
-19.66807280431246
-19.66375890691542
-19.674411937869564
-19.686551603215335
-19.682289387767998
-19.67333442768165
-19.691853793857124
-19.69820704248843
-19.69943832548138
-19.685548312832427
-19.694216726715943
-19.707342046748877
-19.715598397441358
-19.701755995863934
-19.70723955819407
-19.71132390306066
-19.72766165816959
-19.71520223314116
-19.71394070405932
-19.69342444760757
-19.684479095513993
-19.688479627361275
-19.697107378638826
-19.703651722467953
-19.722431555056843
-19.71857441077666
-19.707213939814842
-19.69504114788335
-19.708298186584976
-19.708854503376667
-19.707417255314134
-19.720010988907095
-19.71428711785319
-19.715901827233488
-19.700975148256713
-19.700243716255553
-19.69557051784542
-19.700777990062313
-19.692781553972946
-19.67827539863329
-19.67666445173639
-19.66931101092837
-19.670179244723197
-19.659060927507877
-19.64929181991364
-19.66549751210727
-19.6685343985259
-19.68220079002637
-19.674621126475117
-19.67996714777795
-19.66672948975748
-19.652346271553263
-19.643234206661784
-19.636479334519482
-19.63002616413143
-19.64117757579692
-19.636421800971966
-19.61899800824947
-19.630691654489045
-19.622810038734766
-19.636819854289175
-19.643947580504612
-19.64394516409631
-19.637933369821464
-19.61567492263909
-19.608613224845058
-19.636401222847656
-19.656087835457313
-19.655071107720577
-19.65075713170769
-19.65257524644885
-19.6598085458581
-19.657262311104407
-19.65201409454643
-19.65042972576721
-19.660827255358026
-19.66224470059754
-19.66463015562226
-19.654893891438274
-19.66046410883521
-19.666259503912045
-19.6650285649064
-19.666654187886408
-19.67027362869686
-19.681045427389375
-19.67991481121632
-19.69255874983583
-19.694531561306118
-19.70505106950809
-19.73111093891436
-19.73622146555529
-19.751254608771777
-19.75083438400581
-19.755321956252203
-19.76100151454412
-19.771569389159676
-19.7644618697573
-19.774841263224097
-19.77100787260409
-19.781079341871543
-19.767121331053385
-19.753290439352806
-19.74628841376161
-19.7422394500577
-19.74512131633806
-19.744393485540474
-19.73120144636673
-19.723214365248925
-19.717468441270157
-19.709671615935534
-19.697217448345086
-19.711842560758033
-19.70878724525834
-19.70135905085995
-19.70362186884505
-19.70042188688065
-19.701936944513555
-19.703667082199846
-19.7340081584581
-19.75018935657395
-19.752767103781597
-19.75293915194844
-19.745701726840153
-19.741652119059527
-19.73419721123655
-19.73460104676217
-19.73506221585018
-19.750568298157873
-19.746851260117705
-19.75492662623829
-19.776831756811838
-19.769608884947885
-19.770717522419524
-19.776586642939368
-19.771257976841643
-19.782737921764685
-19.782069817900528
-19.784875592932455
-19.773724919548613
-19.779958929803517
-19.768416316710013
-19.764185739324027
-19.760383280269185
-19.77920337940772
-19.787248418925927
-19.775587658037974
-19.770785681737326
-19.763343608701206
-19.765915238982945
-19.765091839061917
-19.77310338380547
-19.761283363389417
-19.766605371224237
-19.761918920296417
-19.756886741436684
-19.76409381102938
-19.7605930008678
-19.745816188924476
-19.743435096927403
-19.740232439284405
-19.74235228090581
-19.741419434317866
-19.74798646398725
-19.738621560354268
-19.74352873591373
-19.75336072003977
-19.77468619432909
-19.795902115975906
-19.798816920375632
-19.7969360115886
-19.788600595435128
-19.797157385837338
-19.80970649632827
-19.80478274066031
-19.804153360438793
-19.78665271875324
-19.777403457819833
-19.778873601193926
-19.788240028298503
-19.79771936748411
-19.803783150544692
-19.80531664319738
-19.786392625921657
-19.778006122883227
-19.774171376440986
-19.7606346437206
-19.760958528989512
-19.770155645308186
-19.770506304327952
-19.785656373622384
-19.81065142106541
-19.806505846975053
-19.782503422929917
-19.77773779976995
-19.779820845563524
-19.78248849878902
-19.778317840257262
-19.782966391660196
-19.779574984518437
-19.767619927207136
-19.776164404208014
-19.7838864169603
-19.785931671291475
-19.766645801621905
-19.7647687305714
-19.772074308767262
-19.76279680256731
-19.75357919040389
-19.73091170977914
-19.733016421057172
-19.73298595269779
-19.726842313620736
-19.723683624528462
-19.7250048273518
-19.721842354982122
-19.71977990693974
-19.71319723472679
-19.72057838958491
-19.73222549450518
-19.749652369413372
-19.73758820907059
-19.739479725613563
-19.74760560375272
-19.737705104992166
-19.749619250859364
-19.747926801902892
-19.759054520671867
-19.74002593316392
-19.75509913866514
-19.73457204248735
-19.73052884551262
-19.73181932661875
-19.720451408071987
-19.715295640690698
-19.716447371926556
-19.736834609155352
-19.735050915759345
-19.753145942750034
-19.758973743322546
-19.765951430119173
-19.758724855874032
-19.757347229236657
-19.765064226419153
-19.77184118386306
-19.773078306250557
-19.773694644499678
-19.782163396968173
-19.77297707442394
-19.767459187075154
-19.770694018090506
-19.763789245750917
-19.7531503024193
-19.775133570224533
-19.769090555838826
-19.768099584635568
-19.78327030151598
-19.779389990357913
-19.7833774335155
-19.77395875017599
-19.78179931622937
-19.79297178995868
-19.81238134657827
-19.795222685201185
-19.787269807676303
-19.783089388885546
-19.79655285590982
-19.787287120297428
-19.818643680024316
-19.820879033810854
-19.82884081108932
-19.818164547592236
-19.815200007530436
-19.813742191401015
-19.798962065506455
-19.801207358937035
-19.804953355374558
-19.798660445584794
-19.785834415734804
-19.784173613844924
-19.776272421456508
-19.80029550862736
-19.791504596193413
-19.792263778534355
-19.78719926100798
-19.792032118404624
-19.80628898204293
-19.81247775349682
-19.795575113526873
-19.78997716095631
-19.78516042892269
-19.784996051263775
-19.794546963316154
-19.80222963289722
-19.80872840067862
-19.81885796007444
-19.808640753370454
-19.812970645288676
-19.80726379554329
-19.825389573783355
-19.81479024982904
-19.835203422545927
-19.845042443036995
-19.84812134422388
-19.84297124577854
-19.829037009264496
-19.842476021438735
-19.848152492613266
-19.847740090418313
-19.85318599439955
-19.859524543062047
-19.84384743253307
-19.83825711327309
-19.810700291963833
-19.80095723422487
-19.811685311308214
-19.80673725345451
-19.795448413480532
-19.79616431755536
-19.805433175251054
-19.81273025240444
-19.81562503801589
-19.834743507727268
-19.826839983821255
-19.822191927437295
-19.823039092155582
-19.84080579000308
-19.8295735741097
-19.838296251003616
-19.832188724718037
-19.836956889093948
-19.83483425020408
-19.835466206815504
-19.841887528229158
-19.826050514753327
-19.837268736703617
-19.820030558838052
-19.818054215050378
-19.811195471369764
-19.79820480526507
-19.798296355664405
-19.811802461851634
-19.82596136291639
-19.826233613668514
-19.844743429128606
-19.829219194937814
-19.84513472096651
-19.847142719096585
-19.85563247843383
-19.85667736823798
-19.845424216468714
-19.85944494393772
-19.83613025023164
-19.837546958429748
-19.848603953666498
-19.84133702835802
-19.845058647732554
-19.872294495602798
-19.872269153631247
-19.862690801067625
-19.881703283837602
-19.88872727037846
-19.892274929647947
-19.896896293277525
-19.900922147013045
-19.91633701883437
-19.893417377374625
-19.89422474174089
-19.90820366282936
-19.913455463465848
-19.907164986998094
-19.898644031186777
-19.890811551034005
-19.894052355411432
-19.89191408285735
-19.885980993648175
-19.871414665442174
-19.870921195656333
-19.857433662985844
-19.86083568476732
-19.847972349861383
-19.840352431370768
-19.83498370594883
-19.828795536680957
-19.848132512398195
-19.848456047746485
-19.859958950663962
-19.854970734174923
-19.846043118506145
-19.86874080104205
-19.870245965075203
-19.85997600476979
-19.84901368588316
-19.855719799573162
-19.847929438935886
-19.85190220400912
-19.833296528202652
-19.837340693851335
-19.826723314689662
-19.8202975193101
-19.827685450218798
-19.831817672617028
-19.843331441234692
-19.827981099813208
-19.83350517486835
-19.844502670636153
-19.841569139125014
-19.852415451361942
-19.856378888225205
-19.857499439178792
-19.85904824422167
-19.85265917867046
-19.850501566477135
-19.820168845021733
-19.810859859651973
-19.817183485672466
-19.827085558434103
-19.822295600513137
-19.828421619879556
-19.81485055920404
-19.823928248537985
-19.81516610579292
-19.815733433456373
-19.809531726597097
-19.795255917205715
-19.77780891365509
-19.774972816949177
-19.779025045961642
-19.78768571242587
-19.783277965756525
-19.77790370076174
-19.779367721494054
-19.78458514798687
-19.782174376837446
-19.785099755109886
-19.78957923258741
-19.79639411670772
-19.82904067563484
-19.83041309710053
-19.82931507639572
-19.830486060843032
-19.82261019108597
-19.8288681816835
-19.831497137352667
-19.84497685304561
-19.847674501797748
-19.85851163006922
-19.86305007580231
-19.866540320488475
-19.867604726652292
-19.851924182555567
-19.84592016680966
-19.851606680043165
-19.85977838316905
-19.84088890201913
-19.83071636562508
-19.83894198365998
-19.84934267234797
-19.85315136551519
-19.851702948041602
-19.860430321041058
-19.851624263567064
-19.867411686938084
-19.879063731328873
-19.881123055005776
-19.875310880788945
-19.88082813379951
-19.891831252617333
-19.885746922981145
-19.885111271162582
-19.87323242334376
-19.8674361548056
-19.883013257630846
-19.872172635878567
-19.869850895030826
-19.863162042230503
-19.8645000067183
-19.859805209209775
-19.869851254348763
-19.86326854542038
-19.85433468672806
-19.85009346146683
-19.87364187808964
-19.868047640290406
-19.865139103856258
-19.865118411307577
-19.860668414750766
-19.86584117855517
-19.867215166780166
-19.868631153446252
-19.88318451158269
-19.88903145502653
-19.87719452161938
-19.875149946072312
-19.87912463386194
-19.89155556846407
-19.892562902305293
-19.89601400964693
-19.89417575443899
-19.90417867657924
-19.908917879424575
-19.89231223806676
-19.88562645816539
-19.886352793932584
-19.893280722632703
-19.883533477759432
-19.867586416855467
-19.87624532377162
-19.87266449860141
-19.871478405232136
-19.870930955631746
-19.877011551234975
-19.859844575327102
-19.87374619014303
-19.874952365098295
-19.887359996528655
-19.885771147991044
-19.88682549707307
-19.88837228364616
-19.88528774490521
-19.887110573931853
-19.865808311056995
-19.854899123055436
-19.8627245153696
-19.861125562266224
-19.866618834461026
-19.881949274445493
-19.90115794746006
-19.889166685127876
-19.894462440367743
-19.88669966177179
-19.868734519856016
-19.874622815677156
-19.873123879696895
-19.87474709977791
-19.88446360868742
-19.897552726791314
-19.894637569863004
-19.890094227934604
-19.890949407459154
-19.887790465777066
-19.887878632027125
-19.89306402600931
-19.90254230098278
-19.90742665086796
-19.906269891916224
-19.901915619513723
-19.887460444905937
-19.898137153330065
-19.89315327705292
-19.88616740874868
-19.880969291517722
-19.873120721547423
-19.888649827404144
-19.89377116565577
-19.903141073674025
-19.912919944623177
-19.897636439949025
-19.87264082360861
-19.8818173310114
-19.88169873622456
-19.8748865513834
-19.861332187243978
-19.865768316683052
-19.85354283233376
-19.86412248102802
-19.872725851775336
-19.88227441453591
-19.87847022888568
-19.881081004758578
-19.86843597206387
-19.86830895325021
-19.865471100805593
-19.868488121304438
-19.866194906251643
-19.8714308184709
-19.867485638226114
-19.88375591787846
-19.88060629960185
-19.88047493738754
-19.87441502113848
-19.873821321145822
-19.89493246698766
-19.883753576062283
-19.891781935805295
-19.905436189584822
-19.87591047813767
-19.882261368753227
-19.88739189442496
-19.869302534991302
-19.892851805255653
-19.892942770841263
-19.912326331870744
-19.900407948436428
-19.89888797252194
-19.904273938895535
-19.90138319838492
-19.902579042357612
-19.905475595504914
-19.899518741999888
-19.904968010982376
-19.910816322975165
-19.900122756981496
-19.890731294333538
-19.884930679128278
-19.878727739889452
-19.85324556414469
-19.84831988254258
-19.856809954657574
-19.8519485495102
-19.854674211859773
-19.87183653740626
-19.867632527930557
-19.8710693379532
-19.883117190299863
-19.884452642618292
-19.881854154835207
-19.884814693942324
-19.88125628656012
-19.877255367250932
-19.866021395962598
-19.869660803030744
-19.866322517354238
-19.85532038523483
-19.844573026118002
-19.846687485920995
-19.836614839589306
-19.839620108783276
-19.855902028259973
-19.85498696447207
-19.858701831214795
-19.83877493337059
-19.82706915776651
-19.84097310061898
-19.854897219048055
-19.867968084418166
-19.87902375785218
-19.875872815270597
-19.887453880795984
-19.900369403756127
-19.90185504454449
-19.9004944459511
-19.89254801668712
-19.885369158915523
-19.865626345551153
-19.855552924680453
-19.8647765494109
-19.857915413760118
-19.873660291347356
-19.870396710204854
-19.885177931291175
-19.88871055729942
-19.892320159836284
-19.90960143609532
-19.904693290997333
-19.91166859132684
-19.91148153603558
-19.912967847170854
-19.912218260442536
-19.91394621759261
-19.911359599804694
-19.916127490154935
-19.93344293019073
-19.929846130097726
-19.9421824551895
-19.940030383615458
-19.950674382351494
-19.960356079059878
-19.938054260044694
-19.94184776454155
-19.95389399964598
-19.95384442381433
-19.951943242292476
-19.94814376306276
-19.963481417536805
-19.966169294220492
-19.977345179023903
-19.992617905969283
-19.98245878264312
-19.98477694412011
-19.978160762234427
-19.969403590257237
-19.972251844284603
-19.977112211582586
-19.983341873580876
-19.97603805010923
-19.984334033074465
-19.96426320023225
-19.952734889753927
-19.958376517220852
-19.945512840781937
-19.923329590925505
-19.92436181021184
-19.917240357308454
-19.90429282922284
-19.911958972494414
-19.91918260849764
-19.906106191634116
-19.912934844604415
-19.90975474124622
-19.908540401931244
-19.90210621937995
-19.91060507517209
-19.9230875891945
-19.89584620031927
-19.901560622196477
-19.89322377877115
-19.894809112851206
-19.89986344051286
-19.894803423634382
-19.912108259622617
-19.92255833649674
-19.910578444034766
-19.92622680449188
-19.91900013488419
-19.915446751782227
-19.92593984881549
-19.922243114352657
-19.93101032505242
-19.93052730556011
-19.956106435045378
-19.97171714080863
-19.985271823581442
-19.98371343338315
-19.972422660755253
-19.970537544113956
-19.952332845184806
-19.93311213054007
-19.961050279289058
-19.951598159765712
-19.959518345914116
-19.954734605821077
-19.95283908569703
-19.950505390776915
-19.962076346997797
-19.952750961010263
-19.94727896594826
-19.929484628266014
-19.937331826035724
-19.941117398351395
-19.96245303605469
-19.948040487217305
-19.964827411504654
-19.941041125199394
-19.953759636060212
-19.953069331725935
-19.943120649263932
-19.935830256103937
-19.94111858410568
-19.94344155720295
-19.93120409972046
-19.922372739121553
-19.91797032880601
-19.917598078326087
-19.9222672295187
-19.923192449782693
-19.929715708183323
-19.92483918961545
-19.91482429149942
-19.905631931510737
-19.90163455032512
-19.917074238250468
-19.921276500025197
-19.921894426974685
-19.90241556464805
-19.884412030958956
-19.8700928194018
-19.870463418531955
-19.881134742566967
-19.871110510287032
-19.872886342899314
-19.888326789621978
-19.867243231163272
-19.86885536601389
-19.875786589600946
-19.869068123774642
-19.88943578945151
-19.883066857628776
-19.879902213217008
-19.865667752126544
-19.860211795402126
-19.859443927520672
-19.86440284825408
-19.851323796410448
-19.85978790204164
-19.86889538752223
-19.87069394271692
-19.857200913460144
-19.861954803279573
-19.858467090692255
-19.865847219616036
-19.858230652935294
-19.867184149114124
-19.88306407277288
-19.882930094637437
-19.890169572405064
-19.89467610031667
-19.88307088792368
-19.87416540013098
-19.87428925950142
-19.849049555597343
-19.859081392675524
-19.85926543406897
-19.850358855617003
-19.838290752762138
-19.8324165622478
-19.828930970037142
-19.830584089145525
-19.827670945216894
-19.84952023037741
-19.84621289897278
-19.858377481494223
-19.857566992707447
-19.852734654785934
-19.834576153302052
-19.839052551810298
-19.829289996432735
-19.818601366356383
-19.832816373498382
-19.838303706601465
-19.82472632348668
-19.82322342826602
-19.823398831761946
-19.829372989773685
-19.837414367074974
-19.83848517245813
-19.831676529682085
-19.83285071533241
-19.82028282307022
-19.799273043678625
-19.80102047347441
-19.81465630227564
-19.80892336275531
-19.81670844349188
-19.813183633243156
-19.805789561911425
-19.804403808937423
-19.809584142316083
-19.836793363491108
-19.824587730514967
-19.828841170742937
-19.81840243051613
-19.807954577910962
-19.825292503458584
-19.820063164791023
-19.826034887109643
-19.809703111892365
-19.804961045641083
-19.798327674207187
-19.79900765436407
-19.810596761102534
-19.812922172012637
-19.809307030742815
-19.81176118156766
-19.802716173567898
-19.813030203892566
-19.815782822797818
-19.83276237364934
-19.83193097716358
-19.833335157557286
-19.849604513009048
-19.83319674560279
-19.834514419366712
-19.822417263003278
-19.824749467152667
-19.812763395393542
-19.82543088016443
-19.84415078786466
-19.839117530572757
-19.842846805249664
-19.841145443479693
-19.821250607220964
-19.82697892818871
-19.82658264045745
-19.82894912122559
-19.810600033000863
-19.7953089038362
-19.790470282021914
-19.780371203559344
-19.78390430028912
-19.790224454652233
-19.801312074384153
-19.81374014167944
-19.79456497915166
-19.789005179194064
-19.782991544976777
-19.791037005858374
-19.781312497525693
-19.793374168654235
-19.800920291670895
-19.815725230386143
-19.814306233881446
-19.81739660704136
-19.809474778419116
-19.823777910542006
-19.824675182357108
-19.848363211225706
-19.849360985225537
-19.844521519631883
-19.86420848289998
-19.882975627690406
-19.88253213777919
-19.885018565408355
-19.880567549194314
-19.880429712053328
-19.882889235142912
-19.888574884598444
-19.881943400076057
-19.879664099429245
-19.886671008224305
-19.88608402928415
-19.893439609852898
-19.90853359659928
-19.90759273895652
-19.88728546654079
-19.88546456574747
-19.881950289090643
-19.88793994530641
-19.898598253950343
-19.894938574696972
-19.89524119465042
-19.89694530278662
-19.894191319465143
-19.899230277896994
-19.873497985180496
-19.87355811679112
-19.87900265423008
-19.889572312866136
-19.89298914579348
-19.880985326468846
-19.859145075745506
-19.85475471319397
-19.854157909428302
-19.853860869875245
-19.850956366349667
-19.838804362369675
-19.824333662746135
-19.83323935208297
-19.834102248717752
-19.833370712253682
-19.845485445761472
-19.84370519373529
-19.867595891048072
-19.85880562604629
-19.86474243939974
-19.871176388660178
-19.876109158910094
-19.874398535862703
-19.8701765137838
-19.86068304177207
-19.87028016791624
-19.877897938799343
-19.890846563447525
-19.884781836915465
-19.86908086468863
-19.86954744886153
-19.86800483273306
-19.869131008157144
-19.877379456632276
-19.86307301455737
-19.8585062078923
-19.855614725219706
-19.85038611305303
-19.857913043959094
-19.8608409657151
-19.840744788762503
-19.852653630532465
-19.869152120395423
-19.862040090849607
-19.853689082174753
-19.84452992899912
-19.832114304526304
-19.8451844282891
-19.848743376626377
-19.855124278421425
-19.834090107526293
-19.83644071640317
-19.82186347712666
-19.841628953175196
-19.83989657599874
-19.841572132766558
-19.85059021196703
-19.85071717179833
-19.856605286170847
-19.857301496711017
-19.884389230902624
-19.885342562663443
-19.90125477790789
-19.912851755185848
-19.89929419903309
-19.90672923617445
-19.904123526216452
-19.895937136907968
-19.887814412588874
-19.889081943846513
-19.894617547642753
-19.880347646624195
-19.867554394718265
-19.8596237867283
-19.839636274184738
-19.840362499465506
-19.847880438625705
-19.84130883363536
-19.852571945644513
-19.859244118182904
-19.859756181629713
-19.863380698961468
-19.8560869517457
-19.85306684222553
-19.835276658772834
-19.833273519444422
-19.84421999560989
-19.85187846334306
-19.83788975998092
-19.83293118801094
-19.838003382900755
-19.842604486813798
-19.821676336249986
-19.820868384268522
-19.81840778271043
