44.0
43.72039620763454
43.42228488961132
43.09424955858291
42.74897108077886
42.34911582472696
41.929486731236565
41.49456913183374
41.01363243406747
40.482775074869835
39.91610461369226
39.32436189580156
38.71635849690823
38.063447862337675
37.34166050725361
36.56410745059205
35.781412706767604
34.94726142516876
34.13895321423873
33.24281571237307
32.267536060012546
31.252264348853785
30.217793572379968
29.168280905426823
28.080184323535253
26.938471152974625
25.76769738167421
24.576872353010216
23.37923029180686
22.193010657176234
20.982814476059847
19.75914970424383
18.499511453805308
17.197016423619964
15.964942023911838
14.723125383897237
13.506672825826724
12.366073865846353
11.178586277686563
10.055886448222186
8.996748755924752
7.908646530928738
6.859357373148286
5.7803194262338
4.766385539652822
3.752700579358631
2.8279330005397907
1.9092962847882018
1.007861716964452
0.16630763580786895
-0.6489328864607093
-1.426640875930838
-2.1624444367908335
-2.8242058419129132
-3.461953568099055
-4.070236840502314
-4.674100117328925
-5.250557448881712
-5.827902166669572
-6.328192314616882
-6.816812278142922
-7.263207503826034
-7.686419907719104
-8.085641588345828
-8.484527426001325
-8.900995231141046
-9.249198963498275
-9.641604237708695
-9.983352495159277
-10.289695887786165
-10.549927722829764
-10.822096590893315
-11.082342901566085
-11.339982310101089
-11.592608019537158
-11.814318643490727
-12.009666483239164
-12.197780623854346
-12.374362479753477
-12.542226608067033
-12.723524988902236
-12.903545625475367
-13.084598757431019
-13.240241930630559
-13.339658295072338
-13.46592802429854
-13.581043822605434
-13.694908396652336
-13.820513163324796
-13.920324575616908
-14.021416770284219
-14.107437795097328
-14.215757796302222
-14.320857136778523
-14.418954375148981
-14.503640459194015
-14.584784055269761
-14.67404008171503
-14.737019067752984
-14.816628418712185
-14.862112934729348
-14.939206163319566
-15.002257738467863
-15.078229038757865
-15.141788717343726
-15.205411539414431
-15.251874741221778
-15.31291174633419
-15.341808413489252
-15.383619244051346
-15.438374388825762
-15.484160952310988
-15.532015621795978
-15.561772385177987
-15.596436575924233
-15.631295134346832
-15.694287165712936
-15.755579218465263
-15.792306080675315
-15.830758822035834
-15.858237262552125
-15.887968384936414
-15.917963628562703
-15.953797392154954
-15.983296086090476
-16.004572046095124
-16.05210165826929
-16.10072156400419
-16.141500283888966
-16.18429975814376
-16.205125376766343
-16.224795911900976
-16.23520230317673
-16.278044561084982
-16.28832381593432
-16.312447062515865
-16.336988851230736
-16.351119023277445
-16.35724136467618
-16.40518540933071
-16.425328092832903
-16.46013852219806
-16.483081877370314
-16.503975284017713
-16.533999559083384
-16.56511008631428
-16.5890686149347
-16.605741725667965
-16.626052386487423
-16.633822074780657
-16.636243969896203
-16.658809082207934
-16.663313439459614
-16.68716295776554
-16.705686123642835
-16.72297056879332
-16.7390821818957
-16.757782362796966
-16.7685142216346
-16.76802928121939
-16.790300071144177
-16.806157697905213
-16.813896413472875
-16.820642688831672
-16.8335643561735
-16.846984894003537
-16.864816494659713
-16.882917665027
-16.888054421792756
-16.878892594929077
-16.895060716407695
-16.90324090899189
-16.901087232838776
-16.925776892040748
-16.93524031607395
-16.949997609569298
-16.969080739971783
-16.99441819337518
-17.01078491767133
-17.035409399698434
-17.0530282680406
-17.059786425874492
-17.068165625984353
-17.08152040992346
-17.07333883689565
-17.064176268617977
-17.060507615485726
-17.07954535498434
-17.065981614544466
-17.066953971093874
-17.07837219849414
-17.08666573321007
-17.09176328853472
-17.11227594441235
-17.10424669594569
-17.11097860711489
-17.124008827767867
-17.11857091688562
-17.138362991663836
-17.161665865328068
-17.172231026972586
-17.170141409337496
-17.18852142463987
-17.191194299508794
-17.185421102790475
-17.198075013244146
-17.20045241159632
-17.21205056444053
-17.23120875039351
-17.233179191272498
-17.233767300762867
-17.230568835285762
-17.26009224976054
-17.266528052750132
-17.250623000331174
-17.260874990165686
-17.27914748858081
-17.27679997076576
-17.305271412204704
-17.312904684737997
-17.302727285095756
-17.309064757637753
-17.320582492401684
-17.33282678086183
-17.34015173816468
-17.33101734234356
-17.33951995571167
-17.34490330425782
-17.368304419833418
-17.38512609899821
-17.393672285773828
-17.41156403552764
-17.40931151450827
-17.403988817350196
-17.416693866954148
-17.417320577079465
-17.430823299037158
-17.42123316366687
-17.423065997586022
-17.442415542071288
-17.45335658269239
-17.45536987335912
-17.449823890882463
-17.430325974386015
-17.43018597826529
-17.436531900276453
-17.463088436655845
-17.463605856053746
-17.469981879956475
-17.462110042748098
-17.458687781774504
-17.465090142690066
-17.47625213862142
-17.4877649297658
-17.482642964307775
-17.494592034966672
-17.509739387048853
-17.50197220394171
-17.522591260223273
-17.54621465551017
-17.555599130574166
-17.551512188286104
-17.555900278271157
-17.565168401505968
-17.555159287764184
-17.579632034761808
-17.57641105980369
-17.574686994663356
-17.575463397221746
-17.575851472770797
-17.579464920598912
-17.588673334657837
-17.57525918061169
-17.573460652874708
-17.582702929476387
-17.591966638625724
-17.599465305717
-17.588430204613523
-17.58750804968939
-17.578962290615973
-17.570503366827406
-17.58523197285463
-17.58273534660936
-17.58855209432941
-17.562189484059648
-17.558526892807457
-17.5495176004469
-17.555215453048227
-17.544880047486274
-17.54108574127349
-17.525137521883256
-17.525810893513334
-17.539087392778544
-17.533274460708988
-17.543375958776487
-17.525549292670913
-17.53929347514865
-17.52995842216305
-17.533741577164346
-17.551812256177993
-17.57846860694997
-17.583297747095603
-17.591374133510396
-17.587488358086304
-17.591429402715523
-17.595119820909392
-17.595686565229993
-17.595714811405106
-17.587628917752635
-17.598666761975334
-17.617741611314116
-17.624519592304043
-17.62679463385055
-17.627447680682312
-17.629815127552757
-17.622346422084384
-17.60644222070315
-17.607249785626855
-17.618072647194566
-17.610354363223887
-17.61903851158969
-17.648159944964803
-17.655149357351412
-17.634993276993455
-17.641408054651475
-17.643467187741432
-17.64149692041013
-17.645969074552557
-17.63810643466208
-17.640611873343033
-17.63271084824889
-17.63917589857002
-17.648692482591787
-17.6556267962856
-17.6542494985816
-17.63510337747384
-17.63271551130359
-17.62136381474829
-17.630484501314292
-17.634643941488438
-17.645087530691438
-17.654458208417793
-17.667432952399004
-17.676182329946613
-17.678862591237426
-17.675215940437184
-17.688051771403433
-17.695907072457896
-17.698591502047464
-17.715448248116772
-17.697882890920067
-17.730022284159293
-17.717291034921864
-17.727296198379964
-17.72426794135173
-17.720851101009163
-17.737685941678773
-17.74554461349276
-17.73846651132142
-17.74746042239983
-17.743918707483413
-17.738846098557737
-17.74580152985139
-17.745446708898623
-17.74553244439644
-17.745281170191834
-17.73452398314659
-17.754642435866355
-17.756297016090464
-17.761336068314606
-17.747599855559233
-17.744375231441268
-17.74962004478572
-17.743236443917603
-17.751098144382286
-17.749394377672377
-17.73834937701098
-17.73677957718713
-17.76328829214522
-17.787569467235127
-17.79669096658622
-17.798497578198475
-17.79433434013393
-17.80130011001758
-17.805084451251624
-17.816681879395176
-17.79796909656639
-17.80188102228434
-17.81507021089065
-17.814076965986153
-17.798942473391207
-17.789699082553195
-17.78719985877216
-17.805299079362758
-17.812129280183182
-17.81501571922111
-17.82133174816961
-17.816458294279265
-17.832734132930327
-17.819094688356238
-17.823236950941016
-17.816347455037473
-17.823729325785497
-17.829235818087334
-17.826326377809114
-17.83743351283218
-17.825540554181917
-17.817911231319293
-17.822152011310983
-17.83157166239828
-17.83868020243513
-17.84885388072543
-17.846283894411947
-17.837880186225544
-17.823597076404422
-17.823665935989528
-17.829386137146653
-17.842893981692622
-17.858487483444016
-17.846865034834803
-17.864253780278947
-17.868401090725513
-17.883105010880296
-17.896724374271347
-17.893818216722938
-17.889752339971825
-17.889475204038845
-17.902975652686496
-17.892647733196455
-17.882110831620935
-17.860886944204047
-17.872515861128583
-17.86664440502893
-17.853991381776513
-17.862222962834483
-17.87370100564697
-17.8650912064921
-17.873517226908753
-17.886270737946244
-17.881203010833254
-17.893608566165
-17.88534037409509
-17.88755447697789
-17.90563209738468
-17.91686301976502
-17.910487926519682
-17.908042839922786
-17.89610399535796
-17.918137687796733
-17.91039132291758
-17.913343200694257
-17.903553614971152
-17.91527127554332
-17.92113257907105
-17.93518287712233
-17.93034884502403
-17.92785831025233
-17.916348079928085
-17.936538119988793
-17.948764926336214
-17.970966801014093
-17.971826914983964
-17.96055199052013
-17.955542429001067
-17.968570452482723
-17.96094065258447
-17.956691129822133
-17.944200183416044
-17.929714950759077
-17.93200336649409
-17.93524148822197
-17.94521172112202
-17.92835252920403
-17.918463283153482
-17.922262752133413
-17.92018838427474
-17.919362877983
-17.920985719873748
-17.926724807491077
-17.930083307214648
-17.92778783622248
-17.94609539290068
-17.94830280195197
-17.958032139872348
-17.96509739729113
-17.958406607716014
-17.96155819573266
-17.949911603940016
-17.950983846162334
-17.967213435013583
-17.958438998645487
-17.960306329576426
-17.964625969575025
-17.96594725432526
-17.976675183852727
-17.97048088143838
-17.983086097455292
-18.003112629798586
-17.997654759777326
-17.997102675978663
-18.01342235055198
-18.032644270742907
-18.02526535060844
-18.01985373114283
-18.018111821510338
-18.026782837129062
-18.011608849187255
-18.02677360448357
-18.037558753401417
-18.038522709074478
-18.03441068488014
-18.02708829399086
-18.033127222654603
-18.031589959355674
-18.04116631194928
-18.05354963706644
-18.039588457227413
-18.049619749399618
-18.040763482076823
-18.04196546067478
-18.045991466373493
-18.048148245535792
-18.038744021973667
-18.04223619940676
-18.04752542693129
-18.057082611955433
-18.059598526650085
-18.05781029398762
-18.06449782822485
-18.078171410669103
-18.072478998310526
-18.091645725590524
-18.105220662270284
-18.114656415189557
-18.111240935761323
-18.11632315359987
-18.113046027874198
-18.126191565202816
-18.102248429024787
-18.09826810002561
-18.102618239287818
-18.101137110516134
-18.109198861876965
-18.105549719542367
-18.093031970608763
-18.09917037489685
-18.097210447459616
-18.09721728665238
-18.100971658682255
-18.107545946400037
-18.117569144392984
-18.13562064861923
-18.134324616242033
-18.12270036906037
-18.13806405996651
-18.123887503842504
-18.110049255266073
-18.12400732556654
-18.140284302327434
-18.130024118308015
-18.123610955633723
-18.1112142684653
-18.121798542463637
-18.126582287956126
-18.127386071888008
-18.133448321303764
-18.137732031076244
-18.14022797660779
-18.135738011197457
-18.14108464606702
-18.137196209060345
-18.139355810937737
-18.122508379154894
-18.12726903447677
-18.130863453995378
-18.130181505621287
-18.12086615833874
-18.125965069306123
-18.116164598927604
-18.101409811828667
-18.09740207401441
-18.102750253374186
-18.09826545911725
-18.101192877007353
-18.087067351696753
-18.108792557707186
-18.11716828487589
-18.11689062847472
-18.106698105486988
-18.12426584853206
-18.11814409259902
-18.12506662442398
-18.113434379037162
-18.104082929185175
-18.11495632059991
-18.116423358384196
-18.12457070503499
-18.11234421482436
-18.111736997544632
-18.109305448657448
-18.11850805611187
-18.11634979819038
-18.111056752484544
-18.126057934535716
-18.13372619048044
-18.11701039499276
-18.114507190641422
-18.13298227775306
-18.132293278867014
-18.132089540733087
-18.125165691207492
-18.121104715032878
-18.120960400906508
-18.124796925814287
-18.121227562666228
-18.1330967354615
-18.130284100561376
-18.130850651463987
-18.148755288020467
-18.171544057960123
-18.17426429891891
-18.164589966047267
-18.17291422546909
-18.177214241169374
-18.16230964677543
-18.151561582968984
-18.168421734710883
-18.182763679039063
-18.179103443301685
-18.181836189774646
-18.17771666976503
-18.18763103125771
-18.187143661767692
-18.199253480014526
-18.212753570979025
-18.202832834765214
-18.198731155151556
-18.20018042420508
-18.205297832564078
-18.223406353128112
-18.202151946435443
-18.19246159654516
-18.213437346646987
-18.231897888090238
-18.23216139732133
-18.22007264216601
-18.20898584076955
-18.210724372979065
-18.208022078657038
-18.214401595511198
-18.217429535751627
-18.21822422017206
-18.219265360990686
-18.22911229576877
-18.234569287533603
-18.23754629603006
-18.222943330490594
-18.224091115309154
-18.2397601806374
-18.243229328372305
-18.25636524377728
-18.27235808276779
-18.269331837131997
-18.258301233876185
-18.25090547874633
-18.255391490326637
-18.263753822735673
-18.259824653814285
-18.25107955780871
-18.239766938016757
-18.244749382720375
-18.24157403584399
-18.229436529349247
-18.226380743585327
-18.229661387330143
-18.222058641004
-18.23032657462315
-18.228931929106263
-18.224644164794523
-18.20735542000018
-18.217499742670928
-18.212243225629493
-18.21397436977631
-18.219950875509134
-18.21683508272884
-18.23225989315621
-18.22834468637416
-18.23324244986537
-18.239725162657304
-18.25245038224644
-18.243556666100016
-18.24294726639684
-18.24690857736573
-18.276572495987335
-18.25994632067295
-18.272501349907838
-18.27904592320532
-18.288865898796175
-18.2974373503602
-18.298715376135654
-18.296629600212817
-18.30596323840721
-18.300838898293975
-18.291978493327314
-18.284129168970615
-18.271761241331788
-18.29061722820872
-18.264884657946823
-18.26735136698264
-18.27293500269317
-18.26970263574282
-18.269824597478465
-18.287049191479284
-18.295151985143622
-18.299691433494946
-18.310627764787
-18.304155653687452
-18.320191743828442
-18.303292052058296
-18.302108979280284
-18.305777127809364
-18.307625464138663
-18.29928602318119
-18.305187936810132
-18.310545973794866
-18.295221199424116
-18.280025601397757
-18.29016095177761
-18.285131212726473
-18.285631162766926
-18.2869425868423
-18.30893529336435
-18.303928900925634
-18.300694594934384
-18.280896991215922
-18.276353478865193
-18.269347604396156
-18.29045312448865
-18.296112727309797
-18.295741899196397
-18.283495803399227
-18.296527123680114
-18.276506579564042
-18.275936644566933
-18.29085910220324
-18.29702406014609
-18.308978091884203
-18.30911683050418
-18.31667233180019
-18.318493247135333
-18.333401708016336
-18.327155464901292
-18.317929071677643
-18.310233094190682
-18.3226972873018
-18.320796646028572
-18.32231696685651
-18.32260702607833
-18.323763674375144
-18.319005579054885
-18.330415041345493
-18.330505959274664
-18.335332011249054
-18.32099949310391
-18.318414037747786
-18.322754086002888
-18.33215269144426
-18.311334269258968
-18.32744838966343
-18.333514868580938
-18.32371972864868
-18.330910538153734
-18.327756741419844
-18.352232852862777
-18.347413264424898
-18.327432556371615
-18.34930605708829
-18.340961755660704
-18.369331625493746
-18.362498016301792
-18.383322018319337
-18.373819411284227
-18.36722947791361
-18.348144153568633
-18.362157878780845
-18.366325747482097
-18.362140667684695
-18.361333652469376
-18.374880483945855
-18.377842908774998
-18.373957852861178
-18.380787818268704
-18.380043124323464
-18.382870131544102
-18.38608859940926
-18.39698640072255
-18.406993629568383
-18.416823790396904
-18.411170842770773
-18.426063491499
-18.4342730357632
-18.432447121122006
-18.439012283255096
-18.443301842865985
-18.428308782741674
-18.42948413353729
-18.417433905887425
-18.409307398275942
-18.42246690586306
-18.427172591710576
-18.405607495837124
-18.42041524108588
-18.434035989581513
-18.452277975723497
-18.44394036965032
-18.443673693329814
-18.4425532363432
-18.44666739123617
-18.45387119641462
-18.47156842272325
-18.476171640446804
-18.464181621509805
-18.459124229873183
-18.451796734024246
-18.45080010650928
-18.44588178639634
-18.446798048592072
-18.43055825561573
-18.437936207467477
-18.455286198297532
-18.47407106137836
-18.474185981577637
-18.48433705981538
-18.479475325618584
-18.48479954940635
-18.466098288234427
-18.470240645859427
-18.46633960177116
-18.464259440828283
-18.467068763207273
-18.472474422160257
-18.49271305732442
-18.507777457680877
-18.500266336018218
-18.48967785572912
-18.491500180432205
-18.479792471681183
-18.499030781708854
-18.492183594885304
-18.49617215962951
-18.49893166084324
-18.52523974731065
-18.521996903525224
-18.53474473404859
-18.535406901282983
-18.5437655708159
-18.535196795127778
-18.541463304693067
-18.54751729006946
-18.543422706931402
-18.53834052246406
-18.53520085713099
-18.527504760686348
-18.53307328802877
-18.53392277556556
-18.527609032080495
-18.52666457913333
-18.518710593599472
-18.523940283271596
-18.518048067510488
-18.513662277916776
-18.507126535579594
-18.492143861708428
-18.493073232133924
-18.505148254631212
-18.485586138629117
-18.49630728934155
-18.519394165621787
-18.519632097564546
-18.51126556180286
-18.504638909652837
-18.486932313405646
-18.492731033025922
-18.49174027423616
-18.486451304074603
-18.50065560589994
-18.504569369884443
-18.488206681449572
-18.484856387379306
-18.495769159418042
-18.476096031140187
-18.466664699894057
-18.45228141791325
-18.459871822343633
-18.45923397741335
-18.464723920680278
-18.478268894362294
-18.507964627503295
-18.51460485334052
-18.508305025659787
-18.508125753277124
-18.513962171917854
-18.51517499670579
-18.522756940295853
-18.525673024613567
-18.547419699008636
-18.54162115847021
-18.54269495475525
-18.539355398919
-18.543891358501792
-18.556876317055913
-18.57546377423464
-18.555480544225336
-18.545626908654494
-18.548794012748488
-18.53905296909976
-18.531678509050096
-18.537941613772496
-18.55287862578411
-18.57459716237217
-18.582351829591154
-18.57001282775174
-18.580475234111255
-18.58463299450535
-18.57508279436691
-18.58632331293416
-18.590853304863863
-18.591657431905066
-18.603862758828164
-18.595704279441097
-18.59487046651695
-18.587040892514622
-18.60787935682186
-18.608207141389073
-18.597662834546057
-18.599941208605642
-18.58784996774371
-18.578254666893
-18.583615452069697
-18.57982439366383
-18.586516053260002
-18.588854310925182
-18.592933221689268
-18.59775402199267
-18.60086842369081
-18.593541143557054
-18.588695667022332
-18.589974275941216
-18.59610968131019
-18.607219669418203
-18.602488095719448
-18.61581454742091
-18.636660840968585
-18.637575890517297
-18.656805915956514
-18.659079611906733
-18.662795160504118
-18.66985036058352
-18.678199707013924
-18.6630447025297
-18.668634956153376
-18.654281505687713
-18.64713417082599
-18.65369084277912
-18.660488775053963
-18.652459359210308
-18.636370842725228
-18.636791559762855
-18.63293651073836
-18.62794849571109
-18.623820161339392
-18.63248079142101
-18.619776666520977
-18.60869375397901
-18.616606966400333
-18.62434281698809
-18.626767837177074
-18.639964981137087
-18.63260792879865
-18.631748233286547
-18.655014357440955
-18.689139062306246
-18.69807132153088
-18.6983799514447
-18.687992311286884
-18.701651560307187
-18.715214964401802
-18.735743290392268
-18.735914778535946
-18.733772224293553
-18.728302957723404
-18.74697444136621
-18.741792930786374
-18.739006549515324
-18.733233030042626
-18.726902919347843
-18.73297353805593
-18.733035238679427
-18.729888290571143
-18.72114863986163
-18.73442697276357
-18.728674357841072
-18.727558977666092
-18.721003182121848
-18.7300492702867
-18.736470764299227
-18.746972421849442
-18.73431598436067
-18.748688231351576
-18.750271933774734
-18.74364502968229
-18.739619902070583
-18.737316375416142
-18.728822766013863
-18.730586814702622
-18.718601801672648
-18.724433239682234
-18.713819239680472
-18.73589099984722
-18.726145252479753
-18.752060505593132
-18.731497093931708
-18.728449222657787
-18.729202588151704
-18.71974419865655
-18.711337541415045
-18.713062902569973
-18.71576659439378
-18.714563768258742
-18.71695214065372
-18.704327431401392
-18.7086528076783
-18.720914137036562
-18.722779029935847
-18.72153063129263
-18.72173451458116
-18.717202317475635
-18.72147723219299
-18.692485060633793
-18.69352521337689
-18.683477035309526
-18.670524201206778
-18.69214005491951
-18.679112486945552
-18.682010468755184
-18.66262363518361
-18.681308656381518
-18.687475727811794
-18.701769004442518
-18.695264023173614
-18.72833120464347
-18.732059464852743
-18.73577413906977
-18.717838768398902
-18.716847927456083
-18.733842112097058
-18.733206178431097
-18.744282799932915
-18.737279071483528
-18.731370484123484
-18.739147403418595
-18.738023791554195
-18.732787287431815
-18.73317820858317
-18.724259012031645
-18.74356796130058
-18.759853802882173
-18.74969732108498
-18.73609119268375
-18.740555237454732
-18.74917307243789
-18.77463086613308
-18.781902841943875
-18.787909362256656
-18.785629737138105
-18.779513111181263
-18.783418959620224
-18.783677095195184
-18.79521052607759
-18.794421697803024
-18.813170087746688
-18.825312766891557
-18.80398805956879
-18.800144238861478
-18.79559035576731
-18.810182181150797
-18.80617294724125
-18.799885171909857
-18.819546654185757
-18.80668265453058
-18.80833292810322
-18.798272229812017
-18.805016663733024
-18.813285627612327
-18.81802338228833
-18.833210942115358
-18.833838225825517
-18.835280312407292
-18.823213306373415
-18.83773982767267
-18.847224544806235
-18.849292107693348
-18.845869549267498
-18.847784252740972
-18.859996630705986
-18.844932350044076
-18.832586841670707
-18.818592097476962
-18.81019729651236
-18.827532759925358
-18.835923911873596
-18.836468304483166
-18.82361741613785
-18.823464786513796
-18.804852038508667
-18.803755668088783
-18.822175597717447
-18.825478276226274
-18.827280819067756
-18.830824815404164
-18.835535434935988
-18.840464036440906
-18.831929181251407
-18.83049151144116
-18.829914807611928
-18.82011885096315
-18.821139815934732
-18.81339098454595
-18.817217505429173
-18.807972771720365
-18.814367177485906
-18.79909566983644
-18.786617132650814
-18.780080805977835
-18.800844164519457
-18.816105964546068
-18.818741794363703
-18.815954438524724
-18.823332792474204
-18.826712480912107
-18.82740582834573
-18.83874517379355
-18.832346992423144
-18.836212526559223
-18.853028275167038
-18.839810782193545
-18.857358943384007
-18.86033677346592
-18.851564489764343
-18.855061207423095
-18.861315060493723
-18.868745214890346
-18.87027420660449
-18.884564338246207
-18.871082931350397
-18.866084486706306
-18.87152351996701
-18.873995436367256
-18.876134950563166
-18.87124802679557
-18.872055306539067
-18.869551441162617
-18.868835193550726
-18.8668197891153
-18.87183212170774
-18.875400412764844
-18.87399751764132
-18.86504572696785
-18.85891848257467
-18.861762741142773
-18.855249855189218
-18.85944769477127
-18.84039967820133
-18.842363110685366
-18.84954965309174
-18.855667410208074
-18.864860774972826
-18.89237055389222
-18.899689530356426
-18.880661928573584
-18.894350910899135
-18.884061327638097
-18.868194254835295
-18.86854471805609
-18.86779176698942
-18.87943222785438
-18.887746824156377
-18.892599910748725
-18.899228245529162
-18.88818010752614
-18.884369993933365
-18.884348728250654
-18.901856918255465
-18.90329034410776
-18.901782811146862
-18.90939578599542
-18.902437282149524
-18.914685445588933
-18.912718253967306
-18.913979735598556
-18.90993224448143
-18.90089669681007
-18.892917260297896
-18.901012092378625
-18.886770932333118
-18.88020685819867
-18.890005291905904
-18.913560569648485
-18.92818359794512
-18.94636292768503
-18.942088018439655
-18.945231350891515
-18.94786117097119
-18.944729766813957
-18.948877212091503
-18.934960080086054
-18.93680729300593
-18.944283126956577
-18.92971870165986
-18.936840509469615
-18.952335954521036
-18.979106626582592
-18.988239640458463
-18.987726932981435
-18.98935766739742
-18.9839890352786
-18.98427759733777
-18.998814667098014
-19.000137825239275
-18.992248998414137
-18.990910406591723
-18.97816168973244
-18.96498288463079
-18.96601747866808
-18.958601381133363
-18.97566445791217
-18.969911095104102
-18.961338615011872
-18.95346453593998
-18.95762944631324
-18.952311584302812
-18.943521441047757
-18.919455765726077
-18.922021490108698
-18.912644468456097
-18.919329891307445
-18.92462570421461
-18.919257876221668
-18.902915084176833
-18.907621786704766
-18.9124476702156
-18.9193400787091
-18.93597513093373
-18.932155565747106
-18.927780747566207
-18.934762730664335
-18.932217256410755
-18.926819377700593
-18.941621661394592
-18.947057976210957
-18.942148392839822
-18.944030609088955
-18.94242207014466
-18.934065594282863
-18.942037885200342
-18.942867273494304
-18.94731834123318
-18.953719061804282
-18.97071852820376
-18.96050404098073
-18.951520118403607
-18.941797392713
-18.929856568982295
-18.931518205683734
-18.941641820661957
-18.956097022305162
-18.95507322215795
-18.964335421933804
-18.952760675809756
-18.971627832070304
-18.981978734112108
-18.974497535638903
-18.984115910689116
-18.98465592473778
-18.978841082339393
-18.987248157141416
-18.970485904405503
-18.96929997018633
-18.978547589470466
-19.00000125626647
-19.00334822022965
-18.9965151367833
-18.99274425039041
-18.990494901104864
-18.990784892837443
-19.01121471773661
-18.988352243208762
-18.975511470754203
-18.984480509570567
-18.979715797010897
-19.002522719955625
-18.997804873805983
-18.98909772665735
-18.992527171038418
-18.997046492436816
-19.01057785645878
-19.01321227315666
-18.998629718346038
-18.99983402277306
-18.98033272524594
-18.997100394187378
-19.023205027668634
-19.036990492908085
-19.04446028741625
-19.045390626539984
-19.033224407564834
-19.032549375364464
-19.036828981073008
-19.046006195166605
-19.056888670732775
-19.051801936599627
-19.054383969476188
-19.06010511883766
-19.076264279459643
-19.08060802461297
-19.08470371890992
-19.063151022143103
-19.054510370282102
-19.05150404723184
-19.050923498136203
-19.053131475141928
-19.04463403287873
-19.054490691259033
-19.051345408292498
-19.055351128470342
-19.050349621382757
-19.03251096927952
-19.037278539930806
-19.030576994144287
-19.01542853428587
-19.01607928635908
-19.012308853448125
-19.033621535046226
-19.035190615503282
-19.033290922502268
-19.040032411034243
-19.046617401420896
-19.06630506522025
-19.06995067997333
-19.066251609320293
-19.051876935780907
-19.043281406695638
-19.042273842853366
-19.038515583036197
-19.05579527689767
-19.0715475470136
-19.074585994436493
-19.066406714950055
-19.065210425719904
-19.06279657580801
-19.059013408146726
-19.05717850192148
-19.05417824934665
-19.060630456880492
-19.050528393546912
-19.044012270299643
-19.053707504544743
-19.04744640120314
-19.030454585116935
-19.031566840889848
-19.05363419738813
-19.0627519792919
-19.06803032386463
-19.077089629992155
-19.06342450814186
-19.063394225788667
-19.064771049855228
-19.064134819210754
-19.084306459205358
-19.08215594989009
-19.073854352966826
-19.06558728591765
-19.073753419425643
-19.07834827723569
-19.080299917324812
-19.076012754505076
-19.08557893002596
-19.094374965087656
-19.113714135057798
-19.121105162951444
-19.131051856846
-19.129788701234627
-19.123739933623686
-19.10939959740715
-19.104734479515297
-19.119986794352467
-19.12311196615562
-19.118725890500624
-19.11028872239245
-19.11490848169058
-19.116847465965808
-19.118925274687154
-19.123227495621695
-19.131530817640623
-19.119939651067764
-19.123109604789704
-19.123057487099025
-19.11787201068947
-19.119670795665723
-19.12820133900654
-19.135375029649204
-19.13211350176872
-19.131681166530683
-19.118979422485587
-19.1228706329626
-19.11826543601124
-19.121667434503095
-19.13287633641802
-19.132818808417113
-19.152204799463767
-19.161167890970557
-19.160686724027432
-19.15199071935815
-19.14361228226019
-19.135200684455675
-19.12734540985642
-19.136960308282447
-19.145292275025444
-19.140542886492035
-19.157544636985637
-19.16432663769475
-19.16945080497154
-19.16535997485348
-19.166207833250827
-19.16457355857802
-19.160305438172518
-19.165812436966604
-19.170151437893804
-19.16155797032862
-19.161849683688846
-19.165921441746363
-19.158222712153652
-19.150548066820335
-19.156401649163595
-19.16595167906548
-19.171762507987513
-19.161162733844808
-19.163284191554737
-19.166170987118573
-19.1720996466131
-19.178526497287702
-19.17107664197791
-19.176252184575084
-19.183757209562355
-19.169771369067405
-19.188335626697675
-19.205484889917745
-19.206853577233414
-19.209579650457506
-19.197491241418003
-19.19430670611056
-19.202441872613413
-19.21612574427617
-19.204352984789438
-19.20556575127086
-19.198582775280634
-19.202110460587946
-19.21445516108545
-19.209981920738727
-19.213587023402706
-19.217325001970863
-19.205688392819493
-19.195312654637462
-19.206834894325418
-19.201442272149205
-19.19619680336722
-19.196736026700243
-19.185300434543116
-19.204348509495283
-19.188677350884
-19.17251768420785
-19.177552619460347
-19.17547813693959
-19.148682971571723
-19.14625453705849
-19.14216350596537
-19.138565046578577
-19.133064651864782
-19.126910199337683
-19.136475305351592
-19.139417581994486
-19.137398196190922
-19.129274502388036
-19.118485619038065
-19.125329393507393
-19.139559013943117
-19.12929890951715
-19.12612599544202
-19.123455622046148
-19.13286862293947
-19.15171837692576
-19.15867447819147
-19.132831518114173
-19.1372362959953
-19.145277325400883
-19.133467194216877
-19.14477889496693
-19.14771497410195
-19.150824393906625
-19.15869210735506
-19.165712005095074
-19.151486476091083
-19.145293080722467
-19.152230843569207
-19.16950409225942
-19.16584074291681
-19.164558921648545
-19.16688701490252
-19.17101012179024
-19.17139498583443
-19.16602021327682
-19.162373235431282
-19.148562379721135
-19.162838789349035
-19.156850963854936
-19.14560330657543
-19.168922202336827
-19.16836369037534
-19.171299261642424
-19.185209318957316
-19.202455548464403
-19.208758426702342
-19.207787366357486
-19.204565670787474
-19.19417656294159
-19.210207053981886
-19.194972482053156
-19.198134518612566
-19.190223658170176
-19.196334276269624
-19.19506063381165
-19.19682046669437
-19.190719506573384
-19.203630404646756
-19.192074367418098
-19.191991736302928
-19.18400332315027
-19.182504520751454
-19.173850272736875
-19.179560906060168
-19.192621177425142
-19.200388427984205
-19.193177040045104
-19.19647430363441
-19.20556699372952
-19.209443300948795
-19.200277776176865
-19.206033467035383
-19.200226877626793
-19.204780358046868
-19.228079063373514
-19.226954799815942
-19.225731309630046
-19.22253715296749
-19.20332938264501
-19.217895773221677
-19.219278033336344
-19.21265793002899
-19.232473141753474
-19.243832731428146
-19.252420324200035
-19.258660706471137
-19.26210747686835
-19.248864065428517
-19.252771460195007
-19.252266884374805
-19.247900796564036
-19.230604301350894
-19.229431853464494
-19.235674760682464
-19.22575982788509
-19.2190910150094
-19.20342261785005
-19.220157234162546
-19.2233296380957
-19.24033093070468
-19.23797340018626
-19.253363808101916
-19.256600059175696
-19.255965469399673
-19.252196644978635
-19.26802734188018
-19.26441465762368
-19.266067711850493
-19.26762995467759
-19.28653074289761
-19.282270269045043
-19.293382003606656
-19.299371363235046
-19.31660396199624
-19.33603168378591
-19.32738501537388
-19.31158736720498
-19.328514706228347
-19.33220494529128
-19.34363178691196
-19.34204818113273
-19.326365343104225
-19.333544247348474
-19.343291283665376
-19.339425735119086
-19.346567728808196
-19.358556327888465
-19.33884091708926
-19.34792423188961
-19.352861147860096
-19.35959445353491
-19.344407801240656
-19.341567100284696
-19.342811992920343
-19.350422166046542
-19.346260823656685
-19.343350537919765
-19.365787319690238
-19.354852755815806
-19.361498593563194
-19.353756523304007
-19.354491582661606
-19.3411681690029
-19.347408595827453
-19.336583591523752
-19.34409682716878
-19.363952364293624
-19.35891027663215
-19.366306308933645
-19.34415783158876
-19.356723550226498
-19.374697979397524
-19.375836028718723
-19.37114212754744
-19.35815354996088
-19.352398397357828
-19.37604666262073
-19.376563252958746
-19.35858019125374
-19.34404376764032
-19.33205461872318
-19.333719425161927
-19.32857713109677
-19.344992351473923
-19.330611690702288
-19.341846208565418
-19.341571130094888
-19.32948932286089
-19.323615934275058
-19.34134054759285
-19.32963730596341
-19.32632725753259
-19.343190333085577
-19.35674753680516
-19.356876330773
-19.34368455896795
-19.340405479530094
-19.332778036976066
-19.332361671712867
-19.330224165976215
-19.321410867731323
-19.300727570460538
-19.30481643221838
-19.299515285467557
-19.303634834888786
-19.307291528401127
-19.30291230193819
-19.326908007341423
-19.33005805303202
-19.34451584426449
-19.357305801211496
-19.346488656540426
-19.357413873144505
-19.359871590310224
-19.350008654246075
-19.348869226107997
-19.33027792753585
-19.316123178509855
-19.317894458110903
-19.326875111736292
-19.33826510599607
-19.34753538334702
-19.35653641811114
-19.366870823150965
-19.371947197491302
-19.366502790675703
-19.356975761381474
-19.375783846385392
-19.3755995098774
-19.37844340774568
-19.37610805084137
-19.37445414115716
-19.380141436245374
-19.37855748644214
-19.37880087232318
-19.38150518710518
-19.39928162319721
-19.4050659122588
-19.42136170194379
-19.447101976025074
-19.444087608347388
-19.435911056490156
-19.409781025253295
-19.408330090352134
-19.404341452406403
-19.398941383526587
-19.416376575401156
-19.413803827253716
-19.392911513135704
-19.395188076226873
-19.400765280753212
-19.412920010696677
-19.411371475338374
-19.4051647055392
-19.41182978693046
-19.39605174061375
-19.406111606625462
-19.410774685236106
-19.419152414223326
-19.429951766598872
-19.436245039596034
-19.43266811330553
-19.427921327960973
-19.426676101961522
-19.426312539391606
-19.41081180929751
-19.42009942176384
-19.41574581908293
-19.41242435956527
-19.42234049631426
-19.40789813060515
-19.42350264994273
-19.425033092833242
-19.41292335443903
-19.408956629453225
-19.406693164081577
-19.399612691555074
-19.398456896434606
-19.387959278090637
-19.38578416510918
-19.39705747937323
-19.40737612495358
-19.417962273957496
-19.438510912490663
-19.441658569096205
-19.45216516264529
-19.42737353527818
-19.438178634364903
-19.434194993072747
-19.441177057762598
-19.444414593577395
-19.4737556102726
-19.476333779416215
-19.496828709440344
-19.48901374009167
-19.49955710980316
-19.478023776379196
-19.47031693160945
-19.456249723205815
-19.463997901156013
-19.462449861993935
-19.45223176534588
-19.4528324071799
-19.44518288596298
-19.448042935461153
-19.450754895333795
-19.473735912607005
-19.47722236228297
-19.471984298805545
-19.478833849793176
-19.49739960142653
-19.492943068404216
-19.464320423885365
-19.47129879815167
-19.46868899140829
-19.474580792281234
-19.469964693353095
-19.481150730863593
-19.466256086035127
-19.473648704106292
-19.473946869731492
-19.466886504298817
-19.460045614702068
-19.478313972974103
-19.474247278823555
-19.476667756001245
-19.472587141495655
-19.47377247630099
-19.495648100827967
-19.507406517195182
-19.515013240478027
-19.50217754029102
-19.51148952448677
-19.528144631202544
-19.52687902644921
-19.51975163856294
-19.512378619266702
-19.500331887209562
-19.498285700100695
-19.50108897899756
-19.49217187553033
-19.489274164176454
-19.494954804568085
-19.50047334789399
-19.488068728585745
-19.481971511403856
-19.468646612954966
-19.463761812841238
-19.47572419830543
-19.48345630600666
-19.479731827427724
-19.490853260245515
-19.504241868977687
-19.50563313336529
-19.50770390087849
-19.489360696642144
-19.474796231540253
-19.460018504819963
-19.460121625092096
-19.457598687963763
-19.458192675772988
-19.461676789669774
-19.46983240529598
-19.46913273618752
-19.479750282291537
-19.456080076923456
-19.451660237778963
-19.4354700549038
-19.442054261515135
-19.435010289705616
-19.44153921841443
-19.44161222193804
-19.440107282746485
-19.445834510312476
-19.451793142623348
-19.440351825691017
-19.44679808276848
-19.441712011506695
-19.449335722702425
-19.434502033155393
-19.436391192547216
-19.430333807307825
-19.441568827185808
-19.455125651283637
-19.47726094854179
-19.472845037477718
-19.49840465251626
-19.479356831577913
-19.487142435370945
-19.477686260544928
-19.49898841701068
-19.50477188006881
-19.511829428973396
-19.523857477100854
-19.513909738279924
-19.52526250326085
-19.54049716254977
-19.546918002191855
-19.545777405030304
-19.541319107099625
-19.536352240004387
-19.534862352795425
-19.54760140845473
-19.53925913695184
-19.551420470005542
-19.544239122887483
-19.558800664181305
-19.559616818757025
-19.561356007409408
-19.53880677164768
-19.536694485071322
-19.539266007201345
-19.54966583341124
-19.543815218877498
-19.54086076486008
-19.53929833859125
-19.543056333185863
-19.53467901327136
-19.53816029898693
-19.543177561483766
-19.553535589779674
-19.554371593660036
-19.56444408097072
-19.561599199485872
-19.559142246232614
-19.566525692093524
-19.571550665870756
-19.582270837267266
-19.5801082135868
-19.592315841694468
-19.58188087259244
-19.587984428365083
-19.586713118019787
-19.595810105399373
-19.604937668531388
-19.61759152485804
-19.61511793417831
-19.61122774190412
-19.60150009871777
-19.588418407147064
-19.580055598764847
-19.586186080905417
-19.580244160771173
-19.596416339312775
-19.58435100737469
-19.574234452065912
-19.569418135933777
-19.556564240165276
-19.544940629277782
-19.541084223097844
-19.534013024843656
-19.54233720601027
-19.5365643063114
-19.53385114824034
-19.558474705958826
-19.545566784092017
-19.56564948837768
-19.580928276375005
-19.581461304276264
-19.595978164434772
-19.598941495888955
-19.597053066913634
-19.61158425654063
-19.6193692947664
-19.614105522526934
-19.619405822183808
-19.621731675276703
-19.633826722672467
-19.62289779846381
-19.644120213845913
-19.663317937354122
-19.662037858729402
-19.663554907815445
-19.653955758117103
-19.653335737171968
-19.64171716215914
-19.63508529172515
-19.648586802468124
-19.64072084329061
-19.64815064885715
-19.63288087795571
-19.627166299201253
-19.60615922714672
-19.61233319946844
-19.62537759296513
-19.624938234232854
-19.628002254811065
-19.62606682139338
-19.62325612879293
-19.634453035253998
-19.633978962334943
-19.624532672984643
-19.623320449106497
-19.626673610114
-19.61567908465506
-19.632912492032652
-19.628139365518404
-19.63989461907614
-19.661595870424026
-19.662608421387755
-19.65116553194999
-19.637754763920412
-19.635455649905385
-19.635254593240447
-19.655390116219838
-19.662850812108694
-19.669907335328762
-19.66639434127302
-19.67183481605449
-19.665448134088322
-19.673564115114598
-19.671835887533977
-19.667654348514233
-19.675051007290953
-19.66752308772307
-19.674353428311623
-19.663383773198884
-19.65587008689164
-19.64500933726249
-19.647176982958275
-19.641965102634035
-19.64292847558082
-19.637344743072894
-19.632935851353214
-19.63933915513433
-19.622002486911686
-19.62327217684315
-19.62494647042062
-19.613950880791464
-19.620997970611747
-19.615982733926728
-19.624796994738904
-19.61538634093548
-19.61073452580252
-19.6114794830349
-19.608684044329795
-19.597466815177608
-19.597701379317225
-19.594418605992644
-19.599995781671094
-19.596046904609697
-19.605000324860217
-19.627557683689997
-19.609249862049925
-19.59689918297688
-19.586036157172092
-19.587998854400972
-19.593150924092658
-19.590573523622556
-19.589448636110028
-19.599039503965095
-19.599838630067094
-19.60256241177431
-19.591612964840508
-19.597164105404214
-19.613549663787357
-19.60401564060456
-19.588154281607082
-19.584297154916964
-19.592776437997554
-19.588132302405704
-19.59190440679586
-19.60033562933389
-19.59581552491484
-19.5956940851349
-19.60222029363255
-19.606610727743153
-19.596220997219035
-19.602636720011436
-19.591041218658994
-19.592995104428276
-19.614390104312907
-19.615471644946943
-19.628569656943153
-19.614480102922386
-19.60086935763001
-19.585757387846414
-19.561192852532457
-19.576458476013944
-19.583233270566165
-19.60387986287804
-19.600847433755526
-19.59407494542881
-19.592805653482937
-19.586945210106308
-19.573704753324215
-19.6021466035869
-19.60700694925986
-19.608165654333565
-19.61081813356616
-19.60262772927004
-19.605535348654094
-19.623581206919734
-19.613361500877225
-19.615221566538466
-19.61010217034206
-19.612779532374663
-19.60877134565366
-19.60892536578167
-19.61892160474214
-19.61506197083062
-19.611725784504706
-19.606440173367517
-19.599005449405862
-19.599647099791067
-19.59524739516353
-19.60974680901579
-19.611273070632503
-19.60941403746638
-19.597972500496684
-19.597923793006977
-19.623594992352356
-19.608689981937736
-19.615489438759468
-19.61826590606701
-19.615331960774284
-19.627385161739497
-19.627855387667058
-19.616437009559878
-19.619481331863284
-19.615040166211116
-19.617176813706713
-19.619471826544345
-19.62609840364745
-19.622608912413973
-19.61311223518292
-19.62158222902275
-19.636206562147734
-19.62897878398225
-19.630515386584882
-19.616825608371965
-19.634901964172407
-19.63771451732712
-19.640941324752454
-19.637757964449968
-19.640872876104996
-19.63618115645067
-19.63172818535108
-19.636486118935483
-19.635436169515106
-19.65564495283609
-19.669232364720777
-19.66413221274752
-19.67497090734508
-19.68589054286962
-19.694377010107317
-19.695107304886744
-19.674551253548064
-19.693007327946276
-19.687144824322974
-19.672481271536604
-19.674627289773284
-19.695066659964645
-19.696191905505028
-19.6827497659232
-19.69845626041931
-19.700104563574772
-19.690825720329805
-19.698588759988066
-19.704599656748
-19.683712650713062
-19.685271523394203
-19.69261018686554
-19.691739557317337
-19.69571631857369
-19.697246046037968
-19.695611830138045
-19.71872330750115
-19.698623566538945
-19.69563659022888
-19.71936062459665
-19.72842106590675
-19.75010573076737
-19.739012950437207
-19.74534579824798
-19.737500440798925
-19.72895635368037
-19.7490571288763
-19.749087312523418
-19.756224557336004
-19.760242264804727
-19.781003829900133
-19.770185502378766
-19.769468446327906
-19.767371590335387
-19.764934028681328
-19.764789436082477
-19.768305208981364
-19.75873329824572
-19.753065788558178
-19.76620245498925
-19.767265730113284
-19.798578382263532
-19.785773250189955
-19.78633983920545
-19.782035865268135
-19.75661548126655
-19.763781073039556
-19.74706240101787
-19.740425385707418
-19.729563049703078
-19.71980781172766
-19.719932094081106
-19.708744766027337
-19.731438880257475
-19.7472651508476
-19.747656995070667
-19.744543523780727
-19.745342673995637
-19.754641819296882
-19.768325179499843
-19.736425928657333
-19.724337894513535
-19.72481929842583
-19.71160539996158
-19.737355207392646
-19.723690865857638
-19.703623403122908
-19.708397343886695
-19.717156775874795
-19.725009481275425
-19.726452407150465
-19.720332810240784
-19.71173544390287
-19.720804750222246
-19.72321761024653
-19.719094893891175
-19.70644515943925
-19.713168920550174
-19.704212981317173
-19.707224571687398
-19.720651184755734
-19.707972446399907
-19.72293288584084
-19.715298036697785
-19.727080066277537
-19.7098006763118
-19.715877962935945
-19.735225983737
-19.748868639714118
-19.734690957917348
-19.744379445000916
-19.755873274561626
-19.77374062192273
-19.76570294502118
-19.766276660444113
-19.74443461589629
-19.757989158174993
-19.76918884346301
-19.757991459328146
-19.75723437013171
-19.75685979305617
-19.75530334179168
-19.764281146258227
-19.763336198018486
-19.77027027694293
-19.775892761369732
-19.792217798139166
-19.780441952197123
-19.762150022688907
-19.762004475279497
-19.761218011650495
-19.76214825489817
-19.768572035608997
-19.780428377887866
-19.7799228747413
-19.782035120884505
-19.784449968635776
-19.782972811573362
-19.770671079879037
-19.77593344101745
-19.777355211382602
-19.748565164361082
-19.732952070740918
-19.735083239163075
-19.730961079549456
-19.74749402200318
-19.768246444638205
-19.75237012135507
-19.75230008650151
-19.750906853181103
-19.766277996803268
-19.777113803267703
-19.776701433322412
-19.76649137389603
-19.775385993879333
-19.788921774576124
-19.785117606248264
-19.78177876247501
-19.78957930121877
-19.781325407359763
-19.791114497070897
-19.781135474224236
-19.786241150657222
-19.777828501115835
-19.78066098658446
-19.774555238462014
-19.786468241934394
-19.788025173439014
-19.759319544102492
-19.75569346384235
-19.747955087551375
-19.756414095331174
-19.744667840099005
-19.75188452878569
-19.74863609524596
-19.74911345193492
-19.75953469557627
-19.77442900581739
-19.791883792126782
-19.773208555433893
-19.765651854713298
-19.772984814802687
-19.779339040909765
-19.783396830812602
-19.80581207843759
-19.796065511333843
-19.789116018533715
-19.808061343509273
-19.807917748471915
-19.810036308104007
-19.820119106835932
-19.82650000054738
-19.830183303429656
-19.815974059718098
-19.806864754278962
-19.815467502011575
-19.81532130635364
-19.82089667864558
-19.79658502061
-19.793273658207074
-19.802206688663855
-19.80052347326936
-19.797331881154513
-19.794336428175956
-19.792474746790994
-19.798880807002746
-19.795451437118572
-19.793729966029836
-19.787212513518536
-19.7937370390759
-19.80264324307868
-19.81369562783212
-19.8267574353275
-19.82489272086928
-19.81208976184598
-19.798799752842417
-19.800127403947887
-19.79818398180141
-19.81416208735848
-19.808227971446296
-19.80728797339081
-19.821335592597887
-19.833822366648032
-19.832920106650597
-19.835360131818728
-19.843030731911437
-19.84380499524446
-19.84872046852959
-19.845470772028257
-19.832622060602898
-19.820353599606555
-19.80948401375574
-19.808087420726622
-19.832237412671887
-19.79938902859235
-19.807273723784263
-19.82049437998207
-19.826935050441403
-19.8225613814278
-19.82679594636993
-19.826644785086835
-19.82485181111775
-19.809344780339323
-19.823287866459793
-19.829437648580935
-19.833324369752777
-19.825208621227958
-19.822401484082476
-19.831181224293786
-19.853149867353277
-19.87358540078947
-19.861952895413328
-19.88399447099972
-19.871041681759884
-19.870787156807534
-19.85892244236915
-19.86235302293558
-19.85147052503584
-19.856867241866237
-19.864084072779846
-19.87654512918592
-19.881591269972322
-19.880707744988328
-19.8821037390108
-19.886638843511744
-19.897484663243656
-19.8949524840826
-19.899253218077266
-19.9004949351353
-19.910070050132813
-19.925754951681146
-19.92359202486734
-19.918125937955537
-19.903881967044022
-19.90509486326163
-19.907985010603507
-19.901654472869037
-19.89594740555641
-19.89583242321163
-19.882181884749286
-19.878921917464897
-19.875677031608053
-19.861747959182583
-19.872256422283478
-19.849486898205175
-19.855817591030572
-19.86183747157436
-19.861092906860673
-19.85174300217797
-19.849155043331802
-19.842316460256942
-19.84527906068941
-19.842774386368628
-19.84220932998847
-19.83033645640197
-19.82058465509797
-19.819005276027998
-19.829255618703574
-19.821548099440115
-19.819054054487776
-19.82737900371984
-19.84601324821264
-19.84254370357393
-19.844745859340613
-19.853452910668544
-19.861039855277387
-19.865912722052876
-19.866692795341173
-19.883083703334673
-19.88523255338478
-19.88005033274693
-19.88604631804435
-19.882868045708136
-19.871944839695182
-19.879967684374908
-19.870156556690958
-19.87241658113311
-19.868220224419705
-19.8654714339418
-19.88151241665155
-19.87793986196535
-19.879862046653095
-19.884352935069963
-19.89216160098444
-19.880862475758732
-19.882168396875315
-19.880944192376017
-19.894055276163627
-19.892174834236975
-19.87000418718096
-19.87825362034062
-19.876273725698706
-19.88175210445041
-19.890571690504174
-19.8926643838795
-19.900486536778484
-19.900415480449546
-19.913403759657758
-19.90323894892659
-19.92509471844326
-19.920138647861965
-19.93604462995297
-19.929261607536926
-19.941030460721954
-19.93176478941236
-19.930495643979867
-19.93105960914202
-19.92923222186671
-19.92901333147579
-19.927338308545306
-19.912063166217468
-19.91273097315219
-19.919308582445616
-19.912989634823212
-19.912512780180652
-19.913674338998412
-19.90687798503603
-19.89669458420326
-19.89791178923407
-19.89731163962018
-19.89951360615909
-19.888317535006856
-19.88576776201601
-19.90560026721789
-19.893861468183022
-19.88457938612979
-19.884366195837433
-19.87427512227459
-19.86105325202795
-19.86026844676267
-19.83809812774727
-19.858749019652144
-19.841251963924524
-19.85461270532975
-19.850144026884404
-19.865712970854
-19.861429501751513
-19.856961184036205
-19.853289810486512
-19.829656442436413
-19.82405079279055
-19.831190946870006
-19.840885342708987
-19.847665853932494
-19.859289372942218
-19.86425547564858
-19.865412363231528
-19.866168155209813
-19.87601813095976
-19.87597201589121
-19.866867538525064
-19.849355183593246
-19.85792918363332
-19.864335089010666
-19.867223584720787
-19.870738994651155
-19.87186859049566
-19.865260733518944
-19.889888207745475
-19.86768873915283
-19.86241856512915
-19.87003411394681
-19.875302080932656
-19.857165652259862
-19.854838685225847
-19.85638571321825
-19.861359157813265
-19.867306570190546
-19.871864360053777
-19.85762322283226
-19.870068631245626
-19.84036812273573
-19.827940512916594
-19.840892590814782
-19.84272578503211
-19.838741662986784
-19.839802850009733
-19.8476614151393
-19.820698562154988
-19.8130017554165
-19.8178722989609
-19.824999757362207
-19.811728224921165
-19.801084003827633
-19.81034818547808
-19.80417958422465
-19.807033196221678
-19.803761786264893
-19.809159925742332
-19.810607209538325
-19.834162231408786
-19.83224648283214
-19.836926859475366
-19.853289844334082
-19.841928977220352
-19.8385308474421
-19.8549014759887
-19.869555923780993
-19.857803563116434
-19.86350767729212
-19.871743372110576
-19.868522939864025
-19.883394332498305
-19.880279276456854
-19.86010342579937
-19.871645664527904
-19.863660266039467
-19.883963597555045
-19.872853366488947
-19.870596134282845
-19.861669240262042
-19.864146981002293
-19.874838357955174
-19.87871117570301
-19.892523164359552
-19.881549489023964
-19.87817141066493
-19.882231866965665
-19.883950320804125
-19.89216450622277
-19.883466287263886
-19.876571500939253
-19.893876712113798
-19.892803356169246
-19.884567918195557
-19.89021245062176
-19.892735567522774
-19.9030906869323
-19.89430136384053
-19.895558081100965
-19.911108798312352
-19.898842609544506
-19.883505196586253
-19.87876143663132
-19.869586824313853
-19.861946202196815
-19.87977272849331
-19.872035734719674
-19.865670148982126
-19.86066372063914
-19.83781128330954
-19.843927442954577
-19.84571773609601
-19.855606206773842
-19.874821567181876
-19.871810408313134
-19.87921626312432
-19.878966943529853
-19.868664472281598
-19.87457435158401
-19.871745987043862
-19.865331141108218
-19.85459769506953
-19.846852291971455
-19.85079845041839
-19.82661650188473
-19.84156480169226
-19.84829061956005
-19.8455520958582
-19.842608257522855
-19.8437404630813
-19.844694194048486
-19.8462863947246
-19.86020849725834
-19.853229983432144
-19.866459036195348
-19.858094335343903
-19.828140159726928
-19.831067163176005
-19.844031260888805
-19.847139521092462
-19.840703903057147
-19.839750751984077
-19.837468512248595
-19.8331288009409
-19.821494267086358
-19.812571590136184
-19.82870493134178
-19.843890114859143
-19.84285299382019
-19.849406273549565
-19.856704668412533
-19.85912058656776
-19.849320915893838
-19.84532069058169
-19.850968437559228
-19.845267971343436
-19.848452130504356
-19.857910479159408
-19.854956022374008
-19.858726067332714
-19.845885800111386
-19.854565476880275
-19.874181455266164
-19.875068164752985
-19.892951917390725
-19.889251236561602
-19.865659790985802
-19.878797401251656
-19.879943364467138
-19.88452785051061
-19.865956032544947
-19.878927742923246
-19.872756071511603
-19.86671763308244
-19.863291681721577
-19.858702080914824
-19.853063490046374
-19.86804674367894
-19.872594865093756
-19.882030580956993
-19.869150766438278
-19.874122682776274
-19.858962954146115
-19.865935633651358
-19.869854678299447
-19.86779600600886
-19.866104118860914
-19.853024982569785
-19.84979776546455
-19.852249326016175
-19.832263354248468
-19.83435623832219
-19.848425613985697
-19.848988503312075
-19.849434822677697
-19.84680174278171
-19.86081821365239
-19.86117197498698
-19.870955108738375
-19.867323511645107
-19.856250320607895
-19.862524410361146
-19.875467748405754
-19.874805752523702
-19.888143217347654
-19.887503344541404
-19.888923307582942
-19.884007109282496
-19.882845800630022
-19.89484129813801
-19.914759371396997
-19.91634855735644
-19.9263900276786
-19.925381607396798
-19.93777943394961
-19.936205134207967
-19.931663164592425
-19.90308353714846
-19.914809943627844
-19.919624738040426
-19.930940027311014
-19.929291588889516
-19.94207985029909
-19.94627600274423
-19.948095796012893
-19.94927175403671
-19.94567274154823
-19.94427100784897
-19.953137538852943
-19.950772237686085
-19.954780787662067
-19.962841863869375
-19.96280889647633
-19.968924329580194
-19.956757172959595
-19.966477112235598
-19.958709958347974
-19.957935601454455
-19.96208423971045
-19.94489058077313
-19.94046092537223
-19.914491008426143
-19.90972839946232
-19.892914115130715
-19.892966740451904
-19.89045517484786
-19.905584292227342
-19.891130917313536
-19.895179950583387
-19.895477344822584
-19.8932289654747
-19.888329924096887
-19.894317920325516
-19.879589517143206
-19.888390789374704
-19.884122000269304
-19.889132378074983
-19.879330261128697
-19.882764641615072
-19.87513008602688
-19.88022561366147
-19.86920257370441
-19.86580209827879
-19.86209390515195
-19.84403550086274
-19.842727223212155
-19.836032223411323
-19.85845271209445
-19.86854302437731
-19.870136698527297
-19.88986995175395
-19.876751342650024
-19.872156673017315
-19.867933983431776
-19.87124271800932
-19.88320909611547
-19.875474557345193
-19.893002839248723
-19.874355618804127
-19.869953579859594
-19.86753640265814
-19.887957145849946
-19.892563715547347
-19.89451289842507
-19.903833471440468
-19.89953116955908
-19.901516527928
-19.891559425893654
-19.88008966740568
-19.87633951077148
-19.87244768710561
-19.8763830013672
-19.893322081765834
-19.887192017800558
-19.89282164618703
-19.89403998150227
-19.887529615345684
-19.88879808858524
-19.89918673988123
-19.91051799596278
-19.905302420578543
-19.905596595728355
-19.913112180848923
-19.908769672360226
-19.915190712401422
-19.88816714232404
-19.892933817593345
-19.876521083071253
-19.884639224101118
-19.869311940763204
-19.866736274526723
-19.881530359381237
-19.872393872657163
-19.873636169656393
-19.8914386375858
-19.8925889393654
-19.917951586474096
-19.919875489858768
-19.919685827494206
-19.92092666395684
-19.91054399948516
-19.924830087116074
-19.909174828883824
-19.90390372213438
-19.889026688759902
-19.88356622682613
-19.874334525265503
-19.87350222623657
-19.875556631464626
-19.87017892305042
-19.884427559442212
-19.89726993859192
-19.89113249798064
-19.88081336494559
-19.878035622690827
-19.867757313101674
-19.865587498047876
-19.86642584118537
-19.85940858306743
-19.868362551123933
-19.85977329395819
-19.848350132091667
-19.84575050011404
-19.838673308758292
-19.830534901908123
-19.83157665112072
-19.828393200755453
-19.832590804638176
-19.827456553921195
-19.84606427595107
-19.859307267356147
-19.85124046144411
-19.859665338953292
-19.849902505113832
-19.839685018516896
-19.829783621909723
-19.826761637531238
-19.825805214051048
-19.826394620211765
-19.824610546987824
-19.838743453298168
-19.841142958413936
-19.86992182471457
-19.88509458443235
-19.884124071332508
-19.889092090936327
-19.899441506986676
-19.89876385156179
-19.91189759500657
-19.919089577149016
-19.925222585693884
-19.922655442034408
-19.940456948742007
-19.939179752627513
-19.93678952914558
-19.91005369982682
-19.91704117862256
-19.914415080686247
-19.92411590705726
-19.93362489172741
-19.943793023032114
-19.94015065076564
-19.921745663145057
-19.925782578207727
-19.939641185985394
-19.940758776365715
-19.94274954155629
-19.944678040478028
-19.941641303843422
-19.95511244905242
-19.958196515111286
-19.958989021895825
-19.963449842650736
-19.975293637482395
-19.991113877878004
-19.980368593293857
-19.980463561340848
-19.989218012050355
-19.985940389622325
-19.98940003738048
-19.96625530982309
-19.965401786078434
-19.98158982191177
-19.985008336214857
-19.979582601435695
-19.98284006576898
-19.97285288329895
-19.9748534512692
-19.960528993286637
-19.977397167152372
-19.975390846201783
-19.960241366580206
-19.95131727152742
-19.954689017101725
-19.93971565729042
-19.946529542441244
-19.950251965379877
-19.958559286744805
-19.933877379737037
-19.932225229305637
-19.936058695659256
-19.948899117248406
-19.951603988234705
-19.960078351929234
-19.952529020565773
-19.96103410362056
-19.950771933528383
-19.948075595986033
-19.94230916711423
-19.944990811103658
-19.951777960595678
-19.947142308932516
-19.95007689041113
-19.965826268131632
-19.971819679685797
-19.965830146382224
-19.970423797390726
-19.98310617818795
-19.96794170107965
-19.971955004527516
-19.960167317841847
-19.96140828531938
-19.962518699569383
-19.946499827848797
-19.96460990881118
-19.96937623386261
-19.968835653706673
-19.955175182690507
-19.935145127817314
-19.923632380716704
-19.918507250363177
-19.912805079642787
-19.900663881049212
-19.89181211537526
-19.886216677365663
-19.890539438305122
-19.909712852965193
-19.888831672232065
-19.886551549647475
-19.876945333351184
-19.885535572856373
-19.878796237843424
-19.884864651418464
-19.872176413856103
-19.876344311097387
-19.8822356218719
-19.877925234878294
-19.88771154383067
-19.891338792136963
-19.91158328534944
-19.911884204266457
-19.89727164105921
-19.906258535231746
-19.910181727240975
-19.896927605305113
-19.8830648874691
-19.8905402975092
-19.895547220747257
-19.89535330208279
-19.897118698969845
-19.90060186968901
-19.883631307563515
-19.87642700237946
-19.86583807961289
-19.861640079586305
-19.856460884893867
-19.854085956057812
-19.867840273492916
-19.87121355013973
-19.881675310648493
-19.87074436674783
-19.863286167211132
-19.867887555088856
-19.879674379955887
-19.879365475586933
-19.885112861561396
-19.886145487754558
-19.88189033415788
-19.9026696282165
-19.896800932157067
-19.9083483398898
-19.91249482880492
-19.912433733411298
-19.907292977598775
-19.8994398532729
-19.895487470320226
-19.886726661537192
-19.880764491922744
-19.893500660510806
-19.899335585504996
-19.904933610151524
-19.91045720130014
-19.922066818732635
-19.93180560974646
-19.943520860912006
-19.95582192259488
-19.954551159081646
-19.948713405718774
-19.95506528897116
-19.965766708685763
-19.954092912351538
-19.954382184178282
-19.964807282036237
-19.95234945291455
-19.94575998421663
-19.93689823549382
-19.934777615249637
-19.94559077603403
-19.94106742901054
-19.933748427003867
-19.93398408327118
-19.918829030148895
-19.92035861905827
