-19.910877649654495
-19.873189884371886
-19.874006529659518
-19.885978859466015
-19.84168488277551
-19.841349653505834
-19.844614230656678
-19.875975874284183
-19.802990999576128
-19.826823419151474
-19.88915026073292
-19.82734035981975
-19.798512061704518
-19.86575148676275
-19.89201966692949
-19.910630240006757
-19.867926099411136
-19.843363890565886
-19.844611700262693
-19.896333293353123
-19.889187236810837
-19.865064028896935
-19.894176689305205
-19.883142658302166
-19.851808232230127
-19.81851524179653
-19.841487701338686
-19.84793050893127
-19.82396506934674
-19.895659698097493
-19.916496617740297
-19.845206628066187
-19.8568223915744
-19.904064715329557
-19.887172849581976
-19.850382098773565
-19.871324432338916
-19.86102177484442
-19.79537647577721
-19.872349733533195
-19.836487969672067
-19.865480365627874
-19.83067609728263
-19.802476387584967
-19.827281268112042
-19.838674857358026
-19.830058951584473
-19.83959149793294
-19.86126038075479
-19.876907767462292
-19.885020808772065
-19.910535387605265
-19.89275795948703
-19.883417098805246
-19.861119792837954
-19.823051384153025
-19.814472802154317
-19.819119121899426
-19.87785076419503
-19.801600404173012
-19.803766784053597
-19.853389385175483
-19.83553371557669
-19.806145954988686
-19.854093101708596
-19.871075330615636
-19.884097241411435
-19.877672679325208
-19.904834329982112
-19.908930145195324
-19.904948667189686
-19.923529063124697
-19.901355504180966
-19.876399957137227
-19.866118213789
-19.835771331220283
-19.88252488520044
-19.86562350380185
-19.869942330442214
-19.872791520702403
-19.849993392181652
-19.85714914854377
-19.889208217917442
-19.889713547953857
-19.899639491456284
-19.8502438321381
-19.834814762654293
-19.83868525095839
-19.82902225770749
-19.824809078278083
-19.876195934633593
-19.83989702878131
-19.848461640992394
-19.85796276825879
-19.87952736815674
-19.919577478956707
-19.823766206047992
-19.812193807723784
-19.876285211609254
-19.853668159027837
-19.864819299330165
