-19.68340356552378
-19.708445013281494
-19.702109622143258
-19.689956147995595
-19.68235116675821
-19.659392621676613
-19.640287575118734
-19.634417937403658
-19.641704205867924
-19.655986292984693
-19.665395563044086
-19.649073327727887
-19.620192273078334
-19.6325519027135
-19.644053964340742
-19.657446000032134
-19.670971753868358
-19.63592962772677
-19.623834544203095
-19.630165615847243
-19.629510469474987
-19.601419720914233
-19.616131542438975
-19.618375713911696
-19.609362826417083
-19.614687549796493
-19.622444768751794
-19.600005023323593
-19.637916824312228
-19.646626550391442
-19.59010518394674
-19.586740291034808
-19.598146892103593
-19.602183457253226
-19.583821500078965
-19.59251000966381
-19.607857698406985
-19.582685085604513
-19.57582393160693
-19.586406658769814
-19.5878365065188
-19.603413729834923
-19.615625369680714
-19.63823581846249
-19.623763542912034
-19.624415090445257
-19.631571900378706
-19.59087283794769
-19.605343917063642
-19.610212986857732
-19.623027347319827
-19.637033911346848
-19.648244612614345
-19.67491846154338
-19.693153503504657
-19.696736826797434
-19.715834955927924
-19.705820825849255
-19.711729358103433
-19.693367128329314
-19.699323642877623
-19.691280626702028
-19.715752215913916
-19.70087521918335
-19.69865840268762
-19.706971075544814
-19.698661432637465
-19.71798156721902
-19.695875425130755
-19.701015585482832
-19.70712373564548
-19.72040365409866
-19.70538208898498
-19.660053121295288
-19.6698979861548
-19.660100435156888
-19.696510394926406
-19.676778366838544
-19.65309538723173
-19.661893184886694
-19.64402470451356
-19.63388948987539
-19.663108299841696
-19.642716924034175
-19.648986605316363
-19.652198738188044
-19.677132653280903
-19.69573272161748
-19.70021778101314
-19.722274459069208
-19.7071040719268
-19.69844889422217
-19.68873597705369
-19.707768908616572
-19.694581106450954
-19.7047365646998
-19.71338160211252
-19.719615777031695
-19.706637530950776
-19.69175461644619
-19.674924017717295
-19.683652330743353
-19.690146519852117
-19.68355981867489
-19.7017808750533
-19.69226331980081
-19.689813873601363
-19.691497460282967
-19.704558017208868
-19.688006428444332
-19.68324007761182
-19.675963468713473
-19.676103409096047
-19.693796824654406
-19.704122017803435
-19.662572906485632
-19.666893121947144
-19.649281414812755
-19.607377011910327
-19.631842998648754
-19.62574561934371
-19.644391005424282
-19.650098609542376
-19.636732289622866
-19.64187722540367
-19.64735750139453
-19.633245851221414
-19.64286118304587
-19.621971242935846
-19.624120660376466
-19.649728599279737
-19.63968431581473
-19.662260602364228
-19.63163296130814
-19.62273678554749
-19.60941555452633
-19.594601242540218
-19.584685633028013
-19.598882107019257
-19.60573262518393
-19.598049865779817
-19.62744638926697
-19.629186928019944
-19.61705200814663
-19.617355672862715
-19.62881738697328
-19.628366991496225
-19.652080121755397
-19.661164945622748
-19.66790484533381
-19.65041601266639
-19.665945795635995
-19.684194960234972
-19.63975485340918
-19.631788063011317
-19.617648189161972
-19.633974844367643
-19.61690152518306
-19.61741773865282
-19.627860134771925
-19.613023192194404
-19.6285113577397
-19.618215564320575
-19.597833641366197
-19.595201641991743
-19.603092802083292
-19.593344449852253
-19.585486073392765
-19.578227901683647
-19.571691724308824
-19.57944903102215
-19.590079415963743
-19.596084045434647
-19.61755360765873
-19.60809001619862
-19.614712988747506
-19.618440483376844
-19.61858204737541
-19.628659550787813
-19.620177715679425
-19.616920459824737
-19.599095975666174
-19.599665302820636
-19.601040299152174
-19.59937651366339
-19.60113980680475
-19.603658572141363
-19.59114074050838
-19.60398749553723
-19.58358091046493
-19.585199307904055
-19.556806026094524
-19.523271049530855
-19.50606625697982
-19.52591735076704
-19.503314038806902
-19.48929015165964
-19.515799591877002
-19.54040941713079
-19.51239576011263
-19.536633167526826
-19.559222639598154
-19.57391346639754
-19.57488782898381
-19.56413145481892
-19.54258556725934
-19.548064285648223
-19.541490506035174
-19.539891125729767
-19.53955398488985
-19.550912642868802
-19.568532668575905
-19.56540293515629
-19.577393096615562
-19.578712171697923
-19.600023970900978
-19.608661882655742
-19.584005331057128
-19.582301023167886
-19.613932000148644
-19.63629710543091
-19.6492800091696
-19.653211705612957
-19.6491315622516
-19.612105626850582
-19.602730422866713
-19.615108160908644
-19.64347405621085
-19.64297862659174
-19.64148637599493
-19.66106527844357
-19.644601082663197
-19.65747535051612
-19.645561615134085
-19.676530360810148
-19.685298224357627
-19.65993752442451
-19.62770548176722
-19.59124393366739
-19.60560255462889
-19.623672603976846
-19.579584113032503
-19.601200171359473
-19.614456938714017
-19.614568075668313
-19.62836246570611
-19.64041164410628
-19.64443902830959
-19.622376738266237
-19.64909946173933
-19.648534218851104
-19.662966124782944
-19.66799116003677
-19.659818218962588
-19.64374079266751
-19.654866570157388
-19.623224375797413
-19.59939938136976
-19.619172352587967
-19.617034804437157
-19.613058859625244
-19.609759495898523
-19.57767385343812
-19.584023825815066
-19.57260861258928
-19.589193827625873
-19.597894137035862
-19.595547192722353
-19.602859685292675
-19.629808069466712
-19.62181475537637
-19.615724840201107
-19.620689855304263
-19.658879400754387
-19.66260386259199
-19.688377845961224
-19.68930353829906
-19.712128742654542
-19.71160079153488
-19.713307589619955
-19.720103497007855
-19.70561621459534
-19.711456030198253
-19.695193611507307
-19.69645278014472
-19.67828883302792
-19.689519975830947
-19.69377771683051
-19.649677236016082
-19.668661693452396
-19.685022672703393
-19.70802102887966
-19.694143027692455
-19.67020491523005
-19.70623269191736
-19.70700808831772
-19.72301014474128
-19.698938410734876
-19.700169968590398
-19.688649412696222
-19.668303666162107
-19.663991432303735
-19.656855571111915
-19.659740947853788
-19.667257482977938
-19.62805944049934
-19.63113264915774
-19.643520917046654
-19.67527672965097
-19.684424476280398
-19.696046554625482
-19.68351468217369
-19.660224540322584
-19.673671141239627
-19.688188829588515
-19.68830743647314
-19.675490810362543
-19.683549494506455
-19.662349836213632
-19.658995649071514
-19.69883452024048
-19.692363105059474
-19.694808468206816
-19.687000189652938
-19.70387874796496
-19.701632318804645
-19.718413816999306
-19.705132221203364
-19.678530313133756
-19.67981021133386
-19.67396394127632
-19.687363879898697
-19.713853264469975
-19.701766611833435
-19.662891426144448
-19.679094096131475
-19.679120252312156
-19.66434288415599
-19.660838134239935
-19.620170780531343
-19.61440566802373
-19.59233821503132
-19.590670000844334
-19.578256915601404
-19.629680897651582
-19.63722153835338
-19.647455010379772
-19.642342815744207
-19.666881085283254
-19.669871229662956
-19.670740379134962
-19.657961559689692
-19.66985765212787
-19.659687781494807
-19.655361439152983
-19.663000261870508
-19.662118558704158
-19.67116704211297
-19.671361708605296
-19.659708169791795
-19.668121851824537
-19.67881158874172
-19.682869857711726
-19.680302991649725
-19.674799908071567
-19.68139237871488
-19.68861682649385
-19.698366382643794
-19.696861436927083
-19.704340199954824
-19.68065573106835
-19.683989375576406
-19.664801711817322
-19.67880016438882
-19.654634131175392
-19.644293508489408
-19.64336111789165
-19.63758628827303
-19.635439217561228
-19.630889727270443
-19.612642924237054
-19.618684404123567
-19.631170840580893
-19.6359465154923
-19.618742141428967
-19.61847755728938
-19.625841792743728
-19.646826932016662
-19.663446020836325
-19.654337623531834
-19.670710496523668
-19.675671952289953
-19.649747690320435
-19.651506784517597
-19.63906169099049
-19.65442171405714
-19.66761220352745
-19.651588824620326
-19.643070859859613
-19.654313585753282
-19.64974720274567
-19.64228009796338
-19.66061278128531
-19.652406051609933
-19.628928590147844
-19.623460403221568
-19.645281418513417
-19.64980807209551
-19.64252090701259
-19.62300406137019
-19.624834258379973
-19.636264890528032
-19.64093972555087
-19.67664325715696
-19.69230494989702
-19.70233533185779
-19.68217755127615
-19.699102984426144
-19.749742972404007
-19.708624442420124
-19.68612766972217
-19.708305586023126
-19.689720981748238
-19.683255606040746
-19.663583131501646
-19.64151202902026
-19.621645409274663
-19.62568836861526
-19.64475160565351
-19.67995886389687
-19.664878294448958
-19.639949238439602
-19.65677034968091
-19.68406221534635
-19.678653701277156
-19.729661805090608
-19.727573118158563
-19.728296953554846
-19.712195030602697
-19.712529361153678
-19.714990984739583
-19.71013232845857
-19.746955705086794
-19.7720716336373
-19.75266583179593
-19.746480244029495
-19.738686953562368
-19.73867411128177
-19.741501403409952
-19.757201260030275
-19.752387962505864
-19.750804873483265
-19.754917208743006
-19.728075616987418
-19.73094733657399
-19.744541072615192
-19.725804470840462
-19.728651822770033
-19.701739004271055
-19.710738979936387
-19.717702055181032
-19.699230586126692
-19.699642677476216
-19.671564042844523
-19.677955411405378
-19.686545592748786
-19.685398918322807
-19.69667750561693
-19.685096428658614
-19.709617142090213
-19.69849284292739
-19.706473332933232
-19.723835261585247
-19.7046752422617
-19.722138039783403
-19.721413270771777
-19.717217489587057
-19.709892368059997
-19.685324182750552
-19.694729678881924
-19.676540228259512
-19.68036589053312
-19.68562010631579
-19.68006816952866
-19.695713504901985
-19.699915745628147
-19.71388118232261
-19.685460628013004
-19.708717950058578
-19.717199169465
-19.688730492126933
-19.704818629018877
-19.70366299525588
-19.711010407719048
-19.702203506042967
-19.676786224619494
-19.682887026782232
-19.705019555356127
-19.703703236774782
-19.70724299893529
-19.696774173519998
-19.69676328767848
-19.698628085685165
-19.70735215329355
-19.71648466418139
-19.741707629647998
-19.729279324480277
-19.719825119176964
-19.694562583923464
-19.668343894628748
-19.701366267056347
-19.672614263176868
-19.67951517247623
-19.673820171760493
-19.679689769597758
-19.710697232332876
-19.720111587952328
-19.733677750773428
-19.75209788536683
-19.746463695989867
-19.737409829583296
-19.723804885464837
-19.70664343985122
-19.711494351943255
-19.737055922831175
-19.745535481514366
-19.73699893047503
-19.763686359399884
-19.773618098668127
-19.76063692903778
-19.758462272499862
-19.74277608403635
-19.739707369911066
-19.771246480866697
-19.782477831304078
-19.764227212245515
-19.757124326914273
-19.76399028154559
-19.754517765464815
-19.75139875429948
-19.76074742082669
-19.763387408130683
-19.74466960425508
-19.743585239527732
-19.740475298456445
-19.73861586899398
-19.742000905061058
-19.727566863636724
-19.752758166615294
-19.745851366100705
-19.726396177134212
-19.726569926591146
-19.736902233017453
-19.74156236036379
-19.743454789786476
-19.70838832475957
-19.686228606980052
-19.699898528294323
-19.698505056753884
-19.6920409105677
-19.691178558157723
-19.698563856832852
-19.686902951380947
-19.716178364340873
-19.715351275978186
-19.75358561386539
-19.752425623528104
-19.746789494254706
-19.724394377793505
-19.7453573839184
-19.743527786647405
-19.75528642959506
-19.733728825512767
-19.75250024451691
-19.744889747942555
-19.747549170848522
-19.757754670542916
-19.773239153340924
-19.75742602159731
-19.756124401288456
-19.745013306084207
-19.730518331278763
-19.705137410022918
-19.700870173762393
-19.681488138470442
-19.693909272619592
-19.690158187890567
-19.70675060462511
-19.687891055974305
-19.68695267252867
-19.66001288642538
-19.690118848815512
-19.67841321371315
-19.65997107524825
-19.68067119313162
-19.668748836368287
-19.672515105012785
-19.674480601740896
-19.66670384516299
-19.674352808206276
-19.671572543885027
-19.67978448268556
-19.677347423878015
-19.664711025790393
-19.694474422424644
-19.678204286701778
-19.666485978518764
-19.64473638432251
-19.62377893875775
-19.622665229087403
-19.629569475207095
-19.64722998530178
-19.682980975224144
-19.642365069365983
-19.636178431773203
-19.63460895729243
-19.65537652054077
-19.638388699356884
-19.624402847026975
-19.64663944326775
-19.65355020498501
-19.635321232959303
-19.625783759202598
-19.62309397186566
-19.597945982806504
-19.59619768921903
-19.60777196530417
-19.599120845056742
-19.584008460196884
-19.58327543224449
-19.565783803160436
-19.561556622611583
-19.593413909651716
-19.60274794781072
-19.598788655037772
-19.618330904362583
-19.599680964500354
-19.59774896372278
-19.616527221575453
-19.63215185917518
-19.61957551410844
-19.624623327151575
-19.636276027118896
-19.626536275791693
-19.61855101544509
-19.62880605889987
-19.60278561510457
-19.619525061928666
-19.642622823663253
-19.632209545636826
-19.636730995959596
-19.66414769699204
-19.661961777260473
-19.65952057922097
-19.690001448642846
-19.679052260397814
-19.678925062493423
-19.640589406405773
-19.649766185589232
-19.666417440982706
-19.689488594992014
-19.69505005628959
-19.672873976916033
-19.68077255318785
-19.683551349284233
-19.657316294998054
-19.658064174982666
-19.667748965003515
-19.664718459393022
-19.667506999683933
-19.644028825214104
-19.63915916298106
-19.651591839919934
-19.658545105592957
-19.660860747501737
-19.692675434024764
-19.68793521187867
-19.67866167318456
-19.672908006392433
-19.662911229062498
-19.664313774107672
-19.68885467839498
-19.701542136845884
-19.691700021889382
-19.702751418434353
-19.72329743544657
-19.707352581241352
-19.701449624630747
-19.72226484406022
-19.721827966521953
-19.69795605386381
-19.708571494496372
-19.7035838241306
-19.72619113353587
-19.748660382477013
-19.715685678255085
-19.70635789899465
-19.725075328884753
-19.743380095419873
-19.72992160610938
-19.743040365789774
-19.723482728753606
-19.701887660338716
-19.70920283780085
-19.688105434387044
-19.65786032797073
-19.665774174898903
-19.670456769535
-19.64977990898401
-19.640900795104095
-19.63490741116608
-19.665670453774876
-19.670703505974668
-19.682074709256657
-19.72885175840333
-19.737078673533357
-19.718823881221063
-19.722121184705923
-19.7335370393558
-19.727943127887446
-19.74839997008124
-19.73376812628974
-19.738701103599315
-19.723720163428823
-19.73863776813021
-19.746644406433308
-19.738678236586455
-19.747363826820653
-19.738121623643657
-19.73196340765933
-19.727243697537574
-19.693582262610516
-19.710863947540098
-19.716017499951494
-19.70840652375818
-19.709152081384346
-19.697714149671796
-19.680033585287017
-19.711898160431677
-19.710361401181014
-19.688529392529077
-19.690163898975946
-19.698723568673536
-19.694231837221153
-19.705989309276415
-19.70939441821238
-19.705711379234337
-19.703886453760457
-19.686509493410487
-19.68238991242857
-19.696001124375215
-19.70162278504084
-19.671025549622055
-19.671069224879115
-19.67105844944228
-19.643722548852917
-19.658392435745128
-19.642107811895297
-19.63115232970824
-19.629667779596556
-19.6599831627117
-19.638174274767863
-19.6612699971133
-19.665669152673917
-19.638753200283478
-19.623543622403105
-19.630139611775903
-19.63473976986332
-19.63384634165264
-19.645397193947616
-19.66934771837863
-19.649894076352403
-19.661173279042213
-19.64835805475543
-19.616359400969063
-19.63214787245336
-19.676323490036253
-19.687436227365303
-19.72705620919434
-19.733617431933425
-19.730561020783824
-19.69565479966698
-19.68308431458089
-19.66302128347187
-19.647450459404524
-19.65332907675775
-19.669590229587484
-19.683477321098508
-19.703655844343743
-19.716798726943054
-19.712780692973933
-19.684827425050504
-19.681604133846964
-19.66377229877311
-19.681918527382113
-19.697923224054787
-19.641714025523385
-19.65533556486463
-19.63659822591849
-19.641494885018666
-19.636885790481077
-19.632670201757342
-19.61638166144027
-19.6243030894205
-19.61669559432796
-19.610499172876168
-19.62105790960859
-19.613351289080008
-19.641220265294795
-19.623940377854048
-19.61675175093446
-19.630662224975588
-19.64721921418325
-19.65694652399231
-19.679616452531462
-19.66029920197451
-19.666575616496164
-19.64445191867097
-19.668961914095345
-19.673703170960195
-19.65135548656739
-19.656835008454856
-19.66104393066103
-19.673621231324795
-19.66342762830901
-19.67571393327353
-19.69994685882543
-19.711505157719557
-19.698077897220937
-19.683534174356417
-19.66226015385819
-19.658764051963537
-19.64257858986824
-19.632558916689486
-19.609495663691476
-19.6190391793641
-19.628428957207547
-19.640410641331467
-19.63882692732901
-19.639844235650532
-19.64822481879901
-19.625299000802244
-19.63194841049223
-19.651879105626872
-19.6452197684704
-19.63724128223167
-19.607403842384617
-19.604523124324754
-19.638678409009596
-19.622529144786473
-19.631636482577218
-19.61595020268676
-19.61759892993395
-19.64088805915627
-19.65129140309413
-19.656865114322066
-19.658366968875544
-19.65823912608199
-19.68665150464041
-19.699246367637524
-19.676400156357396
-19.65537662422319
-19.643783577646058
-19.642192892138976
-19.647173926755436
-19.64496214357012
-19.622379438165286
-19.633698167523786
-19.638184530186063
-19.617798281374867
-19.62924713423878
-19.6427181289809
-19.63564166433603
-19.647879598286938
-19.638317198275594
-19.647603426382542
-19.616597172149
-19.61563233009397
-19.634799811352263
-19.618378070838666
-19.593928698024232
-19.60105012644029
-19.6101363776683
-19.58789596477976
-19.58973902829697
-19.603328433037795
-19.58252925500109
-19.582020718558276
-19.578858379318834
-19.591814375565964
-19.620333818202944
-19.62110916412444
-19.635986796986025
-19.66887431822539
-19.673531877458668
-19.672439859004175
-19.672972972102507
-19.67754998227676
-19.69264339258513
-19.679123791920173
-19.68387077829896
-19.665272722556516
-19.673592715173694
-19.66633188674943
-19.658502558059084
-19.657678646492364
-19.653139798039224
-19.65273338960734
-19.66444237075031
-19.651217578938216
-19.647941974732635
-19.632354026268718
-19.632388490781118
-19.640587787916616
-19.633172592179715
-19.657708089848672
-19.641531752791003
-19.640514893266488
-19.62744130127346
-19.61818426637933
-19.6129541731979
-19.63013067706414
-19.655648938251904
-19.64270878289449
-19.651688130572293
-19.66556438655779
-19.6649230909816
-19.658308896623737
-19.61002992055124
-19.638868209522176
-19.625423388274676
-19.654665399937237
-19.64507298981285
-19.63752784696967
-19.602056122548206
-19.61714165255121
-19.606656494878617
-19.625732128807215
-19.633579842425412
-19.62214300825934
-19.62549887849271
-19.606902604072424
-19.632749637725134
-19.638863921104736
-19.64284485877275
-19.633680571544218
-19.611132458850207
-19.605723249144443
-19.614654247086268
-19.58659534680323
-19.596208334775064
-19.590328426486067
-19.58704841792303
-19.609679331215606
-19.614334767938878
-19.633095572241146
-19.614132616262697
-19.641563882541064
-19.64604239137384
-19.640377039788962
-19.644190665394923
-19.63513814629267
-19.658494652988992
-19.67189099395181
-19.673692650223497
-19.664128717250573
-19.658711892266354
-19.64554367154188
-19.615005494412173
-19.636124151535
-19.639288381495795
-19.62997283470864
-19.646747230693418
-19.627134043706775
-19.63828420013654
-19.63469466275058
-19.652367283245322
-19.615874040375303
-19.610694655894065
-19.625500950138083
-19.630804972060105
-19.687597929685626
-19.698839558046185
-19.701768771730016
-19.737368916612176
-19.740103610202798
-19.737971756467186
-19.7157492069031
-19.719132915990887
-19.714970874424836
-19.719898922423617
-19.735035827033915
-19.764202778174266
-19.757380445315036
-19.75014972191314
-19.747508660925238
-19.741276647966743
-19.731601894656638
-19.71298508885089
-19.69674371058864
-19.684944074153684
