-19.68476173981163
-19.691643621480043
-19.685109416638507
-19.674195336682793
-19.70099495852071
-19.722551667879912
-19.728811319521014
-19.719090664229533
-19.72787273551681
-19.73590517094179
-19.702730976531356
-19.70865141992801
-19.72369092804876
-19.734837800495004
-19.705178839052007
-19.698668755338478
-19.68512787351299
-19.687501568156122
-19.691546264011215
-19.683681675281836
-19.690186211507594
-19.689336791528707
-19.69550417472428
-19.6992012098158
-19.659835734925508
-19.63687206206965
-19.62604808392452
-19.641322642213986
-19.634510022674785
-19.624999947119267
-19.643596330527583
-19.66119743423403
-19.673093732817936
-19.6830985481059
-19.67572655892507
-19.694623933023525
-19.69079989376615
-19.696953911581645
-19.671973276392563
-19.673167259183185
-19.70997204332054
-19.736325835456014
-19.723335789986347
-19.72128442579251
-19.725907351330143
-19.71453065734692
-19.71863129830888
-19.732341828709707
-19.707014853814417
-19.717291699834046
-19.71072845589789
-19.690963311910107
-19.681024848086015
-19.677129612571242
-19.683407011786034
-19.720862267303485
-19.69865376299765
-19.68851849395891
-19.67387021644355
-19.67320179489185
-19.705993516032613
-19.67987533423825
-19.69634031299719
-19.70106677924881
-19.67806155101574
-19.68793071451466
-19.667397260577435
-19.688505672567167
-19.670943863082492
-19.66890185557086
-19.65550771977101
-19.64333515311272
-19.66424274326996
-19.676049797053377
-19.686679561208148
-19.68689626429457
-19.627794101353132
-19.63054804124251
-19.628738835026777
-19.618385220282747
-19.614543099537954
-19.64932347259175
-19.67551373176695
-19.662890343660255
-19.665784198358587
-19.67337406201502
-19.662575691924342
-19.67475875475261
-19.678461858225102
-19.676054588066183
-19.67636928148786
-19.661327168781526
-19.683193648468492
-19.700546557030997
-19.727646945790013
-19.716213400303932
-19.732409640006694
-19.73250927569902
-19.71457322178188
-19.7170390941306
-19.735792720308268
-19.73760760632951
-19.739673565795187
-19.76010012907983
-19.76762218269711
-19.754276962553263
-19.746939581375578
-19.752714415665984
-19.748692972242683
-19.752090843799166
-19.72275487797985
-19.72624155392541
-19.71925391632488
-19.688268789575677
-19.704478731452554
-19.724328419304786
-19.74489984069039
-19.73281556090413
-19.717001166277136
-19.750182399691237
-19.75055379561171
-19.74448529801975
-19.757574456942873
-19.754706571119673
-19.7572700072149
-19.76472398896905
-19.761877297082464
-19.76984516822995
-19.759098841866436
-19.78987076910833
-19.799720732102337
-19.792407107058278
-19.780987364504544
-19.806630996117303
-19.812991905537043
-19.813643373231248
-19.785678934129045
-19.78698362702228
-19.80746859252294
-19.791321992702912
-19.80960392294443
-19.77513870627078
-19.803148167135497
-19.831399624155473
-19.841721555692974
-19.83979825820909
-19.85431034161647
-19.81460569269784
-19.81315361843049
-19.78695455491588
-19.77309352632106
-19.793920640012274
-19.79431570021838
-19.7812580220012
-19.78974140164394
-19.806642761910666
-19.82835527368583
-19.84212055493044
-19.836827611692478
-19.82907953860024
-19.840071756972264
-19.8277057120215
-19.81823267455983
-19.81595191343946
-19.81294452693814
-19.80820316776189
-19.811678074294115
-19.804378144939488
-19.786555250051105
-19.796516385281755
-19.780124642646573
-19.788595522650848
-19.78213033724936
-19.791349931045804
-19.815051365974416
-19.804104291661485
-19.795813371735882
-19.783555539024032
-19.77197866050273
-19.764906252482955
-19.786269802654033
-19.76186410645107
-19.774617136086103
-19.784833932323505
-19.801947488972548
-19.788436421333163
-19.767772399563853
-19.773791060799887
-19.77091938615729
-19.762981302808598
-19.79183399346702
-19.774678233021547
-19.764785700857647
-19.772812050775975
-19.78544654745213
-19.768980600470602
-19.77651677610716
-19.767798169445317
-19.75015455939678
-19.750743821877148
-19.73494474803674
-19.752732310750783
-19.75839260623079
-19.731606577709773
-19.773858357707667
-19.75429433389332
-19.76775242660379
-19.793390351160333
-19.802120429066388
-19.80602107861785
-19.802522164315214
-19.824898930142094
-19.825196791801627
-19.811219404040582
-19.807719543421896
-19.79394210817876
-19.818790970795327
-19.8053700399094
-19.80766616427236
-19.81516428220052
-19.798471599777212
-19.82600931076811
-19.81846027497283
-19.800754590393506
-19.807055528617795
-19.77734744974822
-19.781832250955944
-19.782483477776346
-19.791385842768236
-19.76841897813966
-19.754454410764975
-19.76677707515801
-19.754016634724344
-19.79280977976663
-19.805665607003693
-19.81374499102316
-19.798367637320347
-19.805662157765074
-19.80473914430332
-19.77581588201623
-19.76011216887044
-19.779035075928345
-19.761343212524803
-19.757413827031325
-19.749324339017274
-19.762680919192526
-19.749395657667677
-19.737036527883244
-19.744540556270685
-19.728180231764533
-19.72902947134879
-19.755114804943776
-19.727829767445314
-19.723093010638642
-19.72420132953115
-19.745045435872896
-19.73944903829738
-19.716644178919246
-19.745647787000166
-19.75598069439265
-19.75500145765244
-19.76410080065224
-19.731233819325904
-19.741767507623724
-19.74879949900043
-19.725487036929792
-19.729266409037063
-19.733883935267546
-19.72883381343807
-19.76566298275495
-19.79232077831274
-19.77427872068932
-19.77431219521457
-19.753780366136226
-19.758373014905523
-19.755256365959728
-19.739210080951437
-19.731154584795096
-19.72667348076097
-19.748725515035023
-19.731978444474816
-19.7234671796336
-19.721150361455692
-19.724073253729788
-19.71848064211723
-19.725929208953577
-19.75110088459922
-19.742692389515557
-19.734342221052966
-19.715471135168624
-19.746302760265756
-19.74162414330024
-19.749639870163413
-19.728138492944073
-19.692345208030698
-19.737005008235194
-19.726079428772778
-19.718813942109712
-19.691127321833
-19.683746084417766
-19.695763243120826
-19.70140454519459
-19.69220415053392
-19.662140077831417
-19.671926811540203
-19.673448859180173
-19.701332326257088
-19.694611352257745
-19.710247398366423
-19.704843246378417
-19.70570201945158
-19.711523334188374
-19.74185451647565
-19.738568699003064
-19.718922110231833
-19.715442677262956
-19.700625651972764
-19.68502737689076
-19.71933709138201
-19.73573874127136
-19.71438455619792
-19.713296542932202
-19.73868082200868
-19.713548190120733
-19.71991014343721
-19.733026749337505
-19.763075084496617
-19.766232645619013
-19.760729884325226
-19.79610123538255
-19.805291625354638
-19.78676721400661
-19.797900735018302
-19.79382877436842
-19.790347846710315
-19.807056222537017
-19.805839813318215
-19.789169086642822
-19.808607724453882
-19.779419412547686
-19.78564403053013
-19.791468343416977
-19.790992005122796
-19.77459206175636
-19.757216643347924
-19.745966899889332
-19.741273354063853
-19.723461263056357
-19.732914851244402
-19.723862853678412
-19.73570713629601
-19.73826487042173
-19.745953800006703
-19.741804916190553
-19.736330975290244
-19.713739755695116
-19.72424430513299
-19.73852419466936
-19.729326923733904
-19.706346290994848
-19.686159666437714
-19.6889898335623
-19.708963473235126
-19.71994365413404
-19.724069094432235
-19.706777534072216
-19.722773257212847
-19.703185640038217
-19.710151671354367
-19.714796094212293
-19.713676282696966
-19.698894974587372
-19.74861953331883
-19.745946883455094
-19.753829602963616
-19.760645660904377
-19.764836896337563
-19.767623630666847
-19.74099731223258
-19.754927924125273
-19.736139623225363
-19.763098832695018
-19.756888160697155
-19.760876308309406
-19.74722158649505
-19.749568329761832
-19.753781454279387
-19.78331402972578
-19.808474305226547
-19.797774518513286
-19.83264922935858
-19.815242212489554
-19.794263536436166
-19.813278714818196
-19.790249252446024
-19.801696599462158
-19.80705750722516
-19.81529750883217
-19.813089964228553
-19.778814520049874
-19.76846160619567
-19.778470665611497
-19.78164146598693
-19.806240195920388
-19.817012724817765
-19.8264061200218
-19.840518615341583
-19.836252286538578
-19.82505082365162
-19.824495044035956
-19.81347123815939
-19.811655486501266
-19.79332973860195
-19.76776838429381
-19.79312675258637
-19.790120158921614
-19.80014852748694
-19.804945183398086
-19.824313525900635
-19.82169698108765
-19.78865495176459
-19.817849241852045
-19.796867835253252
-19.7928470544153
-19.769717468894534
-19.780275580090958
-19.770490390458022
-19.740913598642987
-19.743299680259824
-19.74768970914993
-19.770283585278165
-19.773845713492133
-19.739593371892873
-19.74618260691672
-19.75957908813491
-19.747867897227106
-19.734798243900244
-19.740465129354007
-19.76675177371788
-19.704413296440247
-19.71074772031551
-19.710181426344718
-19.720640468690494
-19.716518646562594
-19.69689511574889
-19.718920199034844
-19.712691338310435
-19.719932650587303
-19.7244923848234
-19.718539323408084
-19.681361697836007
-19.685468580609445
-19.638938881173427
-19.637687836989734
-19.65806787586809
-19.658472828739686
-19.641425356346
-19.63756406713414
-19.639517963842113
-19.64714805884478
-19.61586925482866
-19.624206603587083
-19.605810046798027
-19.604376536944212
-19.627618644817137
-19.627905236656193
-19.60970852749319
-19.628704746669335
-19.633174405398915
-19.62419062655723
-19.626823065650687
-19.62430321367833
-19.621311250052635
-19.61742452728038
-19.624175225695218
-19.6439709426743
-19.66938286979465
-19.68346362075575
-19.652420438144937
-19.635422464345233
-19.63738124444826
-19.636651484285313
-19.632815362592147
-19.662525412538404
-19.667865080493232
-19.686914010016313
-19.674288878788566
-19.680712379837313
-19.665972637755402
-19.65930803020994
-19.67888679755171
-19.687386594067064
-19.69098288114573
-19.705407889989036
-19.687579692646604
-19.714910324031475
-19.683248276556554
-19.668876680685557
-19.673419804997124
-19.68255588289735
-19.676471556730302
-19.650684130133154
-19.628183233507148
-19.62996573743551
-19.653721724233428
-19.6491052609416
-19.64340780566997
-19.636113723962314
-19.664085330610483
-19.680147590602054
-19.67853340664498
-19.698114693779203
-19.696567430127985
-19.707833623578104
-19.709370061426295
-19.700235330770592
-19.692894465529115
-19.67358538800079
-19.665706913140514
-19.68329808668893
-19.70773929015188
-19.681484576901944
-19.679341032784254
-19.689037290643885
-19.70033901883355
-19.71697085219058
-19.7271919892201
-19.712863975568318
-19.704957587415763
-19.70226536395885
-19.7221767585678
-19.72692874887328
-19.735324447322608
-19.710116318101658
-19.71514637489885
-19.709049548918227
-19.729236803434965
-19.723111858597058
-19.709499599464042
-19.692333492738392
-19.67593617398866
-19.687113867383246
-19.700179149221494
-19.710049594689654
-19.717606877013175
-19.713732096145378
-19.705910350229317
-19.714163735472667
-19.690255746472445
-19.701907272056005
-19.68241755573366
-19.702900737463946
-19.68849113003007
-19.696122856310225
-19.701631571205063
-19.72443178667111
-19.734537063453367
-19.740680701303713
-19.73870546898604
-19.738561296622702
-19.75910664437611
-19.750471661348712
-19.743809518683996
-19.749319851371713
-19.762482189447713
-19.78725326004401
-19.785329167505
-19.789142579172367
-19.77857404326696
-19.77491927313551
-19.773950140354426
-19.764161265394662
-19.77617887666892
-19.74605219587898
-19.750694112425407
-19.758480034614575
-19.764384248757793
-19.77757415801736
-19.77463704086194
-19.775470900187653
-19.740898786612632
-19.75150638297573
-19.748917156878743
-19.777088731694306
-19.77042909474256
-19.747850332508044
-19.769157612398097
-19.75211520117146
-19.751848123108267
-19.736186222729565
-19.72357264588547
-19.719145550332456
-19.722913824339244
-19.682959498812256
-19.690860961389895
-19.650649158342766
-19.651468642701808
-19.662540162063777
-19.663411160391036
-19.676835370487314
-19.70703360278236
-19.706998304093045
-19.715200733262396
-19.673972493390345
-19.66863895217399
-19.69092080491497
-19.695308441011086
-19.70080391980621
-19.693695471743876
-19.676653657050643
-19.675174542939736
-19.623552199877565
-19.661385801068377
-19.671108287300335
-19.659504050674762
-19.66691311012008
-19.672050207135843
-19.673418682198687
-19.68050388451072
-19.6742656016455
-19.688155573327734
-19.656706594567815
-19.66200271207415
-19.645909989520387
-19.666276500350275
-19.6371803864039
-19.654528584152533
-19.640013955117514
-19.64275157424914
-19.65897217783788
-19.644171146096525
-19.655915217323532
-19.65750087639086
-19.653840858346097
-19.657739602145785
-19.677301053866668
-19.672710219962056
-19.70457982433443
-19.740664206420867
-19.71335804501729
-19.711423026510143
-19.73947909387411
-19.72080117086876
-19.708323721748656
-19.709726760798752
-19.711804037551783
-19.708941689786453
-19.710085210100686
-19.70650204679771
-19.68124390413415
-19.689705348754813
-19.67491368584507
-19.69498474047668
-19.69152212797024
-19.684292035923185
-19.70239556559107
-19.71196175752762
-19.7109263154785
-19.70766924003267
-19.732910162573003
-19.737113353031557
-19.73446756941326
-19.742908472466254
-19.758827736733174
-19.75869503620349
-19.738238500683632
-19.74948684196519
-19.749509899164313
-19.723459602600528
-19.74256451471876
-19.76276214009427
-19.78220806876963
-19.77714161135854
-19.769536275308983
-19.782839503504515
-19.77797305437832
-19.78589343054311
-19.788502272824946
-19.78146297556363
-19.7845855254439
-19.75672455309138
-19.734835059861382
-19.738964513600116
-19.754311288650882
-19.751661922379938
-19.742866972021037
-19.721494256067242
-19.706091143554605
-19.696955481013994
-19.69819026995346
-19.72185121892127
-19.708696670260153
-19.692259101335456
-19.681968766448087
-19.68617162385297
-19.706368463728932
-19.7154892903782
-19.72355893125622
-19.757526412109826
-19.749061728913038
-19.74417577462555
-19.737752765432123
-19.75457227601303
-19.718283592887037
-19.70502285284537
-19.70113092289516
-19.699847507930127
-19.73173736425128
-19.684143289595276
-19.661177693755736
-19.68778176705946
-19.69574194417238
-19.717048106666905
-19.71553956034318
-19.707939055826934
-19.67440958414118
-19.653120795466453
-19.643404043414186
-19.64705560301053
-19.648261719197414
-19.662615391068023
-19.67853044314261
-19.689181759313133
-19.69422122267733
-19.72258436593306
-19.69089293125801
-19.704347989749483
-19.704694856724178
-19.69097216533746
-19.67686171830315
-19.679141704116056
-19.6821954753517
-19.69303419599397
-19.686796196837
-19.694804595781477
-19.700490072993023
-19.699048989383886
-19.6850130718573
-19.68432896048976
-19.699538114659774
-19.66101976287201
-19.651478092565164
-19.64561922949415
-19.62194169663618
-19.598302555669477
-19.57860017644972
-19.588354844651164
-19.60534410535842
-19.629162269144057
-19.626600591336953
-19.636224580074018
-19.64060202312475
-19.674768988082292
-19.66089868642266
-19.676094332465315
-19.660465528616843
-19.665078879146446
-19.65018699546363
-19.646058480396704
-19.643589774935247
-19.630230865097317
-19.622192825206668
-19.63353438268143
-19.636632052344208
-19.64144930946581
-19.625302397811694
-19.628091998120222
-19.648611541804446
-19.66330247017414
-19.67368556385158
-19.676403730029307
-19.6945867609296
-19.7219416501272
-19.71160705606134
-19.703634932926278
-19.70462650306078
-19.695530822073135
-19.68326007073183
-19.683940832040427
-19.687022570487382
-19.703942711586524
-19.71178050568516
-19.730445288061844
-19.725073041606827
-19.74950652358868
-19.728272688470657
-19.71600035686285
-19.701505363504932
-19.67214239948238
-19.689881914644058
-19.684581948839927
-19.669662480232702
-19.668658945044783
-19.653216289636482
-19.659190752056517
-19.658758430375737
-19.66663269765198
-19.685339117804737
-19.687184623366186
-19.694009878530405
-19.670961503331363
-19.666465702944098
-19.6422474518331
-19.636466824717413
-19.628226747716408
-19.646826141769186
-19.60560657553009
-19.60402789088268
-19.5987212915843
-19.606278161043026
-19.615736694222832
-19.62417093337091
-19.6127589792323
-19.608437829338087
-19.605557399297926
-19.615233110226008
-19.60402784062252
-19.60106732655973
-19.609199016288024
-19.612742415274166
-19.640113129923396
-19.629789658685414
-19.684890716493175
-19.68263696993046
-19.64158647595395
-19.658829130087188
-19.65926237527766
-19.63154211823851
-19.63457450953561
-19.60026755334169
-19.572188660478457
-19.573508406678698
-19.596754933054072
-19.601640672822853
-19.62304649102183
-19.60142844673339
-19.60844944557504
-19.64420519779339
-19.65145023025489
-19.65455088662096
-19.650283477977034
-19.64907348507783
-19.671287456469646
-19.698570791495868
-19.729714654352794
-19.717791873433672
-19.705487813493786
-19.712563917454613
-19.735155942844596
-19.7307598502907
-19.724371961310762
-19.696733387148708
-19.690868299207526
-19.70301312640062
-19.672173027105586
-19.658857570970603
-19.65941817165605
-19.672472197294987
-19.673966038953456
-19.675790218850675
-19.671432473771812
-19.69690968070795
-19.671429223393083
-19.64524743756933
-19.659170685092963
-19.659450238993596
-19.65862193876197
-19.658698306262778
-19.639907283603932
-19.636366971226153
-19.65260699762251
-19.65268495561917
-19.648648649230534
-19.622982496158063
-19.62628952188022
-19.656570093000663
-19.68046810815835
-19.687330144209348
-19.683514554871763
-19.67454334281157
-19.678138613057822
-19.67953857119907
-19.64628073885187
-19.665190945928003
-19.64674484086299
-19.662770493013124
-19.639242917991147
-19.636768876068707
-19.665057248017824
-19.661132269157104
-19.65507000803332
-19.659863834408732
-19.65919197572202
-19.66731148888534
-19.659086146667637
-19.671111576533818
-19.673496788462963
-19.664781561356534
-19.67642237299014
-19.67952854098001
-19.697615475419724
-19.709825142682167
-19.700792755355454
-19.69648616285257
-19.715120621872963
-19.68325577936045
-19.696742539092277
-19.704189326483334
-19.719290533718738
-19.728031295870924
-19.718743493059343
-19.707554085495193
-19.71661329481633
-19.73746383528622
-19.731240179895178
-19.730390515985047
-19.711982262378566
-19.70715751988868
-19.69275466881221
-19.677989601126512
-19.694439849700988
-19.67409712292354
-19.658997338419525
-19.65062313082776
-19.65295607144549
-19.691362946927438
-19.681620736171276
-19.695999605669908
-19.68812608787881
-19.685508652276212
-19.70602977467456
-19.698828613795175
-19.723567666642676
-19.699045188765744
-19.727657028716163
-19.737506931462327
-19.73818594983993
-19.765796589089813
-19.755763788517907
-19.758583590243376
-19.754762701861896
-19.751356648184906
-19.756909930180797
-19.75202231695387
-19.75097881212289
-19.728474547876196
-19.69744752661165
-19.69388184053588
-19.694189835596443
-19.693923714898396
-19.670153515946367
-19.676483581336544
-19.662834579246322
-19.67103373791685
-19.65960080793445
-19.658905692163984
-19.666699931810538
-19.672223496038043
-19.693425980554274
-19.72306843332762
-19.719257026230522
-19.70223068121962
-19.697560025422582
-19.697886848151324
-19.691255979850496
-19.69830406310909
-19.69671682078936
-19.67803998640871
-19.66761335301144
-19.654143168924602
-19.640879654527286
-19.65335199009929
-19.671868012000264
-19.64927647804331
-19.647995110502034
-19.6485659495789
-19.65048725459424
-19.63644502985645
-19.64087529355867
-19.63638765143291
-19.64112297627497
-19.632760469382518
-19.620953640634195
-19.620109868327553
-19.608775557938884
-19.620432325542126
-19.61522133274773
-19.62780518387228
-19.615752796064005
-19.612273349660423
-19.64478473555297
-19.63378318060611
-19.63152609009162
-19.66325839612095
-19.660456527180006
-19.67920744873105
-19.679101976770248
-19.65130532750632
-19.672269588812053
-19.674284415918596
-19.68340356552378
