44.0
43.96034530488798
43.91433679735784
43.8677003344244
43.81857063459773
43.76187289640913
43.70081544118219
43.634046455774474
43.55974914968373
43.484079014629685
43.3985182552337
43.30396759444331
43.195205566593266
43.08204198991724
42.95592269284778
42.8117180233943
42.65647481968912
42.493776883378935
42.31403313521335
42.115232761330766
41.889647158860335
41.640006642344154
41.37219122708858
41.08936675312896
40.77704761399195
40.441691490854836
40.08202495993679
39.680558667917445
39.248770333179266
38.77278269847344
38.26263321979844
37.71489284847284
37.126211576624975
36.5011995679641
35.844354848358144
35.1315140400065
34.364206292279164
33.53392901397393
32.648950970627034
31.723287052733742
30.75950892291345
29.743578881824554
28.67633261587462
27.575654568149773
26.415590268412387
25.238193079640123
24.00768185523175
22.751939110661645
21.476187338716667
20.169292184379913
18.837144363265423
17.503696585498684
16.15288223839091
14.818458032143129
13.479388143376456
12.14783259315911
10.82900964651353
9.487018961688571
8.18520612850004
6.91817066611076
5.660200763094346
4.437222093622687
3.2362204681150817
2.077918483022208
0.9511665085977633
-0.15196972023897518
-1.180787808977043
-2.180326524776034
-3.1345811149871077
-4.053915470605794
-4.924735898675792
-5.757130584961937
-6.565209034224429
-7.330320629882596
-8.046531563547571
-8.738889520510982
-9.377801598740227
-9.991549417467425
-10.569352669945516
-11.133502921270006
-11.657069227302083
-12.137307820860533
-12.603542377874279
-13.037084153125642
-13.439615520831307
-13.824686588322141
-14.181032592893873
-14.516161045397315
-14.823055259976318
-15.110525011004748
-15.379287235325622
-15.63863474098167
-15.875928286390872
-16.10139011004255
-16.319901487272283
-16.516512555530152
-16.704190071635853
-16.882311155206942
-17.04853883937754
-17.20199336907545
-17.350156064387335
-17.48825234098947
-17.62101085516565
-17.747012770346814
-17.862289069459425
-17.974287691921983
-18.07549439236435
-18.179470119173036
-18.277990399332833
-18.369508665686716
-18.45765861103248
-18.541138102729537
-18.62483952620794
-18.706196240403134
-18.77996701349062
-18.853750980501882
-18.92249870060831
-18.985884043712915
-19.049901062975437
-19.10773381919413
-19.165452437999853
-19.223785024969104
-19.275991153208658
-19.326414410561444
-19.37342728138672
-19.42110813459196
-19.470138154833094
-19.516055745152038
-19.561397819906038
-19.61133513864076
-19.65527134846718
-19.698913939225452
-19.740407573743088
-19.77666213402172
-19.81581738431841
-19.85533714078618
-19.893266026513214
-19.9311774196167
-19.96635178596732
-20.008359012760867
-20.041763416893794
-20.072245844128346
-20.108910204884534
-20.143524679077636
-20.17341434450472
-20.2061845280474
-20.236609264715312
-20.265852184796486
-20.294869221155967
-20.32529728156698
-20.352386668616408
-20.383720797862505
-20.412168618610686
-20.43616114156212
-20.46360793664019
-20.489150896275927
-20.512039508843117
-20.537703309438644
-20.564163883242493
-20.588667578384705
-20.610037200396008
-20.635298981893417
-20.65811634440468
-20.684552829458138
-20.708270799938315
-20.730714740354305
-20.753244212991927
-20.778506724869654
-20.798079565484812
-20.818138588301316
-20.839464285880165
-20.860512838371257
-20.880819259511163
-20.901239257602406
-20.92075369638263
-20.94437700424704
-20.965154818869365
-20.982699183182007
-21.002981575914088
-21.02170569395441
-21.041995391939526
-21.062834227829487
-21.084548452946823
-21.103925879612436
-21.122885038177298
-21.14501889967716
-21.16579191137241
-21.188018292870584
-21.205027077777775
-21.22362747937953
-21.239333970294908
-21.25687841191007
-21.271894954448534
-21.290587784411034
-21.308612224442186
-21.328947457722276
-21.346529483621584
-21.364969899312882
-21.378862342752583
-21.39786153866328
-21.410980127485605
-21.424695267317432
-21.440398127694074
-21.453979424836277
-21.470739021452278
-21.487074183265463
-21.501133107805227
-21.51522718813724
-21.53035748572534
-21.542566509022915
-21.557257785897605
-21.572348671719784
-21.589890650494244
-21.600893781839805
-21.61517761779835
-21.63019481508801
-21.645923368011065
-21.662304568766004
-21.674890668563627
-21.688029996981918
-21.69986132841091
-21.712826276579253
-21.725703713341534
-21.73792758285595
-21.751165912253292
-21.766047276237398
-21.77802700735841
-21.791923296701537
-21.80698616101877
-21.81880093690862
-21.832562132580488
-21.84506831203949
-21.854413503130093
-21.86581632209732
-21.878050390940974
-21.892718663908497
-21.905878082244342
-21.92048747774093
-21.932309273523746
-21.94643066966321
-21.958231196137696
-21.96928004340611
-21.978959690325066
-21.99085904882789
-22.002269995644024
-22.01379612770085
-22.027439192912087
-22.03904329256937
-22.051174577086066
-22.066950935744885
-22.07663116808544
-22.084928227277008
-22.09682135658025
-22.108583648757
-22.114836222980195
-22.126346398577603
-22.138547065892958
-22.152274892911656
-22.164619159664344
-22.175392483195555
-22.184406902631213
-22.195274451638483
-22.20717632812658
-22.217252486113914
-22.228354114870722
-22.239551370851856
-22.25022166501244
-22.262519097859258
-22.27396316526711
-22.285541045078393
-22.29711552314177
-22.308170465859114
-22.318440115479042
-22.329076422980982
-22.338801007097548
-22.352215179953912
-22.361698330575763
-22.370926617945926
-22.37874183675545
-22.385080066105868
-22.39631296141724
-22.407392642721554
-22.418412086712895
-22.426144721337952
-22.436714971137285
-22.44760360233792
-22.458814087356146
-22.468609972851354
-22.479397556824637
-22.48848740594305
-22.498151517003382
-22.507919747493748
-22.516574507022376
-22.524101896743613
-22.53502150518906
-22.546409916671305
-22.555656355415255
-22.56233563803169
-22.56917079045306
-22.57818063291344
-22.587438017381785
-22.596763381658214
-22.603759563968943
-22.612922355088664
-22.618909196007564
-22.62926111352133
-22.639888661491007
-22.64937220536802
-22.657559488037894
-22.665327773034438
-22.674467670035774
-22.682255188653674
-22.689940594876333
-22.699539022382442
-22.708064893365478
-22.717494332843348
-22.725893532308817
-22.73430884377007
-22.74310897325546
-22.75100796807653
-22.757496814158706
-22.766159076198328
-22.776982759201104
-22.784981900170497
-22.795861246638754
-22.80509260176269
-22.814394519842022
-22.82034912965042
-22.826728203027987
-22.834489118869012
-22.84306041266047
-22.850908721095468
-22.855743523938614
-22.862039263833775
-22.871000891825183
-22.88013519107395
-22.888796505396396
-22.897003150850463
-22.90159285052373
-22.907499719127767
-22.91124898009977
-22.917479370442056
-22.925788184740355
-22.932899781776907
-22.938001928605395
-22.946420475224127
-22.952059743078895
-22.956984264908368
-22.964879003957556
-22.96962859342546
-22.9731603085427
-22.97965905090867
-22.988143672394493
-22.99296095030522
-23.000270513088644
-23.009414912445784
-23.0176485126335
-23.024162920440762
-23.029947149377108
-23.036514976175596
-23.041558149512106
-23.048214133194634
-23.05571507634565
-23.06244436898436
-23.067525796368447
-23.075118900256246
-23.08172995242532
-23.086382951843202
-23.092285375506822
-23.09864516402794
-23.106367926270735
-23.11218736427178
-23.11721141173832
-23.12334966267157
-23.130462603501968
-23.136931361234367
-23.140907605585
-23.148046854629328
-23.153813384635537
-23.156652454228926
-23.16301874249298
-23.16707667543187
-23.171663158004506
-23.1780834207476
-23.184068900341494
-23.188350122690448
-23.192745278063487
-23.197200637265663
-23.202393639375455
-23.205832531711703
-23.21170934812627
-23.215071243474025
-23.219760068089
-23.22343437143036
-23.227676660375632
-23.23504745859127
-23.239535912874423
-23.243187657135742
-23.246883272490173
-23.252218165369246
-23.25709464553858
-23.259332295686562
-23.263771907783404
-23.268252621934444
-23.2739342002809
-23.276689476616745
-23.28080310201591
-23.285812176523912
-23.29176633536115
-23.295454991276195
-23.29890899437333
-23.302578702783947
-23.3064710691605
-23.308973054353658
-23.31350678132974
-23.316258786811606
-23.321815130986106
-23.32477345915078
-23.331199074498713
-23.33629449537805
-23.33995098059284
-23.343061824056708
-23.345504676399397
-23.3490245573138
-23.35171331067741
-23.354188487593703
-23.356855285453257
-23.36112673156776
-23.363359005580193
-23.362961990370536
-23.366344086960467
-23.369509956592246
-23.372980402315843
-23.37622192352045
-23.37617901502566
-23.377442703226095
-23.381001900703367
-23.3851588886207
-23.38761297114961
-23.39159529858179
-23.396159374571322
-23.400249351812214
-23.402292206800762
-23.403636184836667
-23.406842089851388
-23.40953494363396
-23.412984739849392
-23.41689886041537
-23.420978692559334
-23.424312719545913
-23.42673020198939
-23.430139316810557
-23.432044253429762
-23.43621818569389
-23.437273348578543
-23.441185720259824
-23.442944852038185
-23.44646480299117
-23.449151777227566
-23.451022922438497
-23.454279331352133
-23.45540726381976
-23.459214263765368
-23.461830449548376
-23.462617910553558
-23.464602150419733
-23.46590501298882
-23.466129718826345
-23.468889788938423
-23.469230271672917
-23.47242207277236
-23.474195184520593
-23.476951817816417
-23.479196987153166
-23.482686623730856
-23.487000673766
-23.489157850334518
-23.491187093328715
-23.4915156166147
-23.494527729570127
-23.4982963973461
-23.50187878232169
-23.504557851692056
-23.506652008520035
-23.508358481060338
-23.509265035701322
-23.51433293129752
-23.514004038679303
-23.515068336031938
-23.513734292510332
-23.515935956978467
-23.517962441944174
-23.520502799010323
-23.522818076316554
-23.524276031585156
-23.52382099474439
-23.524688907242048
-23.527081637885626
-23.52934976824564
-23.53035765712558
-23.531195087879958
-23.532472755076846
-23.534798561710943
-23.535911568799474
-23.539691888130825
-23.539049285536464
-23.541185331264188
-23.543838608820682
-23.544332643362253
-23.54637772265174
-23.549155522430297
-23.548041962841744
-23.549843110622646
-23.552018870454514
-23.554197319558046
-23.555316300668714
-23.555064982745325
-23.556684858886833
-23.55832255108592
-23.561436672895333
-23.563267509669263
-23.566066119432275
-23.57046110718693
-23.572427728799422
-23.574777036717272
-23.575214063014037
-23.57691362831342
-23.57675574209531
-23.57828235228752
-23.579671582358316
-23.580828095691707
-23.580310015756034
-23.58296913584319
-23.583313015932912
-23.58244603985665
-23.584327517981936
-23.586675185998363
-23.58742292754846
-23.588398692966596
-23.588408153481822
-23.591165628291446
-23.592215474458712
-23.592866144323132
-23.59360388313619
-23.595606503304637
-23.59797750352407
-23.602110819248534
-23.601714684091814
-23.604405935512492
-23.60537924962365
-23.607173531356086
-23.608154671491047
-23.608760305016613
-23.609486247408213
-23.61243085311952
-23.6152393125737
-23.617632792977382
-23.617191886923088
-23.620082685025533
-23.620821764199025
-23.621458295386933
-23.62024969736206
-23.621360177405354
-23.62066351968106
-23.62097971016837
-23.622441779132114
-23.624318909773343
-23.623867797628034
-23.625317376632044
-23.625912134819433
-23.62659023891479
-23.629214064615272
-23.630289708078
-23.63122979937782
-23.630523306023356
-23.632563268950722
-23.63382284733464
-23.635988881291958
-23.635830255098178
-23.636227333043003
-23.636624485059215
-23.63901381275026
-23.63928970763881
-23.636881199562694
-23.63744243895026
-23.639223814937875
-23.63979836842199
-23.642665601792825
-23.64340973853645
-23.64590722477135
-23.646399268580243
-23.64569027080261
-23.645935757106866
-23.646911134004615
-23.646956449318388
-23.647681306268495
-23.64608702977419
-23.645830979516436
-23.645669733997607
-23.647445769710252
-23.647969418243594
-23.648643882629745
-23.6490277449621
-23.65035606660843
-23.650616239550985
-23.651624341131473
-23.65279654185499
-23.652471540646257
-23.65526974408124
-23.657185904214213
-23.65658514001449
-23.65634281753718
-23.657077678766736
-23.65932350750513
-23.658884426368576
-23.658906174671415
-23.659455042649828
-23.66067770127862
-23.65964581906713
-23.660873439201367
-23.66118235085442
-23.66242452045263
-23.66184639834852
-23.66303008719217
-23.6623672573273
-23.662280722807576
-23.66358689022032
-23.66379357038068
-23.66634723261272
-23.668104986731304
-23.668101556835754
-23.667634500011903
-23.666942877681194
-23.66888205369561
-23.669514389518888
-23.668014970281963
-23.668551685583957
-23.6694991139008
-23.670824643622332
-23.672772296115333
-23.674456209996634
-23.673598293687885
-23.673926469924908
-23.67440311265873
-23.67605222995012
-23.67575151093246
-23.67556170840773
-23.673772985873722
-23.675597717389113
-23.677076065760833
-23.676485231781434
-23.678452911729483
-23.677329326678695
-23.6783356075428
-23.67904304893382
-23.679192172822905
-23.678155337160153
-23.67875120236482
-23.67773499823173
-23.676880120274422
-23.675970720131346
-23.67633111037264
-23.675617400997282
-23.675793138256378
-23.676689068173083
-23.676092395115344
-23.67795643529387
-23.676818911622682
-23.676482603393804
-23.6771379227676
-23.676015370777836
-23.67730370286443
-23.678911910556586
-23.680428192451306
-23.682315425488444
-23.681611557277343
-23.681697004062563
-23.684340918225896
-23.6844668018547
-23.68669524524157
-23.68653801334071
-23.68801229678033
-23.68986080361663
-23.691128767791394
-23.692058235178582
-23.69414635755307
-23.69311965253936
-23.692464130548114
-23.69475714391722
-23.695792520844446
-23.69503367383873
-23.696039278001148
-23.696232153063374
-23.695322456531443
-23.695967201481192
-23.695736072524745
-23.69614709598775
-23.695290628817496
-23.69435039301403
-23.694223068233946
-23.694744122359882
-23.694735789773524
-23.69413641063001
-23.69491213675944
-23.6954987414824
-23.69766515649517
-23.696595476007655
-23.696729276925907
-23.696288108155077
-23.69652072144771
-23.696092508675545
-23.697044652082614
-23.69650296522127
-23.695164023687326
-23.69711395374712
-23.69814636982614
-23.698963174193302
-23.698391813859867
-23.69654984124711
-23.695137612777632
-23.696100953757657
-23.6961780206173
-23.69355148514286
-23.69363874529475
-23.692179755735637
-23.693265722613575
-23.69575006257527
-23.697593149868162
-23.69606953066782
-23.696540587456806
-23.69615414161757
-23.697905578631875
-23.699408572818385
-23.701210865988354
-23.70153049948064
-23.702413681317427
-23.703433731232206
-23.703403157069708
-23.70526865922352
-23.704545444617096
-23.702742986234405
-23.702132706007234
-23.701829240360983
-23.703298893159563
-23.702241980938116
-23.702216381774505
-23.70272687466519
-23.703865383112834
-23.701992443244674
-23.702039513819688
-23.70118834447203
-23.701901477434856
-23.70284370103313
-23.70217120519927
-23.700388192249513
-23.699195490742344
-23.699100371240142
-23.69800386868518
-23.69970147222037
-23.699715439355536
-23.701413334997973
-23.703389370083773
-23.70632120925536
-23.70692572770153
-23.706923513810285
-23.707121623534004
-23.707968271992833
-23.710190394883345
-23.711104249016806
-23.713493402847142
-23.71173060171255
-23.71163454303776
-23.712060864357085
-23.711738357439444
-23.71148626016459
-23.710908857766203
-23.711390626170328
-23.711644079308332
-23.712499316137983
-23.712043692921696
-23.71199879270148
-23.713693853915323
-23.713728590455894
-23.715966630378976
-23.715316098877768
-23.71660361364912
-23.716021675053575
-23.713771610130948
-23.711090393472283
-23.712480766665923
-23.712137061533987
-23.711846955975393
-23.710863329520812
-23.710198359130498
-23.70962402422455
-23.7088547714091
-23.709460545230932
-23.70818531825809
-23.70746641241992
-23.70575460382362
-23.7048564920468
-23.706875448007573
-23.708053464295077
-23.71139091108738
-23.713072535527786
-23.713378932586703
-23.712767011914544
-23.714820491640253
-23.715517178837445
-23.71623606278953
-23.71630509105568
-23.71879603170489
-23.71944412108332
-23.718354732399405
-23.719104487655418
-23.720661512505927
-23.71993182194576
-23.72001274868155
-23.72079457958728
-23.72072311781898
-23.720060551460765
-23.718901478349228
-23.7206537829461
-23.720863879482803
-23.722114946655125
-23.722034752600106
-23.722256421950135
-23.72172172309359
-23.722248591584126
-23.720945199545003
-23.721876984660494
-23.71951678368411
-23.719199365180216
-23.718621200460543
-23.720424845944116
-23.721083769784
-23.71948686347006
-23.72005878236308
-23.72117623388429
-23.723498860908173
-23.7246554948005
-23.723746623321944
-23.72141240201019
-23.721269263392998
-23.723057030091184
-23.724316067229307
-23.72479579379441
-23.725026909835087
-23.72140253826304
-23.721408388599556
-23.721506420496826
-23.721169624660956
-23.719436130243132
-23.720706858585167
-23.721964979491197
-23.72375754154496
-23.723907527317785
-23.723189187250433
-23.723777807453498
-23.723812550791557
-23.72148357322014
-23.721566709654585
-23.719460717278075
-23.71953434771779
-23.72169144252557
-23.722836994537683
-23.723877951192723
-23.72204332951724
-23.72345820718768
-23.72205657808277
-23.721957595728377
-23.720743848627656
-23.72162745360275
-23.72336083825919
-23.72313141712873
-23.72375826457191
-23.72489965576784
-23.724953744164562
-23.726501593536256
-23.72644846045017
-23.72587140781375
-23.726332890035383
-23.7265890674543
-23.726859308855023
-23.726534880330014
-23.727233984574745
-23.726656837415238
-23.727440285940016
-23.727271843166967
-23.727555017061857
-23.728289664679227
-23.7287536514342
-23.72631541328763
-23.72698377277897
-23.7250954145917
-23.72603526287867
-23.724572995429238
-23.725012689661387
-23.727722042383792
-23.729225329397266
-23.726188467726754
-23.723583681191407
-23.724076921037323
-23.723209194640845
-23.723210178245388
-23.72610469183027
-23.725059324248292
-23.724928357176914
-23.725982268397793
-23.72713793731172
-23.7278467536196
-23.730791755260253
-23.731333287708313
-23.73148338330942
-23.732453374325
-23.732697748680337
-23.731357823624677
-23.730033266228908
-23.731046292397387
-23.732404008237676
-23.730461847247565
-23.72839943407418
-23.726892335083342
-23.727537355510155
-23.729559793503526
-23.727482609952276
-23.72826324934493
-23.729589933577365
-23.731019455723974
-23.730469851523033
-23.7314651525896
-23.731239491522892
-23.731289096215338
-23.73086350269719
-23.73189976229905
-23.733523547148927
-23.734811204684714
-23.734709107000775
-23.73452386791979
-23.73434826135513
-23.732973607301265
-23.732368163652723
-23.73486064814654
-23.732880320490835
-23.73306362980013
-23.73134574411713
-23.73083994071
-23.7303872054236
-23.730263374842185
-23.729131821516322
-23.729835246427843
-23.73126217237976
-23.728828945305466
-23.730531118890706
-23.731859623542196
-23.731516602039438
-23.730966707899388
-23.732837498159792
-23.731804792486347
-23.731170168016007
-23.731009134554316
-23.730098342076392
-23.728211451850708
-23.72876527911565
-23.729674075270584
-23.72900680049667
-23.72800591272273
-23.729473160625233
-23.727949982211587
-23.725738794637547
-23.72785257915367
-23.727399672689504
-23.72798974545587
-23.72796723802575
-23.72570476639301
-23.725383826374916
-23.723555438661272
-23.724512487282272
-23.72616392682567
-23.72530207231082
-23.724326629215973
-23.72522512179663
-23.726506687631794
-23.728413264160295
-23.729557104126968
-23.730575839693245
-23.729512958619974
-23.729238106993876
-23.72910597701031
-23.72800499827954
-23.72682327638911
-23.725413061521856
-23.727013936576785
-23.725400400757373
-23.725759309306426
-23.725891396550864
-23.727232202753832
-23.72789119738446
-23.727299951961324
-23.727089111658945
-23.726643342672617
-23.726073381932
-23.725044332271743
-23.724986011883516
-23.72430583726689
-23.723317746101987
-23.723638140383958
-23.724546097760165
-23.722820881701974
-23.722498341303506
-23.72085214111399
-23.720557839307855
-23.722189225995844
-23.72431735149336
-23.726312669778125
-23.727080894137185
-23.72669496658512
-23.72594430316778
-23.726384800602897
-23.725729782673746
-23.725600540222022
-23.725835168708937
-23.724742230420816
-23.724726577813172
-23.724114134942617
-23.724296108283497
-23.724238977409637
-23.72323255187667
-23.723170859080348
-23.72349449523541
-23.723559299522634
-23.72259623152917
-23.723908056175024
-23.724924431672637
-23.724733064006333
-23.724032159900016
-23.72421916518901
-23.723684711693263
-23.72517392782444
-23.726545999389042
-23.72570519581046
-23.72550517877791
-23.72743814896428
-23.727555439991185
-23.72677417598401
-23.726732043547617
-23.72853555635629
-23.72796110475854
-23.728909064946514
-23.72808699754116
-23.728685924613853
-23.729027538126218
-23.72929061797733
-23.73077511072459
-23.730934540858765
-23.729485193774153
-23.729804472452425
-23.73021962349759
-23.73024233034529
-23.730959681064025
-23.73053573011724
-23.729303600341918
-23.72882017774164
-23.727748574243094
-23.727562625172226
-23.729392192132824
-23.73061117584833
-23.731521559532432
-23.729788755346426
-23.730432773413398
-23.730738563348524
-23.730439069854363
-23.730316524529957
-23.729783731168013
-23.73038879124406
-23.730677114995565
-23.727519192477413
-23.72805533030133
-23.72765446169468
-23.728536715382553
-23.728213897991715
-23.72776117512169
-23.72697227431159
-23.726657520029686
-23.72743474667318
-23.726875558811727
-23.727903890109516
-23.730401608871308
-23.729341029625687
-23.728535908564616
-23.730574677163162
-23.731373520227443
-23.732388667663475
-23.732682552255362
-23.73425991041124
-23.733438986613695
-23.734180356661156
-23.734112570059853
-23.732659079552995
-23.732704936619285
-23.732044553803835
-23.732292913481125
-23.731800244883082
-23.7332205797084
-23.732230910691364
-23.732784485214307
-23.73221272666189
-23.733301368508116
-23.733855660539252
-23.733178003787824
-23.73283857402899
-23.73247296838417
-23.733657287414744
-23.7338666331805
-23.73495004991568
-23.734995889132136
-23.734360474783525
-23.732863534825395
-23.733508684258823
-23.733449750039032
-23.733646215401496
-23.733081380778838
-23.733192345021628
-23.73288145320662
-23.735510275424428
-23.735024846697964
-23.73489519045712
-23.734110720806857
-23.73397838316107
-23.733553517521877
-23.73291523373838
-23.733905617186018
-23.734220439588306
-23.732379233544357
-23.73272360912208
-23.735406527803274
-23.73956474186942
-23.737899686844436
-23.739202388759335
-23.73892494554323
-23.740565242044973
-23.742418672125197
-23.743086201967646
-23.742421338987253
-23.74148383488118
-23.741123774981844
-23.742184955313792
-23.743022589326294
-23.7405094162302
-23.737843787952023
-23.73930970004017
-23.740463608516336
-23.740478161260523
-23.739746252171575
-23.7415876871421
-23.74297215863221
-23.742842325285263
-23.74276729600059
-23.743074205463184
-23.7429315036578
-23.740609478329407
-23.738846478508872
-23.738376225620147
-23.737017746002557
-23.735786674697273
-23.735194920766883
-23.73593378197524
-23.734625310073092
-23.732522850391838
-23.730899352759703
-23.732614190506403
-23.733781589414573
-23.734571865753605
-23.732956886521052
-23.732937671845235
-23.734962173047926
-23.73602367365941
-23.736740965996354
-23.737275052541502
-23.736908116572074
-23.736686800344593
-23.73980601629341
-23.73910229909621
-23.73686689019223
-23.73774231443841
-23.73910973842728
-23.741416586774445
-23.74159003999961
-23.740611371137653
-23.740354322406052
-23.739130754467
-23.739416914698403
-23.738726604685617
-23.74050082913584
-23.741039863902348
-23.74293021152443
-23.74260924256718
-23.740545641435073
-23.743397627288186
-23.744050310331502
-23.742784692933114
-23.741757836763725
-23.74093364532493
-23.74191539045084
-23.740900922189613
-23.73965320301313
-23.74097173486812
-23.74072323062113
-23.739112571300414
-23.741649020432043
-23.742372670224338
-23.742201988079714
-23.74291551672234
-23.744729350471484
-23.744163135579672
-23.741807611669955
-23.741625763850323
-23.740702699310816
-23.74130366455923
-23.739325448730103
-23.738913399346508
-23.73845143662757
-23.738566342727
-23.736925579288933
-23.73586988962265
-23.737117761230767
-23.737633568430407
-23.73707157230439
-23.739119457053555
-23.73899517985952
-23.73871217506036
-23.740121819108875
-23.739956754963284
-23.738806836869088
-23.740674471983894
-23.739088982414117
-23.738192646447764
-23.738691453988505
-23.737588385719214
-23.73871764649834
-23.73814958160169
-23.73850700134392
-23.739571767457516
-23.73882365739397
-23.738226579119143
-23.7381744925
-23.73731118676993
-23.73864254371926
-23.738044985691744
-23.737611928867974
-23.737960363531943
-23.738999822060837
-23.740396626568845
-23.738640423682735
-23.737266479559445
-23.7395647983731
-23.73850663462472
-23.737716560380044
-23.73922063494544
-23.73702718683739
-23.737617104307635
-23.7369697395698
-23.736843769803023
-23.734885853990342
-23.735931085749478
-23.733762734954073
-23.734118626192956
-23.733789820924873
-23.733072511851837
-23.7322032877183
-23.7318514675194
-23.732415581851598
-23.73404439617012
-23.733640118880636
-23.73308986373164
-23.735153145909464
-23.737776782443838
-23.73785634116121
-23.738118268080882
-23.738081456826922
-23.739763012244513
-23.73958873105726
-23.739155420973738
-23.739505584703263
-23.73934535160271
-23.73931454252729
-23.73883576756503
-23.73817616048516
-23.73877926854432
-23.738595901168708
-23.738350979607155
-23.737164918055292
-23.735675245653717
-23.73333694228364
-23.730745964013664
-23.731306068865596
-23.72974375277945
-23.730908177977373
-23.733083468303107
-23.7315500520983
-23.732595997643674
-23.732613098980206
-23.732599569035568
-23.731871531397335
-23.732902137466102
-23.733394593646917
-23.731588914273864
-23.729960228483
-23.730447238272138
-23.729629741758533
-23.72927630516417
-23.7278978984676
-23.728363058571773
-23.729267498491282
-23.730331499738355
-23.73318338496571
-23.733184932952398
-23.73524728906918
-23.735914230308598
-23.735983162416
-23.73800318185148
-23.738020304215503
-23.738975865161095
-23.738946284057093
-23.739323759334646
-23.737846020308545
-23.736819529580067
-23.73369241664559
-23.73267097238399
-23.732521330832313
-23.73138702797586
-23.732962680280004
-23.733416010771194
-23.73337783899978
-23.732517626465857
-23.73225335591193
-23.7322221027445
-23.73312159553584
-23.7317371733215
-23.73277455778169
-23.732200202095527
-23.73535945198261
-23.73365744084828
-23.73291475045712
-23.733694377758688
-23.73256440805737
-23.73156505307093
-23.73400443911679
-23.73379191834966
-23.732083500653783
-23.73140152887454
-23.730986242225516
-23.731961636976315
-23.731752371011897
-23.73131893633212
-23.7325230137557
-23.732180893725108
-23.73234103156683
-23.731711628163016
-23.731214924359413
-23.730265625066615
-23.729933677907052
-23.731306892275587
-23.730199409320676
-23.730887268087542
-23.7300788449068
-23.730880134346638
-23.73002228408709
-23.729152979976163
-23.7290938631125
-23.73068673666152
-23.734186029618517
-23.735314483344496
-23.733742755148043
-23.731689344638205
-23.731920212342622
-23.733071785189036
-23.73143551222547
-23.73203279206201
-23.73129324714079
-23.730317739583068
-23.731167088433462
-23.7310180679902
-23.730035846636753
-23.731290809372954
-23.732725996197846
-23.73289720866619
-23.734334689552718
-23.732527727699694
-23.731906588491114
-23.731846769333924
-23.73330557136139
-23.732968799331687
-23.73463027180564
-23.735065891985524
-23.73545199644439
-23.73610235742897
-23.73457404799019
-23.7354383052247
-23.7362650690264
-23.735647156789316
-23.732359506865066
-23.733463168795282
-23.735171464584436
-23.736047494746533
-23.735350982416552
-23.73687385398113
-23.736047515648686
-23.73555854678363
-23.736837577063785
-23.736437566921182
-23.736558112773817
-23.736361733589447
-23.737085526913923
-23.735926773855653
-23.735842660915953
-23.734864815408415
-23.733097478725632
-23.732673612049275
-23.73373241362373
-23.7347681750774
-23.733124193334966
-23.732058191601816
-23.7337754699558
-23.73372371105147
-23.733381589747353
-23.734728140323277
-23.7344156621222
-23.733988889569986
-23.735041414188245
-23.735229885601708
-23.735575861683806
-23.734564768622292
-23.735092833428606
-23.735809197699652
-23.736304727681077
-23.73674457504718
-23.73838459670121
-23.737247739553073
-23.736939356941154
-23.735299980856638
-23.73466838768434
-23.73497124668841
-23.734612576792955
-23.736596534696144
-23.737922079049703
-23.737565755025653
-23.73783289133836
-23.73582366350744
-23.735514421098827
-23.734564200908874
-23.7335145157246
-23.733784797243857
-23.732755381564598
-23.732732455141896
-23.73326767730234
-23.732909168284618
-23.731265704665308
-23.732693033209912
-23.73276275815891
-23.733848076031695
-23.734090325051024
-23.732526299138094
-23.73159748843311
-23.730506509052304
-23.72995999018348
-23.7315514067014
-23.731721852453067
-23.7321532989383
-23.734771025547076
-23.736153003184167
-23.737229689240912
-23.735979865181104
-23.737800438930424
-23.73723862875399
-23.73760124505949
-23.73715405103535
-23.73778667039657
-23.73667856145524
-23.735030647626772
-23.732193678154037
-23.732692587977237
-23.73213387725299
-23.730765598348672
-23.72934906867991
-23.731312661678068
-23.73122709583974
-23.729255303446056
-23.72961442858984
-23.730577954784966
-23.73334255231
-23.734608626089926
-23.736387670146545
-23.73530844663185
-23.73458849963171
-23.734544339812373
-23.734330746500703
-23.734792204483377
-23.73451243877733
-23.734479507298804
-23.736763037814363
-23.73586138628645
-23.735406402734633
-23.73509721023541
-23.734546304674538
-23.735281029748208
-23.734192445749894
-23.735593217385322
-23.73638876140681
-23.734812104051926
-23.734639726299932
-23.73664577082227
-23.73585809380419
-23.73411599097132
-23.732950085058054
-23.73295547256714
-23.731153544395877
-23.731402404537977
-23.729265843752092
-23.727184214458237
-23.727459976745735
-23.726581266421658
-23.728266915321917
-23.727863725118294
-23.72656501433388
-23.727126263414902
-23.72697169303729
-23.72376732783958
-23.723871307605947
-23.72440902162199
-23.728245058059706
-23.72907349744797
-23.73000732433736
-23.727905127741494
-23.730416225577446
-23.72709393900417
-23.72426506867233
-23.72701563993968
-23.725442168473013
-23.72590768995037
-23.7249270202397
-23.723124221204998
-23.725278322970457
-23.727766202187066
-23.72798724735494
-23.727421118411797
-23.72672677504026
-23.730161514496746
-23.729950606557367
-23.73025405561199
-23.73013808576524
-23.731664043334057
-23.731588720984323
-23.731624655529192
-23.732012588414356
-23.730668258315454
-23.73096744996704
-23.73220955226078
-23.730023054494392
-23.73085991860638
-23.731143010515773
-23.732868684027384
-23.73397525387779
-23.732660747585978
-23.73067342452057
-23.73093233763375
-23.729844602886605
-23.72880733138624
-23.72742858037014
-23.72688856255499
-23.728042697254097
-23.726070251905842
-23.728981745677626
-23.72888585973306
-23.727655281006754
-23.727093114852227
-23.728230381218562
-23.727202473045015
-23.727792678179185
-23.728053757148476
-23.728354607568452
-23.730166429476263
-23.729119463347153
-23.72699989308844
-23.72745725383917
-23.728726036368712
-23.728165375893614
-23.729113145256687
-23.73003450468742
-23.73076636491764
-23.730490524983697
-23.73065456799666
-23.728959527786568
-23.726939944541936
-23.72687245042124
-23.726537364410355
-23.725512727602094
-23.72701648103974
-23.727907969200157
-23.726950951564152
-23.726071947403593
-23.725216076370348
-23.72675025832214
-23.727579407712657
-23.728070890771917
-23.72988535679931
-23.73082683062664
-23.731278904055912
-23.73376510040114
-23.73176625300449
-23.732206482939706
-23.731752575417396
-23.73055415775646
-23.730188097700424
-23.72920523987859
-23.72948966693558
-23.73171819539789
-23.730891527724683
-23.730437060244284
-23.730736947023477
-23.730616987027997
-23.731109575540998
-23.73283369895142
-23.73267160698463
-23.73374008847081
-23.7332291838317
-23.73299077023667
-23.731726074688503
-23.729691924685664
-23.728220915419953
-23.7263418453893
-23.72782105792047
-23.728289924476517
-23.72979013956509
-23.730487014491818
-23.7314203420122
-23.731509496731352
-23.72902379515078
-23.72984072416055
-23.728422616591114
-23.728320262409568
-23.729455692233373
-23.73000990103775
-23.73123088480698
-23.7314927505254
-23.730671499646366
-23.732315521490765
-23.732913592661223
-23.733245242728444
-23.733725758170483
-23.735056209485087
-23.73408425689816
-23.733978387666085
-23.734249996159754
-23.73285275382667
-23.733403098976066
-23.733239637817668
-23.733211490482017
-23.732849225244024
-23.733367129826895
-23.732518304795725
-23.73058261259857
-23.729150216599784
-23.73056874086679
-23.73104498160252
-23.729389238624414
-23.730518852325428
-23.729487814815734
-23.72972424960326
-23.731793114441768
-23.73209934704937
-23.730997284787023
-23.728562917654042
-23.727433635479343
-23.729049331610522
-23.728117678774865
-23.729328939274495
-23.73005944511735
-23.728317563058233
-23.72762878199626
-23.727535144727064
-23.72960242790174
-23.72870176594673
-23.728661175696942
-23.72795256028989
-23.729160890569506
-23.728954025253785
-23.728539396343447
-23.728537311163578
-23.728267857322244
-23.726532611687244
-23.726700786886354
-23.728876054236654
-23.726582239500242
-23.726474928180416
-23.726166996146436
-23.725897279389642
-23.725477526904776
-23.725190742399786
-23.724204244343465
-23.722922814469165
-23.723596522916523
-23.72207284587479
-23.72328030901152
-23.725135721186884
-23.726404786386567
-23.725369323204255
-23.72530452848815
-23.72466352241144
-23.723488675726355
-23.724114891293997
-23.723551195014302
-23.723164881653013
-23.72254888574136
-23.723526425614782
-23.722359640478096
-23.721515100178323
-23.72344522582226
-23.72468334039261
-23.72625897219273
-23.72626974463759
-23.72696995166198
-23.727829038009226
-23.72666073391241
-23.727410847995802
-23.727964055337036
-23.728579586898576
-23.727817668534676
-23.728600398178887
-23.728132562752574
-23.727594862842285
-23.72635531726167
-23.725877982913996
-23.72777879096906
-23.72906615608588
-23.728443384655606
-23.72749474703525
-23.726348830846838
-23.726422801122006
-23.727302819910456
-23.72636893955862
-23.727786224206675
-23.728125708317556
-23.727755142800028
-23.726601033494475
-23.72545815567234
-23.725076270574036
-23.7260994331546
-23.72721053582623
-23.729480297072428
-23.728526909005005
-23.72621960157239
-23.725820567410587
-23.725727060533984
-23.72421392937283
-23.72721148987386
-23.727619003482147
-23.72730911973926
-23.728722218537666
-23.726858237911543
-23.728218957151135
-23.727521145879486
-23.72749740713566
-23.72736219331749
-23.727356079744805
-23.72669161915549
-23.726098037756717
-23.72504781833547
-23.72338939736813
-23.724736939646608
-23.727686905314403
-23.726326674973095
-23.726046473215394
-23.724530447080866
-23.725024689611917
-23.72617282120508
-23.72567802496169
-23.7243756418502
-23.72793088864396
-23.72740055928666
-23.726743893411356
-23.726841486596662
-23.727129988913912
-23.727754422985154
-23.72784260409489
-23.72544611610217
-23.723206473403
-23.72316637084797
-23.72334655157204
-23.721797498438278
-23.722028856777822
-23.722337581634477
-23.720634823151535
-23.722588253500156
-23.721560657728332
-23.722518834558535
-23.722394705487208
-23.72175371086908
-23.720228509122826
-23.72033558469939
-23.718133181317434
-23.71751519943398
-23.718947681034148
-23.719053642561036
-23.720412060706906
-23.722288619605482
-23.72321812378396
-23.72302155937427
-23.72448655596902
-23.723477868502766
-23.724422413825298
-23.72341403965675
-23.724400996658947
-23.72653784653273
-23.72758902588016
-23.726537801435157
-23.72670085657541
-23.724917988384426
-23.72789011209398
-23.727138591539127
-23.72596760374802
-23.728022804897023
-23.727646089185004
-23.727040593434353
-23.727937220318424
-23.728048106318465
-23.72737301403458
-23.726207779273498
-23.725318650426725
-23.724185932201163
-23.725897130415017
-23.726018986643986
-23.725939083717055
-23.726731117190052
-23.729376853540447
-23.72917752335445
-23.729764851356506
-23.72965190579052
-23.730774044043567
-23.730657168009035
-23.72943776910521
-23.731295886420593
-23.732358677818777
-23.730137701900688
-23.728314865696284
-23.729038953882487
-23.729758714442692
-23.729492976023234
-23.729274217872124
-23.72804908243875
-23.729382417940123
-23.728382530308032
-23.727247732598933
-23.724930529631003
-23.722865114449775
-23.72224485975418
-23.723082043416497
-23.723523336419035
-23.724402198131795
-23.723469234665927
-23.723491341245666
-23.72481424349344
-23.725131635046875
-23.726103004703738
-23.726780628427434
-23.726434971965674
-23.726521186821053
-23.728244206895024
-23.725787300078522
-23.723935849126498
-23.724314210893027
-23.725248165085812
-23.723647499249346
-23.72516500537392
-23.72749578086874
-23.72769909249149
-23.72836308829896
-23.728469694948775
-23.730005635937903
-23.730657340280143
-23.730615752147038
-23.730445428003705
-23.728649634467043
-23.729748623145827
-23.73170329567661
-23.731523848972078
-23.73257602749156
-23.731311732251665
-23.73073076591364
-23.73196271033633
-23.73113396738056
-23.731809807492013
-23.73005743309066
-23.73086462556119
-23.732309049374905
-23.732018188204044
-23.733040765468186
-23.731690267003476
-23.73081092301116
-23.73022537482641
-23.733243234961666
-23.732737846072272
-23.73270895052379
-23.731839491457038
-23.731987823074352
-23.731553667784887
-23.729704217600194
-23.72800480544256
-23.72818029857236
-23.730005981987773
-23.728758263285737
-23.729289055716823
-23.728191446233755
-23.728838192022526
-23.728566672113892
-23.726432972894003
-23.729282697973268
-23.727429489088237
-23.72485384646567
-23.721984398817867
-23.72255405375797
-23.72262329810613
-23.722421774714984
-23.722967480891626
-23.72386647683326
-23.724047124423326
-23.7257597961534
-23.72607921388243
-23.724764043708188
-23.722991839299425
-23.7243613487801
-23.723050650958896
-23.721447147198088
-23.7220645402991
-23.720194325160378
-23.720583466166296
-23.721797206725142
-23.720985207664626
-23.72193172412246
-23.723431863819478
-23.7243978654747
-23.723743386148534
-23.723519316314203
-23.722707260547036
-23.723590830169424
-23.722237513842778
-23.722974859231094
-23.723359919331436
-23.723285236386918
-23.723048297466732
-23.723598715946753
-23.723446734320362
-23.723328030996427
-23.722853635081183
-23.72552502371209
-23.723560632901883
-23.724256623069255
-23.724470836386224
-23.72761339630495
-23.72859133705287
-23.729529875651338
-23.730991163901827
-23.73021227556921
-23.727349199990286
-23.726535386944366
-23.72626525889321
-23.72539164585711
-23.72773489780808
-23.727808065937385
-23.725453379676807
-23.72710941697556
-23.72496033934119
-23.72357459634269
-23.723991160835112
-23.72453685846726
-23.724567290793452
-23.72397333993354
-23.722793286549837
-23.722862638460708
-23.724003489671475
-23.725357665419455
-23.72681632070273
-23.72587442177174
-23.72827494687765
-23.72829206565841
-23.72754034139912
-23.72810008763809
-23.727922565211625
-23.727173874263137
-23.727174039314242
-23.72603737556816
-23.72701931802831
-23.727715663509475
-23.72742971839809
-23.726847072122215
-23.72590821480429
-23.726189755089873
-23.72642132408256
-23.727192442277506
-23.72961227892124
-23.7283996223467
-23.7290043520691
-23.73092455895986
-23.731288633126987
-23.730826707954293
-23.731275804032965
-23.729416415321356
-23.728970660823354
-23.729467013862013
-23.72930520451982
-23.731351788807256
-23.734089023354855
-23.73587152708545
-23.736790060974606
-23.73681740598438
-23.735068380566283
-23.736371786389167
-23.73521896423024
-23.735902589983315
-23.73470012607147
-23.73417673441788
-23.7344112483845
-23.733181524228176
-23.733453487896742
-23.733285518978274
-23.73338162225977
-23.733291544758107
-23.73387622447832
-23.733605350771676
-23.736311262081614
-23.73504989283528
-23.73401901645544
-23.73674958696474
-23.735742203404282
-23.734375792273145
-23.733805116700886
-23.73210072868925
-23.73333394051817
-23.73366395800517
-23.732739607393736
-23.734517315422007
-23.73497554015287
-23.734990680276635
-23.735796127581498
-23.738050555753524
-23.73911964116024
-23.739358551475213
-23.739005523603467
-23.738508800070694
-23.738259371954257
-23.736898251963005
-23.736455619626906
-23.73800310207533
-23.73748877943735
-23.736310106931917
-23.73854539308389
-23.73821796593773
-23.73915185890551
-23.7393370962704
-23.739892641783893
-23.741086612583572
-23.7413898952473
-23.741258011448185
-23.741440844230763
-23.740728767567116
-23.740461745100653
-23.74024081730598
-23.73721871056032
-23.73761961574612
-23.737061347085387
-23.73654207810706
-23.736216907756113
-23.734427955883326
-23.73268553662944
-23.73166180428339
-23.73359456440145
-23.734613031128987
-23.734877507525052
-23.735981349973567
-23.73723952448376
-23.736284122968005
-23.73475132796651
-23.732646128468062
-23.734890626503912
-23.73546834935056
-23.73628663758029
-23.735400738483676
-23.73483677536099
-23.735937246532817
-23.73622061709738
-23.73593992439638
-23.738119709171247
-23.73805666878167
-23.737010720716775
-23.736843006542234
-23.73651505862168
-23.737262329800455
-23.735688749132326
-23.73501331477892
-23.73381945516527
-23.73350192643967
-23.736672580041283
-23.736759883327604
-23.735960695263365
-23.736562325684584
-23.737925605354203
-23.7377889216537
-23.73648040364606
-23.736829582077497
-23.73712786483935
-23.73818620515643
-23.73882337163192
-23.738233563342185
-23.73863821341553
-23.739577959387628
-23.73993809588136
-23.74057861145946
-23.74027020372063
-23.74064585934316
-23.741277664021034
-23.740719960340925
-23.740436514766174
-23.738595948855508
-23.73639537452704
-23.736623856229315
-23.735735476656426
-23.73606779995625
-23.736671876458985
-23.73733887734608
-23.73608999310872
-23.734240005600846
-23.73184685903375
-23.733892416443698
-23.733297619624004
-23.735139552692804
-23.735059529705254
-23.735324645594403
-23.73344788704543
-23.733234872551606
-23.734680377751182
-23.734434125064272
-23.734418964222417
-23.73472845212285
-23.734697039672266
-23.73522384638975
-23.73461280802021
-23.735307283594558
-23.73585629246153
-23.73720595517038
-23.736862474700615
-23.73490105748307
-23.73473471703296
-23.735364554939668
-23.735491483548874
-23.73605648104405
-23.734680180187024
-23.736427286313184
-23.735617023591175
-23.736111553675048
-23.73785814090262
-23.735366925458308
-23.735992181942912
-23.737308405709555
-23.73617533070554
-23.73569056645275
-23.735051543053327
-23.733366942892143
-23.73192820539393
-23.733232300007668
-23.734603143853075
-23.734242720379747
-23.73413899070792
-23.73472407671717
-23.733957106701578
-23.733929985614907
-23.7348347555245
-23.73389983653968
-23.73555487608124
-23.7357776516927
-23.735445570928405
-23.736239683280978
-23.735522418246465
-23.736464000402083
-23.737141858248894
-23.73747063619288
-23.736888001889135
-23.73560747704144
-23.7354812751666
-23.73678730615464
-23.735332115476716
-23.734800307020176
-23.735395920869006
-23.7345354587605
-23.73600894356881
-23.734376704381567
-23.735386589072693
-23.734862388759726
-23.73413068795477
-23.733336496399048
-23.734102637230954
-23.734775134839875
-23.733461848450215
-23.734374066381907
-23.735045481684544
-23.734310404067443
-23.736258487820784
-23.735386649440553
-23.734667471370937
-23.734726267403566
-23.736366769323208
-23.735788479164388
-23.73499078584077
-23.733593431826538
-23.732578212414637
-23.732994082105783
-23.73356137501469
-23.734816103552777
-23.73466853270977
-23.736629122258798
-23.738139501158592
-23.738637768484143
-23.73791689752579
-23.739352213232902
-23.738621988799046
-23.73733501277825
-23.738259265348407
-23.738097456722116
-23.736453556864923
-23.738283112240325
-23.737230064248028
-23.736741643041796
-23.73455358302507
-23.734187009709053
-23.733853176089067
-23.733082584403576
-23.73305012927004
-23.734187229784858
-23.735208359139182
-23.73463866256035
-23.734899419786593
-23.732763407647276
-23.731570593310717
-23.733170995748264
-23.733054330182018
-23.73208212074187
-23.731453507844613
-23.731362825326194
-23.733127798221823
-23.730798786005604
-23.731295786411064
-23.730811186165447
-23.72887086569871
-23.730311371747398
-23.73128834346951
-23.73245945173664
-23.733497229362538
-23.731264176749296
-23.731040307165742
-23.731451030942768
-23.73116592518714
-23.72934031065321
-23.729763205437315
-23.731165393699406
-23.73195848911946
-23.73294283471758
-23.731708890091333
-23.73227465326009
-23.730747612145706
-23.732480403791207
-23.73269180390283
-23.732231774524305
-23.73340371407405
-23.734142505915287
-23.73530631192229
-23.735835918858594
-23.733324331807285
-23.732379405457447
-23.731140424726288
-23.7324107138284
-23.731411778609285
-23.73185699086409
-23.733806223209722
-23.735854483421264
-23.736923120482246
-23.735885641640497
-23.735845195536328
-23.73465287419602
-23.73534372818902
-23.73529869808151
-23.734829472850976
-23.733893890022124
-23.730724233796284
-23.73232555844085
-23.73130998975494
-23.732822948024527
-23.73320220577184
-23.732254023659657
-23.730912139490684
-23.73103335025935
-23.730925054290978
-23.728094194319336
-23.728461756815864
-23.728819205341782
-23.729384992497614
-23.73061378674001
-23.729881352180723
-23.73033521115685
-23.72973433156563
-23.729942455798195
-23.72990530579949
-23.730339921188957
-23.728212056468653
-23.728640148657835
-23.73035292513402
-23.73161862883368
-23.73195336935857
-23.732865702634477
-23.733362453434452
-23.732041101133685
-23.73045253710596
-23.731612523296253
-23.73100750832613
-23.72974887915965
-23.73034886899486
-23.731789701399222
-23.73279853586188
-23.731285308634952
-23.73176548043086
-23.730412193336537
-23.73075571955545
-23.729434306935897
-23.72961191597755
-23.727368974204104
-23.725308588273695
-23.726365094154218
-23.728748946144645
-23.724569337424583
-23.724781228622177
-23.72428456597719
-23.724701973911063
-23.723430911782373
-23.72352293565715
-23.72160180426868
-23.721317845398403
-23.721025850518625
-23.722730444978723
-23.72284957597331
-23.722647165387627
-23.72461937778607
-23.72310918816813
-23.72397598895572
-23.723108330366063
-23.721944678203876
-23.722021929030923
-23.721543280752886
-23.72298342457704
-23.722703316349946
-23.722604463711196
-23.72346279017897
-23.725726098540676
-23.725734788744006
-23.726133084483926
-23.726379359723374
-23.72727069401416
-23.726889351322864
-23.72699902553918
-23.72606887168635
-23.72430246661998
-23.725008153492887
-23.72492228261599
-23.727463602459007
-23.727991600347067
-23.728932244687133
-23.728650949384864
-23.72957040226306
-23.7317856361438
-23.729947366580202
-23.730095756310178
-23.73162491066112
-23.73222766057904
-23.732542719544526
-23.73348900654549
-23.733062408914112
-23.733381723147534
-23.731774633853444
-23.73094957445586
-23.730467061085008
-23.731008417850514
-23.731347086893297
-23.733121826385208
-23.73261797215956
-23.732493423964602
-23.734215336404716
-23.734281721672364
-23.73406779274646
-23.734277430240564
-23.732586749566465
-23.73424200209639
-23.73505647221073
-23.737102214648463
-23.736924244987087
-23.73768443332568
-23.73695037090439
-23.736826883854842
-23.73724966508236
-23.738302421963827
-23.737733943355362
-23.735123208231254
-23.7341869062023
-23.732138654764224
-23.731857943184927
-23.730622878251676
-23.729201867226383
-23.730480943897142
-23.73127734816065
-23.732385611465013
-23.731803990502037
-23.730613592352693
-23.729936857292856
-23.73039250003904
-23.72869609403119
-23.72854919998407
-23.73029668063451
-23.730804428201516
-23.732274484815342
-23.730494086200817
-23.73193315842078
-23.73287401850816
-23.734524052365234
-23.734824918838132
-23.734954614404202
-23.735083295306193
-23.737364735593257
-23.73793008084988
-23.73825567170391
-23.73469882984705
-23.737431630119794
-23.735848529453243
-23.736964922306626
-23.737180243658866
-23.738471423723574
-23.7411239460293
-23.741609956892862
-23.74149846460869
-23.739259465925016
-23.738636241633547
-23.73587109805852
-23.736232511193915
-23.737866572710175
-23.738479278309338
-23.73865061238324
-23.7372896741257
-23.73772878515538
-23.735908991026207
-23.736056485126355
-23.73405892505917
-23.7343983512415
-23.733243707313157
-23.732733973556147
-23.733823759170793
-23.732445418463154
-23.733573688375483
-23.733012268039204
-23.731959978261045
-23.73259044238023
-23.731743253481728
-23.732374790084346
-23.73408590957827
-23.732958422452114
-23.73298008766499
-23.731305030053868
-23.733018335880196
-23.733509756093365
-23.734547104846033
-23.73295808196826
-23.734173753738197
-23.73161414112962
-23.733003635768902
-23.73550343281353
-23.73718140878076
-23.737793266116096
-23.739185590999735
-23.738362072098212
-23.737843785435366
-23.737582263383498
-23.736494885280827
-23.738885713821364
-23.740699908594436
-23.742355710967534
-23.742146528352336
-23.74290240822339
-23.743990805274123
-23.745606793432515
-23.74466104496015
-23.7447359902568
-23.74567033962133
-23.74372575544223
-23.74295764074537
-23.742321084467306
-23.741269234161063
-23.741709033684177
-23.741263646307537
-23.74136669090375
-23.740578583932265
-23.74181927027108
-23.738560391629886
-23.738032326466353
-23.737418596873372
-23.738529052117695
-23.738622419543717
-23.737552304001046
-23.738278815478342
-23.738639038307063
-23.738191475930922
-23.736799301651264
-23.733777552970462
-23.734650891952658
-23.735132665519135
-23.735296684673536
-23.735413966564668
-23.735007741452378
-23.73572702561848
-23.738011765386997
-23.741295831292472
-23.74155029900527
-23.741445917442505
-23.741006272957964
-23.74102656289819
-23.741084124867925
-23.740671272946773
-23.73911500648719
-23.739951875875505
-23.742321154966543
-23.741553741169778
-23.740704404177283
-23.74338542411906
-23.742471233391413
-23.743376863249974
-23.744145647872205
-23.743974686866395
-23.743467556780214
-23.743566218479476
-23.744928463694013
-23.746732561202194
-23.74667916924983
-23.746680637681163
-23.74748881500366
-23.747011372506197
-23.745467580778296
-23.744883967691067
-23.743112394909463
-23.74286066439408
-23.74338310229325
-23.743255023091216
-23.740904522414016
-23.740793264804086
-23.74047055521434
-23.73826425607944
-23.738031094441
-23.740273020809326
-23.738776949096778
-23.73951181483105
-23.740034612437476
-23.739578440439523
-23.739388322988933
-23.738180424624815
-23.73623234458305
-23.73543215018395
-23.735478161949445
-23.735858225667247
-23.735017462042652
-23.736581516308288
-23.73629438334037
-23.735641984576873
-23.7388813955921
-23.73788144992714
-23.739974535192008
-23.739959771078993
-23.739750575886113
-23.738981254882052
-23.738076496300003
-23.73865615159801
-23.7399917080114
-23.738941983535444
-23.7386367330771
-23.737985886809224
-23.737435698932256
-23.738729606402526
-23.737628946559205
-23.73763153611733
-23.73756663987232
-23.737067080221195
-23.738715806235504
-23.73914204850883
-23.73768654329689
-23.737246445194554
-23.736771247645457
-23.738460030133165
-23.739358666694553
-23.739342788299275
-23.738141174761
-23.7384598865918
-23.737151893283972
-23.73554586080551
-23.736023948970242
-23.73548783135002
-23.7368294425205
-23.738610460794405
-23.736715064604027
-23.735085864114893
-23.73623399860564
-23.735523499952663
-23.73583168644918
-23.734880409939127
-23.73597466425681
-23.736020672308822
-23.7375894155545
-23.738033690831294
-23.738841576549994
-23.73587520101926
-23.73585739209045
-23.73482136761646
-23.736198775095655
-23.73641297850475
-23.736756880906864
-23.73699681132369
-23.736447487040824
-23.737454759892607
-23.736911013067285
-23.73876568976957
-23.73900688254231
-23.73834156532267
-23.736786953542328
-23.736566350627157
-23.734284460918037
-23.7339549929434
-23.734825973041765
-23.735335883426018
-23.735912391046003
-23.73440225050865
-23.73385428800084
-23.733389102903875
-23.731558494190654
-23.731512102203517
-23.733868554904028
-23.733286778434696
-23.732044293521636
-23.732669720041216
-23.73246517932525
-23.731515940964236
-23.73153520527304
-23.73252939352166
-23.73352580540356
-23.733067509994783
-23.734766523977278
-23.736728060802033
-23.73691914620945
-23.738302001069087
-23.738409380085386
-23.737843781537585
-23.738800093934625
-23.738963577473733
-23.739344432995278
-23.739181671229012
-23.73789036461693
-23.739063039377356
-23.741096855385244
-23.740230238292586
-23.74043409823934
-23.740569569444926
-23.74036423008861
-23.73865904350314
-23.737836905624004
-23.73917231582016
-23.73937626933575
-23.73865549269072
-23.737244404093122
-23.736179476571156
-23.736640298479603
-23.738724962145817
-23.737432612746808
-23.737817557332658
-23.739075595291975
-23.734675099930435
-23.734119610766026
-23.73390112790205
-23.73507430974213
-23.734782004925144
-23.735561253422986
-23.733567762879574
-23.730428490100415
-23.730771614768127
-23.72950837329852
-23.729554261756483
-23.72936693934719
-23.7289075885026
-23.730625899584716
-23.731487208429467
-23.73227194613828
-23.734166569178548
-23.73409587480625
-23.73403947402233
-23.734957938400697
-23.73502730758178
-23.73727170276052
-23.734502693331777
-23.734494156207916
-23.734532548793222
-23.732873847468237
-23.732513986949808
-23.73238921382294
-23.733968968207776
-23.73369784263603
-23.734732408300268
-23.734498333725536
-23.735454296160476
-23.73661778461282
-23.737765848991078
-23.73855937458891
-23.739670969046017
-23.738400220587675
-23.736371327862653
-23.73686675952337
-23.735476934764563
-23.7354613273413
-23.735674032394545
-23.736693408749893
-23.73721746190565
-23.737672357729043
-23.736244908958955
-23.736216570072916
-23.737312593397736
-23.736023017269854
-23.735305545071505
-23.734631649082804
-23.733372604847787
-23.73240452840347
-23.731791348132607
-23.731080078532372
-23.73221115777134
-23.73025353511735
-23.729799664708963
-23.7304546858068
-23.731217825238925
-23.730480350546237
-23.730307358053444
-23.729705747989872
-23.72882125695385
-23.728400216027598
-23.729914765632486
-23.729884660918486
-23.728396071014394
-23.729322864218116
-23.730043851529906
-23.730849404731483
-23.731433426452913
-23.729161597289735
-23.729115444772727
-23.72821862601601
-23.72707212424164
-23.727140179847837
-23.725634942325684
-23.725558242782842
-23.725280441524745
-23.72390617757173
-23.72475679571644
-23.727527833703803
-23.726144506481685
-23.728007220381958
-23.728293673434475
-23.727752282280157
-23.73052579181986
-23.731514149935244
-23.729748405602674
-23.728989117780955
-23.730224613155045
-23.731392859827405
-23.734243812475544
-23.73350259129817
-23.732954692500993
-23.732480509704345
-23.735284048455025
-23.73279234592931
-23.732730742370304
-23.734422027585026
-23.73537830697716
-23.734692685898477
-23.734270960785572
-23.734082424666806
-23.734664057976527
-23.735676752308976
-23.735508437122427
-23.738307605256285
-23.739210818105093
-23.736637518407537
-23.736623580458474
-23.736440601539513
-23.735171686006854
-23.73293933033342
-23.73301274136721
-23.735603430291814
-23.736863575459502
-23.73820068210912
-23.73797729531518
-23.73826490684105
-23.73975936787952
-23.740806634201324
-23.74299543896902
-23.7404079583789
-23.740146740372005
-23.740135442871992
-23.740461474479375
-23.74044036048327
-23.738735771448013
-23.738383000111863
-23.7390895053962
-23.737183140388847
-23.73725817387598
-23.737396440716594
-23.738326252900915
-23.738952852943502
-23.737419965648133
-23.735868000880878
-23.733751352320603
-23.734624841094067
-23.735745867417222
-23.735162564798653
-23.73568270772427
-23.737010260894763
-23.73711441025822
-23.737859948393
-23.73740179146637
-23.736475785502485
-23.736185910006753
-23.735261786962536
-23.735463310065736
-23.737095206000383
-23.737802262880578
-23.73873269441363
-23.73699691640718
-23.738254456697994
-23.737565979314336
-23.73718997292848
-23.73580264266604
-23.73754987934903
-23.736571873863006
-23.736709617730746
-23.73714371969204
-23.7371989572393
-23.73731239469423
-23.738968510834106
-23.737649583709295
-23.737038745353686
-23.736757972211784
-23.737480804904983
-23.737071267996328
-23.736039110565784
-23.736319609603488
-23.73614161956792
-23.736908172258772
-23.735880253178685
-23.736998123133876
-23.736373192509973
-23.738222867711936
-23.738759996793966
-23.737741000364057
-23.736281194081727
-23.736438458804795
-23.737701529936267
-23.737647419636563
-23.73717083618721
-23.738877618928168
-23.73705996817616
-23.737400085658354
-23.73670327718012
-23.73767886169026
-23.738011560219206
-23.740358109044614
-23.739213106593137
-23.73887443862177
-23.7393399113233
-23.740245907349465
-23.739966495659825
-23.740113964757953
-23.740651828236803
-23.740712280181118
-23.739216984781823
-23.73840964876368
-23.737708890507097
-23.73585255366721
-23.737158633632927
-23.737885334578184
-23.739724449181313
-23.740712517505997
-23.742448487144994
-23.740120219033802
-23.740118492459263
-23.73841594490818
-23.735927661572315
-23.737118239699566
-23.73691666799591
-23.735509029699436
-23.73645188572784
-23.736507248628673
-23.73758455249327
-23.73866885335652
-23.738894460336365
-23.738933802161554
-23.736814082750435
-23.7367535765424
-23.736192016202857
-23.736302756030593
-23.73577385945286
-23.73521303335632
-23.733528132496993
-23.736849991064986
-23.739531210642866
-23.739379801760684
-23.741250236705636
-23.740483306377648
-23.73827219278665
-23.737325459691952
-23.73718646922439
-23.737263715038676
-23.73757576700598
-23.73564187352806
-23.73768972323833
-23.73977601679739
-23.740426251542054
-23.741118826087206
-23.741023722542266
-23.741196369173327
-23.742880800311344
-23.742424047478636
-23.742071853965854
-23.743985399330683
-23.74615180779386
-23.746234768844953
-23.74390962616119
-23.744598773843947
-23.743624607825
-23.74353918198103
-23.742546759124856
-23.741727397219293
-23.741829735570615
-23.74121701848618
-23.74110681981055
-23.741651309468875
-23.740477393991508
-23.740950982856713
-23.739680477146766
-23.738342147619864
-23.738796728074103
-23.740265846970846
-23.740079806609007
-23.73917781849907
-23.739101037067307
-23.73843741641991
-23.737983349788507
-23.736735500300995
-23.73536876551289
-23.733018723026372
-23.734368240238876
-23.734868272513964
-23.73625353934842
-23.736975952105006
-23.736801829558466
-23.736594186419804
-23.73689405952125
-23.736237712740213
-23.736446353648322
-23.735352371910906
-23.7348240725634
-23.734453808212304
-23.73453847008909
-23.735033193086867
-23.73690759714223
-23.73831361992213
-23.737923617267377
-23.737474647675043
-23.737803240917216
-23.73868114646532
-23.738081162872614
-23.737135643599576
-23.737607854147228
-23.735147764403514
-23.73608541151661
-23.734503440194906
-23.736388678077205
-23.73542757002396
-23.73563617717899
-23.736295691576967
-23.736092302569613
-23.734594125032217
-23.736203771149512
-23.736268994920344
-23.736248701718132
-23.737506696481617
-23.73844815202868
-23.738578044186095
-23.740128805439657
