44.0
43.70806521180228
43.396329252207806
43.07152446148938
42.705013798677044
42.29884802467485
41.89619065063844
41.42178802290269
40.918254780489725
40.36674355201127
39.80071088569011
39.21438503841431
38.52717677384916
37.863302940830415
37.15265621459142
36.3719490921232
35.542449748468115
34.674499146587465
33.7583714162581
32.76749323875325
31.78916169049315
30.80288985801195
29.751664651790193
28.709632543678456
27.575487338325427
26.409330651438136
25.262093001050946
24.12760709311181
22.90982209260846
21.649840571518737
20.387693074380195
19.160698140012055
18.00221309643245
16.730267984888304
15.532576395320337
14.265247246297713
12.973507054036851
11.793336164693763
10.644294447184109
9.447698089157614
8.352121448493559
7.2743898059214755
6.190210094992623
5.101071541898503
4.115875209300816
3.1722371553820428
2.272303580197176
1.3495257826205207
0.5174542547421739
-0.3290393381531155
-1.092618092536195
-1.8486816246868443
-2.5592972952955404
-3.2800528956263864
-3.9200822878146013
-4.5758709035780125
-5.120395566411051
-5.661631017256714
-6.209975887072726
-6.716054180589108
-7.178852026223272
-7.607239881057023
-7.9869551123054725
-8.384632257299083
-8.784211091117317
-9.134918576542573
-9.486186867334794
-9.787688181023057
-10.092605678896536
-10.388580326845231
-10.662540642157397
-10.922561734086267
-11.187932299276909
-11.428124298873474
-11.657823248331624
-11.86749560986336
-12.063277136655225
-12.269577673848381
-12.441550557802797
-12.605558734054416
-12.753041009567607
-12.903412909841641
-13.05051311056337
-13.1769044867574
-13.324001251669928
-13.435391613268909
-13.588234956252764
-13.700619564494486
-13.814381952428331
-13.920144761886496
-14.027359200496585
-14.099930397572294
-14.182770868490527
-14.271959078229742
-14.355049167099338
-14.454313623127504
-14.544244638657297
-14.628497559119815
-14.730059005218063
-14.821991847978488
-14.889848002368549
-14.93318045583054
-14.995847588395403
-15.04062286145087
-15.071912623856806
-15.138387805959747
-15.185194269299096
-15.240729413652357
-15.297398369232264
-15.341527963950098
-15.377279528307346
-15.444937393616092
-15.483903810079992
-15.508430696840923
-15.553497775702464
-15.578416672503591
-15.602633433207584
-15.650208285579197
-15.685712002184355
-15.715774575503783
-15.737347161329348
-15.766843419745044
-15.81288686128467
-15.843083523312744
-15.856705447130825
-15.896019381027102
-15.937143456006398
-15.937209147105909
-15.95422266552966
-15.984922659127943
-15.992125961972066
-16.018886754442416
-16.04831245619203
-16.068162049514324
-16.11032786326375
-16.122101443493403
-16.155055755405183
-16.18976856720965
-16.216545490897744
-16.232916820492918
-16.282537014884806
-16.311834474594875
-16.33122112635041
-16.337671960853996
-16.370481048809697
-16.3886858234396
-16.419457734736127
-16.42881474239643
-16.461420904277396
-16.477587992989623
-16.499451463143096
-16.513795752060634
-16.518051265622137
-16.51341076181088
-16.516692523822194
-16.532614855652348
-16.55634686406551
-16.581507594847103
-16.602198885263
-16.612344467553967
-16.619035464806327
-16.61699246502087
-16.629346496940137
-16.662825143294672
-16.66509116538168
-16.674202595140315
-16.679588771704207
-16.688395180974435
-16.689356171206118
-16.71513314661789
-16.7395684088342
-16.740606303916696
-16.742366586564078
-16.759553386074295
-16.77589055493905
-16.78085404830925
-16.788378598274484
-16.775530011280644
-16.77280808627504
-16.78067313748717
-16.81844150807093
-16.81618788432915
-16.833889731254295
-16.846977725764777
-16.85618052432494
-16.857349446120104
-16.862441005489256
-16.86231168234876
-16.870000449161104
-16.892369453464227
-16.89145853164009
-16.896220722405165
-16.901308364452476
-16.91609787971518
-16.916634079712345
-16.92909564064997
-16.955517370139862
-16.959999061029126
-16.94213257071172
-16.965642818974985
-16.985643679583855
-17.00884950484415
-17.015024753363274
-17.02023411469291
-17.02769757842341
-17.031347253181035
-17.05143332627539
-17.058892099988437
-17.074979180331194
-17.094121916972927
-17.116052359212564
-17.11725629678754
-17.131130793322832
-17.13979074449507
-17.13274603834752
-17.1311560266938
-17.13039383769484
-17.120061042555488
-17.101627673132516
-17.11356543166434
-17.11716067024157
-17.12811646099473
-17.14556941935856
-17.15072972862141
-17.15738798556107
-17.157644223390598
-17.17214630809994
-17.169113555842642
-17.17486297735477
-17.186608686846064
-17.173893984689748
-17.19103930604243
-17.1953527236551
-17.20015710153469
-17.200256651794355
-17.21451352620582
-17.222397749080905
-17.206080045889625
-17.191100445577767
-17.20982807620424
-17.21593694210761
-17.23749245937444
-17.251027620308765
-17.253095998036
-17.250198777901502
-17.25180722608447
-17.25585545966992
-17.249244846096587
-17.24581548125689
-17.251880934765467
-17.24831215995548
-17.2575443451417
-17.265956516437168
-17.279841239099593
-17.270995984230566
-17.282995840782426
-17.277432105010313
-17.299869253721628
-17.305310240368467
-17.32966490978016
-17.32999073988784
-17.348088509254904
-17.3562916267791
-17.35305877883113
-17.349188292099292
-17.36014857625091
-17.33967236668946
-17.326767238816622
-17.333067459910602
-17.35791979626701
-17.3617122501461
-17.364226899673163
-17.36111269303256
-17.353007267754634
-17.355221075407453
-17.353896816883854
-17.35199638297902
-17.357625950703735
-17.35410053253238
-17.34291964584371
-17.336685058420407
-17.349057370726364
-17.362895183674954
-17.370812766213167
-17.37583305610963
-17.379562757236396
-17.37104728388388
-17.37133499930393
-17.374555664845566
-17.38309197678061
-17.395531845596235
-17.377525143823547
-17.369778663007622
-17.386128953505498
-17.393075945225213
-17.38523152967029
-17.408656692296695
-17.406292465741316
-17.411509556531556
-17.416410477105597
-17.410408158322564
-17.408161385477555
-17.3854512502835
-17.39018222679665
-17.39352563758491
-17.419109236267737
-17.421107832122072
-17.429631121834483
-17.41992859813784
-17.418546166195945
-17.414121377587666
-17.43117856727877
-17.443782250326745
-17.440401599282314
-17.453427342548363
-17.431982762706753
-17.44009709346991
-17.443423163084674
-17.439405887803186
-17.43892869104442
-17.435429217275694
-17.425227316216468
-17.423651281438307
-17.443756395316626
-17.43571762114761
-17.446759631149067
-17.459111694077535
-17.44629027862641
-17.46208840327029
-17.46547702326664
-17.465622620420334
-17.45279802839647
-17.46194829765386
-17.44076786518269
-17.451606475650916
-17.450546055017053
-17.433109300241682
-17.433505664290088
-17.435681072477657
-17.438416287383053
-17.451112913381703
-17.44998089549659
-17.479723425476845
-17.48317758082763
-17.47328719537917
-17.483206691988922
-17.4701692113319
-17.500355496117272
-17.4869792466487
-17.48343983851834
-17.479147971308663
-17.471332769878206
-17.478232884844218
-17.5051770133681
-17.500367529838382
-17.50671237611391
-17.49866388060928
-17.504491099921346
-17.49543100809583
-17.495298609963424
-17.497144674661193
-17.49904745640793
-17.512377309654074
-17.50727206636528
-17.524034207433285
-17.528902439403243
-17.544412016227277
-17.54090444661651
-17.552778953516274
-17.556805686071044
-17.56271832479683
-17.561804251871102
-17.56265774382534
-17.562096761919914
-17.568839185163657
-17.553443904755074
-17.557902725131147
-17.571620469907252
-17.585795313706313
-17.59235164425819
-17.599141286211548
-17.59432299127933
-17.59252103342557
-17.59505753982896
-17.598101429847823
-17.578010037549635
-17.576314241424075
-17.563524383616805
-17.544143385073976
-17.546462572012086
-17.5513078775271
-17.535458087932085
-17.556915368220388
-17.57636066995811
-17.578179111392718
-17.596810952513156
-17.599976299092734
-17.616958940317897
-17.59425755573066
-17.588529999197398
-17.593714838986187
-17.582909907277077
-17.600167132896217
-17.613213729692088
-17.591938483574083
-17.602533833390076
-17.59637965101199
-17.594265692035254
-17.593409078574908
-17.60563538084874
-17.609099573845427
-17.624898816260632
-17.62933303535228
-17.642075564148147
-17.630137073079585
-17.620627336755334
-17.62581488540424
-17.62334127212921
-17.63524666378484
-17.634159742361504
-17.635867084262845
-17.626252561002698
-17.624219451551554
-17.62474716686383
-17.623593664490123
-17.639026867566944
-17.656533315357972
-17.65817729895477
-17.659150674523012
-17.672311270064874
-17.67559719902337
-17.694839091388992
-17.705790745840645
-17.683083157893087
-17.689332946115236
-17.705263951300438
-17.70073334906886
-17.718388094718293
-17.717309902599332
-17.706036954350928
-17.717442475124784
-17.729756382674218
-17.737781685531576
-17.729005740469283
-17.727552799661126
-17.72346721880983
-17.713727757355844
-17.713369284011023
-17.70806480116386
-17.712707887226934
-17.713472624094354
-17.709236596787697
-17.69763028985114
-17.691557848472804
-17.71850502324741
-17.71072599629533
-17.717061119507303
-17.7166211657116
-17.734805855374063
-17.70807182085919
-17.717534613088368
-17.70827168062484
-17.701851341729288
-17.702083050246063
-17.70223007521755
-17.71134752819516
-17.722188632191173
-17.721562170787465
-17.71037086480899
-17.705887016538608
-17.713131469143764
-17.73229030702441
-17.7470088909147
-17.747132843984364
-17.746325756804286
-17.75711854489232
-17.74563988507202
-17.73068552354005
-17.72200210741419
-17.719384351158176
-17.720702971592523
-17.726247440180877
-17.70472014633025
-17.69889016058506
-17.70313940137908
-17.705446236025995
-17.711999728230143
-17.72069611988695
-17.74571220323588
-17.73290705922805
-17.735775538794947
-17.751504437834484
-17.753448901727854
-17.754632051501314
-17.76498342569845
-17.770377457083235
-17.76471971911774
-17.760650432927747
-17.75860941039774
-17.748543675697732
-17.756426951600982
-17.761286751625814
-17.767350080378698
-17.768443524049847
-17.765805660633546
-17.77724592960273
-17.783502235308582
-17.779462405582688
-17.76183293771222
-17.773175923084295
-17.756335578864988
-17.745557835681858
-17.76007456079857
-17.768237220540062
-17.77748084509642
-17.77714717411398
-17.781605818884536
-17.775106767791826
-17.784824088797073
-17.787800896194273
-17.784646122453964
-17.794548827519176
-17.80621480366705
-17.81312919468007
-17.838471099247958
-17.835574696625375
-17.83541179206167
-17.823749025562087
-17.828322420357036
-17.830747294559625
-17.837485521832456
-17.832244413579573
-17.819800188067763
-17.82521931628832
-17.80137695935103
-17.799258923904826
-17.80039700241142
-17.807428835377983
-17.819894568951064
-17.80368329364309
-17.810798097157978
-17.81722403221004
-17.83966485902229
-17.856164456468413
-17.840160878965772
-17.843886587937025
-17.851385030614093
-17.839132867571553
-17.835606482441587
-17.837791886902004
-17.85343901759142
-17.855373627200628
-17.863079543240453
-17.845866029190823
-17.850917526223025
-17.83975551321502
-17.842586803356397
-17.872889367094555
-17.869896028808306
-17.873478683522197
-17.871326289744424
-17.860645306628758
-17.85511340598732
-17.847764480396588
-17.83892411027523
-17.833266360781508
-17.823177600882122
-17.81389023333482
-17.827078458286078
-17.834622666880303
-17.84476629895005
-17.844167348558447
-17.830391162185435
-17.84772933985809
-17.864179027120457
-17.864288730954957
-17.871628550130577
-17.86780062478725
-17.848298255878056
-17.857375780481018
-17.852673231362218
-17.85349620820182
-17.85693918604747
-17.84182866285025
-17.852645790815096
-17.8596755566046
-17.864077309088156
-17.866138068198943
-17.864311439966
-17.857532748789787
-17.860476090659812
-17.856515726218294
-17.854659113037847
-17.85443226439994
-17.851163150677337
-17.845353129993246
-17.84570604535923
-17.857547393029158
-17.87229474608669
-17.865796753739442
-17.877829534244423
-17.877056079269444
-17.870115754465004
-17.863785614754384
-17.855959267471263
-17.85910369611626
-17.868794475302465
-17.87460908368701
-17.85534416424191
-17.868963050310033
-17.86775148181517
-17.871286210079283
-17.875983778619826
-17.876535140551937
-17.88450161369466
-17.88705633163898
-17.879209189543676
-17.86869346645087
-17.87226115075133
-17.868458871293836
-17.8954674125851
-17.9036148694655
-17.908724856951423
-17.904126883769347
-17.900048081466892
-17.897436347964305
-17.898844781457946
-17.91283799543357
-17.90597720948144
-17.9210113071066
-17.91440959335405
-17.905226737327823
-17.89322855411629
-17.88497342133481
-17.88598178573362
-17.881460246265153
-17.87854701690368
-17.89295784058666
-17.90800500478741
-17.927114838253633
-17.917996298709717
-17.927032183625517
-17.922576073398158
-17.938360510085285
-17.957138692385488
-17.9636505310743
-17.956013672680253
-17.957454670413426
-17.966384285428823
-17.97556881577197
-17.971829781269143
-17.97429244597252
-17.96745372006343
-17.971700995905415
-17.964766145772714
-17.955903960712135
-17.949639457948404
-17.94062863706416
-17.937961116628326
-17.95016589985288
-17.95214347498645
-17.964216967819308
-17.984281831263537
-17.97787014206224
-17.978277050169154
-17.9856775229221
-18.006531582299086
-18.008146624253524
-18.006278763070487
-18.009349160700165
-17.996270822932104
-17.992826569714474
-17.985455049777762
-17.97726568484857
-17.97806933168727
-17.976469236058495
-17.989426599942387
-17.980941742609904
-17.989451647958273
-18.00538274020764
-17.99441159832022
-17.99035676728344
-18.004715644242836
-17.978697773945076
-17.97880672647459
-17.992192782596987
-18.018159518731917
-18.02487879482902
-18.02727753029557
-18.038429899497633
-18.036698315961377
-18.035936156359938
-18.03902675560167
-18.025826268242273
-18.030634852244926
-18.052519980977277
-18.065415320331397
-18.07551972485448
-18.063645667196745
-18.072533830007217
-18.05857041934781
-18.060340639138296
-18.066613356014923
-18.083778735939042
-18.087304140017178
-18.073144424419546
-18.069028517556525
-18.064214859247492
-18.07218756319507
-18.09745785493425
-18.108430050719722
-18.110903535510666
-18.099656622254674
-18.103542677906034
-18.12129521967593
-18.13563636204426
-18.153240138475297
-18.153705931176898
-18.134138002343345
-18.1111933357781
-18.132177201652507
-18.137309013173677
-18.1345340457796
-18.138829533832205
-18.14124679963102
-18.138864114981097
-18.14116598358853
-18.130562974561695
-18.130530009378937
-18.1351487629356
-18.150472523783797
-18.151428438360284
-18.139130759740958
-18.14011255912359
-18.14608666839542
-18.12867028774873
-18.141396858948344
-18.140098197454837
-18.141402994151427
-18.140358120215627
-18.127037441146996
-18.13575429774488
-18.149872403420975
-18.156156208698896
-18.151365631869787
-18.162012814208964
-18.173572222585392
-18.1780903362434
-18.167783190594424
-18.168804743466026
-18.16977574797672
-18.16125802595152
-18.16480901996984
-18.162393379905442
-18.1712306759252
-18.185047665873128
-18.172929761747355
-18.169592360051034
-18.17512306711944
-18.17026367364788
-18.14370935246338
-18.151137957629246
-18.14984226583468
-18.153294708471858
-18.150537232120147
-18.135086652934525
-18.15610754645828
-18.132383558778947
-18.132604265481756
-18.13792279446835
-18.150946248610055
-18.159238291219676
-18.16615946910294
-18.175300864345726
-18.183986067701305
-18.193349456798035
-18.196736834037573
-18.190543350305628
-18.19686210367026
-18.19082322590114
-18.194176251498643
-18.203734869305947
-18.200498621001564
-18.183830496763974
-18.184792466936287
-18.19348869911274
-18.197343895531336
-18.20527781092681
-18.228774894729895
-18.2353739296147
-18.23973917043198
-18.23494648533327
-18.230996021627558
-18.238718615237858
-18.25461031424554
-18.25785494817423
-18.25026859573025
-18.251842110032975
-18.237813987889705
-18.234224408787796
-18.239449864697495
-18.251660555790174
-18.249442677386917
-18.25753898720609
-18.25592329097854
-18.246260963798466
-18.239675427759597
-18.23913245228522
-18.263117686609263
-18.256683254938764
-18.277192027126045
-18.267457189575254
-18.28382992503655
-18.2795629170346
-18.26666484663079
-18.281139701547772
-18.28398667902113
-18.26339116645431
-18.27005353315343
-18.267345335769548
-18.25874799706118
-18.25886812772805
-18.246603154996215
-18.25070418564385
-18.25454894155336
-18.248657950643405
-18.24380701299087
-18.26469678557898
-18.243858077118055
-18.243356485745743
-18.239438820499025
-18.228261499136575
-18.223822361033335
-18.235624421063655
-18.244344640020188
-18.23897653821313
-18.248164691164636
-18.258674199390303
-18.253533740035152
-18.279686643524084
-18.28277029353642
-18.27861675839093
-18.283538153876442
-18.267680619527006
-18.28748276625877
-18.30074196581947
-18.295122176533408
-18.296689772433318
-18.29750899288452
-18.302307599551607
-18.299953505185062
-18.300646727593683
-18.293330214545367
-18.30855665864962
-18.311020506653087
-18.319764493210705
-18.320498509475375
-18.323844194093073
-18.326826672020015
-18.31719954304204
-18.323260649163032
-18.324256403674145
-18.317822569964378
-18.32470049489356
-18.343066149268015
-18.33457576774894
-18.323242535065138
-18.323278949141322
-18.326252364070413
-18.312994627928575
-18.308793219085373
-18.298425553193226
-18.3071420510433
-18.315457995237075
-18.317003385338843
-18.313616502215833
-18.328866611046113
-18.33447624129452
-18.32968318915481
-18.32372042041182
-18.332698257127017
-18.356340069228974
-18.374577181207968
-18.37570443629475
-18.389829444382457
-18.39190222060535
-18.395101118080632
-18.406772209685855
-18.40696694357181
-18.430905050931266
-18.41712628872863
-18.413463884894096
-18.41662639796031
-18.422480016347432
-18.42680699640399
-18.423746634556174
-18.415974666311318
-18.422657687910664
-18.422548766898437
-18.426102978834773
-18.42921632575797
-18.44252504941605
-18.449028064763144
-18.445783278915847
-18.448013049985576
-18.448951040665772
-18.463113012838004
-18.46470888742049
-18.449467649075213
-18.446155831639334
-18.456427314070346
-18.463139509461456
-18.461935043513314
-18.44576992150872
-18.449512100797666
-18.453189070627257
-18.460219787037452
-18.438003946343944
-18.445341491546298
-18.450036275488383
-18.446529775598865
-18.445545577038846
-18.451038981271555
-18.459116915045886
-18.45474723015155
-18.449727852940757
-18.435720185343648
-18.440014190697937
-18.433143355542303
-18.425794027365676
-18.44641246569963
-18.452036192164257
-18.458032402525927
-18.454443321495283
-18.452331986895256
-18.469283284706137
-18.469194619761453
-18.461325087111764
-18.43875269272014
-18.439433963962607
-18.439577609010968
-18.45206495942934
-18.450873645375594
-18.439882754139006
-18.434225589408637
-18.432332622698755
-18.432719163020963
-18.43198987219715
-18.434576813635516
-18.430354872726873
-18.467389415701728
-18.468261886963777
-18.464959362612674
-18.463486467534405
-18.463741736288327
-18.462417115041983
-18.461441634224453
-18.45170363569758
-18.453272475726422
-18.469367935717223
-18.486299905610785
-18.487947989173296
-18.497913617532152
-18.491443631244714
-18.507928720330383
-18.49362514713364
-18.496472559580024
-18.498048273885452
-18.48883944310152
-18.47343697357681
-18.471010683513803
-18.47097940658449
-18.462628030986256
-18.452068112734608
-18.459027691525602
-18.45451626646737
-18.448523465708973
-18.45632337622078
-18.454926450294035
-18.46565256462644
-18.46812062146587
-18.47029396008822
-18.481054394432597
-18.464921931272865
-18.46097310475968
-18.44088136012437
-18.45571673667057
-18.450896205381962
-18.438824717147565
-18.45239298838004
-18.451421135549698
-18.443109892087715
-18.445482048693673
-18.46042566750076
-18.474793034004726
-18.47784901441811
-18.47996416820012
-18.46064117001013
-18.47681444138231
-18.49083477978715
-18.48160231954759
-18.508573996002752
-18.507678856554282
-18.510827054533895
-18.535536757633864
-18.542899944884848
-18.539553858249334
-18.53284702978772
-18.529289479222577
-18.524867425156284
-18.526023315680543
-18.52828361661172
-18.51833969446475
-18.522302931799608
-18.518849078614448
-18.5106109104328
-18.52044373073667
-18.517440875685534
-18.502706001365336
-18.495732491981872
-18.511092489296367
-18.509834497368292
-18.50083521508438
-18.489051332877953
-18.501609283675776
-18.512580535902575
-18.52791785534193
-18.53039957545149
-18.52314928269292
-18.501244394774755
-18.49933049061924
-18.509106998332587
-18.512390576011832
-18.519388434313235
-18.539907664471183
-18.53706997878368
-18.536398170581005
-18.540046096243657
-18.54563626479355
-18.550650572335673
-18.539319295709426
-18.541288584134737
-18.542972306380555
-18.536115399514294
-18.525169327876707
-18.521183423744624
-18.528217680183346
-18.53425194734083
-18.525365694021374
-18.517212615466384
-18.519461469399303
-18.511357313741296
-18.51356283048483
-18.509331304902705
-18.505253259263508
-18.5145021833831
-18.510670477303726
-18.532761498760436
-18.54853785577275
-18.54014701979652
-18.526418560421202
-18.544661757020393
-18.535282128320752
-18.550275882380117
-18.553488844975924
-18.552370751514157
-18.55469388253433
-18.54579188509423
-18.534344019586214
-18.544241293606685
-18.554548985103384
-18.572105451974245
-18.55477086404894
-18.557135951290185
-18.566981898831138
-18.546343301050587
-18.556704573455704
-18.55155436656979
-18.53150378164498
-18.525661401683095
-18.53208154305963
-18.52437503953898
-18.52998036444011
-18.542788205067485
-18.546206682143943
-18.563001699872476
-18.556724108343957
-18.55879798987281
-18.557965270984543
-18.571889756909762
-18.569299361865625
-18.577326289888354
-18.58297796242616
-18.576419360458043
-18.577803891865834
-18.57127120471973
-18.580771847636317
-18.567756872283137
-18.560892402591552
-18.57633782645813
-18.58138273312395
-18.587936356139735
-18.577280227831864
-18.56900608422458
-18.581921699309337
-18.602135098521703
-18.589196372205752
-18.6076007636317
-18.604074892363673
-18.622609742020177
-18.618001238340796
-18.627313120478945
-18.632609353492455
-18.63594718640394
-18.642454064723804
-18.629231395424053
-18.64444498340054
-18.63045238927268
-18.628263487167114
-18.635573340310486
-18.638882575129102
-18.621941195819108
-18.613241922649205
-18.621018512524156
-18.635771930501814
-18.625733502355097
-18.632958170813335
-18.63392371576708
-18.642245907276095
-18.636760135838205
-18.630924602336364
-18.634637474503137
-18.643752760971285
-18.643523873338616
-18.66813524254275
-18.67188140078188
-18.660505949047153
-18.65419170961942
-18.661763709466864
-18.66151102910049
-18.65724697040347
-18.676715840943533
-18.670389131862947
-18.672337786191736
-18.658010345665755
-18.66382646792972
-18.679759753336498
-18.679938085532857
-18.661891790812238
-18.649408207541395
-18.653740451010687
-18.65362387537716
-18.650511069967518
-18.652708350507343
-18.654842927558153
-18.67252527271123
-18.660482864032506
-18.67793546637729
-18.676880440114118
-18.673018936692465
-18.66475279288559
-18.645229290771383
-18.632603801686937
-18.64562064404844
-18.65355455511215
-18.661655163112627
-18.670843796267338
-18.650710773965063
-18.65066494516016
-18.648556177780726
-18.652781438465276
-18.644226410076353
-18.629600557486242
-18.641352447597857
-18.65431053286846
-18.638703379392606
-18.63816522154274
-18.639314282972798
-18.640558620302752
-18.644638283604596
-18.63569930990236
-18.64363503362563
-18.639919225230965
-18.620949367063684
-18.62794052120763
-18.633627892024013
-18.636872353666117
-18.63251398704309
-18.646509875442558
-18.656243363093868
-18.657030942775293
-18.665001751224708
-18.663097024679534
-18.67607062519143
-18.675137393134833
-18.67719412344004
-18.682320264565398
-18.668817270012035
-18.684077117312075
-18.68979154202419
-18.68766356803155
-18.677879768552618
-18.682345669198437
-18.666380755085303
-18.663784823917478
-18.65588693956956
-18.66431111991163
-18.682535222524688
-18.697164742423222
-18.70165904408015
-18.72108235458869
-18.729344496496438
-18.734073179277893
-18.72587227012305
-18.73382632817649
-18.729912620253348
-18.745148651181985
-18.733329624258605
-18.733910334206954
-18.732306079659775
-18.73569634282264
-18.729991396401434
-18.743963650714768
-18.725325070193737
-18.73600491413134
-18.723870750880653
-18.72848513839205
-18.74609407430447
-18.759543747619887
-18.7413360666421
-18.73965871383375
-18.739352482953535
-18.737378246830225
-18.723822612636155
-18.740776125112795
-18.73264505958909
-18.736005464189912
-18.71179024676109
-18.68786651638364
-18.688815306911657
-18.693640261664846
-18.691776105341226
-18.68908242899264
-18.69897323127045
-18.713074756784984
-18.71535964080597
-18.71643274287394
-18.722805004253875
-18.732268411138925
-18.713963299948013
-18.73961015610421
-18.730052736608087
-18.739070220127292
-18.75014701248249
-18.736823020583188
-18.71866216861919
-18.705904950185364
-18.69972689473145
-18.69956325264787
-18.698558017725688
-18.679998065183167
-18.685130987343033
-18.691509906431495
-18.69588218324828
-18.718510644722276
-18.712297137701874
-18.708355531100235
-18.718684713060526
-18.731993038454217
-18.740060980776345
-18.723337365180566
-18.7194730123239
-18.706773233536985
-18.718011603141402
-18.716859236563586
-18.728818528993784
-18.752910429922537
-18.761757286190253
-18.751566971777123
-18.748190754318852
-18.763764607616793
-18.732365212772255
-18.72929299076945
-18.73556360645756
-18.74007409061154
-18.751925620738536
-18.75054564455019
-18.750476812590815
-18.74351072009198
-18.76285203845099
-18.757315505091466
-18.750024167697006
-18.748927543613952
-18.755946458622926
-18.763344421982318
-18.77021390926707
-18.767632741211607
-18.759054765914
-18.755179590447174
-18.74475336376782
-18.741222464325833
-18.745460556058944
-18.737630133024854
-18.73513404722223
-18.75297642752615
-18.745953918176774
-18.74468106980683
-18.754373716500098
-18.769280809472516
-18.77323255662651
-18.75959088498219
-18.761191708908814
-18.76507838661568
-18.755929263065894
-18.760496687144506
-18.750878245935095
-18.758430745033685
-18.784573134894767
-18.776530922219983
-18.784255872598308
-18.808528145771447
-18.80145353629383
-18.80530931348005
-18.79645709696789
-18.813391578758228
-18.833578997558448
-18.838772805319163
-18.818483597589747
-18.820303719229386
-18.809552482765717
-18.819393453889276
-18.79524928251568
-18.794782259235383
-18.786632928265
-18.796205802718553
-18.792414085028277
-18.799895265756472
-18.804088515914163
-18.814851517026923
-18.80874611684407
-18.81639110514321
-18.815972915286505
-18.82267660407239
-18.83665077728247
-18.835090287115445
-18.842243929745827
-18.83775905577462
-18.83514647697422
-18.834814349165317
-18.843077856915297
-18.846896601006645
-18.859682513084728
-18.846016809324063
-18.85744443647523
-18.858541550405874
-18.85772936057702
-18.8578642632711
-18.852981866678
-18.871222229373647
-18.882303357886798
-18.8827131650396
-18.871872385030397
-18.884759792879194
-18.88291346129785
-18.889013762836033
-18.88346735285928
-18.896662903431277
-18.89737958025545
-18.881380788398186
-18.870649231376188
-18.873752290831227
-18.868899737965446
-18.87855459397803
-18.875639767975297
-18.87565499033072
-18.884269337160692
-18.862415762436868
-18.871401319923258
-18.869722330626303
-18.883473442340357
-18.895955412139234
-18.891126839135996
-18.882021611717143
-18.898519926156588
-18.904509912188793
-18.886325868332044
-18.8975358683275
-18.91793049718572
-18.91650838145266
-18.91345139706968
-18.898854758232893
-18.89117671745109
-18.880875101391222
-18.891843871049346
-18.87936497170353
-18.877093549962233
-18.881763653243045
-18.87474624349221
-18.88464354344557
-18.885365714089666
-18.887132458526477
-18.89402384082913
-18.881247713902933
-18.886886122121965
-18.896774998987667
-18.890828808354875
-18.86043765344695
-18.855701827504742
-18.85655103094601
-18.850295377995725
-18.850242799481805
-18.863292299859374
-18.874399466523943
-18.868176698709046
-18.87274390006278
-18.86468276923179
-18.869856707399613
-18.8637359876391
-18.87757904913921
-18.868336206540967
-18.873027849290782
-18.87340099267544
-18.86347900945398
-18.87446460549837
-18.885874889846917
-18.877808157700553
-18.88274847211164
-18.88871597607817
-18.89343187776176
-18.897358829475913
-18.899540738576686
-18.910324658335682
-18.91238707336015
-18.929915046070654
-18.926941757490486
-18.928672766023908
-18.930305475718594
-18.941070048423025
-18.94580144836917
-18.925617219589615
-18.93284862701868
-18.932165824121622
-18.938151116972033
-18.923864953974583
-18.93762499650861
-18.927828663666276
-18.922459863081425
-18.911465066533456
-18.92405112408731
-18.936386678888052
-18.947503168117198
-18.937805894639876
-18.95888053151082
-18.974932104613696
-18.96081652589349
-18.966610911753573
-18.965081303663478
-18.970119906308128
-18.95805558903069
-18.951322960750897
-18.96147913708713
-18.947756018105284
-18.960522834155952
-18.93867298296283
-18.926888361427988
-18.935211770301052
-18.94559043974608
-18.9263662902866
-18.92606807100415
-18.91341889673454
-18.923691611881356
-18.925330011568622
-18.93066847941963
-18.9453313462466
-18.939142022098977
-18.935548076075985
-18.94532266278423
-18.94688637336739
-18.941337995541826
-18.943302034388672
-18.948575680207956
-18.946950193226968
-18.959647684252822
-18.96114502378804
-18.952404258710967
-18.966873461464097
-18.973232949872298
-18.962698220126754
-18.957439751651652
-18.96084385098275
-18.962028042477055
-18.961439711201578
-18.961700299316036
-18.971409818294976
-18.97105186688004
-18.967888372648673
-18.951001775797717
-18.93307754423073
-18.923701985917674
-18.915933473884333
-18.915001043431992
-18.897851392769617
-18.907781061965437
-18.91043000198169
-18.907440158646335
-18.90613990657255
-18.901452181056587
-18.892234753275652
-18.880936715288886
-18.887134455280542
-18.881183940321105
-18.882286215634647
-18.902989684069272
-18.91596826768048
-18.92588510159826
-18.940868345290784
-18.959235494576753
-18.950943689661244
-18.943199887881423
-18.93646360532604
-18.936737274947564
-18.93179528404173
-18.93932329539651
-18.940871779176263
-18.931925750384888
-18.949592185664365
-18.93665327616283
-18.941070720773723
-18.92956171523632
-18.930483759545073
-18.915376311989895
-18.91056833308377
-18.908841529328225
-18.910090918976074
-18.93198130998135
-18.925335571820746
-18.921221465106427
-18.932108373754858
-18.93475006664928
-18.912019619267134
-18.907483111740813
-18.899953121376782
-18.906489013132852
-18.90246478327815
-18.910446061678503
-18.934628151431678
-18.908768118105744
-18.89926408941675
-18.91048356826658
-18.91231356532781
-18.924634206934382
-18.929148562351525
-18.921158634098052
-18.924442532350437
-18.923582001644576
-18.925975188940306
-18.91411409626602
-18.907217432007684
-18.910744413233537
-18.91285999137422
-18.906775998471215
-18.918043839746144
-18.921596839744108
-18.91508012081014
-18.91785447842273
-18.917175091560154
-18.901691240380853
-18.913288838194713
-18.90609506174866
-18.91634061212681
-18.921963959660925
-18.92731098936523
-18.932238431577108
-18.928222654789135
-18.93883517661491
-18.934561730126525
-18.900035334856764
-18.911500943416883
-18.91355544407207
-18.913529645489955
-18.922277150656967
-18.943280272946584
-18.950968508095812
-18.924566324429957
-18.938733365170616
-18.924546276569767
-18.91938569975246
-18.92498136013697
-18.917230932516922
-18.923423669844375
-18.92932963981503
-18.929417021059525
-18.946106270818863
-18.944400764082364
-18.949036192189766
-18.953644350646496
-18.95488127276215
-18.96955635077871
-18.964973769937533
-18.952983090708212
-18.961099980124782
-18.959494472309157
-18.947744765295123
-18.952150706141975
-18.961221517300373
-18.9623570587317
-18.955857108593985
-18.948734996348865
-18.931453416666653
-18.917105623296603
-18.92303258490618
-18.910329452958656
-18.91653260430231
-18.898017028560066
-18.902114947975548
-18.90610489276036
-18.92851082441091
-18.934209584380113
-18.93584278059629
-18.941053446675483
-18.940459060183063
-18.92772912441484
-18.93772111331419
-18.95229401952363
-18.952121115364232
-18.96166027124212
-18.96798754084631
-18.961460696549363
-18.964394542986902
-18.973964718658404
-18.97624006200881
-18.966895274429497
-18.975204685957557
-18.977814611025654
-18.97650465535483
-18.984914619839373
-18.985951593638852
-18.990662945682775
-18.99676967769772
-19.002200123341737
-18.98435971743498
-18.98377912201338
-18.97060177863444
-18.970988818191078
-18.975947091562738
-18.954408530817158
-18.951693729132714
-18.93907308232044
-18.939534295786288
-18.94739530540418
-18.95751626331303
-18.96123958433705
-18.95398584331678
-18.95912572637671
-18.97839523546269
-18.991691421682134
-18.99313871021078
-19.008992873395847
-18.99599291936312
-18.985966191583564
-18.983482630576884
-18.986192696835655
-18.984853869298103
-18.975163717150714
-18.971191603578863
-18.961741696286925
-18.95627921223566
-18.957702802821057
-18.980778563135605
-18.971969914350574
-18.985492989948188
-18.99287632845316
-18.988649451948998
-18.98348567406784
-18.992296328365036
-19.007044073231775
-19.017214644752404
-18.999581970607807
-18.98667315892781
-18.984791329545306
-18.974020187412254
-18.971742077913575
-18.956669520492582
-18.959453076565136
-18.966607194870186
-18.967107777569023
-18.97976381682571
-18.979257768610434
-18.984053918343015
-19.01339672836633
-19.003711918678466
-19.01371083308126
-19.031649338802527
-19.0399049915332
-19.02428238988358
-19.00942479839838
-19.01574654016874
-19.006601337199047
-19.011296255919188
-19.009286500093264
-19.017491332612877
-19.018693332433457
-19.019870136772813
-19.022084736824816
-19.014713071732643
-19.010485610942215
-19.027332308257833
-19.02850908046078
-19.02123594400521
-19.02239028929372
-19.024108661541455
-19.023085018282575
-19.02995080926633
-19.030297887918238
-19.04126095889363
-19.024274729136696
-19.02093346384855
-19.003809404080137
-18.99420459660525
-19.01012626637912
-19.020430078787896
-19.034097608391825
-19.037722698077264
-19.023378595097054
-19.020497149162892
-19.029020126032687
-19.036114179220576
-19.035439884439196
-19.046988135789864
-19.038305982958843
-19.040863304985134
-19.04332698185564
-19.048565098355887
-19.059822402838183
-19.072062292864604
-19.070536484512573
-19.080865199174355
-19.08555776047711
-19.10281293655581
-19.09788115722197
-19.071718175316676
-19.079352321380096
-19.064649031624924
-19.060186216837433
-19.054326236143954
-19.043178137301037
-19.03625563462262
-19.047310706224856
-19.04331479441125
-19.054730780883496
-19.052869392637334
-19.058506568734977
-19.06520044991283
-19.070940339232553
-19.073917323786652
-19.07928737939046
-19.093274440050447
-19.063348515196083
-19.047249094256706
-19.050656063567207
-19.047020303516405
-19.05382488447718
-19.06689595130465
-19.0647133293074
-19.067483071661865
-19.059944244205155
-19.07091187021297
-19.075258479388953
-19.080752391983978
-19.0827940840515
-19.08207661088184
-19.07732167953277
-19.078553495295264
-19.093342211305547
-19.102817807930617
-19.100228697077096
-19.10319202562102
-19.087675693814962
-19.084637493762
-19.096404985427956
-19.11897404124418
-19.116046213137764
-19.119547157309643
-19.134641560011087
-19.13443229612326
-19.11047673810894
-19.103594676096176
-19.098384455974074
-19.09426068226156
-19.105196990219998
-19.09109020949373
-19.076985634134896
-19.078771892629195
-19.08660190604977
-19.074121525300804
-19.07307007470823
-19.072006905959682
-19.062418887314024
-19.058864469834948
-19.06098190683159
-19.05137321752074
-19.044239457154866
-19.051334550741142
-19.054537562321435
-19.05350440230685
-19.044460153140285
-19.058890387787866
-19.05610195276411
-19.053192582731025
-19.05688391711859
-19.0535207814572
-19.063594655517903
-19.050229600673767
-19.04805600984545
-19.037595044854992
-19.055176332000126
-19.046372944092642
-19.070030881469172
-19.09078174179986
-19.079583313244584
-19.07530574514098
-19.094714446513237
-19.112028983086855
-19.105818029617424
-19.097511346562698
-19.115784588369884
-19.122946915823626
-19.106234810930154
-19.107967417066224
-19.103062399021585
-19.127221735942985
-19.13533477330338
-19.13477419590827
-19.14735043184375
-19.152574850197222
-19.138012178493234
-19.13118715405551
-19.12513680108195
-19.13838051313726
-19.140176096239607
-19.141095867510025
-19.133791791820588
-19.124276540023157
-19.126038468003603
-19.127304781025558
-19.12908127383994
-19.133031227660513
-19.131838566655556
-19.134055313394175
-19.132306383240213
-19.14631545702399
-19.139389433958222
-19.119713780775655
-19.128490415900856
-19.145846461733147
-19.150589007396214
-19.142879774732755
-19.135374446724974
-19.12545294898328
-19.141396884881292
-19.1349679063446
-19.150510453606934
-19.136587793774375
-19.113317110892396
-19.11249449258987
-19.116614999625224
-19.121101265870504
-19.116082965626255
-19.123220845772043
-19.11706752442914
-19.11993104166419
-19.127501666002086
-19.116313536633818
-19.12669849184852
-19.123910597678986
-19.12481330867215
-19.12342097439749
-19.12785572900751
-19.105240028729877
-19.1022089705911
-19.105167765207526
-19.128217820071736
-19.11723391964376
-19.140637574062463
-19.1502053545465
-19.149061651443816
-19.159552647049882
-19.13463609200738
-19.15434087809284
-19.155692182407766
-19.156605535361457
-19.161747055787835
-19.158863644598565
-19.15729320557311
-19.145258763079912
-19.13968349818829
-19.142478394990423
-19.164228308896963
-19.169137852952485
-19.181717341180516
-19.17866666061968
-19.171750022631123
-19.177781833894738
-19.19162294772692
-19.213302721923096
-19.2187096868657
-19.216526746644583
-19.218667700386497
-19.23115259741268
-19.23271804298599
-19.238045652924697
-19.219735637502442
-19.22134153618695
-19.235083996791772
-19.22938883719934
-19.245929821538695
-19.27747643149355
-19.28010754095938
-19.273794512223393
-19.268763656817796
-19.266963938796895
-19.24714036635876
-19.24031029686524
-19.25585443154529
-19.256877657910703
-19.251665193208655
-19.246469237540648
-19.24422865566816
-19.216448010719184
-19.238981850484663
-19.23344802605032
-19.215477452042713
-19.226487977005004
-19.201145312698607
-19.191741304637738
-19.19200646805612
-19.1924084285229
-19.185669898809984
-19.199212441372303
-19.206759851926765
-19.201132728375608
-19.200277076699884
-19.19282206324073
-19.20824466746205
-19.18744530092455
-19.181281625491298
-19.16466878886109
-19.151455450815686
-19.1550652699477
-19.14185025838273
-19.134104940607926
-19.150876183806968
-19.142928822522673
-19.155238069592855
-19.152969650591952
-19.130449931530972
-19.137911416472626
-19.13468564931571
-19.1423529462248
-19.156537077921094
-19.16132975301348
-19.160118269852035
-19.16895310763543
-19.17873967253981
-19.182820630433714
-19.175292116767707
-19.146701146507816
-19.15035657588867
-19.1617052337894
-19.147484616552347
-19.15654615392027
-19.175386597546947
-19.168246208947938
-19.16560377616633
-19.18027928700347
-19.173416711079163
-19.176345796572377
-19.179112236981684
-19.16839796587141
-19.1711499585558
-19.172386470622598
-19.184291397622093
-19.17967191121063
-19.18490185240285
-19.202282017738565
-19.20115651429303
-19.20595707589019
-19.214658023257527
-19.208770028917197
-19.21480724176622
-19.23760179130122
-19.23814481378025
-19.215369086645417
-19.215543166743064
-19.221458506847668
-19.221107388130967
-19.211162099183486
-19.22026391385087
-19.219219437672677
-19.22617955016651
-19.22632682549501
-19.225193977067626
-19.219884167722345
-19.21381615119863
-19.21731996983238
-19.21369818365647
-19.221026050458253
-19.222150760556506
-19.215624290359738
-19.218050679176113
-19.212229591662293
-19.230378659200454
-19.244114174477595
-19.24397532249965
-19.256234683923047
-19.25854466835762
-19.251162925494434
-19.24618901967504
-19.243134683692713
-19.252212906341654
-19.254960614357124
-19.252642767010087
-19.274653275884315
-19.283502156170588
-19.27908194571262
-19.275208549845004
-19.273001702957597
-19.2649002084413
-19.248734617758682
-19.250454694164745
-19.254651308964913
-19.261647529623325
-19.281374715691566
-19.291493410939005
-19.279350490277164
-19.298327041208026
-19.302786750920077
-19.30953098445632
-19.315385008291297
-19.31669791921671
-19.324571533668863
-19.31409356678695
-19.29819755171229
-19.29748030150621
-19.2960423555859
-19.294518270772357
-19.28920255276668
-19.297573848015517
-19.29374748580225
-19.296983459232628
-19.293021121528728
-19.285793408357957
-19.286449097118876
-19.280254234865954
-19.263878210063517
-19.268291211108636
-19.28591328035377
-19.277002348310265
-19.259550473009167
-19.256683025630043
-19.25829885252953
-19.279578319211378
-19.302102723372023
-19.29388801552028
-19.302571728159528
-19.314446890917985
-19.29689981624961
-19.265650881549014
-19.252453865996937
-19.259224398934055
-19.26377066636108
-19.25327734122474
-19.25244607669589
-19.256741233437786
-19.270353249528178
-19.280786610952447
-19.27934934201785
-19.282488682819004
-19.269893926116787
-19.249689473766598
-19.241587876305953
-19.21568398425969
-19.22619247370271
-19.22181219247389
-19.222132353130263
-19.206567001313438
-19.202706266455394
-19.216284044581084
-19.231627397965358
-19.235415113528344
-19.250305211989556
-19.244678467465455
-19.27345933603569
-19.27337934194431
-19.272724506139067
-19.28646067240052
-19.293627598708948
-19.288929173695344
-19.299667843556705
-19.312904865655163
-19.304587189448338
-19.306700451839465
-19.306544505231116
-19.30306830713775
-19.297948515304764
-19.307924694168808
-19.316156498382675
-19.325818788885893
-19.311697556655698
-19.319867071412776
-19.316976297061167
-19.301024564537958
-19.300995027766884
-19.292024668049834
-19.29488244534549
-19.29448348544661
-19.301803711289182
-19.318478524642536
-19.30331372620041
-19.319490307803903
-19.35528633382071
-19.36378140917231
-19.392268653085882
-19.410466768353928
-19.40031801910598
-19.391446656676578
-19.408017505874426
-19.406030736859222
-19.400711313852423
-19.40816109729483
-19.411982436465497
-19.418290487814804
-19.41836178678845
-19.418127380074893
-19.409067687244647
-19.415620378588173
-19.40271083873206
-19.4134809696938
-19.427101403795074
-19.421547825777452
-19.417171699741193
-19.387078500558474
-19.394152504916597
-19.402686650813326
-19.393351452608638
-19.37606619613032
-19.38387945641508
-19.384970912980823
-19.3784534443022
-19.376783552732803
-19.377773780670022
-19.38659835209465
-19.359729074264273
-19.346104388108465
-19.33169996263072
-19.329855934826803
-19.315480180289224
-19.313068871518603
-19.31680283079095
-19.30648929333689
-19.315410442504
-19.33038392109074
-19.319775672320826
-19.331568073504258
-19.330703013872128
-19.319636592795344
-19.325413177084428
-19.33118960165938
-19.330408342792886
-19.354373485172744
-19.359424301461814
-19.360065187763215
-19.36026193815935
-19.36254262204916
-19.37481166490729
-19.384396443230685
-19.373413518029125
-19.366483881052677
-19.383262931236377
-19.39973921803343
-19.380439860719274
-19.369306676110067
-19.380423155916205
-19.383058907589877
-19.38019240873872
-19.39353867220841
-19.397400852299455
-19.3876919895435
-19.392352291766155
-19.391901425287273
-19.395971625777563
-19.383649631997145
-19.37632467620077
-19.368882237742728
-19.350130488576635
-19.344210886985
-19.339131591063477
-19.343663720325775
-19.34937238575357
-19.34695672843903
-19.356072554879535
-19.37188414898617
-19.37975584695997
-19.375286181111434
-19.372006028757433
-19.363681854404824
-19.35873813731316
-19.355546865030696
-19.352026529890153
-19.33721781354718
-19.335523559834765
-19.33521031660878
-19.330320576462018
-19.324640290043394
-19.3482480465756
-19.35009992632081
-19.351374259072003
-19.347238397887285
-19.370702442113146
-19.38467434334565
-19.3785333557198
-19.37396134007629
-19.3692689909302
-19.390798598232603
-19.405292836750487
-19.411186803321304
-19.432251739785436
-19.429833563413375
-19.428184634383356
-19.415684318423256
-19.422871377124316
-19.41283204808144
-19.420767738267497
-19.434199905075207
-19.43226404745242
-19.42823428224606
-19.43400802761714
-19.42924224275431
-19.438144706534345
-19.42794962039437
-19.428050231235005
-19.418611105024276
-19.408864988042254
-19.39682606127824
-19.408532601419374
-19.403587593512015
-19.416129436876947
-19.428002260954276
-19.42814144704416
-19.423043041004046
-19.430101446588942
-19.44658507319916
-19.456321714146714
-19.449298222740122
-19.460908028838308
-19.455431200181312
-19.46654601207519
-19.45891542284668
-19.46450108676462
-19.472504857022003
-19.46939156206304
-19.47157764523891
-19.47070254726532
-19.45982823073619
-19.45920000450027
-19.45375589412173
-19.458481408257576
-19.45628726887384
-19.460602140636706
-19.459660701929796
-19.474449543283384
-19.468329870046396
-19.45485941774664
-19.449952608335334
-19.446490360309266
-19.425037489097516
-19.3999141988422
-19.41010859914263
-19.429640099361542
-19.423680911594126
-19.41657822214178
-19.429328380125927
-19.42987775122368
-19.441838547523915
-19.42309564047889
-19.41194166897968
-19.436105029114863
-19.438677673825495
-19.407333344327178
-19.409291528707847
-19.411253649182232
-19.39172981683878
-19.40836374420616
-19.39352902659297
-19.37946045386646
-19.374279240034323
-19.37406462399934
-19.377750670864764
-19.38336067582578
-19.382462861590476
-19.38682338654716
-19.390386731331102
-19.41398122619737
-19.409056290803193
-19.406934962433397
-19.40133359832972
-19.388657861058768
-19.400456144145757
-19.401254133344654
-19.407450898138304
-19.400626335926496
-19.398239807101948
-19.394890553309192
-19.38658786649809
-19.382962101742134
-19.38041709566682
-19.38877230435448
-19.37577254790033
-19.364509092210263
-19.3621666508391
-19.35057475662308
-19.33875652508628
-19.34478188519958
-19.342141823716997
-19.35009878438614
-19.356992964128242
-19.338536892418716
-19.342741755666342
-19.329754927119026
-19.337432680702396
-19.341046547843117
-19.33910405054482
-19.350316370218987
-19.35699299195574
-19.369471211922445
-19.385470653527385
-19.39168259834665
-19.394437390433037
-19.40347775043643
-19.416157465094518
-19.42007288775044
-19.43238566543427
-19.406914480305367
-19.410487722180385
-19.384078773769637
-19.374947828444007
-19.367806277854974
-19.382046824400387
-19.392380107371757
-19.37605722168178
-19.367896394232726
-19.377268309725157
-19.372776322295422
-19.36294663689505
-19.34475457394789
-19.337196076595767
-19.326851460098446
-19.31531778519122
-19.320304749491903
-19.319592832123803
-19.334436193582683
-19.32680864097157
-19.342181032312848
-19.346107615405877
-19.355025009102494
-19.349897681327953
-19.356816841644612
-19.36473199788328
-19.35941439247882
-19.352758830528447
-19.34502005455445
-19.348224146989953
-19.352478186690647
-19.353384424784412
-19.353155239681644
-19.338266508340386
-19.34003407180338
-19.336501778562642
-19.33528371062405
-19.342564087142332
-19.354160271719053
-19.35208734941386
-19.352392965882668
-19.36290582515177
-19.349841189921342
-19.35900689954343
-19.385241701094866
-19.40320186956844
-19.41851543748981
-19.432175781424558
-19.44304179094625
-19.442938710678057
-19.429926025384994
-19.426879271473876
-19.425145993690307
-19.41922326289037
-19.418731714138914
-19.40489860014148
-19.409587038492273
-19.406091968657766
-19.396319775709735
-19.38428114722496
-19.36994810553004
-19.37534752513108
-19.36314942187545
-19.36292925675461
-19.360954384756138
-19.36601990707865
-19.37805027814436
-19.381806931676568
-19.366920708234517
-19.362237070437843
-19.34934872724116
-19.349655253904107
-19.34820080421879
-19.351436764084234
-19.35385440872618
-19.358575097218516
-19.364031523082804
-19.367373527968926
-19.357640269018535
-19.339714836167882
-19.34539677730585
-19.346855992532763
-19.333436730369662
-19.325397258881
-19.315635571918882
-19.331001598737878
-19.32763766316368
-19.342832396549593
-19.3478012216251
-19.341170324917304
-19.309529414397254
-19.302985531979242
-19.29390354813998
-19.301599661178344
-19.298390359340925
-19.320951718381465
-19.314672064564224
-19.31979205143328
-19.314550392446165
-19.331917128658983
-19.344858872369826
-19.339309096157198
-19.337480321362875
-19.362084320018457
-19.36845988472882
-19.36211328424641
-19.380401331368525
-19.385179926007215
-19.395084137703535
-19.39303370156904
-19.383279226961047
-19.37165984004426
-19.371383864854437
-19.372050012317274
-19.359957136284017
-19.381605963318858
-19.392244739375055
-19.38888547194049
-19.39494721421895
-19.401912877567398
-19.394567861718333
-19.39334784250208
-19.366687952087286
-19.370712888660112
-19.369180241351405
-19.37223707881217
-19.36215728756748
-19.34953954472548
-19.34706288252632
-19.337963466428143
-19.32097488390364
-19.333088483177267
-19.32702934892777
-19.333228735121192
-19.336151203502656
-19.342897121152767
-19.351083619212268
-19.362467886800722
-19.35638620906055
-19.381235811276778
-19.37245272552315
-19.363801236504845
-19.36190520697999
-19.3701435318522
-19.377689062013882
-19.382085997575093
-19.372036835937156
-19.3531590131478
-19.350396524179178
-19.347189885584
-19.35138462213188
-19.37382239573724
-19.37345032045655
-19.352411299682775
-19.348425568084476
-19.34599976837587
-19.354636922540102
-19.351716175710493
-19.34842853020458
-19.353777232725825
-19.34546416981977
-19.32680056542823
-19.315322932280466
-19.331698619374116
-19.325403294937963
-19.3209614757504
-19.326950889959488
-19.340681323101744
-19.346238630826246
-19.33996593818942
-19.354618241569202
-19.351248792654246
-19.36046789340345
-19.346939990788954
-19.34837661492213
-19.38230051507201
-19.4097918831814
-19.40834657962011
-19.404945577685716
-19.379453877890764
-19.39097865615046
-19.38442157071921
-19.39243968795786
-19.392365256480414
-19.388269483284564
-19.377109475328535
-19.37547726801268
-19.395595781107566
-19.392293303154297
-19.412600826183635
-19.405811390795368
-19.40741438964479
-19.396517554870897
-19.393023279121305
-19.38955768325707
-19.401189931246783
-19.39837909336313
-19.40121737825953
-19.410987909145106
-19.424820694419545
-19.44296660839266
-19.453103109090257
-19.44429741135339
-19.440278324509332
-19.443257981411993
-19.446909922393903
-19.441619321446453
-19.446482600421234
-19.457597333289986
-19.462311016552885
-19.459350058022547
-19.449514968446397
-19.446218811337197
-19.436369791317276
-19.448100864696997
-19.45600534500084
-19.455529900490095
-19.465195655986047
-19.474647351663613
-19.47695990735496
-19.46696726906416
-19.46118076523677
-19.449455619632598
-19.445935291049754
-19.459879516946618
-19.47864467181743
-19.47956799235787
-19.47461975948597
-19.476474596416985
-19.463992468251757
-19.455114861186985
-19.46389316133678
-19.4736895742375
-19.460955877876753
-19.463128391816515
-19.470143523559987
-19.45537941283123
-19.446025612486526
-19.44112667677753
-19.445864643686754
-19.43978683756552
-19.444227082089316
-19.441155093607367
-19.46290724825138
-19.449683442147688
-19.46147803025345
-19.453002432060217
-19.434858025345967
-19.442073045497942
-19.445984880274185
-19.442084927490527
-19.431892004257737
-19.424518028448478
-19.43211126894536
-19.42859785874245
-19.44124571313707
-19.444115585081562
-19.468459829899746
-19.45241020445673
-19.456883595622386
-19.46439311236745
-19.462119685283923
-19.458735874445264
-19.457507555695056
-19.45575246806718
-19.44171146341246
-19.42138192644766
-19.410901939623546
-19.416122720691146
-19.423733322796643
-19.419264608869362
-19.413501549806988
-19.403657102857245
-19.371786839556098
-19.374906382633355
-19.380042946009592
-19.382547228137117
-19.38535429554447
-19.361882105167624
-19.375515772153044
-19.38304073255884
-19.388362160023807
-19.40124390888828
-19.42574763233033
-19.42355012032911
-19.42881891749713
-19.416483768014466
-19.402936149010337
-19.380239045499884
-19.35674758334694
-19.38516593964701
-19.383591140507274
-19.395957976164112
-19.376802202536922
-19.362106949086787
-19.385142432108562
-19.393006776489695
-19.387998981160507
-19.38408878112693
-19.397318797724356
-19.40778688574121
-19.4036066663512
-19.4173403162892
-19.42459062261603
-19.436151307580506
-19.437347167632513
-19.46129661855207
-19.451816141569623
-19.457981789759977
-19.4598058642394
-19.45551667771471
-19.458704586046295
-19.453832214411385
-19.45299841366198
-19.47530786127311
-19.46312460152319
-19.46328230384256
-19.462954543174668
-19.460547437872414
-19.47224904920999
-19.475748434491724
-19.483859514188456
-19.491681012251046
-19.51378986314185
-19.520336239298782
-19.526963901234357
-19.525694847266728
-19.501078571032124
-19.507664956069245
-19.495872793341057
-19.490198032052078
-19.51350283232365
-19.51160611511495
-19.508153584946864
-19.52457804849168
-19.535692784989347
-19.52352053288349
-19.518488467036054
-19.511783498107864
-19.519920362466543
-19.52564997815575
-19.513738908995105
-19.510716590810524
-19.495352433031524
-19.514513155196006
-19.51802761513845
-19.51768621749245
-19.526656192377605
-19.532186944824893
-19.536546028493596
-19.531983794953838
-19.51734344717193
-19.506623772830114
-19.508470221585483
-19.516640672831162
-19.514823880885444
-19.515980958739018
-19.529123286921422
-19.5446731470158
-19.540478730791353
-19.538786749787423
-19.549390264369983
-19.536261889882326
-19.527594180412002
-19.524440443427984
-19.51471269041547
-19.502836497413302
-19.490816718529747
-19.48655327304479
-19.501191269800206
-19.504670947455512
-19.496447999178287
-19.484907173863633
-19.46729006237003
-19.46808730443936
-19.466382805038755
-19.47885516870175
-19.479059624292326
-19.47133384161509
-19.454470441306785
-19.445834986929523
-19.441806187304504
-19.452106895334158
-19.459094805719868
-19.451887895155878
-19.45151743981244
-19.46541897023321
-19.470360420050866
-19.489339927422478
-19.472158295365812
-19.473547646008626
-19.47077634809055
-19.478456742218945
-19.481065991368535
-19.48810409038523
-19.49344609362524
-19.479103571928757
-19.48226645772699
-19.472515445837864
-19.46188063098058
-19.46576700533668
-19.459656943499205
-19.4701947775301
-19.47819327720745
-19.47095427908099
-19.465996172773938
-19.445307901830503
-19.437526437984324
-19.426769352876065
-19.444758622507223
-19.435662499932736
-19.45185896661308
-19.452941683211748
-19.446889646864626
-19.43258146147218
-19.43358077450759
-19.431218732707116
-19.434130702501253
-19.43200566404518
-19.44425468809086
-19.44442329085649
-19.43405294594478
-19.433985044522732
-19.440940488443463
-19.444148181875242
-19.435925144377226
-19.437562544397885
-19.445490041629224
-19.444311900203793
-19.430478033455724
-19.433536771479893
-19.40315667018501
-19.422057293987244
-19.4053679166866
-19.420287132119967
-19.422421612244474
-19.427370643166807
-19.423661776966384
-19.429104326124992
-19.437925468074393
-19.422911926120694
-19.39925000842965
-19.393003349536762
-19.39696519630663
-19.379586874727934
-19.382357600985124
-19.388004929032824
-19.38081441341236
-19.40458410015932
-19.40577160736805
-19.410208997125377
-19.39461350816911
-19.405496749358743
-19.41186469982118
-19.428739827654294
-19.42880838128314
-19.437236238832806
-19.435754547336042
-19.43631222532585
-19.43331424923861
-19.442137869961883
-19.437607069365498
-19.443654995562113
-19.44876837714424
-19.447461164569795
-19.458360532603834
-19.47340846581063
-19.473373032767533
-19.475832965012504
-19.488401755852315
-19.48372917993436
-19.48484463841749
-19.47357805870789
-19.474387828689395
-19.45564684500133
-19.449558267953474
-19.447677997566185
-19.423214948264082
-19.42911604543607
-19.43395641407814
-19.43431705324298
-19.42104854182937
-19.42615735884083
-19.406342441877673
-19.402482953530363
-19.397285206077896
-19.396596889075703
-19.4021043813433
-19.388814098759728
-19.39866630995503
-19.39984007938061
-19.381669870467274
-19.383117908065636
-19.38324576123444
-19.37563205543729
-19.380576243759034
-19.37945118807624
-19.39241164347103
-19.398998081020487
-19.385826616099003
-19.388152473928013
-19.402826420612772
-19.404831341418678
-19.416999021886507
-19.431109887699673
-19.43159921896186
-19.44396754636684
-19.43658349202761
-19.408755748154405
-19.39832811768046
-19.40679130869542
-19.41028348265728
-19.403537315667567
-19.400098519543597
-19.397076507299467
-19.404477319853026
-19.404988570019754
-19.404649820671896
-19.395656104557904
-19.420232395917793
-19.395627551143132
-19.39149276335921
-19.393631757835614
-19.38405235209617
-19.391710144241078
-19.40187028403991
-19.4188825261362
-19.406136949175522
-19.39686298079509
-19.38789057887321
-19.39361660037962
-19.39262690711998
-19.4160667527937
-19.404428031362496
-19.424853868057067
-19.440399588746534
-19.444553273873957
-19.433237385026256
-19.44297067821308
-19.444110497634995
-19.433628711810414
-19.46406601771546
-19.465861614132905
-19.44948405927941
-19.44368372590846
-19.460565466174657
-19.45248904910886
-19.4681576017069
-19.457300085222755
-19.46556461410184
-19.47037766767682
-19.46244962269559
-19.460241069625102
-19.475576800920777
-19.48008452733681
-19.49036987176431
-19.478538309028384
-19.46733080995986
-19.471346876007892
-19.47815251621081
-19.47728917205977
-19.458981817959007
-19.484454264025896
-19.488715841540554
-19.480929837673852
-19.473525727959284
-19.445563040318678
-19.465782592587004
-19.470038289135314
-19.45789758924675
-19.456416539999104
-19.477749763153906
-19.48643929009412
-19.509692798039644
-19.49627307599906
-19.48621759624496
-19.495856977019013
-19.486653273761664
-19.502484339301024
-19.5172913113609
-19.52601702456348
-19.53477710671989
-19.541318472048616
-19.535030630943254
-19.526021195281082
-19.52216813058604
-19.53939052114192
-19.54503724165933
-19.555628547863893
-19.552085441071316
-19.55927554264782
-19.55089535943021
-19.540807278194066
-19.54634423422106
-19.541133158192018
-19.54014284058525
-19.53441965107449
-19.531106393277362
-19.51658220936634
-19.490620719200905
-19.493302343693326
-19.504471061899018
-19.506589203550597
-19.525081060751553
-19.532720621180747
-19.529590416872555
-19.523576093532416
-19.52891478025259
-19.524320966829364
-19.521826958635813
-19.512208348557632
-19.513621219118534
-19.49984311972632
-19.501431706326187
-19.503399011796652
-19.49087289722881
-19.494519965235803
-19.4858463694016
-19.51272451826171
-19.523102536407556
-19.53753493360182
-19.5355964739314
-19.540945651227148
-19.537654703935786
-19.560917306798782
-19.56233700997945
-19.562029728695848
-19.55311838491749
-19.537109159914525
-19.537674444189456
-19.532973935653487
-19.530693899429455
-19.527778988638953
-19.54907801898578
-19.547492985432342
-19.537117954384843
-19.530506599971957
-19.545179823341762
-19.553475431210902
-19.556831967603475
-19.55427321290213
-19.559779424797043
-19.568431648480132
-19.574143275961926
-19.598892373666136
-19.58538767931953
-19.58486798281135
-19.577341238556524
-19.583651969199906
-19.59332359564497
-19.603607732358658
-19.58526993161139
-19.58004640417639
-19.57418629871016
-19.58825590082493
-19.573583447850446
-19.57240214383593
-19.579490203510993
-19.58437880123884
