-19.583900328019578
-19.519449515606347
-19.54264913229549
-19.505495009728072
-19.487420358227148
-19.530737712837468
-19.535824453435527
-19.52813853682442
-19.50296699170526
-19.525855838633053
-19.542624953604925
-19.49089248976077
-19.538129673628273
-19.517639621151105
-19.532704558549206
-19.501160008775113
-19.50500186901363
-19.491447697759007
-19.545922220574454
-19.566299544362206
-19.496965987608394
-19.530795893213078
-19.5172147214224
-19.50977279112596
-19.489844619680994
-19.50808093071671
-19.472035537069385
-19.503641607847598
-19.524533264156418
-19.502616738541104
-19.493438541600867
-19.49443380225111
-19.52009647173184
-19.503511033879384
-19.52286898294861
-19.49022787886822
-19.469761637113727
-19.45355219060847
-19.497158317234547
-19.475101730787458
-19.520972685702443
-19.478834140831708
-19.528599689611163
-19.51429043331652
-19.535370135798406
-19.49773806429096
-19.51104945149788
-19.5355206703997
-19.508649697969442
-19.509093505142552
-19.54924477005358
-19.4938156047036
-19.502887722302894
-19.498657276781348
-19.523301360712285
-19.484724031644514
-19.505470632553745
-19.49640157362881
-19.511404429023514
-19.506532218416325
-19.46794920981014
-19.52479962445278
-19.510615266047065
-19.507979909480802
-19.549289458989286
-19.536005661951208
-19.56483385304874
-19.535202892137573
-19.557088533880453
-19.530316312301338
-19.483257699761946
-19.4893879550252
-19.4866875667009
-19.484684809908273
-19.497273219863995
-19.53507624023639
-19.48507128510634
-19.484949422084338
-19.443622845244963
-19.495682573643155
-19.510590447265898
-19.474020709606858
-19.522807846403136
-19.48193486309584
-19.49614989886096
-19.501241090970822
-19.512419876818186
-19.521384680228984
-19.5274372345729
-19.495675512599536
-19.534293167747244
-19.506839644509615
-19.550944941125827
-19.539743438335275
-19.538846849515654
-19.518895054982828
-19.537719636411733
-19.519418906538426
-19.51526971843684
-19.51921596046958
-19.47997622459071
