-19.570650711784758
-19.55695230149244
-19.55625341803059
-19.55284324890626
-19.558046407696892
-19.542768880482022
-19.54891313945958
-19.550043169714712
-19.53781733665938
-19.539195825167944
-19.527047805934068
-19.51893096716872
-19.502203720814144
-19.511787897526826
-19.50493184888427
-19.524875467136972
-19.50821531653774
-19.50545784083643
-19.495369748329797
-19.474902591535542
-19.480828768079093
-19.484926662180907
-19.497837144357185
-19.45920007864888
-19.445956449522026
-19.44932859206191
-19.460715066260583
-19.45219341782259
-19.435491351533997
-19.44405942190629
-19.450265747367457
-19.421173797877014
-19.413508951283074
-19.441678107732205
-19.460207539936704
-19.437644527228542
-19.435164668181148
-19.43432344656994
-19.46110622288725
-19.43731641892231
-19.467297820101297
-19.487130065629135
-19.49518661471268
-19.48512724940884
-19.466790781955726
-19.452665051302933
-19.46303573947684
-19.456222635122273
-19.42724187199283
-19.431081636138714
-19.415215478454208
-19.417003535292814
-19.390657267455417
-19.38405222520169
-19.39567264476432
-19.401894797985335
-19.40823451799001
-19.365624270341346
-19.360624241810623
-19.36210664763185
-19.36732174411465
-19.366831437102455
-19.361550663463472
-19.34441714575293
-19.36481480380375
-19.37096256031902
-19.358114376138495
-19.358840494086415
-19.378272123049403
-19.372442798674374
-19.390625096559486
-19.38805603103005
-19.38769285532533
-19.389234491484956
-19.361206960895142
-19.3486189992925
-19.380085319308385
-19.377779832552342
-19.389157755784627
-19.384739590219286
-19.384489722695587
-19.37586822643658
-19.393524677341357
-19.395311580384973
-19.40151911951802
-19.40310193885832
-19.40664421569642
-19.411482064354434
-19.429525960272006
-19.420760708126796
-19.416352029641924
-19.409011047642
-19.412141847356676
-19.40251268113757
-19.390018353242766
-19.418440806631295
-19.411966571752163
-19.403288855013372
-19.405803071221598
-19.434017304578603
-19.427981784919837
-19.414873643964402
-19.41267091000612
-19.400011257797384
-19.426061784423283
-19.421882028941113
-19.445794092478806
-19.4489980103536
-19.451647080158324
-19.459456887588814
-19.422774398142614
-19.425852894830037
-19.43229134665783
-19.426975895176714
-19.44764775086982
-19.44010992061946
-19.418216459382094
-19.43987011404216
-19.43651203755859
-19.429337784937392
-19.4130080615772
-19.435960723477404
-19.426037354102224
-19.437629963067398
-19.428373802815585
-19.432682226135768
-19.416609849833506
-19.44787613330637
-19.471302679593798
-19.461772201862512
-19.439389179137162
-19.441721148270915
-19.437454677584135
-19.430393404968793
-19.439307376548836
-19.449165274671163
-19.46509829325933
-19.480918206421336
-19.46178651465424
-19.458119661930496
-19.463415126606304
-19.449914163118148
-19.42592038531432
-19.44952353220454
-19.463844072052595
-19.46851340148636
-19.457303504651836
-19.433422611313393
-19.454054700995826
-19.4264965621446
-19.40502316318566
-19.40434137357931
-19.403988878585906
-19.43494326850879
-19.432288651397368
-19.433584012591407
-19.41799648089762
-19.396167390727367
-19.37653066243318
-19.40197160578326
-19.393941551828394
-19.40659774130934
-19.412667277237453
-19.3833311162957
-19.37008184824329
-19.397082726021825
-19.38310746507997
-19.381351132062825
-19.39396066468955
-19.414263725822625
-19.38476862793371
-19.396215613866353
-19.40365864972704
-19.3976519868819
-19.429135800837482
-19.438032909815266
-19.45528729234176
-19.452718553479926
-19.411364602879335
-19.432862710156865
-19.451580254464485
-19.44066558902437
-19.470728548527546
-19.49568048288573
-19.485854702160857
-19.515813821572443
-19.497379181524057
-19.500327026607856
-19.531050247134715
-19.511012799222243
-19.509080850296666
-19.52413816902762
-19.490874959511455
-19.49566852987509
-19.513604796828936
-19.49317125166233
-19.50695667196273
-19.514670538851828
-19.523942118090638
-19.537007911520693
-19.522324260821822
-19.52378285439583
-19.50874862229718
-19.502803751423766
-19.485435896819983
-19.476810601635506
-19.479966573185717
-19.44886083483756
-19.44228057500823
-19.43795120676844
-19.453452495345804
-19.441945234236663
-19.472031062767208
-19.45377513765217
-19.468094974320955
-19.466532436092933
-19.47795086598755
-19.47872244502286
-19.472385385627767
-19.47244602870924
-19.463862406589406
-19.43529657340297
-19.45269626475273
-19.452778826389245
-19.443185048176844
-19.46476639395429
-19.485084083388536
-19.484338038928136
-19.49615581599596
-19.468242309321063
-19.46116220864412
-19.483467735909784
-19.48576306350182
-19.461450431635942
-19.478247217752923
-19.459352244580124
-19.45996609527923
-19.453944384389487
-19.457055677742638
-19.44191443999955
-19.466952998779714
-19.474493540291164
-19.462236757989164
-19.446817569505896
-19.459489521429415
-19.464834694514366
-19.445354881790408
-19.47312832749967
-19.481203577779226
-19.457681374199396
-19.408673903636853
-19.417331601233872
-19.44345461789766
-19.443947385232235
-19.42953083065995
-19.441243169102375
-19.4045877535663
-19.421773498372254
-19.418385539611545
-19.401333405140726
-19.391394920778687
-19.393734838736105
-19.4203377199657
-19.390356086901487
-19.385896562693276
-19.349878432509144
-19.411283771799102
-19.413634121880232
-19.41271286266811
-19.406951908091017
-19.389585699772834
-19.40512032205943
-19.405404189831938
-19.41407662664855
-19.402869557489932
-19.39791793084322
-19.373494988832054
-19.389350398652862
-19.398715667993926
-19.420289889455038
-19.431957167901366
-19.45039170345541
-19.442734913157203
-19.452711739377353
-19.451305449879936
-19.458548855275488
-19.48006130187073
-19.45655454812091
-19.454725587204663
-19.458238789855255
-19.467062910986066
-19.46899381316918
-19.460986982976873
-19.450336081228137
-19.445738178553693
-19.40787104060685
-19.430206346137982
-19.42905265184139
-19.437488248607554
-19.45761287854648
-19.434097867479423
-19.424763340412433
-19.412288283980068
-19.39513789366301
-19.391391886916615
-19.384683533021697
-19.389198658633067
-19.433794463534632
-19.406919275169034
-19.431477070040494
-19.42667926669295
-19.42023443988826
-19.411855217925293
-19.425864950932226
-19.419437351676624
-19.44390135538339
-19.4371953376406
-19.435467704184187
-19.43515454734424
-19.42678983219494
-19.41363187175341
-19.41953029910199
-19.41483571625702
-19.42836738686638
-19.418531072119922
-19.401519691611032
-19.38362393938359
-19.359885117030988
-19.365689497020963
-19.364790752975246
-19.34510997280049
-19.357299104429043
-19.357907209909598
-19.336410304258955
-19.333950199340656
-19.344756729508692
-19.334302229308594
-19.3218829687733
-19.304800539075952
-19.30612472480229
-19.284683226377727
-19.311417147355925
-19.319846485341255
-19.300029810318204
-19.299498071790765
-19.32142415688505
-19.33182045182154
-19.29787391283027
-19.302003608619895
-19.30028626753314
-19.283914002213162
-19.295003943931373
-19.298192542336494
-19.3206792201539
-19.313875159539517
-19.32169381677236
-19.333520598956536
-19.34321395500444
-19.331737929974206
-19.33116909607761
-19.32718472654312
-19.31873622978706
-19.323300926441068
-19.327253197526357
-19.35280197602164
-19.34266931609696
-19.354002237472784
-19.351990100159117
-19.375261585903395
-19.393441864953186
-19.377603099560467
-19.361277401344474
-19.37227558475099
-19.378621407839187
-19.373797442152885
-19.383790458781778
-19.37539218214922
-19.377626516010206
-19.41911633183095
-19.4205736769599
-19.40875897632113
-19.43151967431862
-19.45658581593634
-19.447355587581495
-19.432784393021645
-19.44665190056579
-19.431356426236654
-19.402384160558835
-19.39048436414188
-19.385090047667937
-19.402812298373973
-19.392242428538335
-19.38699039285768
-19.42655620983321
-19.427319304395493
-19.444359917452868
-19.427298273547734
-19.42073965014789
-19.40294657241417
-19.383061356341663
-19.375440897915045
-19.367082780767486
-19.372797473396385
-19.368496103071173
-19.380921689414773
-19.37552725505396
-19.375615244882127
-19.385943422708582
-19.40247857627043
-19.411703066128148
-19.381125925990364
-19.376788891060002
-19.381292811394314
-19.375543198563342
-19.3577385119647
-19.397391155648933
-19.385317748781052
-19.39224487994455
-19.369818529010136
-19.37724792549269
-19.35546986641209
-19.376789277334638
-19.406590318147064
-19.40345241087527
-19.43000477218779
-19.418058884580574
-19.391108594979094
-19.388427669707035
-19.39718907460287
-19.402263565646265
-19.426016344684033
-19.398348922329085
-19.386450400218397
-19.35733695286692
-19.36017656859623
-19.366468119612012
-19.34822987396731
-19.343745668963205
-19.342932680856038
-19.36245303598223
-19.3829652356232
-19.371292748750786
-19.36731693270065
-19.380078149667995
-19.38840285734683
-19.415580932940795
-19.415598355223278
-19.437608063039793
-19.45620765575383
-19.45945601726765
-19.468736523457117
-19.458353975239678
-19.43898636488309
-19.42324638611891
-19.424097432999734
-19.431405324101725
-19.427709028425305
-19.41069213564513
-19.387502001181623
-19.42236206183856
-19.424694931955337
-19.4187732101701
-19.405621527227485
-19.39246379472842
-19.34952299841084
-19.380769653384075
-19.392153065563708
-19.389874800751535
-19.36142483915376
-19.37185783514636
-19.383126537812057
-19.379641076272552
-19.37793004002916
-19.3832495000675
-19.382915692081284
-19.35898003645988
-19.39946272275663
-19.402297962216036
-19.383975301864886
-19.373593957277564
-19.39398174710364
-19.389568209982563
-19.389052642126284
-19.40461692496165
-19.392553380558304
-19.392149419062523
-19.39758198458297
-19.395541187458537
-19.387608440651256
-19.402419250828743
-19.42958310601915
-19.39559733663885
-19.39382658210835
-19.39304758309122
-19.402644743114607
-19.434186643036288
-19.42374055827345
-19.43360992668637
-19.438947292420643
-19.42221081926537
-19.435557796935
-19.42958445036312
-19.427878954474515
-19.40408778076236
-19.395293097447787
-19.381286580419527
-19.369810088775644
-19.35251769080491
-19.365485029858334
-19.357313843324018
-19.37302750067773
-19.380582976830098
-19.401472983867777
-19.36882352561335
-19.355529443946793
-19.359466189411258
-19.363774726622893
-19.36490945082232
-19.3788614508731
-19.37810566719609
-19.346090053900223
-19.35229768857493
-19.37698541655397
-19.380313956077206
-19.37096839993429
-19.38289888746934
-19.385264773234386
-19.380185121361844
-19.372786795950958
-19.397163231868706
-19.38661756893423
-19.409525729058682
-19.403281984340328
-19.41238828216979
-19.44272212811635
-19.4425994925547
-19.47901462904885
-19.485341808656184
-19.481865135608647
-19.479309252217746
-19.482977646496778
-19.474387860134048
-19.48372315964629
-19.480436016789255
-19.451418817862645
-19.439789841364362
-19.467914814855092
-19.493210284981615
-19.506951483403874
-19.496924852622538
-19.481082479580394
-19.479953468163252
-19.48057686077375
-19.492398534984673
-19.49129530290925
-19.499772720676656
-19.482309200017507
-19.464969854395587
-19.504880797425702
-19.50422434084599
-19.50650709012735
-19.49977082391167
-19.524533459991943
-19.530515333070355
-19.52700411198414
-19.50323356832128
-19.493299491923764
-19.466237107163902
-19.479993576650767
-19.462567737955293
-19.479980461132346
-19.505294780717133
-19.493379734353912
-19.479075775111493
-19.481855157628114
-19.47708792282115
-19.469290985353435
-19.469514748914744
-19.488844761776985
-19.47064425866871
-19.483782899925405
-19.478138339226064
-19.45657099948708
-19.437260845530364
-19.43454019951206
-19.431109123386722
-19.443200520238683
-19.423251592474404
-19.388468400847167
-19.400000323554167
-19.390300855040635
-19.367965473807033
-19.377910316411135
-19.371645041231638
-19.348164244286437
-19.333934657473172
-19.363371393416404
-19.364723946483963
-19.32323654744491
-19.33323914527398
-19.344644993331535
-19.327918066975617
-19.37407946544302
-19.38990894562863
-19.379744794752416
-19.36982804587812
-19.345401303226865
-19.31628234982004
-19.301353999712582
-19.29183679049868
-19.330712529427338
-19.328020763754925
-19.330063880851142
-19.330377681734653
-19.295054042857704
-19.32050752876761
-19.291672791882625
-19.270425992599396
-19.28266245310249
-19.292890041612242
-19.315939941987846
-19.28833308283318
-19.28973150523601
-19.273459431227163
-19.249095091074846
-19.260491524577485
-19.262872400420243
-19.272128775114744
-19.289174305384687
-19.269228334201557
-19.302041319330407
-19.28931914196968
-19.296087151012067
-19.314694061957994
-19.299190527649156
-19.307099949769768
-19.285685273365317
-19.298968740978932
-19.30739301927823
-19.323679370959066
-19.320856904442905
-19.334684224335323
-19.33405370734303
-19.329061380866357
-19.34483045085834
-19.33001889432154
-19.342551935993498
-19.341244947376957
-19.328419850304183
-19.322886265777143
-19.32832216210233
-19.317360604653768
-19.329784253869125
-19.31258081994672
-19.31824287711233
-19.315645762851986
-19.334323478330383
-19.33672292187432
-19.34648142439343
-19.337104002387562
-19.342731751489673
-19.374906160000098
-19.35657271195007
-19.368460265405382
-19.391539164507815
-19.40231473723119
-19.392545313416704
-19.38187902382875
-19.38235001037575
-19.388583086595908
-19.413490635912343
-19.400975615060457
-19.39901179291423
-19.396737848211238
-19.421726420639022
-19.419222797317612
-19.38254586526436
-19.37068285159872
-19.37013678799745
-19.36614056993712
-19.381738280316114
-19.389976023527414
-19.373350507073564
-19.389582315939858
-19.39670222491233
-19.398716274456795
-19.383170680084866
-19.361512520576017
-19.349198833821045
-19.373927191157307
-19.380436220015422
-19.346822512215542
-19.351516180828618
-19.367087288544802
-19.34185318548579
-19.35018701600376
-19.362173217920112
-19.382641176667622
-19.36829988198956
-19.403142723966436
-19.416874876542995
-19.385610386767798
-19.396931606990552
-19.389187730951086
-19.420466668540456
-19.396187384485707
-19.377202306345772
-19.354886575744906
-19.335148117857315
-19.31650879735154
-19.316113534770523
-19.33083561549771
-19.33952672585464
-19.34258306562623
-19.335021141698473
-19.329359239275256
-19.304522994802095
-19.301975085430243
-19.326464909844745
-19.35575115019526
-19.35354191803952
-19.365263375785155
-19.36230234298419
-19.34800918994006
-19.37168054024892
-19.387186365384814
-19.402204261885704
-19.39077177291456
-19.36615039900773
-19.375184315197952
-19.370221191031938
-19.361312627142606
-19.38542666741151
-19.361373722506613
-19.348826629500156
-19.374107962394447
-19.37674258776516
-19.389991692274066
-19.414067103963376
-19.415931143555117
-19.4157011777197
-19.4165538355723
-19.410235484039074
-19.403949710725612
-19.4029031604755
-19.373963189907887
-19.37650171314104
-19.390480385583405
-19.43335510673346
-19.422718708814827
-19.382370867767616
-19.34514281169635
-19.345124671336915
-19.32500685902403
-19.30862889915573
-19.34422389946893
-19.347016765189874
-19.33876008920429
-19.343610292961085
-19.37592795429942
-19.363374195675604
-19.38315359318405
-19.39168671189782
-19.394633852294817
-19.41320210084641
-19.443612316683847
-19.429003431631042
-19.44244835333952
-19.433377017829898
-19.43457813449681
-19.448793329028717
-19.446098373454934
-19.439125705633696
-19.46089723753356
-19.496773212344515
-19.467230671411084
-19.441986630212842
-19.43998935733651
-19.45761233223539
-19.447447240075427
-19.409852012541357
-19.403280942024146
-19.405240519555036
-19.425722028655567
-19.43780761470381
-19.422535765878255
-19.412883222653186
-19.40613652443902
-19.41557950115188
-19.431880250895485
-19.44410100811457
-19.42531871854338
-19.457736791064118
-19.43975202877555
-19.433875028315338
-19.414862253969318
-19.427767698514202
-19.426748565154966
-19.443412146985136
-19.473903218899938
-19.48917361205407
-19.462695358632043
-19.455910328516158
-19.46812498192767
-19.44528015210941
-19.42827716435124
-19.423393922235242
-19.44188619543589
-19.455391317209052
-19.44835340795702
-19.45343244251926
-19.45213811700084
-19.44938829385848
-19.44896957398597
-19.451760626867458
-19.436588549987277
-19.45427029469973
-19.451758751555474
-19.438637190469752
-19.447220155884203
-19.427874420996208
-19.429217129529857
-19.430100435528033
-19.428604465113423
-19.45349583766543
-19.44679892608499
-19.47756702982405
-19.482691723117647
-19.47474274737145
-19.459261742616984
-19.465637441988534
-19.46250764684839
-19.485157552325887
-19.472241600458823
-19.453680204636004
-19.463670837696114
-19.458676065031796
-19.45370604993707
-19.452588301586857
-19.46084611122373
-19.46182316489344
-19.477365349225817
-19.447647882809875
-19.476382183133207
-19.489547785141554
-19.49742656504443
-19.48781180743346
-19.483759476777255
-19.466153642242283
-19.441037987886943
-19.435194279405707
-19.445065300724327
-19.461895490534957
-19.454979708536307
-19.446076367454204
-19.444577759881838
-19.44930980831976
-19.401119968572463
-19.434916726039926
-19.44454885831035
-19.432385610706124
-19.43694109314845
-19.429850120896536
-19.418315865398398
-19.43139694602884
-19.421584946317655
-19.424568532322823
-19.430279567734395
-19.45232245340455
-19.451076724672877
-19.482889191976255
-19.458534063814763
-19.454000170105548
-19.468133121568776
-19.463249547639435
-19.459846117004655
-19.435103555634623
-19.429601950200837
-19.424737279989134
-19.422699124021534
-19.40486340836108
-19.406847459843004
-19.39584986824821
-19.412018986187178
-19.408709266332526
-19.41101541208793
-19.38743739267839
-19.392409547631775
-19.378194569393962
-19.373626906080343
-19.339028644156176
-19.366710584908184
-19.366550907947616
-19.37412784716232
-19.381847046181633
-19.388272111360244
-19.37136753500941
-19.350422433359395
-19.370836820029723
-19.381345160017283
-19.382685359090118
-19.392633173504912
-19.40315341701798
-19.400106167115762
-19.40571546617039
-19.394117619937703
-19.39430465058054
-19.382644211620665
-19.391092028683317
-19.394875828731337
-19.370061214475946
-19.377747986380367
-19.369665540570374
-19.376920285870906
-19.371550951060478
-19.377491935202364
-19.3698371517316
-19.374908923252043
-19.359358816329205
-19.35402020357848
-19.339938287725243
-19.357451302307798
-19.363332143552675
-19.362456407222723
-19.34920617104103
-19.33941794512567
-19.386139994713883
-19.37545792832407
-19.36985060801508
-19.37479766807667
-19.382394124936145
-19.389469439319143
-19.38395858575646
-19.361265470419966
-19.369895801392325
-19.39153719832657
-19.3975292857068
-19.39461950087409
-19.408887111580434
-19.39221668423643
-19.382157741696275
-19.37360318844518
-19.37024813807069
-19.389252382672954
-19.405591130988554
-19.377174134743253
-19.397195139595734
-19.419227245164517
-19.42274412689873
-19.417705527432954
-19.412293078258397
-19.404042064956254
-19.400380376561852
-19.403430077644863
-19.423203191441367
-19.394407829420143
-19.382176749063905
-19.364372666443806
-19.36116649220865
-19.339908762041446
-19.352054928818166
-19.36032245815533
-19.343614022595673
-19.34124335424034
-19.348220119851522
-19.333646843191065
-19.31101433060353
-19.350548313980266
-19.37463981060732
-19.379621185867244
-19.37970354964424
-19.393771239853763
-19.403693230200073
-19.38672968962455
-19.407169962178862
-19.386922371459633
-19.376647240283678
-19.388567385734905
-19.388558793282957
-19.395758166381658
-19.406464837372898
-19.408726113711833
-19.390329315891677
-19.388780075572882
-19.387887025964428
-19.38767568575729
-19.364974005045863
-19.382047385634454
-19.385298878611632
-19.400200224497176
-19.4115196091096
-19.402391414066315
-19.40121590369938
-19.414929105027316
-19.396207637411987
-19.408150878408627
-19.418742542939206
-19.420860831643378
-19.43677235102498
-19.448455826981355
-19.439441920060826
