-19.441187786634018
-19.418714417553165
-19.430205055910545
-19.417428247480238
-19.430418757111067
-19.428505054456974
-19.43437694969599
-19.42082890905196
-19.411384090714247
-19.442409222768305
-19.45954409455312
-19.472452046359898
-19.474913467521187
-19.42781378976789
-19.452069599725043
-19.43556285570088
-19.438955820477894
-19.449932881991103
-19.4279032090753
-19.45362735031245
-19.44708688898195
-19.449256652454615
-19.459543743659065
-19.441100351676173
-19.42903343177787
-19.44001861348596
-19.46349716421908
-19.43549913069706
-19.44940638536404
-19.445715950493593
-19.4370201418936
-19.441201390248363
-19.44540233686206
-19.447616202981614
-19.459143234288433
-19.47244825568254
-19.46877652921737
-19.49362289391295
-19.446491077189883
-19.438889311980034
-19.461376609152985
-19.47523067425756
-19.465993584716212
-19.442704197396484
-19.3999457539563
-19.419441191191556
-19.43869252817043
-19.445364059857166
-19.43850265774022
-19.443688665750823
-19.41625555301218
-19.407078482157495
-19.415800144600595
-19.38191923601993
-19.392575684973853
-19.392783712210882
-19.382138163099786
-19.380666678391627
-19.39714261930154
-19.424846682792968
-19.37923754350619
-19.38134032168619
-19.371918243353793
-19.371701504379107
-19.386107323278843
-19.40682895556753
-19.424037747982347
-19.42374439558026
-19.444788467802923
-19.471278799135646
-19.45954319140325
-19.452520326851587
-19.43566167911124
-19.446306951561663
-19.4412113433143
-19.43455827731219
-19.46060610781844
-19.453930134303345
-19.42498069419619
-19.452711842710837
-19.46977879743861
-19.430474843345017
-19.424823664417556
-19.403222131875616
-19.38128026191181
-19.404296353319108
-19.408611188925885
-19.42145952227438
-19.39919668415583
-19.404139606453665
-19.401162695223263
-19.407426549369777
-19.412670963207727
-19.426127912436286
-19.467411595311358
-19.46015254759898
-19.436765111136374
-19.409661503517405
-19.416929165656295
-19.42131091485694
-19.425347691768998
-19.404328014773313
-19.408015294837266
-19.423685159175463
-19.42604097328233
-19.43183186737691
-19.437266345470636
-19.44181285096401
-19.428128882728334
-19.413701563559126
-19.393814885324108
-19.41842479391818
-19.431311336394494
-19.428259492209737
-19.432323681030766
-19.443447146534734
-19.484793276485757
-19.477655091171062
-19.48308767793316
-19.490172473232185
-19.514808113045305
-19.503609258874
-19.51994466570394
-19.515268062113154
-19.515882940797667
-19.47773469572081
-19.453171065288746
-19.43792087299488
-19.40894411110104
-19.41860769329714
-19.40211829894431
-19.413794695970452
-19.428816335747594
-19.412935822567608
-19.428696873009056
-19.445739486802218
-19.45703298046738
-19.43873390179059
-19.43665894467141
-19.43400072985102
-19.448974511737042
-19.432550094400817
-19.42800251789487
-19.420764967167838
-19.4075780471814
-19.38537003008616
-19.369139017095158
-19.39416243697593
-19.39501350775796
-19.423912461790884
-19.443354969579463
-19.438386424243625
-19.43219447927033
-19.427429540239345
-19.422734322099075
-19.41866811239508
-19.410711540206652
-19.415558778897832
-19.431067052484128
-19.450187824773664
-19.44245782880304
-19.418913837488663
-19.42987263096702
-19.405777307387034
-19.409008910822724
-19.428674023870073
-19.419217350853526
-19.420246571867402
-19.4202436180562
-19.400705982313394
-19.401342896337074
-19.41129516734297
-19.402838534428838
-19.410007709521725
-19.411268209328643
-19.421039128351484
-19.42742997234536
-19.400702611586
-19.394558110428388
-19.390779145191136
-19.414808253173426
-19.439350410777333
-19.411637659158025
-19.397108617550185
-19.386187777597645
-19.40013481348648
-19.38832670695504
-19.381454408996493
-19.375838189056253
-19.37445225739164
-19.374869632307938
-19.386607007417204
-19.383126247533596
-19.401749868932768
-19.384638929066877
-19.394512444804718
-19.40541149615356
-19.382996776186445
-19.37672320015267
-19.39904549999877
-19.40772279995325
-19.378351316789942
-19.383823180398014
-19.394978807383573
-19.387235602438228
-19.372847824986025
-19.359237172685678
-19.36726194800915
-19.36438844191852
-19.36717436427428
-19.384676354059657
-19.386262367968857
-19.409406135887707
-19.410360948849373
-19.40781318494462
-19.41122742648076
-19.419791460099642
-19.428799862565864
-19.427463051709932
-19.424331643307088
-19.401574143946704
-19.404427283684377
-19.403154911604357
-19.396812620689232
-19.368694772642396
-19.35060859854583
-19.3412885868491
-19.33283590537768
-19.3408070253352
-19.346066457374775
-19.370699014181508
-19.39335345402027
-19.4038699405653
-19.39662530548966
-19.40423919004451
-19.40134042175204
-19.395335476005542
-19.38159595800832
-19.367318345114537
-19.368624959893737
-19.393215656678077
-19.40306010519612
-19.38617239950614
-19.358239535999896
-19.37347739093834
-19.373578634949617
-19.359365771313374
-19.37777036763573
-19.351553171428435
-19.335558997613315
-19.3569476071148
-19.372309713548855
-19.37140409985025
-19.374909880181992
-19.35036433631003
-19.3374286356755
-19.3560909336741
-19.365408877198103
-19.33545064093282
-19.350957642555304
-19.330475704581307
-19.331775136036978
-19.3248375461044
-19.30464675490439
-19.31538765040323
-19.321826481127193
-19.32032880825122
-19.326259390865985
-19.349866857942537
-19.32880829737925
-19.330221152270852
-19.33253549316694
-19.3421134013928
-19.34618506422156
-19.376524812458396
-19.394724782180443
-19.397002698767164
-19.33820164236036
-19.34900651522217
-19.393552206090458
-19.394693636511672
-19.37585743188301
-19.369743514563574
-19.359127308933783
-19.34450435224798
-19.3468615997125
-19.34292898207255
-19.31938297710875
-19.32305327765067
-19.333225892313564
-19.319176416394356
-19.3370676062282
-19.359019283201174
-19.369462970721546
-19.351755206752344
-19.34647970772168
-19.37523677554469
-19.388101855721487
-19.392782099108796
-19.408776477894428
-19.391397836411436
-19.34362642335423
-19.333225668726502
-19.342458895584727
-19.31690338013132
-19.29319391037679
-19.28540012736945
-19.333577998908364
-19.366777973242673
-19.35635915611076
-19.3827300113803
-19.361382074692187
-19.373825006176197
-19.411474860347337
-19.381294353657694
-19.35847437977507
-19.362514090940355
-19.333702751849813
-19.344984770368345
-19.32408947356997
-19.317882478598875
-19.338201183348293
-19.363250076816556
-19.356214488511792
-19.379455307433098
-19.354909431750478
-19.37294388413664
-19.380261383921486
-19.39700168177408
-19.426099438696987
-19.45637828201327
-19.442855785775308
-19.40797159112167
-19.432797795439132
-19.414149923199844
-19.419121443943908
-19.438183792201084
-19.45055651753646
-19.47000011895539
-19.464380514062203
-19.426184774803428
-19.4174231456741
-19.43116356376727
-19.46239990184893
-19.456626216318625
-19.482829034366773
-19.47247888570535
-19.479591221860268
-19.485002281016524
-19.472164076807978
-19.472254161776032
-19.47188996066035
-19.467011555698893
-19.48771113637377
-19.523912706870735
-19.506992955104586
-19.497392261229265
-19.50480252419333
-19.481435544318437
-19.480993492776122
-19.472158119057692
-19.468054563571858
-19.478272467042895
-19.465363765696527
-19.478390073683435
-19.48739473396876
-19.50816234540535
-19.522197948299507
-19.544996316493734
-19.550127786432665
-19.539296774123617
-19.51415847029635
-19.50571657032303
-19.517823832086112
-19.533329988073767
-19.560013237796237
-19.56198743761999
-19.574152715892875
-19.58602114273076
-19.582883804171914
-19.5704754582976
-19.55507216605696
-19.540951638049567
-19.529355979471706
-19.519137431834245
-19.501418899282772
-19.502347084246715
-19.49655252700876
-19.524924471223216
-19.540115443233862
-19.51452138275278
-19.504779059603017
-19.508308455476136
-19.480895315485455
-19.490902769872495
-19.486106057635105
-19.499915970767137
-19.47490371974126
-19.479696142620636
-19.4390590861401
-19.45901608166711
-19.46252090906634
-19.494825001716755
-19.464540111558055
-19.472806734447268
-19.47095374118895
-19.490263035397483
-19.467723576166538
-19.452274228732975
-19.42484737188157
-19.432606408467137
-19.483234693265427
-19.491939725196758
-19.510319168800233
-19.516728375377156
-19.4948002180476
-19.510577323361982
-19.514615533709666
-19.509118595670103
-19.510022267083958
-19.51004019355583
-19.5127558800864
-19.49727734351367
-19.47226222028994
-19.44950015880497
-19.455990903562434
-19.463119248595632
-19.428697091554
-19.440111355657024
-19.442135942067882
-19.43305389781624
-19.442600013600163
-19.424091307588366
-19.442899062873934
-19.443073509618458
-19.453022477511457
-19.44413272144948
-19.43214197109105
-19.46136794140292
-19.412411969276754
-19.38878170704249
-19.38058432446308
-19.407201068146858
-19.385038146780648
-19.393969949110524
-19.42288171712159
-19.43083147295334
-19.419491933896122
-19.408970960491555
-19.39260834603442
-19.3836089497388
-19.379557064534872
-19.391500083079237
-19.395569502338226
-19.38145864385999
-19.39100812433367
-19.41140902408998
-19.394649478398573
-19.3936541205531
-19.40251206648118
-19.38348349088431
-19.36205284261947
-19.397947349930405
-19.402801812896254
-19.374991493528707
-19.36846422766699
-19.369105996700892
-19.37601079619014
-19.374517829742686
-19.3910092516684
-19.385962050508866
-19.403248548675116
-19.434671751363346
-19.44175953368078
-19.430684354024997
-19.4274559251456
-19.409162262351884
-19.421963252587794
-19.42401208743057
-19.441863619691276
-19.416551360294388
-19.392349330275962
-19.41046187379087
-19.407711754706064
-19.408183346604055
-19.382310626053915
-19.393537417767238
-19.36503080028878
-19.36839824578309
-19.367250354698704
-19.357186774107333
-19.365897761390674
-19.363667809821806
-19.36653887932261
-19.37196687659572
-19.384468023125233
-19.40848482923657
-19.42865468030446
-19.41735956120134
-19.406482537103024
-19.40821439636452
-19.43372515709118
-19.419932950540705
-19.41345808440449
-19.412361939309985
-19.41967830809755
-19.416421481459995
-19.447615300156297
-19.456819822363972
-19.465707326713034
-19.468547785721885
-19.440688661681243
-19.43886094428762
-19.436372524588606
-19.425024562418574
-19.431556154394794
-19.402880953251206
-19.428909363862257
-19.445512479688258
-19.464471124068282
-19.450765699592235
-19.44557476616104
-19.47899517686445
-19.477201767590174
-19.501823139467273
-19.528044871991348
-19.527648161842155
-19.51041636274196
-19.48978075767747
-19.513278428459103
-19.513160431945174
-19.502799926556683
-19.52218995770335
-19.528954051836216
-19.542641363662003
-19.5336080762032
-19.535788016324233
-19.522147587148705
-19.519591015184993
-19.52889471449525
-19.52154467598582
-19.531172670899014
-19.54685654094934
-19.546642391197032
-19.544090274452152
-19.518199009618986
-19.540748525840517
-19.543047089166876
-19.557251277620455
-19.559185375659457
-19.546856804403543
-19.531547982370117
-19.53601867957211
-19.517163113741706
-19.484977968103497
-19.460972475784036
-19.448578063938772
-19.44828804569821
-19.45774222257902
-19.48459774684554
-19.45802703867622
-19.439301539806625
-19.432971155665467
-19.443723092865266
-19.44717573333139
-19.44514461527068
-19.4264337337933
-19.433291146888372
-19.4120842492545
-19.43287994449554
-19.44731992294632
-19.450697692984647
-19.472362711543116
-19.4821954663229
-19.47880785243586
-19.464490818366894
-19.47673258782154
-19.44816128557461
-19.452250971663762
-19.468562781373
-19.47752815094107
-19.469410699228746
-19.47391182012892
-19.499519416174582
-19.49252830822029
-19.482433396420223
-19.49522759046416
-19.489156619534725
-19.479180139144717
-19.503368709976762
-19.507028375515084
-19.525608089955597
-19.518773316175118
-19.51333969739323
-19.501348717558116
-19.504092873884986
-19.516629433837327
-19.519759423618225
-19.531546687149827
-19.534465458814143
-19.503069292052754
-19.513469351564904
-19.500467424581306
-19.493393703840034
-19.508674323067826
-19.52252729644688
-19.50626295507147
-19.498006592904165
-19.489987946218218
-19.47318581157046
-19.464227241592226
-19.475730391670037
-19.460190864524336
-19.476502399103982
-19.516426775721538
-19.49829378655648
-19.486829712050653
-19.489398779740643
-19.506981135606097
-19.504095012279397
-19.48339124816716
-19.48660996087589
-19.517374027417013
-19.50662396641818
-19.50847145462219
-19.527952650948865
-19.51899994017614
-19.532788005146816
-19.526582581241048
-19.51521480976597
-19.498600363907773
-19.466317642775913
-19.451278916726082
-19.462780656005584
-19.457167693474553
-19.472288317885383
-19.470057289515402
-19.481051079016794
-19.492619051055268
-19.495012454806385
-19.512300510206423
-19.51011407051308
-19.527037736533412
-19.531752991683128
-19.535991671033685
-19.531453130375713
-19.54162778437192
-19.51830762687915
-19.505469390373392
-19.47702127536927
-19.472722217541133
-19.439664696402446
-19.436102514043164
-19.43677839427423
-19.45885785677349
-19.457158133480387
-19.435034162203944
-19.430342105954402
-19.432149669952132
-19.439435338943042
-19.43754535060362
-19.480921545922218
-19.44998842451726
-19.470336229179548
-19.480581926225465
-19.49095546004034
-19.464246383548534
-19.46791365382955
-19.450754820658872
-19.453361287416733
-19.45886976247845
-19.463007850501523
-19.467281543435835
-19.429663416959436
-19.43489554358747
-19.431620649097425
-19.45847290765003
-19.448494750842737
-19.43015066713481
-19.460921809742565
-19.448676143271065
-19.471510759437656
-19.47843936113051
-19.45460986374943
-19.438480472108346
-19.438974651032037
-19.410796118762295
-19.426376812301754
-19.43589062314479
-19.417005724461237
-19.41011600016319
-19.418770103858307
-19.422543960915366
-19.417207173679554
-19.477627309454423
-19.49164092284619
-19.496038872664258
-19.4854966454934
-19.496685705551684
-19.478390435803586
-19.50755999943421
-19.511546259905796
-19.509723921283182
-19.5303246266954
-19.520156014918534
-19.506362686808473
-19.50935261475662
-19.558275332991652
-19.56147296423013
-19.545580230266477
-19.560793268434576
-19.56916331196296
-19.567401111769428
-19.57374603799347
-19.56948366585906
-19.57018576262201
-19.56411026035686
-19.53253677943481
-19.53179659158222
-19.527828982097496
-19.50347585214345
-19.489413420545947
-19.471828156578923
-19.465346718289194
-19.470037855336482
-19.493245511189578
-19.46335466043252
-19.471203364843532
-19.48868894722419
-19.45319910397511
-19.444694573617323
-19.469233731435892
-19.468114157004436
-19.47847362133551
-19.484263480947337
-19.483647530037697
-19.47179637631623
-19.45363828815755
-19.454598316237803
-19.45848958714354
-19.440900739064734
-19.455309442868113
-19.456958021310207
-19.45018054651825
-19.472435843508407
-19.457365490443486
-19.43502126675657
-19.444083678191376
-19.452991775470547
-19.463777943666933
-19.45609086213103
-19.44891217582342
-19.467033054579087
-19.48432561926833
-19.490381218885265
-19.510949688440913
-19.501016895923243
-19.50426460147831
-19.46385200481789
-19.456862894828276
-19.458969646804018
-19.456170355400324
-19.45301829074244
-19.485460690045915
-19.50141145795911
-19.481873735114583
-19.47506593450754
-19.47346756625669
-19.478534174428543
-19.479803135576248
-19.47261265718489
-19.470213924371667
-19.460946073747575
-19.45325998146751
-19.467812368085507
-19.459058781967496
-19.452492337416015
-19.441417493510585
-19.454216195761468
-19.51211444379566
-19.486118257088677
-19.471265415508086
-19.45614521790944
-19.46257936535017
-19.446475282594637
-19.44553108009872
-19.4434390987773
-19.44624829528056
-19.418072065609262
-19.43552726257203
-19.42702492286629
-19.43136163865547
-19.412325423290287
-19.41857201099943
-19.437882078298752
-19.437847605172692
-19.444144224326703
-19.45353216114126
-19.43981622870069
-19.45273708660153
-19.43966371159444
-19.46596731221436
-19.456547760883204
-19.438190130618327
-19.437955405021622
-19.40413448767299
-19.409639157539115
-19.41049303210958
-19.418722838677073
-19.451115089912957
-19.440974402764173
-19.453443873146856
-19.46919857751704
-19.49107150828262
-19.512305226868065
-19.520562577960476
-19.49068701113633
-19.48712814319431
-19.48660785922799
-19.493865309758704
-19.45304809040568
-19.442970032595053
-19.43000123959754
-19.430643758471337
-19.44640343307426
-19.466260429465347
-19.471129869000716
-19.46862322238751
-19.45756628456012
-19.43706094048106
-19.45317482443384
-19.48135518588428
-19.449888125434494
-19.435188589594063
-19.460866852436876
-19.440880300851617
-19.44379227599435
-19.45328037591214
-19.436466825492147
-19.444179364925436
-19.470343306655707
-19.493898253012972
-19.486600924015903
-19.50682921354931
-19.496894634682867
-19.51098670022025
-19.493475221293764
-19.494032113558184
-19.498544723891374
-19.50265692713245
-19.49216256727388
-19.478563798220826
-19.477847900861903
-19.482310477494508
-19.46684570856581
-19.46330628274789
-19.470865360526403
-19.4752957806877
-19.46368348782112
-19.437464027455984
-19.4250544986402
-19.444147247479748
-19.455656686545428
-19.450854013754782
-19.423000050691556
-19.425528928335485
-19.394453416462177
-19.391693179816215
-19.38967531181922
-19.402799955196564
-19.412269622664795
-19.39500603819751
-19.40640760054879
-19.405286500045957
-19.39696253927891
-19.402020943958725
-19.389204362373455
-19.400248338417786
-19.41645917386057
-19.4265829893328
-19.427001953607586
-19.413339566556083
-19.400309934134103
-19.38617028614352
-19.38959495435885
-19.41986634827437
-19.416062760889744
-19.409504250785425
-19.43052241956711
-19.424890454482362
-19.430204469034944
-19.44351834606598
-19.435887383117702
-19.45565353472401
-19.41930229137957
-19.441755333059106
-19.456446765379308
-19.46596312517682
-19.46790458837758
-19.488984213429685
-19.47309757618103
-19.489047534253096
-19.478487965910283
-19.49001155003057
-19.519934564677634
-19.522197860733822
-19.50113102639933
-19.508995115651327
-19.498320555122277
-19.500609239554695
-19.54017638638946
-19.54384949564783
-19.58349457023942
-19.553461395323627
-19.54220342511454
-19.528956418061828
-19.515458280164225
-19.521741593905254
-19.505383253438247
-19.519933909478603
-19.527468069237138
-19.53040778489055
-19.479925885299288
-19.50275340535702
-19.47130129325166
-19.464607931804583
-19.48157852832265
-19.478684225675142
-19.47063797544589
-19.473547459812494
-19.450582992044758
-19.451625842727392
-19.44746444121742
-19.446988248215018
-19.454892164826212
-19.44309974647994
-19.456135336573542
-19.447036286717314
-19.442838037388924
-19.421495720188265
-19.42487865585381
-19.439945365641087
-19.427774948600344
-19.418841804637477
-19.438865130717847
-19.416262296028997
-19.39255045618755
-19.40045815061253
-19.401645255657506
-19.401602831348317
-19.42873786113598
-19.436865692774465
-19.45992347189556
-19.44993856651979
-19.39756150435997
-19.38123885853426
-19.383836940407697
-19.43225867169035
-19.448462493105907
-19.45783524310707
-19.456638549583698
-19.459810214432732
-19.46338347747937
-19.468301515794924
-19.45522506227274
-19.437572351996824
-19.4290892805606
-19.43648360037208
-19.407155730359655
-19.419080565982142
-19.438054897659615
-19.443248646696432
-19.45411972946516
-19.437144681936967
-19.414786404985932
-19.431540309191565
-19.43816983099993
-19.4314176070784
-19.426882454689597
-19.423739335410556
-19.440836412905654
-19.438194711340984
-19.450559730683157
-19.467702391211187
-19.475340469960386
-19.46787000356902
-19.501851042283683
-19.533394871048277
-19.533663454640255
-19.518504933281953
-19.502080513099006
-19.498759604055987
-19.493155310950335
-19.486356217815217
-19.496425747610417
-19.53156300647392
-19.54146476093528
-19.524987705622014
-19.51526548808456
-19.53158705053344
-19.570650711784758
