-19.621533685447066
-19.50027484208928
-19.497151643255624
-19.478705026358504
-19.467627266118498
-19.449292234008215
-19.474731495098016
-19.464412732799328
-19.41977350683326
-19.420906829919353
-19.44524468768059
-19.458443839401063
-19.40034363934493
-19.399874183158886
-19.501622381361088
-19.416253964002088
-19.435425326998004
-19.424033796677428
-19.46535932206071
-19.444185755241126
-19.47160349598862
-19.43577185666184
-19.44559358062242
-19.422550113536513
-19.41084499953571
-19.435415640494412
-19.473566393358148
-19.480834921029146
-19.441241035612734
-19.460275009442537
-19.471092097382854
-19.447201352532225
-19.41042142894152
-19.48207631262593
-19.451747776999067
-19.432062445118554
-19.454836456920248
-19.456808710625918
-19.41082396506081
-19.433274508734875
-19.386500719149062
-19.434672082711394
-19.453414411032302
-19.429910415145123
-19.411823656348847
-19.38818339178373
-19.438851550167467
-19.455279661773652
-19.45669493853284
-19.44590825074846
-19.45164860358498
-19.474832409573054
-19.43304811582808
-19.453885753744327
-19.449029379636233
-19.47677841661326
-19.507132505272068
-19.516774535347626
-19.466205365977654
-19.488151282115616
-19.450705359259775
-19.490891535541646
-19.44969100362933
-19.51529875831173
-19.480421253405353
-19.46144516908881
-19.479598131135454
-19.469447573533813
-19.430707889918363
-19.492480322756666
-19.47908080239157
-19.492872088958418
-19.500325361267517
-19.464592298041993
-19.47077269359409
-19.453527512337846
-19.48186336195824
-19.510668927049394
-19.465072285075056
-19.462578347594253
-19.461945230224487
-19.469264595683445
-19.465256532055353
-19.473209080918352
-19.45943118115313
-19.436414954912316
-19.423007532611557
-19.406375837561825
-19.40251418051687
-19.38339290520507
-19.42343719524795
-19.461215551647317
-19.44962187708422
-19.41938356739114
-19.41874527437374
-19.390400350712316
-19.37907269361807
-19.461210661073423
-19.459328293178046
-19.44894278764155
-19.44300758972916
