-19.450108370661855
-19.413775061844834
-19.373132841208886
-19.37017851988109
-19.364041404530543
-19.33702080466182
-19.339030652915504
-19.35543236920685
-19.348968159836236
-19.382735995760353
-19.355006144933466
-19.34176083294307
-19.31199040610398
-19.339475425316543
-19.30428106524461
-19.328585291106567
-19.365243254075413
-19.381065506767445
-19.416385664251806
-19.435970910739254
-19.38184144432252
-19.414014514454067
-19.40649122288681
-19.41144331285708
-19.37397198822117
-19.368857821700203
-19.39323537662339
-19.410733270134546
-19.4078212659212
-19.388911024574313
-19.327400213130975
-19.364409421911024
-19.361982193227046
-19.343581267304124
-19.386167684262762
-19.35995062670097
-19.35692552690502
-19.352713246664948
-19.413407854743728
-19.35236414120975
-19.376233685580146
-19.384110368963764
-19.3565990691892
-19.342165000027936
-19.35584975259114
-19.356876972050568
-19.342478254986037
-19.36313666335229
-19.374730840840822
-19.392517923257984
-19.36230598178243
-19.314404435426113
-19.337469652086703
-19.31813304956062
-19.32238300686153
-19.368909890082676
-19.337101092137388
-19.35406436215204
-19.336387112057782
-19.332065193064654
-19.36250953266794
-19.418908989732003
-19.39644836507756
-19.37405608190978
-19.405469391672124
-19.384935209910395
-19.393911169092885
-19.410159566404637
-19.393352583715902
-19.364227255003104
-19.33236486429214
-19.330558633141827
-19.370922919616476
-19.34339329084262
-19.3305852331129
-19.35290404664463
-19.31266556235129
-19.392267962295804
-19.397369904536625
-19.396899546885194
-19.363721422691057
-19.378283302394458
-19.391963147314474
-19.32800559273153
-19.37197676800717
-19.379315716515112
-19.408447108983722
-19.387073452824858
-19.38173322181985
-19.405330571540503
-19.433332485631144
-19.325760152660955
-19.347069032587722
-19.37025681060332
-19.333343899157835
-19.30985004490523
-19.36704565690262
-19.373306176551644
-19.356960791136895
-19.33807907040315
-19.316645040148764
