-19.145489638971323
-19.151914255595788
-19.154998910713733
-19.124489726956806
-19.123279544526486
-19.11721948883874
-19.111006358125547
-19.131154751318945
-19.142056271233884
-19.147289918474023
-19.13262415373057
-19.123787859860474
-19.111720379710253
-19.086408657515513
-19.094764045315387
-19.07246446403302
-19.09303292463115
-19.08705356628408
-19.038717387014803
-19.077337469084885
-19.06287687724462
-19.094383208897433
-19.08665379163124
-19.09842463462138
-19.08891103442627
-19.067667113808636
-19.082892144655183
-19.092132251199423
-19.10370443103596
-19.09202492899671
-19.09923659689455
-19.14319068402774
-19.135170396800874
-19.142926752009085
-19.128109459726
-19.15229948508327
-19.14704685892864
-19.16574953056462
-19.180036282732186
-19.170146997076234
-19.20032695795575
-19.174861227646062
-19.162579796642596
-19.14788242490796
-19.161613209119192
-19.16269424958631
-19.17068720111361
-19.157590809313163
-19.14644614741508
-19.158822127696105
-19.173444606492517
-19.16864657856622
-19.176766128632735
-19.175670395192355
-19.19020850892958
-19.175801699966346
-19.160164873640078
-19.14757406767015
-19.14672847345968
-19.15413995403194
-19.14464539675348
-19.14453907387331
-19.15261378590728
-19.149516829632063
-19.142859197449518
-19.14584712143179
-19.16149152990644
-19.16098091787558
-19.144683514966736
-19.1915805580002
-19.1968373286416
-19.208312322442797
-19.20251921134854
-19.196867374605926
-19.189227162243743
-19.182728659700075
-19.17472680376123
-19.157469275658734
-19.16864776829066
-19.138543435750613
-19.118789042343334
-19.134908074519583
-19.142583224926398
-19.135678145146255
-19.13230545409294
-19.14137266839591
-19.136555459476984
-19.138548262247152
-19.13490408735655
-19.134053590391925
-19.132105675429692
-19.121828019008934
-19.142113374538333
-19.117740205583523
-19.096920645309368
-19.101508601434084
-19.100767573481342
-19.075441640166815
-19.082939737423093
-19.093489846714622
-19.108339228013193
-19.120361770218782
-19.147010072720366
-19.123973834090574
-19.13169129674579
-19.121613182864195
-19.11779824672264
-19.144669379657536
-19.12914904214842
-19.134656261336055
-19.130924182501833
-19.11275275478125
-19.104951447046602
-19.116559113357017
-19.12883089843378
-19.129600044648207
-19.14936623828034
-19.13302375013322
-19.126232384817456
-19.12417144479744
-19.111332653792285
-19.10951116170397
-19.114289693519762
-19.159397020223302
-19.17449721317982
-19.162663434299255
-19.158217308820294
-19.14357081295047
-19.15000701596053
-19.14238379219529
-19.146019890438414
-19.138299002730754
-19.13620779918745
-19.1362932983711
-19.116765501648686
-19.118821805358735
-19.120618542417795
-19.098058851500706
-19.10793423545818
-19.13480874187739
-19.14145024661466
-19.167923356180786
-19.158864034537963
-19.174005267153174
-19.166258953127894
-19.145296995914386
-19.161110142500593
-19.151589815938596
-19.15135887855238
-19.164829183497453
-19.15223978119518
-19.110766492035502
-19.093042445507862
-19.10366483723127
-19.096437649658636
-19.11525174475457
-19.10231408078488
-19.101101418654057
-19.054552099834915
-19.051711647829297
-19.036783221131287
-19.05965798926404
-19.07347175997286
-19.087343847031395
-19.07449149432427
-19.05156417202986
-19.03824610194111
-19.060868461765253
-19.10615905276746
-19.12290382799894
-19.135761662098382
-19.11855264477018
-19.111656284066843
-19.08078106803104
-19.101249602635438
-19.097348831328695
-19.088005132343078
-19.070880488022237
-19.077882695577525
-19.076227116784555
-19.05584045037304
-19.051190952378523
-19.062323066351265
-19.04500541982983
-19.057056718263553
-19.088302198232586
-19.114248057279728
-19.10987257551982
-19.107938374228784
-19.10323214771557
-19.100444695048154
-19.10169192483613
-19.125357130010958
-19.132447541186178
-19.121206109508563
-19.11523917807025
-19.109725314553184
-19.11045700110913
-19.084737711177286
-19.082618940394937
-19.055519227047412
-19.060491313549058
-19.091463880390293
-19.110033500164086
-19.107525202364272
-19.1242086445836
-19.129806070103434
-19.13309335376343
-19.12198356310159
-19.12227862694776
-19.119909247985227
-19.128738032862756
-19.105697923122317
-19.072117954851592
-19.080055148501827
-19.09081234463123
-19.093060057917622
-19.093536912069947
-19.073956973239877
-19.05370388815839
-19.042366159491937
-19.052563496184984
-19.04946988630512
-19.029963291977406
-19.036860504602647
-19.051551002751367
-19.033344568304468
-19.047192216189078
-19.062154274684733
-19.096922238711308
-19.100921278125654
-19.07689408885278
-19.099781904232767
-19.0777013034625
-19.05574140036997
-19.037621481442187
-19.061642798961348
-19.080398007247588
-19.06987764521986
-19.09934579784003
-19.103217069294566
-19.103766217312597
-19.092129863826756
-19.076678381504156
-19.058622078627334
-19.023296707479034
-19.045012134565376
-19.023555531985334
-19.02462266401476
-19.009731915657284
-19.0330846463076
-19.0629031576951
-19.065860077595577
-19.03572505888848
-19.035364561591233
-19.06205555048941
-19.069787187708616
-19.042942390365027
-19.04152682315989
-19.037749006133495
-19.059664426712676
-19.026191380541267
-19.02537533528575
-19.02742336363338
-19.04019840060715
-19.01866584438618
-19.040844430303366
-19.046288351451373
-19.057079721357947
-19.03756997839041
-19.03637322548135
-19.02868130120175
-19.032962193493926
-19.051070234826508
-19.03321257692198
-19.041710552641632
-19.044507860303334
-19.043642470650592
-19.02040361849676
-19.018504908234362
-19.018284486983998
-19.04248501189179
-19.067323627317798
-19.07258205624939
-19.046873672081578
-19.051603495509134
-19.070741681046876
-19.092689544120162
-19.080818482520968
-19.108299612203222
-19.106154387473072
-19.10981555859653
-19.13970502835271
-19.173531685790945
-19.159562825051573
-19.132608993161547
-19.141340998170563
-19.115371856835118
-19.11746284037084
-19.144335667606818
-19.13571709646992
-19.1181689248632
-19.120297749734092
-19.118707434924247
-19.097305145913467
-19.08556667194527
-19.06064062239104
-19.068021773186658
-19.076524918649266
-19.09385683116116
-19.100714541686155
-19.097704146359842
-19.085996596606023
-19.08592815849391
-19.101379172847036
-19.09475401074639
-19.10015783779571
-19.100550266636425
-19.09569841980904
-19.08625557710359
-19.082691186830893
-19.071533635571587
-19.08008140181654
-19.08738226663265
-19.117839002745896
-19.12861293651014
-19.114191428881163
-19.132732836894608
-19.12232813688178
-19.122293994736506
-19.099600872889962
-19.103770997424448
-19.080261303450953
-19.086117293910828
-19.090217525561478
-19.10541788566171
-19.116104403602804
-19.104960994635302
-19.11130995354257
-19.115298112524002
-19.13208216336016
-19.110453698100574
-19.1466094778493
-19.183591754906644
-19.181890343506495
-19.18805957474403
-19.19503610942967
-19.19007095092865
-19.183578304957432
-19.204749890919537
-19.20504822531114
-19.195219809158203
-19.19750724353944
-19.188390523747685
-19.185398496999223
-19.182061649919472
-19.16475372755382
-19.13626849900669
-19.12558001321697
-19.131780105658894
-19.154341827855955
-19.16395251005113
-19.165307936532322
-19.174780334405387
-19.198673571125354
-19.18235849745579
-19.206594850937346
-19.21728638092434
-19.19377855389023
-19.20302297090391
-19.22078585914517
-19.20862928732837
-19.20505681248198
-19.16276312662298
-19.160826859581302
-19.14697713100943
-19.149373142703784
-19.14886148048081
-19.13841233731354
-19.153800702301062
-19.164035461530663
-19.20853474501142
-19.183047482870787
-19.172690181798814
-19.15422655792841
-19.18028610694267
-19.170898884768125
-19.14891579377735
-19.141502465338956
-19.09527073597786
-19.113053072891283
-19.17328246637658
-19.16967820824827
-19.153087764140835
-19.150396935053017
-19.172685112172974
-19.162544291731525
-19.146069460116227
-19.1348865797696
-19.147890359183375
-19.15477205420727
-19.19107086726621
-19.179375604536645
-19.197646101447067
-19.202499622416756
-19.20885287901359
-19.18992785177889
-19.18545234760767
-19.166019055745295
-19.18391515459942
-19.17833558304987
-19.158433962641812
-19.150522010476024
-19.147720027414703
-19.157328331032378
-19.135782142251017
-19.12205383138266
-19.13174644653559
-19.166173074719524
-19.141145136013066
-19.12914225387545
-19.13180209071647
-19.15106987009447
-19.139991720538948
-19.11510247072246
-19.11485415901631
-19.115830021603557
-19.111551054436518
-19.121930768393966
-19.115544517469107
-19.09814711172667
-19.101202990188767
-19.096345251470964
-19.104575210298652
-19.098246473956532
-19.103504709891343
-19.087690544558786
-19.09485980737052
-19.0863814430537
-19.113139272113262
-19.114191304857542
-19.09486715302844
-19.107443236849317
-19.086455048875163
-19.081649349037544
-19.06899334979157
-19.08323993324636
-19.074717320878676
-19.073882736449335
-19.07250137789597
-19.081107572855228
-19.061405923676947
-19.066338939189997
-19.058652156261584
-19.069540498683075
-19.076785407482483
-19.07904147976182
-19.09820351234077
-19.060508651722728
-19.04922205961315
-19.03770545598936
-19.05431575109318
-19.079233051184232
-19.094036895652405
-19.093929857726806
-19.107869634907743
-19.12121596882179
-19.1234687741828
-19.102746072770806
-19.100397927783884
-19.127072757884342
-19.11035484326334
-19.09467579293652
-19.076634035358246
-19.050682358522685
-19.07236022539271
-19.056562821243823
-19.07453959239901
-19.073517964967998
-19.069832040478897
-19.091776057669218
-19.06411491409644
-19.06507778481457
-19.02973595777355
-19.07169571105922
-19.08018206921517
-19.08498238256055
-19.090426077180727
-19.118260731641342
-19.089370666207607
-19.11857808989302
-19.103167440904052
-19.098236446725625
-19.07497933968798
-19.062052671145704
-19.035532378367954
-19.048434036585466
-19.05126658465919
-19.076293022542725
-19.074322724660785
-19.089580722635777
-19.11545935057663
-19.111276322777428
-19.135315425398023
-19.13711096372779
-19.1451671051318
-19.118665421452455
-19.132783459303084
-19.13203198552271
-19.104398141331362
-19.11722038207665
-19.106679412264857
-19.132557482144374
-19.133407689469617
-19.122710342436484
-19.12624726227296
-19.130676972136918
-19.142589333438444
-19.166130349735393
-19.178532983506912
-19.18303138515239
-19.193202738569525
-19.194724435811843
-19.180388924324568
-19.173018550209722
-19.18180184328439
-19.19127749369802
-19.208224430959238
-19.216311176926656
-19.22082402677682
-19.21570434195905
-19.20736827584944
-19.178195490695565
-19.16707883223431
-19.142774295915906
-19.141217057467045
-19.134735729096136
-19.146591630062222
-19.16765011641861
-19.1731935445437
-19.13725286657311
-19.152132886911808
-19.14601646762854
-19.151460323831852
-19.14967234649889
-19.18065313161374
-19.133710667412835
-19.137549205323353
-19.134943834410436
-19.18194410856359
-19.16855757855536
-19.19077687841339
-19.170947533934335
-19.15311874860374
-19.14264090747148
-19.123728321456994
-19.117702076782837
-19.087552955446366
-19.073765450837808
-19.04660657432495
-19.031008048836448
-19.04309474011232
-19.061410140972033
-19.040315923527483
-19.04020683292014
-19.038186085173066
-19.049909221739924
-19.07703579670975
-19.05831963672235
-19.056801826625072
-19.098791457695096
-19.057784198381505
-19.07393975051154
-19.06364378985198
-19.06895045390345
-19.079814170619034
-19.072999780059583
-19.09100513965061
-19.090234396516543
-19.091756958933086
-19.103546313530533
-19.098736217279182
-19.137518399053576
-19.16021302038747
-19.15956353089739
-19.1625004681886
-19.151652818616732
-19.130512180494865
-19.148714813452557
-19.151848579822346
-19.158843607633518
-19.168952911659296
-19.151688854959104
-19.14253305187928
-19.12894914378705
-19.135163942106306
-19.113031071566425
-19.111365365427538
-19.12132355492471
-19.14059565227101
-19.112733736228645
-19.131059467637073
-19.14942793257028
-19.16346095039613
-19.15838690669206
-19.169568976068383
-19.18946909361506
-19.165403006089782
-19.18295670298625
-19.16233138503026
-19.180443610922367
-19.166208316746207
-19.16229400402242
-19.198888909282374
-19.201698367309664
-19.222708202332193
-19.235335001796475
-19.224749191016503
-19.189200010242924
-19.193609155136425
-19.215004371695944
-19.235309012248297
-19.25759031292028
-19.253393319857693
-19.24650310827836
-19.256205823744807
-19.24109058885656
-19.20564610757098
-19.191793176837844
-19.175806389272044
-19.166671948643994
-19.168333360637526
-19.170004999581273
-19.177507227432095
-19.217169478870527
-19.235691486494567
-19.223122789131338
-19.21313666029648
-19.211370012797165
-19.219780992768683
-19.235011953943843
-19.24857882034837
-19.213650066026723
-19.211464404294272
-19.225414772891344
-19.19804304372629
-19.202350278332556
-19.195050566637867
-19.212204597185508
-19.21829941950987
-19.226862259814737
-19.20410065703639
-19.180088296671403
-19.16739441535065
-19.164987660515322
-19.111653531080037
-19.102093733987083
-19.083665511541408
-19.06349500285146
-19.081242761372273
-19.109688186652136
-19.07973571174572
-19.10062112622694
-19.095157549769148
-19.121747222142456
-19.103843144499592
-19.12804696642281
-19.110251860899925
-19.119529523492236
-19.133280473752446
-19.096416164028582
-19.093682523443647
-19.098372499312816
-19.090181675962214
-19.093451421323515
-19.097132231049844
-19.09838142480604
-19.086619649648995
-19.075616883323388
-19.07307201843453
-19.07681894665352
-19.053298641913717
-19.002344591113836
-19.019043363070793
-18.99552838545962
-19.007354863623412
-19.01265383313675
-19.02433083043186
-19.003871480499743
-18.999865014326907
-19.00322540677463
-18.995076575118997
-19.012420648429504
-19.01760148070514
-19.031377081761747
-19.019653502914323
-19.01358982467853
-19.02342675103057
-19.052561847794614
-19.077839544511864
-19.08524812176393
-19.054313320581937
-19.056461687162273
-19.08307052605481
-19.137224606684924
-19.108887221368715
-19.06982326321371
-19.085362080703963
-19.087162815704286
-19.077418797897945
-19.085335244865163
-19.098426721700115
-19.116455086594097
-19.108560200706712
-19.09248173867915
-19.087377722996894
-19.089536747139647
-19.09726549860909
-19.11939486480009
-19.09258009832599
-19.11861812497311
-19.109338642041312
-19.12660430028523
-19.109979906881872
-19.090130712617043
-19.09135422292901
-19.08673742726264
-19.10030460138906
-19.062346655912144
-19.103116598261533
-19.094756748697797
-19.097577577506943
-19.102059530173392
-19.11472726323941
-19.093056128712956
-19.09837055540212
-19.080891424161642
-19.05749720876196
-19.057598620065278
-19.061024274424476
-19.06676273933069
-19.052656747615863
-19.03101441257669
-19.046072227886985
-19.043620749054206
-19.038720491414402
-19.055681881865585
-19.067857217357872
-19.06230018288983
-19.046481804104356
-19.045773179850126
-19.015965039977086
-19.046434847230056
-19.033861311665316
-19.046458281325535
-19.055874537379715
-19.032275525133404
-18.9988758169891
-19.022856691908892
-19.075132149594303
-19.030862573975497
-19.026330705384268
-19.017835324641364
-19.010024538090327
-19.03948892702501
-19.04807042442164
-19.05342547320096
-19.064054590345883
-19.058441604396567
-19.038563835756204
-19.07143613406319
-19.062576128776506
-19.039137762124604
-19.028047321627454
-19.022085435238765
-19.044272252720223
-19.043765530519604
-19.0729561810679
-19.055275590322257
-19.04783685555899
-19.03878635503223
-19.01092538020482
-18.979618283879397
-18.991695331052032
-18.990570685597113
-18.997795394111794
-19.012425177397525
-18.987196960938075
-18.960480553310244
-18.946634760488735
-18.92742041092491
-18.934782921639062
-18.953999325240773
-18.92541492457374
-18.909114912874326
-18.91655439949205
-18.899090878158315
-18.930083758627262
-18.943159190986517
-18.93669399615861
-18.923479373603836
-18.92422088522338
-18.918821784906967
-18.93831548829183
-18.91125443931134
-18.893071590852347
-18.906378224753627
-18.907030361095284
-18.935621539616108
-18.912023641048435
-18.92658655373662
-18.900075126062372
-18.907439763964305
-18.929632305785866
-18.946706452626557
-18.928090580607495
-18.949541905043144
-18.961930305863934
-18.977975325732345
-18.981585386669416
-18.9499208383282
-18.95525595624915
-18.94833187873055
-18.93194773683644
-18.961603468291838
-18.945348363656
-18.915597247404847
-18.93018147910354
-18.941340494582896
-18.96014426859542
-18.993291327278982
-19.015215001471955
-19.022683823839603
-19.034803885836208
-19.048130544688306
-19.03302365492929
-19.01672011527085
-19.03870107632302
-19.0554342496238
-19.03873881145649
-19.019308174898928
-19.028555850430735
-19.044815903278753
-19.035284332505213
-19.00890225811947
-19.027640260541666
-19.02910884069053
-19.002245678031688
-19.00054277242682
-19.006477756020377
-19.00282689336072
-19.02493651348943
-19.054249547280993
-19.02354477576659
-18.99743635638979
-18.98827110272082
-18.995681840169443
-19.001075196664335
-18.991073609152767
-19.01125503414074
-19.01055380720753
-18.99942268897973
-18.99466925185791
-19.021192678175755
-19.02730014149815
-19.00884337911042
-19.019066754223395
-19.025205750057232
-19.05135654699736
-19.0535849442702
-19.064381283690516
-19.0706568840031
-19.087844981824862
-19.055236865610073
-19.05630450106771
-19.055757608913172
-19.08094096994747
-19.070887226313033
-19.034397580930694
-19.038265131426996
-19.016546633499626
-19.03819490802414
-19.029886545079275
-19.04486657308153
-19.047807607174814
-19.040036895163198
-19.03155095696585
-19.060878653586528
-19.080961472791362
-19.087795642534733
-19.076727140935184
-19.04246016250524
-19.039091710749354
-19.02623012557316
-19.02674384690103
-19.020413061936548
-19.061313223326493
-19.047164879766665
-19.079522871851793
-19.047460271052906
-19.072549924404797
-19.086671979503773
-19.060661285891296
-19.07013636598882
-19.03652365009674
-19.036872920181924
-19.034281733507335
-19.0527387236327
-19.042077312806647
-19.037362378620408
-19.02834405534954
-19.02959584794691
-19.056951893694844
-19.058543587330746
-19.053586307590223
-19.054164128521045
-19.04718099475544
-19.05687431071025
-19.06331898959047
-19.03938504673007
-19.01506764275642
-19.024066035144912
-19.031940644811527
-19.051979344693606
-19.038190950274224
-19.032944765641474
-19.007170639854042
-18.998384355883083
-19.007544597187994
-19.011401564575795
-19.021987360561535
-19.009431292615638
-18.99847675473923
-19.01867284470746
-19.019490470114317
-19.016014386461226
-18.98426137192699
-18.980721621023836
-19.01627000016276
-18.99670499020792
-19.004451599090107
-19.01956825281585
-19.019699769779105
-19.01385062639503
-19.01445559005499
-19.0006982212027
-19.012881525425247
-19.02134659117535
-19.03292114144058
-19.03948539571487
-19.03020046734457
-19.029440159001894
-19.00944506697392
-19.030328193030822
-19.007298707492616
-18.989398633647443
-18.97906845326154
-18.975662925874012
-18.96234203289469
-18.942749513655894
-18.941659965153555
-18.957168777799883
-18.938933231117854
-18.93414763631911
-18.936400912106475
-18.942454328596003
-18.939806748681708
-18.931139259045892
-18.919780221328125
-18.929354121859863
-18.950871915274824
-18.966373381255153
-18.96012925885587
-18.949370616400902
-18.960294686466362
-18.97121401387941
-18.990482516997275
-18.98116043330042
-18.994159965765505
-18.985723666578934
-18.994105792682877
-18.99069190883073
-18.9895723306182
-19.004366244372637
-19.019919452798153
-19.002384849849946
-18.990573982173615
-18.95949356471383
-18.951023825658634
-18.93992340922526
-18.91931375388099
-18.928552055719567
-18.93631229675541
-18.920840136353146
-18.89694280004655
-18.908556263245554
-18.907249210617934
-18.900834971203224
-18.912921939509616
-18.908460002034037
-18.9201833409758
