-19.272654094866894
-19.18915916989451
-19.18776602560866
-19.183567628249012
-19.160310051688104
-19.136287955584827
-19.115826643288397
-19.09892209407158
-19.130775694773273
-19.125161644959206
-19.154446946427115
-19.116600527340943
-19.11266997344335
-19.120336202266035
-19.131375099852182
-19.136742626536805
-19.117489887249903
-19.15097658341708
-19.171197694098932
-19.15167808764459
-19.17671722433553
-19.162308130287986
-19.12876600220529
-19.150437658907737
-19.162710497533926
-19.148900483421052
-19.17220616365661
-19.152968806969756
-19.121264600063924
-19.131617928431204
-19.165839580992625
-19.177386738606653
-19.174001454418647
-19.2048129310902
-19.193443959352887
-19.11357074703422
-19.156920150724112
-19.1471766463223
-19.132627921414525
-19.149392437738427
-19.155816658873785
-19.11969101208216
-19.15316668872064
-19.13582380974623
-19.136433065281217
-19.13758845344925
-19.116814612107568
-19.14554724962357
-19.112472958512445
-19.100397294492897
-19.12521131280896
-19.12810526961855
-19.108107453302818
-19.15464275711015
-19.185989989518372
-19.199892842023413
-19.15602053803062
-19.152722440492678
-19.18585233171595
-19.158083513772585
-19.14055515002911
-19.195026430787024
-19.173834303448437
-19.206011200379628
-19.15458483883376
-19.17007630918434
-19.183455489582776
-19.179763399767353
-19.1760550753661
-19.158291580372524
-19.144045669544298
-19.137350685706473
-19.128343614551397
-19.121821866017793
-19.140194551022955
-19.110356582180657
-19.130835718717044
-19.142023996262218
-19.14504406509825
-19.170287011863486
-19.20105249664593
-19.17472587153194
-19.17500347391895
-19.178823863268942
-19.15992225477527
-19.15362055116321
-19.159210978558438
-19.22297259584596
-19.22820772065359
-19.175616415245457
-19.22848575348234
-19.16109343220774
-19.161528032440437
-19.146371783022317
-19.18183234829854
-19.134732157601924
-19.135931727220328
-19.14796383757973
-19.134524925621342
-19.179179150461767
-19.125367439838556
