-16.007014637848368
-20.40387209683118
-21.408125609177837
-21.977329178618554
-22.412664861605627
-22.754846690284676
-23.012672170915607
-23.214999671416127
-23.378476141971646
-23.495409383650067
-23.579789948534767
-23.641456368149164
-23.68626053489349
-23.7186409120967
-23.748345842081488
-23.772413755739993
-23.79552462588558
-23.819068482799636
-23.836498080502377
-23.84833257519745
-23.85767035134462
-23.868759186011832
-23.879116557550898
-23.88810955624163
-23.897359365888793
-23.90567336959589
-23.91352313382078
-23.920831190317646
-23.92677052684383
-23.93371918209999
-23.940328976401414
-23.947959084700223
-23.955445173928958
-23.962487762148335
-23.971345563702275
-23.980068941365406
-23.986525008187723
-23.993425956546655
-24.000347119411654
-24.007761928908582
-24.013729150377216
-24.01928439530549
-24.024123223905274
-24.02828879289357
-24.03145207083322
-24.03528485638554
-24.039293655104675
-24.043047834519072
-24.047268649338534
-24.051255768028856
-24.054393450255922
-24.057442236937124
-24.060779594890043
-24.064016307393224
-24.06787776387114
-24.072499958165977
-24.076339013423535
-24.07925310393746
-24.081361027057003
-24.08392482442589
-24.085020002073996
-24.08668496879344
-24.088149139376817
-24.090168388361207
-24.091651670371174
-24.092290577818112
-24.09339838034526
-24.093814427516712
-24.094652814746507
-24.095244349029226
-24.09576621271802
-24.09739965757904
-24.097619368930296
-24.098135599408547
-24.099084737710676
-24.09927684508496
-24.099996606785766
-24.10022471835194
-24.100739470842235
-24.101175452726256
-24.10238726109664
-24.102279213922674
-24.102751737070285
-24.103440772031487
-24.103957848389935
-24.104713239646124
-24.105047698495614
-24.104884411678523
-24.105285842813604
-24.106313054523095
-24.106353105645447
-24.10738546067361
-24.10805628068119
-24.10818694047985
-24.108853829184646
-24.109967538198383
-24.110349048735138
-24.112276050890237
-24.112797898543963
-24.113645784528796
-24.11518714402118
