-19.057593125134172
-19.046197431388205
-19.04089363947106
-19.019221672936045
-18.99460253255215
-19.00592220454021
-19.02055098892757
-19.047441056621356
-19.060662498537948
-19.045238047733616
-19.02368313409377
-19.008968845123494
-18.993642863680176
-18.995223379017247
-18.986640675607973
-18.961592772656697
-18.938356177416825
-18.94309077326395
-18.920343287707357
-18.930920436067453
-18.94101724730594
-18.96208149679457
-18.98571741240326
-19.007674296012556
-19.00649306775234
-18.99034410184914
-18.965114937195303
-18.963592328404896
-18.976917365267873
-18.99141215218575
-19.00256763987753
-18.997243986437216
-18.98535370568191
-18.964224362476948
-18.959371818975132
-18.95156266179834
-18.93946177262557
-18.963052683027144
-18.97182707859989
-18.959431739807723
-18.954503818884117
-18.913571693296216
-18.930150204711573
-18.94198482834008
-18.997386109874263
-19.014354291519858
-18.979267274730514
-18.978329582581928
-18.963572257414867
-18.962597564482085
-18.986411633524117
-18.986322050487292
-19.00277061517823
-19.019414597560157
-18.991031528710693
-19.009060406718543
-19.00867409311399
-19.009511933382285
-18.984497168722566
-18.968325780201
-18.954856531895068
-18.988751609714367
-18.990567494488932
-18.99711033576188
-19.011209583215336
-19.00164968286047
-19.003111767600235
-19.009573687264297
-19.01676993257152
-19.031302226982724
-19.00550156266826
-18.998429732018643
-19.00024382224448
-19.014851923943084
-19.001761230013145
-18.985267991896805
-18.981440588073262
-18.984800372721867
-18.96250539943963
-18.990757021675336
-18.970605055462652
-18.949061318661176
-18.966966357458915
-18.987826013013134
-19.02337786544501
-19.04926252127656
-19.061917878482642
-19.062059778310072
-19.059301089423474
-19.080466146910414
-19.082006894169375
-19.062920995887072
-19.0489410510315
-19.067907017378
-19.064913002776688
-19.03868983733696
-19.04649917266761
-19.034523929335645
-19.021140640998688
-19.066498908053735
-19.030063647342377
-19.021750868763053
-19.033984139133345
-19.068627748193514
-19.035105770115265
-19.046732308294793
-19.075569300086507
-19.073237962453202
-19.07000212978708
-19.06923305642505
-19.085458927152395
-19.077450617111513
-19.030734400754902
-19.025295282430193
-19.03909857898789
-19.015686832922686
-19.003207867013398
-19.03468277860042
-19.021450973785626
-19.042906319953545
-19.06663827754735
-19.063255254334347
-19.057902931072245
-19.043332109131004
-18.992753031183554
-18.996652519189503
-19.00497039234904
-18.99050400412703
-18.98229142707538
-18.971485683962396
-19.002842966246973
-18.993109780092706
-18.978807594081136
-19.001752792644552
-19.002529224206803
-18.974965922404884
-18.956290021243348
-18.92470521998882
-18.94523293744628
-18.942684684151278
-18.943895076320967
-18.944860084083086
-18.96756330862433
-18.96007842733658
-18.974820952618945
-18.952312630504935
-18.92768209311307
-18.92561423528361
-18.946695632622482
-18.938680141679242
-18.937626622108294
-18.941927006986575
-18.942861261888936
-18.91039624563217
-18.921961103929995
-18.918148842434864
-18.921489788355277
-18.93770897600594
-18.937114278561808
-18.920046023155226
-18.92878872870488
-18.94632407791311
-18.936171162721
-18.965844869860696
-18.939473106156438
-18.937643843844615
-18.964885591088304
-18.945387786884318
-18.952368149029905
-18.947181348874846
-18.956319793686536
-18.954214378388183
-18.929806520211372
-18.919818884342607
-18.904274986117695
-18.93192743604264
-18.945228551812512
-18.951987403508518
-18.978328447976807
-18.983237973254287
-18.96948201037456
-18.981999945457154
-19.00248369332413
-19.005809866070262
-19.018635498131527
-18.999826098376253
-19.011441514194416
-18.99932037080232
-19.005184420403083
-18.996653940508487
-19.00900497256886
-19.01774417079689
-19.020548715800548
-19.01117645269838
-19.030220728928875
-18.994415694743267
-18.960048407174664
-18.959250650990345
-18.959472087447605
-18.979978521587164
-18.98076354544623
-18.96725621460817
-18.961882028045814
-18.930253372955775
-18.939861773330676
-18.943232923410946
-18.941458351604005
-18.951168390371183
-18.923799494136592
-18.890162970013975
-18.932070845068345
-18.941163488178734
-18.941353654831563
-18.92073395045056
-18.89732775207714
-18.865441103821563
-18.871184684268908
-18.875014106345716
-18.870741977269127
-18.880775815011443
-18.904074618875228
-18.892944639859536
-18.904057103278515
-18.916092120248678
-18.89219700201654
-18.890059347590597
-18.8880806736923
-18.887643499953622
-18.870460934272696
-18.87845289377257
-18.894242429707116
-18.884899633360078
-18.863062500988374
-18.883248748913882
-18.89433839003218
-18.91101218900173
-18.931021355672527
-18.936385858051974
-18.913596444229277
-18.91404155661879
-18.936830849358792
-18.93493509021791
-18.92519990064495
-18.91497528072703
-18.906501242024433
-18.89890840293542
-18.901433793926614
-18.911593416832915
-18.916520656287368
-18.908514042732136
-18.883052123434364
-18.892177817579142
-18.892593466975274
-18.880312554745192
-18.863455293850144
-18.8728586002401
-18.883418453964136
-18.90089492043093
-18.88057186635774
-18.8794469106433
-18.888073484909842
-18.885736381579633
-18.91303334785355
-18.916324782751552
-18.91428437595461
-18.924791602823124
-18.94130329677064
-18.92855694484719
-18.919837271733044
-18.903380361905356
-18.893896415385875
-18.894643818210305
-18.93086943219125
-18.917446430592424
-18.91792156573151
-18.923995455366963
-18.928128156589583
-18.9103965599968
-18.897400193428957
-18.895107941140388
-18.91376359902827
-18.943465189407434
-18.917607236799693
-18.949994950073847
-18.940663218545815
-18.95546347495837
-18.986326345303098
-18.966418518449572
-18.981135831337284
-18.967048703386148
-18.945560322255346
-18.98977302051906
-18.9905872651591
-19.00363802033444
-18.98156075811234
-18.986905935623295
-18.97143422867279
-18.982087490506014
-18.962322270904
-18.9539478547276
-18.967262979442353
-18.971895132853753
-18.968820959099702
-18.981599405271417
-18.942357878705565
-18.94956444135294
-18.94382051143318
-18.95118196350388
-18.94477044890593
-18.917832289019753
-18.916545224342237
-18.927125529160424
-18.91653964439388
-18.890762646457965
-18.891500707037245
-18.86971668431582
-18.838468933155724
-18.843118177811487
-18.870516009171972
-18.882096908460717
-18.891768259598983
-18.901055172836113
-18.91938516816361
-18.901281270435515
-18.89488830219134
-18.890316774775837
-18.923979678978093
-18.935923972567515
-18.894104184572765
-18.904801182139934
-18.88075367414616
-18.880090059559876
-18.877409722903874
-18.869210329537488
-18.90714288692899
-18.926966496498164
-18.934116523867157
-18.92952115367032
-18.931875365401474
-18.933388443306697
-18.937680106494017
-18.92072840683429
-18.92584688696186
-18.950755782099826
-18.93708502860845
-18.91476426853405
-18.92296348674762
-18.906263528142226
-18.911975199908078
-18.906085202887553
-18.905232103796315
-18.931945076179332
-18.94037985379042
-18.9636610762837
-18.935152058083663
-18.92087832936395
-18.916953098149225
-18.91995066104642
-18.916891138683106
-18.929109339002608
-18.916661759764462
-18.9065139528226
-18.92948058531062
-18.900367935680993
-18.865675893488582
-18.872042275717263
-18.865316700762463
-18.85423831441896
-18.864595074169024
-18.86565514154243
-18.86118645193002
-18.836166157433357
-18.855199672284137
-18.858964642559243
-18.861065841937474
-18.848349218641708
-18.839976008292428
-18.835106548528962
-18.861675450856676
-18.860421209449765
-18.877536132118756
-18.899617965941413
-18.891811226817467
-18.897631036121158
-18.8697600527947
-18.911859342685766
-18.902977482127795
-18.90242824001866
-18.906819436972263
-18.89641370893849
-18.887813108566323
-18.85370562145257
-18.8493329284546
-18.863161391164525
-18.86655198894388
-18.8787356502106
-18.856114639071595
-18.841777967602244
-18.82374069404675
-18.858274703882465
-18.832337639367253
-18.848959771443553
-18.838466456862797
-18.819002706121083
-18.836480072964484
-18.823775531268677
-18.824281937142167
-18.847572781007234
-18.87119526749829
-18.867884849916244
-18.862554817348578
-18.86601341902817
-18.833231866695986
-18.83669799098404
-18.83713005818088
-18.816098818979494
-18.821446135043253
-18.812794383081762
-18.802498257812562
-18.7885674629781
-18.79722021882141
-18.805044628074747
-18.824413615955525
-18.81832185042428
-18.80363722672731
-18.788035656554385
-18.792257467326113
-18.796338533510887
-18.799796354797078
-18.82028008888053
-18.828043196931546
-18.851983304228227
-18.837007255731265
-18.824878969504194
-18.850424208920582
-18.8661967262328
-18.85874619146234
-18.863996282424683
-18.85561498026645
-18.842559342773193
-18.81790853356748
-18.832554791405894
-18.82715467057999
-18.81723734107845
-18.815721998611547
-18.807614819822042
-18.782940655394977
-18.767933872372918
-18.759889483399096
-18.73557173569357
-18.71996599375434
-18.748482446322978
-18.73226307180556
-18.756888229204986
-18.753007477535903
-18.7789420249762
-18.79013018617465
-18.790404929711872
-18.798489266661907
-18.80750771841451
-18.82678851676783
-18.84156830197841
-18.83016726698639
-18.8185099597054
-18.839041611223962
-18.832951853641198
-18.8337006876246
-18.810812752840228
-18.793716032479136
-18.795086527794506
-18.77872099646505
-18.79361294521231
-18.78053279358003
-18.814137693737717
-18.84177289953755
-18.843786635695043
-18.843614672267158
-18.85307293904826
-18.86602537700774
-18.861581810010364
-18.876591242820222
-18.852732546969033
-18.86683994299363
-18.849472962109484
-18.84981584960741
-18.863731345843185
-18.858540812205657
-18.85531490459251
-18.84919637348854
-18.852345249545834
-18.833092680119034
-18.828455711696865
-18.803682680229095
-18.80218395601013
-18.81440812002904
-18.82622630054769
-18.854177510954425
-18.84831368827508
-18.83149401101875
-18.81516379680095
-18.85142096962845
-18.84327797430568
-18.822451274697183
-18.845514298630416
-18.84087920145464
-18.858985759827906
-18.85045312728967
-18.84438495556478
-18.84879752999596
-18.87541336705869
-18.8385491612264
-18.835763855356145
-18.830910986674905
-18.84426906105047
-18.844440078844833
-18.82346621070689
-18.811807904179712
-18.833885690702033
-18.811153261658262
-18.79337385730412
-18.768086189146317
-18.78681682774209
-18.81971467941763
-18.827720139043265
-18.82479912471908
-18.833009450290053
-18.84916891336776
-18.852149744390644
-18.821640033306483
-18.844245474042967
-18.833731175945182
-18.829343753298403
-18.839280973567334
-18.833347766176193
-18.8396937326073
-18.847989609762703
-18.85676189834566
-18.842155198020222
-18.803738092247528
-18.803916458333042
-18.827828975364554
-18.854257773215913
-18.85261487727471
-18.859965314585423
-18.869663237795738
-18.854393744124252
-18.8249529507719
-18.826501753301084
-18.832201156046676
-18.81074699370786
-18.814560476549605
-18.794033877281056
-18.829236247237283
-18.84611119885179
-18.83193204174668
-18.787073900198127
-18.80677715350078
-18.829288729647896
-18.835832803699155
-18.82964040402837
-18.8179122783023
-18.81246184856821
-18.840444897975836
-18.860297812307547
-18.862222818208803
-18.864656156867948
-18.86633328419547
-18.870144243435476
-18.86960113727481
-18.897781494290506
-18.90112426879894
-18.877359379926325
-18.855900392175993
-18.87607357753418
-18.85880166817941
-18.8553635304512
-18.855278965463505
-18.890050683374103
-18.869648739325466
-18.878785359164212
-18.86532296313826
-18.8723984174483
-18.862398995080344
-18.890254538794217
-18.934282264283674
-18.93248881858445
-18.919445676718524
-18.909753633834033
-18.913519981650293
-18.890878141867
-18.939610219264782
-18.95137717042199
-18.91476629371025
-18.928208101355768
-18.92132515938965
-18.919736925301468
-18.918605633672406
-18.930409534391675
-18.936449047481712
-18.89632383454506
-18.901076544660818
-18.89262408794174
-18.929034432541577
-18.899560987159248
-18.910286028261623
-18.906208732363552
-18.901493809507414
-18.874987201746105
-18.88029239584277
-18.895108476633084
-18.867523340091278
-18.873663688526356
-18.86735492511321
-18.906953446675033
-18.89181325477956
-18.874390381448816
-18.884277974767997
-18.914653233067977
-18.90264161998093
-18.871777251226465
-18.86297280053709
-18.882916238237456
-18.861510006215134
-18.88130770589469
-18.87116084360027
-18.87576419970367
-18.858805633205193
-18.892490759324996
-18.894840715497235
-18.872214751808393
-18.87383346036957
-18.86822830567507
-18.864441151666988
-18.837449555769563
-18.81578487507266
-18.829382004699497
-18.831938666227973
-18.87492711526141
-18.835365137320228
-18.830458844652725
-18.830880949786003
-18.87282959595848
-18.84553172914421
-18.87033195216028
-18.872402549887713
-18.883716633384097
-18.876456824167466
-18.892416416838778
-18.885133670125178
-18.89265988758687
-18.879426095709007
-18.84291333220446
-18.820979878645637
-18.82560216029887
-18.82009792162195
-18.84285135110525
-18.827026117998493
-18.80182947717478
-18.831263379519733
-18.841549884793576
-18.863546777241968
-18.84709001547464
-18.843083618899982
-18.813780985208805
-18.813682706227308
-18.837068286425346
-18.84682355635594
-18.823739363353138
-18.826848391469706
-18.84283644693639
-18.865637041105444
-18.84835842720588
-18.85814678209653
-18.82565031833035
-18.82750422053763
-18.829890456258912
-18.822056003722736
-18.840486510853594
-18.827974138127594
-18.840706910223002
-18.84259551511014
-18.836303840037946
-18.84271138224431
-18.833342509045718
-18.86158268467327
-18.826853475867182
-18.84849194110485
-18.838618445460597
-18.83240113857706
-18.848961566713875
-18.841093996178632
-18.840276547188658
-18.810805585266696
-18.812070436318937
-18.822234685320705
-18.8439662505712
-18.840248148193446
-18.86398839883903
-18.868366569050224
-18.84638885887287
-18.84615266287675
-18.852360538307227
-18.849645107634824
-18.851961241369843
-18.841920508865208
-18.86384600777795
-18.884348572635144
-18.87748633862347
-18.907751138439735
-18.898121875231247
-18.89395784134933
-18.868175438587173
-18.893619898074416
-18.916527105496897
-18.89577300562168
-18.929521456009194
-18.920984510038707
-18.917844202171313
-18.91692125692489
-18.88672469285883
-18.892107556920813
-18.900114490332697
-18.87094878080437
-18.862901233213055
-18.874250082009993
-18.89103758646257
-18.886452578526292
-18.902431603268017
-18.92533873609871
-18.885561019705552
-18.906802453245202
-18.87941699503691
-18.874407324637872
-18.900175871364095
-18.929174360078914
-18.910470111775624
-18.932687389111475
-18.96313508239254
-18.94682599618247
-18.933427612713835
-18.949162468930123
-18.94625027499822
-18.97241695180113
-18.98905689691591
-18.94144852491105
-18.949601580816367
-18.93295868106886
-18.94912729266861
-18.935049830128367
-18.9122470961428
-18.906954190786706
-18.917258902077673
-18.91354185437618
-18.909284923516992
-18.901149081162323
-18.906169580043777
-18.909630157988687
-18.870183232202102
-18.89672352177816
-18.918492541174164
-18.893979645016113
-18.894558998268216
-18.90560404085847
-18.891218240666166
-18.90930199610783
-18.91802139578904
-18.928146853817722
-18.906627731721617
-18.915963893128655
-18.922463598391367
-18.917553493629384
-18.92530441999971
-18.926699522348038
-18.95390223487372
-18.967409343145057
-18.9735977949218
-18.961085989548874
-18.917092871296955
-18.93876714067462
-18.92986921801133
-18.935906388848636
-18.93630266100886
-18.92762777009838
-18.951328899474746
-18.953946026527472
-18.957510052708752
-18.950753555588783
-18.93916703609196
-18.952479525870793
-18.94761570449335
-18.95418963837373
-18.954880386007105
-18.958647919633986
-18.97081508431759
-18.971379650369816
-18.953060448195888
-18.957309242635667
-18.93564442247313
-18.968839282685387
-18.964199960975193
-18.96498331617049
-18.96271568266083
-18.95622940873993
-18.960563834412746
-18.998419198447984
-18.991248934394488
-18.972781336801102
-18.991277681580954
-19.027047490296667
-19.006441322925628
-19.00905829851061
-18.968775148794336
-18.97697222563695
-18.9653806160754
-18.924796637625917
-18.921904413532072
-18.94205661368097
-18.948808108510406
-18.942375251934084
-18.94675036322626
-18.935902803409153
-18.93011658015646
-18.926464124047364
-18.91827389021207
-18.883639866776377
-18.884925950921637
-18.87270401662937
-18.86153642423047
-18.887622736188998
-18.92310238157741
-18.906934371559974
-18.890424623800584
-18.890497160686643
-18.885591413202498
-18.88475438056522
-18.890601728466358
-18.89025163440555
-18.898028533712978
-18.90051402898328
-18.917350594942548
-18.957154424214927
-18.913349080274024
-18.923854600756865
-18.895146264357415
-18.914754200191446
-18.89193040604077
-18.886394274787214
-18.866141946940587
-18.847068196154165
-18.877704119215444
-18.884518674600468
-18.880343395017704
-18.889072547028967
-18.862262946947983
-18.867690888000222
-18.88815060394224
-18.859158080263967
-18.858121759762902
-18.852796921254075
-18.845759372540822
-18.864051175198874
-18.860874101791154
-18.861508588004163
-18.843939360813096
-18.819941715101496
-18.843931500746955
-18.837896989742116
-18.837838620108823
-18.82110891695534
-18.83780957880815
-18.830317987086822
-18.838567778369164
-18.816829211819083
-18.825389339699836
-18.837500078318296
-18.873158241148232
-18.854552551817672
-18.849976837810704
-18.84538437575179
-18.871755190484905
-18.868513881403448
-18.850852145968737
-18.809052230533805
-18.81030477096927
-18.839547449164694
-18.844344583808713
-18.82736396907464
-18.8355972039229
-18.833194636040368
-18.81921366110523
-18.818077930015576
-18.829570864649863
-18.8436390018887
-18.850571766175648
-18.860609744291832
-18.86165133460854
-18.858199725147546
-18.863607328767333
-18.872611454865226
-18.85833569700303
-18.861221033466318
-18.921331170937023
-18.935321406548397
-18.9448131659074
-18.936509988615033
-18.907824769838363
-18.91313312630674
-18.922548343027728
-18.909444308180714
-18.915248589012414
-18.92767784287858
-18.93385009520176
-18.95268195487803
-18.955802353886597
-18.932626068818195
-18.900001404927767
-18.92250199413316
-18.917714692128897
-18.91120793675355
-18.931767974651773
-18.94138901164588
-18.913678589523883
-18.95673195842541
-18.947903305269143
-18.94401896566806
-18.914265871426885
-18.928212827315345
-18.916500907614605
-18.926139226283833
-18.905537911312333
-18.924730198043754
-18.912227358314407
-18.91525085260629
-18.90548238836009
-18.896976886467364
-18.889440232085413
-18.861249868399707
-18.863283755683348
-18.871155241325184
-18.853797082185704
-18.8659370475583
-18.84646849000805
-18.842815339474907
-18.85330933002277
-18.849038067036428
-18.860722452928247
-18.87240562643588
-18.86865969403468
-18.86452930363652
-18.856983747607078
-18.84510059718864
-18.852016276476334
-18.83041418927893
-18.838339226470314
-18.890124875528386
-18.87850461087072
-18.889903362878645
-18.879981695546622
-18.869195170494248
-18.873029837685564
-18.870142754501718
-18.84289805273495
-18.81020494667095
-18.804894895948927
-18.837071132973584
-18.85652551680308
-18.871349434880976
-18.86658514536949
-18.890239646982543
-18.908711979719364
-18.896667566553557
-18.918022973542232
-18.897006543633093
-18.880852712094985
-18.83795573565554
-18.82851265607402
-18.86781636997854
-18.875008504263906
-18.874442748632735
-18.880046024978213
-18.863362279336126
-18.844684982802768
-18.855366174494005
-18.84667467502869
-18.88734665357156
-18.89149111168416
-18.870608222656116
-18.863516318252913
-18.89821295755763
-18.925537718795905
-18.955435980722235
-18.941557506920628
-18.935486680942873
-18.927710309800574
-18.944531942265712
-18.93540217045827
-18.92322792799141
-18.949569106071213
-18.930770550367257
-18.95318772166923
-18.96710869116423
