-18.9201833409758
-18.95051163199641
-18.94501717898155
-18.945871074382406
-18.90404185434373
-18.921672457332424
-18.91696312355321
-18.900408001294885
-18.892374561043773
-18.884316171235145
-18.92796748282059
-18.91227882211354
-18.914443670621154
-18.933107794925185
-18.939236925260953
-18.97445208419525
-18.934986005889606
-18.935287935578575
-18.898369949678596
-18.919631533754224
-18.925055769201673
-18.900253815549004
-18.90124730393726
-18.908110714782005
-18.94752425429022
-18.956556208664882
-18.987443150265808
-18.99048461959369
-18.999252497991275
-18.992099385195765
-18.991596333334755
-18.9875971107498
-18.998053726043644
-18.993112112138416
-18.982672730048836
-18.99441192094729
-18.98867580428744
-18.98887301719698
-18.976138201447313
-18.960404101154552
-18.97702022424305
-18.98452249455996
-19.020260283578196
-19.032086387362202
-19.012420894102068
-19.041596423200737
-19.06300562567503
-19.063492872470274
-19.033286138760808
-18.997989594811592
-18.99123880683501
-19.001879575152163
-19.036881108142666
-19.054344501060626
-19.022975953813056
-18.998307818129106
-18.991736416285917
-18.982858018174433
-18.984244371953007
-18.985133829663724
-18.98024616408298
-19.004922551402007
-19.00451805890597
-18.995869560542396
-18.999612597025646
-19.00493419223654
-19.009059076057298
-19.018677334155196
-18.99806807746354
-18.977120000121477
-18.985780084466302
-18.986169116897457
-18.990986684295148
-19.034705867612917
-19.009421954361777
-19.029886577333343
-19.034828900435624
-19.01555924444573
-19.031743957946574
-19.023026675238636
-19.023554810834593
-19.04069758531771
-19.050577866618106
-19.030685987310104
-19.03732975760104
-19.042576260152416
-19.055548789100797
-19.041971938053596
-19.05938252324417
-19.064783281708962
-19.103444072319082
-19.101513720670606
-19.102257608412465
-19.1161219091851
-19.123550999778868
-19.10118159225975
-19.104242455922027
-19.12899573612144
-19.131030370786643
-19.119937133480565
-19.123173759686644
-19.145021985457742
-19.119252858730526
-19.120799326860705
-19.12306305304487
-19.10295679491141
-19.088417437029328
-19.060751020191756
-19.068460070431783
-19.073498715458626
-19.07102225739122
-19.05241855031783
-19.05295633454969
-19.067975057927757
-19.044147395346787
-19.02349242073756
-19.008540757167534
-19.027692925876764
-19.02476981041216
-19.036743158675673
-19.0340973111516
-19.053004140663194
-18.991494983946662
-19.01497518405478
-18.994347394847736
-18.997687963930332
-18.997859528802415
-18.969390401026974
-18.98669910573023
-19.001472136729554
-19.011861510729336
-19.02792084508781
-19.03793667336081
-19.04758907324853
-19.019232868762305
-18.98337197431373
-18.95372489567482
-18.93200045424458
-18.96530421538632
-18.996076944827138
-19.0145171249285
-18.974921126016625
-18.979890248103654
-18.975754474918592
-18.96754092151279
-18.96604119683522
-18.946870482054344
-18.928620940096213
-18.891397441186566
-18.888520717015194
-18.931791585149558
-18.92914267764406
-18.92758795611961
-18.940703418933634
-18.96887495390297
-18.98705319519186
-19.00374520969733
-18.978043822764896
-19.00533215730634
-18.987618738999686
-19.012349240763143
-19.001219152247177
-18.96942097898909
-19.000753689868247
-19.001142359397065
-18.997561331530765
-19.02024714024962
-18.996258720083013
-18.986838958911864
-18.958106595790326
-18.92135097793866
-18.929160600604522
-18.915530938695508
-18.920551270210346
-18.893610621850147
-18.92232413366085
-18.950345235819483
-18.942720160822088
-18.91121759039553
-18.92137542725286
-18.920692116559437
-18.91907313645452
-18.92343236094183
-18.906591520530473
-18.934844514461474
-18.90167275619574
-18.92600816752849
-18.917119230631197
-18.88704061810707
-18.8916768246158
-18.92969045293227
-18.94124087267356
-18.966318312139222
-18.960933847376978
-18.97624447574904
-18.957283362429685
-18.937795257661485
-18.912317170405647
-18.899912149340583
-18.929005812904887
-18.932682365079447
-18.94380245981366
-18.949608522824345
-18.952153197968194
-18.965099590272537
-18.9727530155991
-18.985252678503354
-18.966959101528534
-18.98932040050036
-18.971264166333867
-18.949791305074207
-18.93830915212182
-18.95734606323506
-18.964453107734187
-18.957045794655446
-18.973544555900236
-18.955827850766216
-18.94425952297694
-18.904253893563986
-18.875925585539196
-18.881655060797453
-18.87257013511866
-18.876466145145503
-18.880769407008145
-18.892308754341233
-18.89271385582681
-18.896855539547307
-18.89839032394923
-18.932237254883944
-18.89325304907031
-18.918590891223932
-18.897664928035727
-18.892162046936487
-18.882491215857325
-18.876353989957053
-18.91025540616672
-18.898034664513407
-18.90542513029283
-18.91612713509089
-18.924708628424064
-18.927202237567393
-18.936970448119556
-18.917797768905498
-18.93778501700616
-18.930342069483906
-18.900243916173224
-18.90246344618918
-18.915722276254968
-18.926719460737303
-18.979766161452115
-18.99159547460852
-18.983663091275282
-18.98452583586444
-18.991086460752598
-18.97584193721377
-18.979589835788012
-18.952925901411795
-18.93414345208435
-18.932044972246285
-18.926623310865192
-18.94805602221489
-18.93489356241652
-18.940263654998354
-18.944696945124846
-18.943285748957813
-18.917497891677442
-18.895658112445737
-18.886408624321867
-18.895600896369356
-18.89203237243528
-18.887274474850344
-18.88529260879126
-18.900374453629595
-18.87185328799442
-18.88215366622164
-18.878337376663538
-18.899701026738732
-18.876186948425186
-18.86400516342194
-18.859552848962068
-18.862198114147606
-18.85261604701584
-18.83190602711816
-18.838735199433312
-18.84136530965218
-18.865096220174298
-18.88940500350667
-18.90737539689799
-18.917586682722483
-18.91248801023584
-18.951623448141206
-18.952844723834534
-18.979067656481575
-18.972614853014438
-18.98975804640658
-18.976878020372073
-18.981594501477584
-18.97496816027085
-18.95287861901658
-18.94934784718137
-18.93668854318822
-18.94398382459093
-18.95172786543751
-18.944841821341775
-18.93440666359509
-18.906702747807042
-18.909033260261936
-18.88609235533755
-18.895047204968314
-18.93827219061525
-18.96747954606185
-18.99103133839508
-18.995172351147968
-19.014468489145194
-19.008677983195007
-18.997825021287184
-18.989581834961644
-18.97366130280935
-18.973701517487918
-18.96573226041297
-18.9761738824425
-18.969091621576673
-18.96245684478847
-18.975354772769798
-18.949012916903435
-18.960698239637928
-18.96738787228348
-18.94632998792439
-18.94535626848238
-18.93638907225739
-18.891438845248203
-18.906668646627992
-18.923162714174282
-18.903555342821907
-18.89619944037625
-18.90638901709705
-18.897709905014448
-18.936892506467245
-18.962490355899565
-18.97987283116332
-18.965459099675865
-18.96839145601576
-18.91079085902822
-18.90031574841784
-18.927498604563464
-18.912579982406356
-18.912698423045743
-18.90560020482361
-18.878378290030017
-18.874386991718247
-18.90573438912652
-18.8899082555164
-18.896570782260014
-18.91120459866519
-18.89659611748633
-18.88425602509123
-18.875742308011983
-18.847033550685882
-18.874114645566134
-18.878218971981813
-18.883465769450236
-18.90257917404088
-18.89534430398153
-18.878516998678446
-18.881173834682055
-18.884309047027966
-18.902166059619464
-18.90648645359861
-18.858244072901677
-18.853675626413207
-18.878219797623757
-18.85937721503593
-18.82737212947678
-18.833129981131837
-18.833007957940794
-18.853925473081446
-18.85972868900678
-18.8825176606588
-18.882159042122858
-18.876545310406243
-18.882845226424124
-18.862121296242243
-18.840599268595987
-18.85051929033341
-18.85398484036565
-18.861012059311445
-18.830844477460435
-18.830723520682152
-18.827030509416176
-18.863272221116073
-18.868167146265726
-18.87546369277149
-18.89039164730472
-18.904277654720016
-18.922323297318677
-18.928397119679857
-18.89273956289212
-18.8822327136058
-18.883360873559088
-18.88035575246542
-18.88422659046146
-18.879048892619327
-18.867948309679548
-18.86265375778933
-18.872600820714755
-18.886441662164444
-18.884016169489012
-18.863238675837636
-18.89304428860885
-18.915342817859337
-18.90856446335291
-18.907080877595646
-18.944356740155207
-18.961084228874505
-18.95943273251861
-18.95374165667769
-18.9572034570841
-18.968805711358417
-18.96471701063723
-18.970913097536684
-18.96159677653764
-18.955260234922953
-18.949287198597396
-18.930878488130322
-18.933229955639376
-18.913254587747502
-18.871306892837744
-18.870460345173683
-18.87162845039837
-18.858233106202853
-18.849610385235238
-18.84398078238576
-18.831409767492396
-18.86026859638233
-18.903186941360907
-18.91646181857135
-18.924776623662467
-18.91045872783047
-18.916876504050688
-18.924377232374603
-18.944345272973514
-18.935910608653796
-18.951589314568533
-18.947018364189848
-18.918976421422208
-18.92469606069911
-18.90697350483383
-18.90215932052921
-18.912906607324796
-18.919693458384486
-18.903143268488
-18.892995948525293
-18.901914889155602
-18.901143951819844
-18.86817590618795
-18.86017966274348
-18.866755091785386
-18.86779002388217
-18.86547296434875
-18.900645637891973
-18.909715523118553
-18.90958461477474
-18.90840670106119
-18.89698452881609
-18.910639438513545
-18.899611080705185
-18.917256410597513
-18.92418142591419
-18.942420761131956
-18.932538716951644
-18.94530678553016
-18.968827550781516
-18.953579565990925
-18.968790027362886
-18.956703086240086
-18.971993680485586
-18.941278549762163
-18.939771753752794
-18.979038028654273
-18.983666899527545
-18.952305994972935
-18.939801364474434
-18.94534053957548
-18.94496687863657
-18.944423229932372
-18.97710929089577
-18.94615506073992
-18.925493903823764
-18.950712219007684
-18.938530502088295
-18.95416053966832
-18.95044066861599
-18.96090684445756
-18.982257052005355
-18.973191184970748
-18.97410810656343
-18.943668611154017
-18.942433253228927
-18.972095237351642
-18.920097390660583
-18.923934645553576
-18.913637432091935
-18.92110712915151
-18.927745252215196
-18.911756184269134
-18.905622967042685
-18.88138079109657
-18.867018308238663
-18.86292485837317
-18.862982459836466
-18.884694992901487
-18.886085100478926
-18.87021511170751
-18.884208276939706
-18.86720980877796
-18.861379641081935
-18.843457844233143
-18.849532376892522
-18.813285480169846
-18.81228849052017
-18.84623579692926
-18.866476566701024
-18.852842298503155
-18.879511277082706
-18.860969222394754
-18.877025469400582
-18.885137319508335
-18.90272658794257
-18.901717339823666
-18.90235564198309
-18.911279426370342
-18.930136933283244
-18.920189264965444
-18.91906267982936
-18.907270187416188
-18.90581753703057
-18.889133005056465
-18.914615666216346
-18.925018125662945
-18.914933189819212
-18.940197642420934
-18.89334970677229
-18.89309488214111
-18.893737979719766
-18.90013886903493
-18.889753756483852
-18.90739316395245
-18.886946831533134
-18.872734092963906
-18.867580838228914
-18.91042324758832
-18.89403015589693
-18.89374202664702
-18.892844701566883
-18.883527216859097
-18.952507386912753
-18.960821306399566
-18.96851259829399
-18.929695253870136
-18.93078582721684
-18.93473962254605
-18.948667571739925
-18.959857244035813
-18.958062841796608
-18.983468132233515
-18.951889265274456
-18.979450700544017
-18.939555045249673
-18.956140295018088
-18.930369497384913
-18.935979884147038
-18.91804923177715
-18.949192001299025
-18.95347873236847
-18.93277875839797
-18.926871206955724
-18.906309592663945
-18.92400486248112
-18.935125391255024
-18.935893459638763
-18.93008503373273
-18.962077021456995
-18.94695722743334
-18.925013882744768
-18.96985421263961
-18.945228348025854
-18.937573966319015
-18.927280452398634
-18.926148447795875
-18.93053829868018
-18.938864142853994
-18.958898682924442
-18.96726249734904
-18.99631409038021
-18.961609215164977
-18.96274301624687
-18.97579988797058
-18.98374153927222
-18.969362195176828
-19.00578857882746
-18.95743706753741
-18.923916579647614
-18.940443642457687
-18.94965916429819
-18.94916948575326
-18.940406607292353
-18.92324969410252
-18.919010705329285
-18.923135405817217
-18.929323366272953
-18.9478166646641
-18.95811868949037
-18.945869827159626
-18.950516523553738
-18.95607332959934
-18.961554941181312
-18.956958078257568
-18.980152041294602
-19.019312426915153
-19.02009224263296
-18.993887252425125
-18.973737782345786
-18.98308950566317
-18.964717886437406
-18.950777016305995
-18.94708256978371
-18.916008164832633
-18.917985489024773
-18.917096996803654
-18.96144666107472
-18.930773335901225
-18.93247017549974
-18.95035315888014
-18.93215605302071
-18.922914252411438
-18.913471399015556
-18.94828564980637
-18.945934403083402
-18.936784041923342
-18.927038740381615
-18.938941925187756
-18.939144017088
-18.918654055992153
-18.903730199113365
-18.887726041694464
-18.88609133923265
-18.91819722006908
-18.904694446844847
-18.899186987971227
-18.901163318315014
-18.907732716243704
-18.936694991984112
-18.95371395086502
-18.96146796134273
-18.98466115611215
-18.948068697964214
-18.942952707268187
-18.96742773520048
-18.94761422353911
-18.93030522165816
-18.92728323116791
-18.942431258417994
-18.948777204468644
-18.928628082453784
-18.922444627710192
-18.92696600809506
-18.921413094435568
-18.911172219438665
-18.916407521494328
-18.907663841953386
-18.90198466011249
-18.875420386196033
-18.894591155393588
-18.908546262692322
-18.94721129576225
-18.951218614251843
-18.967331519928546
-18.936800838381
-18.950915685362926
-18.97572994847782
-18.92550103785154
-18.89434768250812
-18.910051154895342
-18.918666497499277
-18.94026578276328
-18.928949872244118
-18.88718973696379
-18.86957185764097
-18.88069138810689
-18.872124719897947
-18.90151816228935
-18.927491267376418
-18.930005800214385
-18.911848499002687
-18.915441534531343
-18.93541101491926
-18.90773753581398
-18.867344083281637
-18.851569910557142
-18.813374414887946
-18.840584906308653
-18.852433676771255
-18.882832069361907
-18.903811349719298
-18.90422182748624
-18.931281445506926
-18.922844520152086
-18.896839447920282
-18.91386989786381
-18.91196068643204
-18.93326326667396
-18.918187579574493
-18.905425117217025
-18.90604116562895
-18.917381260382413
-18.939616717293163
-18.934475516783174
-18.9024762320756
-18.920840885565063
-18.93847122351396
-18.94383780196494
-18.947050704354186
-18.928686590077508
-18.902983329208745
-18.878269872565216
-18.885326611598828
-18.910007837357593
-18.91785908132399
-18.91566183370584
-18.92662787735216
-18.932106834364923
-18.90491298851823
-18.91738523933477
-18.941625800688577
-18.9403231682443
-18.97150737139466
-18.986865970637087
-18.97284376281629
-18.987194067653032
-18.969293266824977
-18.984068752475878
-18.986673981957725
-18.997254943507745
-19.001804602333895
-19.02053526253438
-19.015388803788046
-19.01858142698987
-19.040067546344016
-19.025655144185894
-19.032133224449364
-19.04123150938318
-19.044929991245528
-19.035031069498178
-19.001874967216853
-18.954917767500508
-18.982683311528426
-18.983059954920446
-18.98888379168555
-18.959498252717125
-18.966934938402733
-18.98125218511498
-18.973744062699435
-18.9713802622267
-18.996259096615766
-18.98766862702336
-18.94167004772161
-18.915668157517352
-18.90567718029041
-18.94229814307221
-18.95946820040445
-18.965111817722534
-18.943511709041363
-18.926849367367243
-18.94944010864601
-18.962220907941578
-18.948839002823366
-18.958372985902773
-18.96810375717996
-18.967873419813518
-18.957497234846738
-18.956503255757713
-18.952522190054296
-18.94790053642896
-18.94778906366863
-18.98641708685754
-18.97251634513545
-18.98114299570789
-18.96870817091868
-18.96411888104574
-18.974671048807963
-18.972556474498266
-18.973874432557302
-18.981457555915764
-18.979856304670836
-18.96615034413956
-18.962795656419846
-18.950484967800868
-18.975654738572263
-18.96576936372489
-18.987523354774456
-18.97299047314937
-18.954570818720903
-18.966570252002736
-18.94944709063023
-18.92373330820618
-18.945779178404834
-18.945134520027132
-18.9600075638458
-18.956521132350243
-18.937634873051074
-18.947167753742253
-18.97123061813266
-18.98481803021141
-18.979088648950736
-18.98384737941135
-18.956597749955094
-18.967278854113914
-18.981545545758525
-18.977578859849153
-18.96391163894523
-18.9485128522287
-18.970021419067553
-18.93368176974829
-18.940150040823955
-18.953815123207498
-18.946864223860118
-18.94504745547402
-18.96962310548424
-18.972975816372983
-18.962676595817705
-18.958409669870516
-18.980429789479803
-18.97610061317627
-18.950794186578737
-18.942740497952233
-18.94593640874257
-18.948156323421113
-18.962159069551817
-18.955665391554813
-18.956645260418384
-18.931943119139714
-18.920919634460773
-18.915715413839838
-18.891574735786378
-18.872086219740787
-18.862532341425414
-18.920979685992698
-18.91928106762884
-18.911203589574193
-18.93438477944187
-18.916935704182123
-18.926804393567046
-18.927075406711953
-18.919757813731373
-18.919402139938246
-18.922040752888083
-18.925577739932187
-18.926609306677715
-18.897365314981208
-18.897857443738918
-18.88524823588965
-18.884714356871243
-18.90365778023458
-18.91500365164709
-18.9326454882342
-18.932185674510905
-18.93189675753447
-18.917058730363763
-18.909301207072616
-18.915728654387213
-18.915427588642036
-18.908058866608954
-18.906800655937595
-18.89709760272685
-18.88590135065416
-18.84339719750453
-18.879161408996378
-18.862339962926985
-18.894405629757397
-18.923678029404698
-18.9329309106519
-18.92211219202658
-18.90121850343635
-18.926731623006564
-18.94287625035787
-18.95905708239902
-18.959454729103204
-18.978801961795156
-18.955728260039663
-18.944957629969316
-18.9295402141307
-18.90857413764406
-18.904528233905374
-18.893298154692086
-18.891792558908065
-18.87537846783198
-18.877232872810744
-18.875201494858434
-18.906407238660012
-18.911806701741895
-18.933745452162192
-18.927840794377946
-18.931852296901308
-18.910854237669035
-18.961754266770487
-18.99122999214009
-18.985432467892625
-18.937280868473227
-18.93573202678605
-18.933713326842366
-18.94272650068273
-18.937931540886964
-18.914320087010697
-18.916379161274612
-18.911132029735345
-18.935975673232555
-18.946658176218776
-18.99319612883272
-18.987437146978298
-19.001822318783535
-18.99887279535165
-19.002058599717216
-19.021714400337817
-19.050343571576654
-19.039498791842604
-19.041975618232208
-19.022196463454087
-19.010894630186748
-19.006168396527798
-19.014620625591597
-19.014113489270926
-19.000247940408972
-18.981160687855535
-18.97943310482622
-18.983596513978465
-18.984833048491954
-18.974748432937893
-18.997714390692238
-19.02003516527879
-19.00817241709298
-18.998515479798698
-18.979777754347825
-18.97834990019606
-18.980816980127628
-18.99687342175595
-19.02122985125916
-18.99663806465733
-19.001682026357706
-18.99744481664903
-19.02979320532372
-19.043661629035523
-19.0018822140403
-19.039745588210167
-19.024134692264482
-18.99849897108476
-19.032760790767682
-19.02240933182111
-19.03586545817281
-19.036291473888532
-19.046509835286077
-19.021293181120278
-19.032725059649927
-19.03736042576939
-19.038746211968853
-19.029346291633768
-19.022528148078795
-19.026945620407258
-19.036799356800024
-19.045472247562223
-19.028905216433778
-19.047354676128556
-19.040281764213987
-19.02724035812144
-19.049151707856716
-19.058614465854845
-19.087439350996107
-19.095875213198433
-19.088738789809476
-19.107880300430587
-19.11663249403685
-19.10678437049982
-19.104903158061507
-19.11239425495893
-19.08669240306668
-19.089903561190145
-19.072381521477805
-19.11111954098526
-19.11148477968821
-19.11580329246247
-19.07076277741963
-19.09492337280443
-19.079429018630364
-19.065046870267256
-19.07470634080101
-19.085626048443945
-19.07868571398611
-19.047731667315603
-19.031884602769086
-19.031257065889374
-19.033190221371164
-19.057593125134172
