44.0
43.958629462701545
43.91503905314504
43.86495037527226
43.81078740170346
43.753549831299225
43.69019944827008
43.61760098388317
43.53661093177508
43.45050147745095
43.35849440066654
43.25778776234406
43.146001238951015
43.02122586574764
42.889565058035934
42.737240971733335
42.57162438359327
42.40171795019213
42.20139583687993
41.99095545700315
41.761538459273474
41.51161282098085
41.237928156497546
40.94166953674877
40.61990087673263
40.257080857360236
39.87056655185162
39.44610154158382
38.99770591187473
38.50742145115062
37.990138791249
37.41895086177271
36.8196681757478
36.17772985698596
35.49418932919095
34.73401847232359
33.95092385609268
33.10908369589998
32.227396019872415
31.29002784862619
30.330522712597723
29.296352259072595
28.212845339404957
27.107155736291105
25.953611029808055
24.777104629913406
23.561565838596568
22.304523134840124
21.02380845060281
19.741721533329823
18.429943257703037
17.11336391255559
15.764886915971115
14.450998454481157
13.13508792569492
11.814071677290002
10.516521127786321
9.240700560112652
7.982777448636663
6.753871889529492
5.541328869801562
4.346328307050552
3.205975325619682
2.0783254123476995
0.9869026888042206
-0.05979382120498692
-1.0746776034446441
-2.063917230643651
-2.9779661049581208
-3.8750898446816584
-4.726570863295559
-5.524138254308376
-6.303219000628766
-7.0437468428529915
-7.746939514816774
-8.406320311078485
-9.0385768578224
-9.634619354271825
-10.203689583344888
-10.745908631098423
-11.239556100682746
-11.70374740538518
-12.146233907265328
-12.569648546473099
-12.961742787903086
-13.336177126979516
-13.693810935326724
-14.030485798313883
-14.341229001888003
-14.627196174864556
-14.901042276107598
-15.160431061429634
-15.402514740704135
-15.620135976382283
-15.83224429371698
-16.040266256545117
-16.22058307227575
-16.398227146530623
-16.568708682334613
-16.73203195589581
-16.879394871206664
-17.017735206373885
-17.15405861849241
-17.280657211111173
-17.399268229954636
-17.51684753425283
-17.622477050341764
-17.7221627084819
-17.819412016809377
-17.916931294248823
-18.00095885482921
-18.084273873340923
-18.166005448943363
-18.244950834530364
-18.32132813130053
-18.396802727304156
-18.468186327016873
-18.535803622869306
-18.595910804884955
-18.65730991877158
-18.718164881749203
-18.779534686012333
-18.83833225829255
-18.893588736838648
-18.946875612008835
-18.995370772072576
-19.043747764805143
-19.0920134627217
-19.139077607533704
-19.183943635631998
-19.228293858352004
-19.27357327550843
-19.317727916704637
-19.36182613191521
-19.402120856502275
-19.438443432289873
-19.476258039992466
-19.51501056479028
-19.551228151684978
-19.585492085601288
-19.620555464764806
-19.65415689538645
-19.688420231195796
-19.724438969639607
-19.75763088912291
-19.79241720000638
-19.82772330235952
-19.858158197296873
-19.886564929329143
-19.913924926784393
-19.94321883324152
-19.969937844234227
-19.99768156760668
-20.0265931832591
-20.05625664465016
-20.082095471594855
-20.110976394947997
-20.13857228693529
-20.16639898935481
-20.189786959232656
-20.21235443512977
-20.238451002310402
-20.265547260995273
-20.29140008449548
-20.317277791877004
-20.34415927445464
-20.36683207486983
-20.3889696206182
-20.411752604789676
-20.43757698585583
-20.460552303709374
-20.480943355494976
-20.500339918761764
-20.519389116910833
-20.543672939225683
-20.562755131877477
-20.582595361794763
-20.604029742577946
-20.62694481620719
-20.648498507417802
-20.67034950183158
-20.688950850114296
-20.708208637433835
-20.72784841654832
-20.747321292036403
-20.762816880763154
-20.7826216179589
-20.803578385309667
-20.822460439640768
-20.836889857239342
-20.855006133115964
-20.87465419462882
-20.89130711623112
-20.909701181905515
-20.926265628732228
-20.946651329043586
-20.963558633567985
-20.97982506083617
-20.996534873767594
-21.014409093063616
-21.02996949975249
-21.046632732641324
-21.059229817611772
-21.077934864563737
-21.091290284010338
-21.107633801356577
-21.123792157576577
-21.140272486773686
-21.15648452746362
-21.17328514411445
-21.18765085690902
-21.202098122014288
-21.215313269942374
-21.230085143063633
-21.24803206286782
-21.262817245945314
-21.276164417162686
-21.292924859581486
-21.306533349503248
-21.322907046520996
-21.33664724902
-21.350560028803176
-21.36559621371971
-21.378858865682126
-21.393904785085006
-21.407002547773338
-21.421474813856598
-21.43306211231146
-21.445597922342312
-21.45984040565808
-21.474027417281892
-21.488744388942035
-21.499417118996185
-21.508378803530235
-21.52002986469683
-21.533453619521865
-21.54387944287557
-21.556342000000715
-21.564722883774913
-21.576822005739068
-21.590549049838497
-21.600807807165435
-21.61147944392891
-21.622910890489468
-21.635139563702037
-21.64609587645116
-21.656317139040453
-21.667726043491456
-21.679181853697788
-21.690473481308263
-21.702514384506042
-21.71290112641387
-21.72699295453212
-21.741873705033772
-21.75142798569282
-21.763812604631134
-21.77477017103353
-21.785543836627422
-21.797282759239273
-21.810446384966923
-21.82010657145803
-21.833518132281828
-21.842365625304687
-21.85567252470115
-21.866277662390562
-21.876389829890066
-21.8875350789638
-21.898651533983713
-21.91014266717711
-21.921277357134137
-21.931592141483307
-21.94076497750795
-21.94719659912189
-21.955552975916845
-21.964802592909706
-21.974303351189658
-21.9860044938423
-21.998786434849972
-22.006558586335903
-22.016477469464697
-22.025583002586398
-22.034663999263117
-22.04467168333842
-22.05556520240704
-22.066703054901954
-22.075164577237818
-22.085454591510935
-22.094595587036057
-22.103333849239128
-22.11396946494592
-22.12696130627526
-22.138911330158674
-22.149552658287405
-22.15662174398766
-22.164704841921445
-22.172857447501503
-22.18514955254664
-22.19394833095469
-22.203391302628898
-22.21192963686164
-22.223158264047274
-22.23404296540271
-22.24571112838738
-22.25617465202166
-22.266105076029053
-22.277801119157765
-22.28784985528986
-22.295138642605583
-22.303329612622655
-22.31430995475314
-22.32180624911746
-22.332404509038504
-22.3411138603538
-22.349055572912665
-22.357298090152465
-22.36728498382843
-22.37554014214794
-22.384027057569302
-22.39083963194788
-22.398848757308656
-22.408012583147404
-22.418435655298957
-22.426111254363096
-22.436285017261298
-22.446030417745867
-22.453457980048004
-22.459641012125346
-22.467289295638235
-22.477989906455633
-22.48513617624767
-22.491046393806045
-22.501589572490303
-22.50852979406995
-22.517632880874682
-22.523790920245684
-22.530025436463237
-22.538778292795378
-22.548971900910292
-22.5543767738247
-22.562508405928728
-22.56799107396093
-22.575560583217744
-22.58511135106699
-22.591963427063053
-22.597408746690103
-22.603914462346463
-22.611010974681243
-22.618818857589147
-22.629747051113117
-22.638234689184905
-22.645079921832714
-22.651306618787125
-22.65809036997844
-22.66501214664178
-22.67367168806084
-22.682935532812337
-22.687933862094265
-22.69253310339103
-22.69899905071548
-22.704734946552822
-22.713731649198454
-22.723296344666927
-22.73265779399282
-22.740868715686243
-22.746276265808323
-22.75370935027629
-22.76104780019514
-22.76864109292664
-22.775035141775913
-22.78328906517538
-22.788785973743455
-22.79432714344281
-22.796123346558687
-22.803200804023128
-22.80984929993094
-22.817334909794106
-22.824819819631657
-22.8307586580579
-22.83570780734108
-22.841602908241512
-22.845647855166472
-22.849600166507095
-22.858138707326138
-22.8635576584549
-22.871039909146162
-22.877263742400153
-22.881100589403527
-22.886000682502917
-22.890685689689406
-22.897260087611368
-22.901721218556418
-22.907799809586095
-22.912339070026153
-22.918303910913696
-22.923931911853067
-22.929602921088485
-22.937008555423986
-22.941727680252228
-22.949159230162884
-22.954574030196103
-22.96270556752215
-22.967815425167807
-22.975578267967393
-22.980451329985467
-22.985250144358957
-22.990053445149908
-22.995410567890215
-22.999756540013976
-23.005838600260926
-23.008952782555596
-23.013479268627478
-23.01838564433526
-23.023708901618356
-23.027637644735393
-23.033206532278943
-23.03557273282759
-23.04087410629649
-23.046057037214677
-23.052077416625313
-23.05739589402903
-23.062361018057455
-23.06705327870736
-23.071969232112657
-23.074580672123837
-23.077660942009995
-23.080206733156857
-23.085151563273733
-23.091873207380694
-23.095227307263634
-23.10038856910047
-23.106708940737565
-23.111405128850212
-23.115318973580333
-23.120985580163463
-23.127812046811147
-23.131065954113748
-23.133476782372462
-23.139180979429003
-23.141995138996936
-23.14792049693011
-23.150322494479767
-23.153314522557565
-23.156959898774975
-23.16294385979889
-23.168432263176562
-23.172649479423395
-23.175513027337892
-23.17796840539997
-23.18272902644199
-23.185608393004312
-23.188681899134476
-23.19233313728266
-23.19553963369556
-23.200218146096184
-23.204252939105263
-23.20764188976113
-23.210207560338088
-23.212660652411994
-23.21715313285505
-23.221202597886368
-23.222669806848323
-23.225726214498238
-23.231463555127508
-23.236490207892945
-23.238625897203722
-23.24274014465757
-23.247787527957463
-23.24963351622247
-23.252310260929494
-23.25464535367506
-23.25814125676254
-23.26113515311375
-23.26414564529353
-23.268613115284086
-23.272215388496328
-23.275758648654914
-23.27848486581292
-23.283674739581873
-23.288037767523203
-23.2913236114276
-23.293039407861826
-23.296756710274057
-23.299691660989776
-23.30353052579227
-23.308038471342005
-23.30924956300546
-23.31403318143025
-23.319010269266837
-23.326222804060244
-23.32709073254998
-23.33074628484592
-23.333648028671856
-23.33709994898315
-23.34075147570736
-23.342093898879025
-23.346791838095818
-23.351589032708553
-23.355207813133344
-23.362683223604694
-23.365680455100637
-23.369207389986205
-23.37443697173086
-23.376484961201655
-23.377720369787063
-23.377944219445723
-23.378922461191696
-23.382474693646063
-23.384619310698902
-23.389989729174214
-23.393985362053403
-23.397875035244077
-23.401261908634574
-23.402906963496065
-23.40650585449649
-23.410212374529458
-23.413560001267555
-23.416359450425347
-23.417444037597306
-23.419471966216445
-23.42129905399355
-23.423540139715783
-23.423769684776147
-23.42788307703986
-23.430157546666333
-23.430278583010196
-23.43163125823346
-23.435969693950373
-23.440517783227595
-23.442728790031815
-23.441716786341686
-23.443171292750648
-23.447653160417453
-23.448296341398716
-23.45212096360403
-23.454613766055928
-23.456052087815163
-23.45812278178192
-23.461488752955884
-23.46217572887894
-23.466149048782857
-23.466798235493826
-23.469517851303493
-23.474367361241043
-23.47509368171528
-23.476650807722187
-23.479444379925734
-23.481301687275764
-23.484664368109748
-23.48741887867631
-23.49115545082751
-23.49283534722228
-23.49455784355885
-23.498568763116804
-23.5020521581334
-23.504791671043883
-23.506496197415448
-23.509452627566095
-23.510136592735492
-23.511921465142805
-23.513327712587085
-23.516590907069236
-23.517529872560022
-23.518116429686746
-23.521652419444386
-23.526748468375537
-23.528296545584592
-23.529830878040617
-23.531924377874287
-23.535291289263846
-23.5397097685973
-23.538874052223722
-23.540554350837127
-23.542854326909204
-23.54609756819535
-23.547137595175986
-23.549022750789693
-23.550499051647087
-23.55187515617293
-23.553601104418096
-23.554211408459498
-23.556248689982773
-23.559183592903473
-23.56249729447924
-23.564699352540966
-23.562738994367795
-23.562892025031083
-23.564775700420594
-23.56929744541242
-23.572988457424124
-23.57372250123441
-23.575022510079712
-23.575909652330232
-23.576067616298623
-23.577611937311513
-23.578887733975126
-23.57867956899502
-23.57817928725886
-23.580158934451983
-23.580628284415937
-23.580268364308562
-23.58234857409825
-23.582617317386497
-23.58400978002375
-23.584783624115957
-23.587663936074062
-23.59060150014953
-23.593419546313093
-23.592430801872982
-23.592204144044153
-23.597085483908366
-23.59772336907835
-23.59646280126611
-23.597913746837747
-23.59784617633944
-23.59785951521888
-23.599713381181285
-23.603026876752804
-23.603124847272962
-23.603673559376194
-23.605775160215977
-23.60669541406038
-23.607087364562755
-23.60610655703467
-23.605044027445636
-23.60523987069127
-23.607034028378653
-23.61034334807872
-23.611566656236924
-23.612595132334874
-23.612412555959576
-23.611513861012984
-23.612579096912828
-23.61268630419937
-23.612919046168123
-23.616421798723813
-23.61970230745017
-23.617935292916325
-23.61910567790714
-23.619679097098295
-23.617362326274584
-23.617157083129943
-23.61833833029035
-23.618617869999785
-23.62077536305466
-23.61905114099706
-23.621502430314724
-23.62317090501232
-23.62526698301337
-23.62655009912898
-23.62595565536088
-23.628516900381594
-23.631554462157204
-23.630668035877832
-23.63108490774384
-23.631781488794456
-23.632341673623998
-23.63260505779853
-23.6312109039494
-23.633278251058982
-23.634044561245204
-23.635643391452284
-23.636297548052557
-23.63658610684711
-23.637995985316774
-23.638866771315357
-23.636989290401974
-23.637375637452912
-23.637269475344805
-23.635459368640408
-23.635970384406882
-23.636640573102785
-23.63772285117582
-23.638900415001693
-23.63971993167674
-23.64145575956554
-23.642496062555434
-23.64181985954724
-23.64025325271833
-23.64034156650571
-23.639638722760772
-23.639040018317026
-23.639693063265003
-23.639760870944862
-23.64369481452378
-23.644249953093087
-23.64677427464357
-23.646531230349236
-23.648780272579234
-23.649702741983987
-23.649780503356762
-23.64838874708309
-23.650107833128935
-23.651919232360008
-23.65182059313211
-23.65037534716192
-23.649221959651758
-23.64852945512942
-23.64906295438271
-23.65211340485296
-23.65285269287476
-23.65262834152436
-23.654704712458116
-23.65399454601211
-23.653749659960905
-23.657794898095094
-23.657156850252516
-23.656099957401644
-23.656313845574147
-23.657120928484982
-23.658978883354393
-23.65880141416729
-23.66018168652308
-23.658934544764282
-23.656282797239037
-23.655524706338422
-23.656179989941887
-23.65422287198121
-23.655172644317652
-23.6565438405921
-23.657266684718902
-23.660616617891378
-23.659531866804468
-23.66109427068276
-23.662258060325474
-23.662620217293107
-23.662373811465358
-23.662570162084773
-23.66117524025707
-23.662765997228288
-23.663436848344023
-23.664710275560935
-23.662759476483885
-23.663780606653365
-23.662628907692646
-23.66253811982571
-23.662799894154126
-23.66368635478813
-23.663306354033434
-23.661662370520837
-23.661711264105666
-23.661351926773804
-23.661465544177627
-23.661624918639586
-23.659384204037227
-23.661271684543383
-23.661459889016115
-23.66050324045797
-23.65998031652787
-23.661445807060957
-23.660561294265918
-23.659223263164478
-23.661101315513164
-23.66005355852377
-23.659554827361806
-23.659166595682642
-23.660948613830755
-23.662017875439535
-23.661714843467216
-23.66125498786907
-23.662498656351687
-23.65957370889343
-23.66098283947971
-23.660602267580952
-23.662209551469232
-23.662285634245126
-23.66177146252274
-23.659368428356043
-23.659777253442815
-23.660746074644255
-23.660231701865662
-23.660426595563138
-23.6615946994428
-23.661493451445835
-23.660593219077878
-23.661569966843036
-23.66212262483506
-23.661635867149773
-23.66144857540173
-23.66286828842171
-23.663362544209125
-23.66265596419918
-23.663005256057758
-23.661894249487926
-23.6607965842636
-23.659262306534895
-23.66007939721653
-23.66211954663982
-23.665754161955835
-23.66695521575294
-23.668826253924546
-23.67120554919328
-23.670306290242493
-23.670033397826135
-23.668645314848906
-23.666887766573193
-23.6655485026189
-23.666239025099784
-23.666414553525406
-23.668888453164495
-23.669389645751156
-23.669850604033808
-23.66931364239485
-23.670813819387558
-23.669416349989042
-23.668562173565192
-23.66686473139095
-23.668389964614708
-23.668495712790286
-23.668901232823345
-23.671391600466166
-23.671612186698635
-23.67004395888217
-23.670056315877865
-23.671219696843583
-23.671246407884542
-23.670478814461823
-23.66922481540856
-23.669088537853117
-23.670271808546023
-23.671275451776705
-23.672034345319606
-23.67149568326625
-23.67192467138698
-23.669829158528497
-23.669801918500728
-23.670162835771247
-23.6728788616025
-23.672197299332257
-23.671846543842857
-23.672339383363425
-23.671930125774296
-23.67134034553934
-23.671564159884646
-23.672159072623934
-23.672398797491546
-23.67317897737242
-23.673767955184264
-23.67193907634554
-23.671692891559747
-23.671087141439955
-23.67077622425804
-23.670902015859387
-23.672324109539677
-23.671139806234983
-23.672272768484973
-23.67470129802764
-23.67670414993093
-23.675261914883144
-23.675085377060885
-23.67794098659124
-23.6794377212772
-23.67977319323323
-23.68085130501246
-23.68189310287939
-23.679963678792443
-23.679529636751973
-23.680712193398254
-23.678590028475345
-23.678246930550852
-23.67766455913057
-23.679200189083463
-23.67977868163385
-23.67948105234546
-23.679333522206935
-23.67985548364615
-23.680547300119315
-23.679147609924144
-23.679433794955152
-23.6786521955431
-23.677706287434333
-23.68040470935795
-23.681622616800844
-23.68308232083397
-23.682712626655743
-23.684370842609923
-23.685379628029867
-23.687444033975318
-23.686834235092803
-23.688386900141573
-23.686625926596175
-23.685709343476006
-23.68402990640763
-23.68570926668451
-23.683523729528787
-23.685849731650823
-23.684876444859416
-23.683968590072222
-23.682881142851098
-23.683427925257114
-23.680926621932556
-23.680738990058508
-23.68077643615226
-23.683151556178256
-23.68366274927793
-23.682717139263076
-23.681589847166126
-23.68029141573146
-23.679487791027547
-23.681547981151958
-23.6810599526627
-23.680890787211187
-23.683428414294042
-23.683690381187386
-23.682373883987374
-23.68253064923484
-23.68176416731366
-23.68602819744285
-23.684675031833834
-23.686686355706236
-23.686433464593513
-23.68675823224996
-23.684337856043385
-23.682968819453443
-23.683089052566746
-23.683946713396328
-23.68324120672605
-23.68235432438793
-23.68342721039592
-23.68226570170088
-23.68170574317683
-23.67920744753311
-23.677286786322476
-23.67978562312002
-23.681227937336566
-23.67933214741598
-23.68069729098978
-23.681728123057844
-23.68174406482288
-23.679753623941878
-23.680062862883116
-23.682932082631655
-23.682817316863076
-23.68059692895499
-23.680969945380944
-23.68145853762256
-23.68112598989316
-23.68056401567365
-23.68075210228474
-23.680603088227002
-23.67896509725559
-23.679723396939625
-23.67948529965433
-23.67975879697289
-23.68261159486764
-23.682905324974975
-23.681754420492254
-23.682161014796144
-23.682203407226684
-23.68209395147648
-23.682031394722152
-23.681686139105114
-23.681128581351885
-23.679670358559157
-23.680640217075275
-23.680830184121685
-23.679380142115892
-23.6768333941014
-23.677869274882703
-23.6764965043915
-23.678525535670992
-23.677220168500565
-23.6756866405884
-23.67441715790503
-23.67583327645297
-23.67527943225284
-23.676314474296053
-23.676412371462153
-23.676871964941103
-23.676095939513818
-23.674156231136017
-23.675499380810468
-23.674376561756322
-23.673503364224683
-23.67469730018603
-23.675126181015347
-23.67509104546767
-23.673463384156264
-23.672975091754257
-23.674609264045785
-23.676101170313736
-23.677531801233997
-23.677427113025274
-23.678573928461002
-23.677803078251138
-23.67839760283817
-23.677572491163797
-23.678040341408366
-23.6773280724616
-23.677565543802412
-23.678052388514697
-23.677976938570595
-23.677324521978477
-23.67808503832332
-23.678704211715623
-23.67799562153992
-23.6785092291688
-23.678079565797336
-23.67619309397118
-23.67843139415418
-23.67920614666049
-23.67844248176401
-23.680021709136113
-23.68030901138761
-23.682299969518002
-23.683212327578214
-23.6828692944929
-23.681556118606093
-23.6817187073763
-23.680018700372862
-23.68019895851975
-23.680584023723583
-23.68067520402768
-23.678908226088762
-23.678576843216305
-23.679703956379058
-23.681503638246237
-23.681210754812827
-23.681827335362062
-23.68037578071878
-23.67972824815835
-23.679903831415395
-23.68155252307296
-23.68055610435544
-23.681212212156517
-23.681857041458034
-23.68231992298849
-23.68276701297927
-23.684778255750064
-23.683519211166594
-23.68274360091434
-23.68283518087738
-23.681880500545567
-23.681060125416256
-23.680884410644282
-23.680547902201656
-23.67990176564549
-23.679259142190645
-23.678685959682436
-23.677302320340715
-23.679165643686385
-23.679600205740357
-23.680119987443955
-23.68030229529771
-23.678771968963378
-23.67914564071258
-23.67764467244427
-23.67825305523121
-23.677689123992653
-23.67730322660517
-23.677393752730165
-23.67715969476865
-23.679318679384505
-23.68092713034041
-23.68093633529292
-23.680223772373203
-23.68025270933601
-23.67914291902237
-23.67826444568115
-23.680736651099387
-23.682466276719186
-23.68126608508655
-23.68254228126299
-23.681380568086098
-23.68242015332662
-23.68182079612108
-23.68406601111594
-23.683202127475457
-23.68362206355773
-23.685610910944593
-23.68488166598106
-23.68425927965206
-23.686566405209398
-23.689446559595527
-23.690393412030716
-23.689714152641635
-23.68917387825646
-23.68708512518334
-23.688233790908562
-23.69012072739945
-23.68863392252202
-23.68788566144664
-23.68710388904782
-23.685422142099295
-23.686536251383856
-23.687289528877002
-23.689903126611437
-23.691034539787566
-23.689224840125718
-23.69013949700529
-23.69001284231876
-23.691983225014962
-23.690396528066646
-23.687195366359642
-23.684937193523673
-23.68325694143684
-23.684547771864814
-23.684687768717843
-23.68784559489421
-23.690817372533093
-23.689361295352384
-23.691977940592164
-23.690624205796663
-23.689792520423588
-23.691117663783874
-23.68987682644142
-23.690795447523758
-23.693476198862363
-23.694868691452637
-23.694584451665417
-23.69354230479395
-23.69176904899765
-23.691125324669652
-23.692037822906055
-23.693382867862063
-23.693541615147023
-23.692483751105403
-23.69091904890705
-23.688925453782822
-23.68961912278147
-23.68907552262725
-23.68842864264944
-23.686277625022406
-23.6861695567321
-23.68765137925976
-23.687746742705183
-23.68697060636727
-23.68582757371181
-23.68854909734805
-23.68873680208243
-23.687734846030366
-23.68863819048737
-23.686470956832103
-23.686848371172193
-23.685874853435276
-23.688111065102767
-23.688929490197104
-23.68814506099717
-23.687167298641018
-23.688593016053822
-23.68885345874807
-23.689491171450847
-23.689845937604236
-23.68890137608106
-23.687431569739854
-23.68896300247792
-23.689782751095443
-23.68786323339911
-23.688161007413647
-23.686691080140825
-23.687137107397245
-23.687484435284055
-23.690479538754644
-23.691085584649958
-23.692038800035757
-23.69062069288563
-23.688700686074576
-23.688691324710188
-23.68727530799439
-23.68720253543394
-23.688111456628086
-23.687256998522912
-23.689059214453955
-23.688130743390968
-23.686838828333553
-23.685410266320922
-23.685421448772
-23.68633791766855
-23.68596051788596
-23.683631024886797
-23.68306919322393
-23.68341568571109
-23.68514460920084
-23.684052742659485
-23.682751751913564
-23.68179272506061
-23.68049619233637
-23.68078605174184
-23.682602339357874
-23.683737951754704
-23.684726753540442
-23.68533959825386
-23.686303669718665
-23.68731337104332
-23.686986018476343
-23.686349469562135
-23.684511070476766
-23.68351528958167
-23.685133995126336
-23.686043908462047
-23.686124069462558
-23.685714233776103
-23.68523908915158
-23.684856187113652
-23.68487320546327
-23.683582479514076
-23.68255885425495
-23.682056689027593
-23.680533449760894
-23.67973009455599
-23.679391351491688
-23.67837647804915
-23.678283066819695
-23.680240216027652
-23.68104377272885
-23.68329798347128
-23.68502647017878
-23.686321129358536
-23.686737676298694
-23.68719763573183
-23.6873017945497
-23.688306212043724
-23.68741405767125
-23.6871055119867
-23.687208176781898
-23.686755419002782
-23.685801040316505
-23.68652281651472
-23.686778216298496
-23.685134765466163
-23.686777940461305
-23.68819797343037
-23.68892300701091
-23.68695098409413
-23.688153167979255
-23.689576562221056
-23.68983760314146
-23.690882874016648
-23.689121608918366
-23.687689641955682
-23.687992302456582
-23.68905866848243
-23.686950543130806
-23.688289692551123
-23.68683001770826
-23.684878504301402
-23.68502845888694
-23.684875262505557
-23.686853132371414
-23.688507011961157
-23.68865969314708
-23.687599220646522
-23.68592341756799
-23.686189631513397
-23.685872726145394
-23.684801449449168
-23.68547650725892
-23.686157128401334
-23.6855076309125
-23.681096410657524
-23.683394640792013
-23.684148826179733
-23.68296648139819
-23.68247093715066
-23.684049550662053
-23.683293155324023
-23.685311688968127
-23.683006247835703
-23.684190285945746
-23.685494677752228
-23.68253640752364
-23.681492562455865
-23.682979579608446
-23.683134115277216
-23.684081869257916
-23.684529751308006
-23.68484830858572
-23.685162772498078
-23.684693531850616
-23.68506504949753
-23.685100014763815
-23.683523500622993
-23.6845571316865
-23.681687651662596
-23.684414166012626
-23.68554318668907
-23.685169900236097
-23.686188653982295
-23.686586910172952
-23.685067855813934
-23.684032075362556
-23.686442779758675
-23.685054338290925
-23.686238782306795
-23.686093560127244
-23.686562543124516
-23.685528260937957
-23.684484481720386
-23.683970492422194
-23.682398159849505
-23.68093016758905
-23.680159540806557
-23.681096301771202
-23.68207475609135
-23.683175334363813
-23.682823244516676
-23.683808394644768
-23.68338381245989
-23.682658419301877
-23.683262944407986
-23.682418395331712
-23.682654671290624
-23.682141276000706
-23.681610964737477
-23.68087853154525
-23.681850830686077
-23.681723086237845
-23.682556470999472
-23.685228269297106
-23.683746653737654
-23.68651029952106
-23.684367669327425
-23.6834859559766
-23.683546893134427
-23.68454658863782
-23.685777424967828
-23.68509250029594
-23.686172040878976
-23.68689045803331
-23.68647090146082
-23.685733298438
-23.685375890815386
-23.685253359127508
-23.684952857334274
-23.686315627495016
-23.68420504898555
-23.685519656951858
-23.686445501291082
-23.688425553587088
-23.68661436568439
-23.685767712268706
-23.686908800260014
-23.686075584334322
-23.685756141399562
-23.686949879480167
-23.685855731612214
-23.68603798946351
-23.688357411828527
-23.690901352506206
-23.689129618586403
-23.690313105957184
-23.689602680208246
-23.688645860177513
-23.69000896582351
-23.69070149270905
-23.69133760392556
-23.69213410569148
-23.690514535026434
-23.690182848116564
-23.69132669976079
-23.694059986738104
-23.693775765999874
-23.695304101597255
-23.698116854326972
-23.699418386645444
-23.69763144070846
-23.698832809674013
-23.699997692840334
-23.70027192518811
-23.700363277037404
-23.700153348226078
-23.699720195989993
-23.700912427274623
-23.698242381691756
-23.699049581830394
-23.69769459136654
-23.6986119881191
-23.698602878764564
-23.699608197827466
-23.699129164667266
-23.697121848669006
-23.69648758018394
-23.69830690872997
-23.696607495456597
-23.6962481228858
-23.696589762270584
-23.69190146679614
-23.690947203836163
-23.69252485393937
-23.693318624677215
-23.69122880432657
-23.69161170446821
-23.691067956110608
-23.69062001146074
-23.689113404804555
-23.690332296392654
-23.690790226750657
-23.69085541026456
-23.689915308948844
-23.688921288947597
-23.689192128674335
-23.689982916809836
-23.69147795137795
-23.691566044228054
-23.690080047201114
-23.691911841428976
-23.68963086441335
-23.69199388980249
-23.691401249628097
-23.69104538109247
-23.692583677509827
-23.69267374323939
-23.69258804252982
-23.69365137259768
-23.691566048809356
-23.69078703875058
-23.690037456188588
-23.688856437387713
-23.68902433917713
-23.68972103108563
-23.690648432402032
-23.68928959582119
-23.68833540559339
-23.689246326899873
-23.687571925675638
-23.68754517144517
-23.68746155435852
-23.688333709930657
-23.686800673961958
-23.686774482067953
-23.687527299015805
-23.685487250509674
-23.68774190880726
-23.689124792921703
-23.688443860173592
-23.687166284200252
-23.688491641310403
-23.687003244724306
-23.684871489235615
-23.686626927547948
-23.684462769643552
-23.68427707099014
-23.686640128614552
-23.686632207139226
-23.686440054371936
-23.68731554856524
-23.689860242604734
-23.689303813787717
-23.690247945160234
-23.692129306941485
-23.689865963113864
-23.691202668925484
-23.691639465606485
-23.69128884768396
-23.690121728033063
-23.68997289513602
-23.689316844907875
-23.68878830787744
-23.689454736244382
-23.68854234374913
-23.690508635123066
-23.693118174360265
-23.69321793362633
-23.690871249027456
-23.690235555318473
-23.688366033795162
-23.690395013626343
-23.689581246169364
-23.689467700135836
-23.69052077074623
-23.69167764577623
-23.691418876596245
-23.694066643398042
-23.694821768074643
-23.69109428197732
-23.693751960764263
-23.69196527433638
-23.690738991382492
-23.691618814278396
-23.69142841621738
-23.691033442558766
-23.692765012032613
-23.69195776479477
-23.692987699609937
-23.692475137553107
-23.692867651566612
-23.692569690006053
-23.693289086839076
-23.695616916001107
-23.696280551030288
-23.692913100155288
-23.69504414476074
-23.695446318710527
-23.69605788119775
-23.694713716999736
-23.693981597779196
-23.69489003384494
-23.69499217951804
-23.69400648393383
-23.693976199677895
-23.693832627599193
-23.692541989131048
-23.69208741460307
-23.691068474160843
-23.688918919351593
-23.688790814251803
-23.688353650815415
-23.689117559562515
-23.688418921893447
-23.687740841834305
-23.68747206778577
-23.687650748935756
-23.68799537048616
-23.68806813102375
-23.686813068210235
-23.68686500358868
-23.687245372496008
-23.68867211162012
-23.687984489475756
-23.687358098569117
-23.687592193099494
-23.685982808323867
-23.684687020238687
-23.685309119514518
-23.683301699790743
-23.68402333544144
-23.683393299497585
-23.68378044805979
-23.684230489232185
-23.684893705377824
-23.684536029788454
-23.68586200054223
-23.683660287713145
-23.685594606539503
-23.68614389096846
-23.68604216304501
-23.687565370725316
-23.687139096154127
-23.688703450288394
-23.689961951168577
-23.691809668395738
-23.69214660751892
-23.69074414193658
-23.693344632499265
-23.692927666524348
-23.695008239447592
-23.693210388600807
-23.694582629188744
-23.694244817210667
-23.69199160174037
-23.692838181527595
-23.69593026720578
-23.69553430161741
-23.69642873779964
-23.696144412472318
-23.69742716291554
-23.697767274156632
-23.69882521447146
-23.69789790717748
-23.696563240450494
-23.69551245012831
-23.697937163297677
-23.696730137070844
-23.693987385860147
-23.693805834260328
-23.69437981208398
-23.693888607997803
-23.694036774933725
-23.69485878277516
-23.693110610095562
-23.69349025516943
-23.69321534865277
-23.6923529148044
-23.692695098753873
-23.6933050862418
-23.69280317701873
-23.690975643109862
-23.69155314470429
-23.690116650593286
-23.690198687943305
-23.691369360706336
-23.690366655753476
-23.694695765623084
-23.694888235762246
-23.694425921277023
-23.694546967397592
-23.69451619886769
-23.695856105766374
-23.696845226511044
-23.695451914211333
-23.6956762431117
-23.697228563672024
-23.69753578544707
-23.699152477505656
-23.701093665136206
-23.699644117417527
-23.69701964426008
-23.697298294848597
-23.696558942963982
-23.695933325791014
-23.69528835969489
-23.695152841235817
-23.69687189120212
-23.697971094921616
-23.69834579192662
-23.698259415123015
-23.698345678762962
-23.6989734013139
-23.701641257036307
-23.70336784588395
-23.704036764947702
-23.70475183688853
-23.70232152558613
-23.701830063490494
-23.699247089608164
-23.69987052094698
-23.69825354398154
-23.698810268339376
-23.697887124517028
-23.696793362699847
-23.698392771394257
-23.699377652951657
-23.700283548521476
-23.700495966858533
-23.69902472930923
-23.699124686168584
-23.700724426067747
-23.697986005114913
-23.69720974866062
-23.699188270823488
-23.699909676926534
-23.69706406139781
-23.69338726487701
-23.692823677485674
-23.693046904937916
-23.691387415534717
-23.690332890754835
-23.69038709741161
-23.69070873992252
-23.692864750152143
-23.69244802832017
-23.691456415302206
-23.690345967007957
-23.689367905308078
-23.68834844828151
-23.690236743852093
-23.688005102056625
-23.686806391943424
-23.687726901223346
-23.68738610323416
-23.686056925163538
-23.687022861949945
-23.686700619739508
-23.686909222658848
-23.686550228210784
-23.689083786486197
-23.688189537662414
-23.68699288564793
-23.689798903544695
-23.69451534438987
-23.694738319134686
-23.693892877546396
-23.690890269102066
-23.69253990787575
-23.694318042904197
-23.6886110679127
-23.690068251451887
-23.687654315959634
-23.687160971278264
-23.68632668842798
-23.68518240654362
-23.684694235227468
-23.68430057689612
-23.681448646461863
-23.68158206002238
-23.679084281363743
-23.681680083886935
-23.68035281091458
-23.682652043330773
-23.680962535941344
-23.68067581490747
-23.68057022154971
-23.68063967409582
-23.680736010479745
-23.68222224906484
-23.682290514416863
-23.68096952351659
-23.68067862288484
-23.680346873245085
-23.683028475376855
-23.684823234240785
-23.684547644484773
-23.683687951352518
-23.68329517146863
-23.68370519481608
-23.684246810153894
-23.68463430206602
-23.683642959720316
-23.683027021735747
-23.681078328364084
-23.685842905661403
-23.6861220365279
-23.686690947836528
-23.68413765475321
-23.685720647708585
-23.685949696498977
-23.6852910952654
-23.684850501833882
-23.685473762731945
-23.68505782545078
-23.6865583775865
-23.687110604906604
-23.68642972316846
-23.686181939495437
-23.68695839329867
-23.68636566442653
-23.686420349214817
-23.686996114526064
-23.688767597002016
-23.68825096067279
-23.68830457179758
-23.690796282708334
-23.6900632284272
-23.689067211273958
-23.690817904647687
-23.691172329393044
-23.689267496018317
-23.688891140914627
-23.68931283543086
-23.690402021745278
-23.688666054223024
-23.68787876391059
-23.6879263525803
-23.687720571313662
-23.68475196423937
-23.68600201554757
-23.687044032938918
-23.687171337343504
-23.687714982544744
-23.68640141200561
-23.685399630760152
-23.686497007357012
-23.686433137391884
-23.684942637248366
-23.6846253672052
-23.68677016013806
-23.68713569692837
-23.686058877105683
-23.687403442381665
-23.68872647359029
-23.690279633271132
-23.6903835920039
-23.6899617613633
-23.691616819287816
-23.692438873674938
-23.692484877402613
-23.68974795503098
-23.689377999859296
-23.687256058421404
-23.684922460875363
-23.685054911653253
-23.68605849403771
-23.6864347318804
-23.68577388769303
-23.68549511779552
-23.686048233143403
-23.685508286948345
-23.684783747111
-23.684741870296072
-23.68439098363086
-23.68539463773971
-23.685759489371218
-23.68574286621965
-23.687208970025154
-23.68766940761474
-23.686621724859155
-23.688742756369884
-23.686759701360458
-23.686366360483095
-23.688411386912723
-23.687461535286864
-23.688848640709974
-23.68687106330583
-23.68631884865654
-23.685768268218233
-23.687422910363225
-23.689073790825923
-23.689130399776026
-23.688603106717213
-23.68929939591756
-23.688835949671176
-23.690896206636218
-23.690266795510137
-23.68985515116516
-23.688958887512417
-23.687580738116417
-23.68740432964195
-23.688846189681417
-23.68504642531382
-23.687225773977506
-23.68956619919619
-23.68812316678585
-23.687399732466456
-23.68810239789034
-23.688745953963398
-23.68962216171937
-23.68958620846211
-23.690895534687055
-23.693856689288076
-23.69297016571367
-23.69246203267489
-23.69276771687511
-23.692395668063856
-23.690276852985484
-23.68933303420537
-23.687833977741164
-23.6881361403164
-23.686763023114903
-23.68936971397502
-23.689498938432056
-23.68955277863852
-23.692347941526922
-23.692744737420057
-23.692996194355814
-23.692688234641206
-23.692986467028955
-23.694336745206016
-23.69305011398662
-23.695714096490697
-23.69552373764073
-23.695643373088163
-23.694874205701485
-23.694766855084083
-23.692379603487016
-23.69368738045085
-23.692587288822597
-23.692320183072813
-23.69427725386133
-23.69395199882567
-23.694631112354326
-23.692149861017004
-23.692020936510318
-23.691206081661424
-23.691812390623905
-23.69162200492233
-23.693310096778564
-23.692928924497714
-23.692531309559374
-23.692281001062614
-23.692629164320564
-23.693880291206504
-23.691569121655107
-23.695052446691868
-23.695322247156035
-23.695769715786867
-23.696516906118998
-23.697047103051595
-23.695367691776752
-23.695625431543572
-23.694247595018357
-23.695138197523214
-23.693819032702766
-23.694777092508545
-23.695934298825918
-23.695749453501207
-23.695582124225997
-23.695571181594552
-23.693886052300716
-23.693943492052394
-23.691982243053012
-23.691973709545447
-23.69229426346959
-23.691942392989894
-23.694269776799334
-23.691764333061236
-23.690677613049452
-23.691241020613557
-23.693633260690017
-23.692912071692746
-23.692679748432642
-23.690884446107734
-23.691253960192093
-23.690678145206444
-23.69028142865192
-23.689779739967673
-23.69062157346939
-23.69040345798066
-23.688998973694794
-23.689165635850685
-23.690764960715754
-23.68975648817492
-23.691046823473
-23.693695220005022
-23.69307937539755
-23.692317160871443
-23.693208872372917
-23.693532270388154
-23.694721735504856
-23.693467634104675
-23.69362926254583
-23.692403170550875
-23.69223415906277
-23.691527774263104
-23.692996779531914
-23.69615426799194
-23.69612442194177
-23.695902409966806
-23.69806211553451
-23.699135333449533
-23.697980001211405
-23.696249689945095
-23.69681536980942
-23.69773012893818
-23.696785517590033
-23.696740097235693
-23.693848283242076
-23.691604413145296
-23.69298451276917
-23.693526276376975
-23.69202408739464
-23.68974565861027
-23.689435210797736
-23.688617162622236
-23.691052842999024
-23.690446319976235
-23.689881547970778
-23.69110416134716
-23.69235653661834
-23.693430948070013
-23.693184620911367
-23.69470084172653
-23.695424334061315
-23.69586220989166
-23.694043132690094
-23.694529573873517
-23.693238305169903
-23.693616060598774
-23.694999734328043
-23.69492878100078
-23.693236806681792
-23.69404010913487
-23.694140681234884
-23.693526319993747
-23.693567194001997
-23.693529480752492
-23.69396753272666
-23.6928524338621
-23.692687826040586
-23.692788828724943
-23.693167229554508
-23.691747436029964
-23.692051544424245
-23.693532969769837
-23.692993316636766
-23.69551370085053
-23.694968511402415
-23.696144268489913
-23.697769460386134
-23.698202102369347
-23.697936074245153
-23.698025647854262
-23.696893308858776
-23.695454458120164
-23.693768324368733
-23.694580281293756
-23.69204359611451
-23.69141333977257
-23.692793615231622
-23.692441970138002
-23.693396910337462
-23.69065250941141
-23.690446907969495
-23.688139278381925
-23.68903601723295
-23.688460235043493
-23.69039037663758
-23.691500924538918
-23.690473209721997
-23.690592038525043
-23.692779073404722
-23.692257980262674
-23.69166141035945
-23.69120086679566
-23.690774273070367
-23.69028873068619
-23.690043753847792
-23.690265371548975
-23.69152976554382
-23.690466750298445
-23.690245508098812
-23.689100531890624
-23.685799486248385
-23.687033809055247
-23.687473647609277
-23.68908699288495
-23.68827863438062
-23.688454482586526
-23.688313701834428
-23.688636015554923
-23.68762607098956
-23.688038933657253
-23.690648768211716
-23.692201533804887
-23.691893555559393
-23.692172261570462
-23.691363827160334
-23.69111151558968
-23.69113783903613
-23.69161946086585
-23.690328171819335
-23.69097292442766
-23.691644119150784
-23.691060205018427
-23.692350554371775
-23.692972646058326
-23.691814994061446
-23.69242712832262
-23.693842841847587
-23.69415206647885
-23.69287966094861
-23.693240647945252
-23.694475419556912
-23.695525304356543
-23.695801655359812
-23.693027054472623
-23.692548070978507
-23.69113817158961
-23.689932826685887
-23.68990276053368
-23.688617705056217
-23.689026531733294
-23.687316640706825
-23.6889526738874
-23.68830379803168
-23.68815239902081
-23.6888480599313
-23.687963341225906
-23.687394977378062
-23.687516800232626
-23.687316898322496
-23.686947742850162
-23.6865633337872
-23.688421303653136
-23.688637655913148
-23.687028839594173
-23.68851279387723
-23.690786794180806
-23.689221810060555
-23.686970466602947
-23.68768966193231
-23.68769025634911
-23.687420102696542
-23.689516529183795
-23.68859936013396
-23.68887121532708
-23.68846662590192
-23.688677597607604
-23.687909260296383
-23.690210613925423
-23.69089342446662
-23.692691920896973
-23.68993602147325
-23.69101752974039
-23.68925420588054
-23.691627250818694
-23.69344189432404
-23.69664607305306
-23.697021629786622
-23.695511986582577
-23.694119358247193
-23.694569366874354
-23.69334184122337
-23.692929463708712
-23.6931727306268
-23.692989509022365
-23.693532274489534
-23.690934964070653
-23.6912588548167
-23.69012595194655
-23.690556115085787
-23.690846288557623
-23.690020167008512
-23.68876829288935
-23.68938821431368
-23.689307059231535
-23.691608658936705
-23.69425057017105
-23.693001797022227
-23.69263621532939
-23.693286406560247
-23.69421719529101
-23.69572289884167
-23.696728578785958
-23.697588578037795
-23.697338291488357
-23.697186814365764
-23.695447041505453
-23.69656457597249
-23.693944526622058
-23.695041726727748
-23.69418187018739
-23.6944246682706
-23.695285470379936
-23.69648242522495
-23.696538620099535
-23.69702277109892
-23.694571880842137
-23.697187191455324
-23.69569246612266
-23.696175968960883
-23.695865432484975
-23.69719232700994
-23.697269126127324
-23.69751826347684
-23.696499091968498
-23.695609495387522
-23.697189459345143
-23.69674039300481
-23.695826468279247
-23.693515195770903
-23.692220941840308
-23.691019415122387
-23.69114309655067
-23.689236078364907
-23.6876686183265
-23.687672582525565
-23.688758821097093
-23.68879754119818
-23.68958454913055
-23.69005787743441
-23.690069482864715
-23.690423060307197
-23.69071818542151
-23.69050256337425
-23.690538532498458
-23.694458841667945
-23.69525022379204
-23.695326992515305
-23.69629170292764
-23.694327646453814
-23.696119036614796
-23.69826164863793
-23.696934453123617
-23.69411216151551
-23.694817689937828
-23.693748021436168
-23.694943467398698
-23.695643937341078
-23.694248499560572
-23.694931830684045
-23.694076409816518
-23.69588569873493
-23.694062052719566
-23.694937234927306
-23.69418250263123
-23.696916236210953
-23.698656988229878
-23.69866105719614
-23.698613043310925
-23.69903322430032
-23.69968730403683
-23.699147408230942
-23.70057758292783
-23.69802023341262
-23.69910144389795
-23.696320379294914
-23.695808134573035
-23.69477265968069
-23.693441705849416
-23.693574057415976
-23.69511235493596
-23.6944591218985
-23.692183838750037
-23.69286504050095
-23.694319900943672
-23.69553811869044
-23.696575451876836
-23.69599379233764
-23.695959079663886
-23.70021118507992
-23.70073862689997
-23.700553183459707
-23.69887971949325
-23.697527562503076
-23.695406975708302
-23.696437652464425
-23.696563405347792
-23.693974870167427
-23.692545646178605
-23.69158115013985
-23.692558915741206
-23.694190604175304
-23.696151633799115
-23.694105139675877
-23.694413391587787
-23.695610169986608
-23.69625346405624
-23.695567789288102
-23.696211091361075
-23.69329684942153
-23.692890487592564
-23.692980982065915
-23.693677846508525
-23.694223784341837
-23.692246422122544
-23.692995986679897
-23.693229735875317
-23.69198792219015
-23.692723083308984
-23.690754604533076
-23.68994454951578
-23.69100546097264
-23.69098634182422
-23.691242337465
-23.69201830453509
-23.69248968039985
-23.69280700526828
-23.691799647260964
-23.690325551627353
-23.68968547860736
-23.690808892535223
-23.691460544297644
-23.69112048449892
-23.68936606493891
-23.6907053004837
-23.690017562914417
-23.69238208880715
-23.69269403011408
-23.692981544489545
-23.692933329330724
-23.69452520168349
-23.69676939968507
-23.695840991776073
-23.698042173785225
-23.69785685616017
-23.69834917084966
-23.69759973586198
-23.69668449515312
-23.696551919706042
-23.698227016101423
-23.699033991891508
-23.69951994937623
-23.699665931282887
-23.698988883536042
-23.69970801515039
-23.699509783203283
-23.698638094680316
-23.698935450765493
-23.69728261322729
-23.699620103399393
-23.6980796946393
-23.696466099167758
-23.696248723416428
-23.695398741959476
-23.694909898460608
-23.695622541968348
-23.695512401836588
-23.699247781511
-23.69869490417611
-23.69879995648257
-23.698924231210277
-23.69695308595037
-23.696587238988386
-23.697416238784296
-23.695912919381108
-23.696437388438376
-23.696288260034304
-23.700466485650693
-23.69927043271415
-23.6984107605772
-23.697748093758214
-23.699473898326822
-23.699475881666515
-23.699800425122376
-23.69948600735734
-23.69803162043523
-23.698980268256918
-23.69757481070457
-23.697886616602467
-23.698166175397695
-23.695834467007508
-23.696183863200446
-23.69506994577229
-23.69610543308458
-23.696674276696488
-23.695655363976567
-23.696123590107508
-23.695895450821748
-23.69490629605818
-23.69571765779072
-23.697173079137194
-23.69660211164276
-23.698086727934015
-23.698179269257032
-23.695304767965396
-23.693169839514137
-23.6908517139302
-23.68994016110947
-23.69131371517035
-23.691825629029175
-23.69289707958404
-23.69120696123174
-23.690650964756273
-23.689697921030614
-23.689144326995724
-23.68764339643847
-23.688437050407323
-23.689271333839944
-23.68909600723545
-23.68882258892552
-23.6882914612752
-23.68982474586274
-23.692279435934104
-23.690697483734272
-23.69279752086129
-23.693742665512488
-23.69379055551677
-23.694544443431937
-23.695789702374352
-23.69497543511093
-23.69568908811729
-23.695325342205575
-23.69817631097458
-23.696599413631862
-23.699292975969435
-23.703345817007545
-23.703014284168034
-23.702461570872323
-23.704211198689737
-23.704470430877624
-23.704331922664693
-23.70424861763155
-23.70417267295083
-23.702771673560733
-23.70373263732785
-23.703982290677327
-23.704847303310533
-23.70478831035863
-23.703940951886928
-23.70535954891206
-23.706805684502367
-23.710457127491882
-23.708481069636026
-23.707640703530167
-23.705406184520637
-23.706354219411587
-23.70722832987762
-23.708729888656578
-23.711886308271023
-23.71152872962743
-23.712377929123466
-23.710331586116368
-23.709581505150748
-23.709132280045992
-23.708134888302666
-23.7096325211214
-23.70929963652792
-23.709510861114364
-23.707444399730395
-23.706117523961865
-23.70791901876401
-23.709291370242983
-23.709257308027397
-23.708163131915423
-23.707937759372236
-23.70714940838497
-23.709021472017042
-23.707653310663154
-23.707220740423175
-23.70549524006858
-23.70607444725891
-23.70555516722369
-23.703010335210454
-23.705384833095376
-23.70437979800895
-23.70455731300113
-23.705626602367285
-23.704765737650302
-23.704233512858014
-23.706708663741434
-23.70402164610233
-23.7043929941289
-23.704045976540474
-23.703799229286986
-23.704808705194967
-23.70385260968263
-23.703155875040913
-23.70299640654621
-23.70435327038459
-23.700870043064732
-23.699085522374716
-23.699289482531363
-23.69859573614621
-23.695398729293053
-23.696542540354066
-23.697316821766414
-23.698322347986583
-23.70095153052928
-23.703199348814895
-23.703016632084253
-23.704189419359288
-23.705272511522143
-23.705145635424266
-23.704891590445417
-23.70588574341753
-23.705491994376303
-23.705027955506097
-23.704774789928106
-23.705288908720465
-23.70709174727685
-23.705923997065554
-23.704373396965426
-23.705069647116495
-23.70570501410411
-23.705840147718664
-23.70571679833092
-23.704317788813007
-23.703996423852438
-23.70420932749191
-23.70146459926709
-23.701820158483066
-23.70328574319712
-23.703245731808753
-23.700876529678368
-23.7003561411179
-23.699642541748805
-23.699541454974423
-23.698152634305576
-23.69974801333426
-23.702142104633975
-23.70262887725429
-23.702477326726054
-23.70273794853802
-23.703118036088078
-23.701348622057267
-23.701815757091115
-23.702016560040505
-23.704291853102593
-23.704499733913458
-23.706447162082018
-23.705284110194523
-23.703129574304036
-23.702003110617948
-23.70268930670365
-23.70094546264684
-23.70355084942806
-23.703949650574874
-23.70169499041887
-23.700707777826484
-23.69921565140859
-23.698697891222906
-23.69702942584578
-23.698926429233264
-23.696285858245343
-23.69471514860398
-23.695307813019014
-23.696489547132256
-23.69713777570978
-23.69679260583439
-23.69665058125372
-23.69429241276672
-23.693415354393828
-23.692875436595653
-23.694588818605645
-23.69491043900142
-23.695327256627706
-23.696067213114695
-23.696272704991056
-23.69679523250651
-23.697174582252764
-23.69801618165574
-23.699889166676424
-23.700483452257664
-23.70048734709541
-23.704102741493724
-23.703085264476293
-23.700166186776908
-23.700671620475983
-23.702029316432927
-23.703437747594297
-23.70204422368038
-23.701619301381747
-23.702605311586762
-23.703989962248734
-23.703955103448422
-23.702609488804505
-23.70199398082209
-23.701657375419458
-23.7031911054872
-23.704389125042805
-23.70425495676842
-23.704557959891854
-23.702833702094782
-23.70121851863576
-23.703256469891674
-23.702636008002766
-23.70269228762754
-23.703061741159154
-23.70145540964264
-23.703381353010506
-23.70243003224182
-23.703025036315868
-23.701436637724584
-23.69988521749937
-23.699371470037043
-23.701525505582232
-23.70146287722849
-23.698688764133145
-23.701046478577815
-23.70093405519481
-23.700492006500394
-23.69835931060523
-23.699498798896006
-23.70044288120189
-23.70180693722971
-23.700721093595774
-23.701615955988252
-23.7013459601466
-23.702682080661486
-23.70250013601524
-23.69949146104135
-23.6995155053558
-23.70023514394237
-23.6988972901265
-23.69822501137148
-23.69785613291117
-23.698089163150787
-23.69937236723404
-23.69928224828927
-23.69812282474807
-23.696310027909014
-23.69686866793885
-23.696231504627537
-23.694873993689416
-23.69424053381696
-23.69395405419565
-23.695713219556577
-23.695306004315245
-23.69644613108079
-23.69518207157514
-23.694580912951302
-23.695583130865003
-23.696038550210236
-23.698864229072992
-23.69963993246929
-23.698195280084516
-23.698075670375893
-23.69886896584962
-23.69904684330938
-23.69828096274025
-23.6976293887589
-23.696399050235414
-23.69832336496893
-23.697424354434432
-23.697027251986068
-23.697476029293327
-23.698559958167387
-23.698759087331148
-23.696801773118487
-23.695302912536935
-23.69718661818446
-23.696252390412187
-23.697104097892282
-23.695278443220527
-23.697390511321753
-23.696144313020188
-23.69726450068282
-23.697723528535324
-23.69802263781218
-23.696349068073165
-23.697431909698576
-23.696658969866366
-23.697392245483215
-23.698818906960327
-23.698798694384916
-23.70023293314761
-23.699745316627364
-23.699327925988808
-23.70010207579337
-23.701317990721183
-23.699060710230956
-23.699316238209367
-23.701495254496027
-23.700920883518805
-23.699206137949336
-23.697704647873266
-23.697662666081975
-23.697574469301546
-23.699479363630623
-23.698660075373226
-23.696961244008882
-23.69634670581589
-23.698920342455555
-23.698812440055352
-23.697007360834263
-23.697867944192108
-23.698703947214945
-23.697938823379435
-23.698357428095598
-23.698504173042267
-23.699363657872862
-23.698724924141153
-23.700037875612903
-23.69782204789303
-23.69834830790447
-23.699056624322868
-23.698921585055405
-23.69716514409485
-23.699266167681703
-23.697128936727275
-23.698457369981174
-23.69889155515281
-23.70013800732202
-23.70171468098211
-23.701712500562017
-23.703784065317045
-23.70278316015133
-23.704646117324277
-23.70491088617325
-23.705600072120106
-23.704570598180737
-23.70438643810325
-23.704025836773425
-23.703169549015392
-23.70121815884322
-23.701427404381604
-23.701490447493068
-23.702271197364112
-23.701499936857825
-23.69911705018833
-23.698457989361533
-23.69930687184091
-23.701190667254178
-23.702368821382343
-23.702087046836983
-23.704571330696965
-23.703186859545674
-23.703638094329108
-23.700156813815823
-23.69892993128071
-23.698683442086804
-23.697147400057347
-23.697133191395253
-23.69631604365729
-23.69445392714925
-23.694923360601102
-23.693642130230195
-23.69067083612893
-23.69183869355294
-23.69225421756939
-23.69293364289303
-23.6956253221442
-23.69651023259858
-23.696276767150867
-23.69671597891507
-23.698987614111438
-23.698762977866537
-23.69762032715568
-23.697085231456303
-23.697422440628443
-23.699603295826893
-23.70072962434499
-23.70066603655697
-23.6992401272946
-23.70144392621357
-23.70150687327813
-23.70022828705428
-23.698771443932195
-23.700084661045423
-23.700566938701577
-23.70084010188594
-23.69957654780195
-23.698629915426405
-23.6985167384921
-23.700575674660588
-23.702426161404524
-23.702610647704997
-23.701546173666948
-23.70257098658691
-23.700117745847162
-23.70042351349458
-23.700855690450485
-23.700741090004573
-23.703008616926542
-23.703823135920615
-23.701697345152517
-23.700768400229688
-23.702730267876543
-23.70405911935067
-23.705162233025874
-23.706113542460287
-23.70552505877362
-23.706807531658573
-23.708401421664366
-23.709070075113026
-23.706596883455845
-23.705481453990952
-23.70359259395525
-23.701010220192188
-23.699493855615135
-23.69867731891581
-23.69921842853839
-23.696375447848446
-23.697646804485046
-23.698590508915615
-23.700112856584884
-23.70076800686345
-23.702133251615816
-23.702559378263416
-23.70222985945687
-23.702131610680976
-23.70053078479524
-23.69980222537222
-23.69899180510358
-23.70050669106151
-23.69877396986952
-23.698548301532142
-23.698494562589225
-23.69949890684275
-23.698993061821998
-23.701031774324253
-23.7019915323148
-23.70395977968308
-23.704640023479868
-23.701937124807557
-23.70077104081526
-23.70182575664437
-23.700970480804347
-23.699381599154236
-23.700134733421148
-23.699903341944708
-23.698310422299823
-23.69613627569209
-23.69719613682914
-23.69654658872579
-23.69960399260242
-23.69911639345815
-23.698377958876513
-23.699114183912233
-23.70058570900824
-23.699083849777686
-23.698621343518827
-23.697588508395633
-23.698704389954283
-23.698221945588532
-23.696714373466016
-23.69706297845995
-23.698047252015947
-23.699928387478945
-23.70033965555303
-23.699819328423093
-23.699964285850935
-23.697913877967427
-23.697199525208145
-23.696723977996353
-23.697620448223063
-23.694484354281535
-23.69666777041444
-23.698643981040476
-23.699899635850464
-23.70301783432454
-23.701787139922757
-23.701917678215246
-23.701475616939955
-23.69929358033343
-23.69875437449504
-23.700733966748967
-23.7015490003267
-23.701830981663537
-23.701959457405817
-23.701020045618254
-23.702441418397175
-23.70145997326371
-23.701583506649545
-23.702045120538198
-23.700614871249638
-23.700659991667813
-23.70247258150207
-23.703333303762644
-23.702025145809994
-23.70311388736223
-23.705469046458543
-23.704683101325926
-23.706383597934416
-23.705672191005338
-23.704416137785422
-23.70553371310205
-23.705205042492263
-23.703144595099047
-23.702443127221866
-23.70095345556791
-23.70140200436247
-23.699338618056203
-23.698540673663874
-23.69904987213528
-23.698903118725056
-23.699417665444216
-23.700078635501324
-23.698447334524786
-23.698931734583326
-23.69921872272011
-23.700335178577358
-23.69878857019786
-23.698450638326516
-23.69699334683341
-23.696216916224703
-23.69561524862731
-23.697772966987372
-23.696459065600763
-23.69841979742496
-23.69949167038955
-23.700989277604048
-23.699732081084907
-23.6989861688195
-23.700353513325243
-23.699278869650485
-23.698528755796808
-23.700221158014152
-23.699418741625873
-23.69963545252926
-23.700552162118672
-23.700230166203035
-23.699822611406205
-23.699826026970445
-23.700788504368855
-23.700792360865986
-23.701847815459164
-23.70271383656067
-23.701944129380895
-23.70247721326875
-23.700718690614003
-23.69933512342432
-23.700665189360663
-23.703750039894455
-23.704137908699703
-23.704588046204297
-23.703036348323817
-23.703899835791024
-23.702310175475738
-23.70253568598112
-23.701625247899
-23.702677855532794
-23.702419241565863
-23.70190613164783
-23.701788940167418
-23.702490170119987
-23.7034031223346
-23.70548164319268
-23.703325548840812
-23.704697968882304
-23.70420547797369
-23.70465695152283
-23.70504455666461
-23.704275336280254
-23.701694537800524
-23.69945134506987
-23.698842415858866
-23.698958014545475
-23.69748603667981
-23.696217460425018
-23.695336630218634
-23.695523953622462
-23.696872522476088
-23.697761111590548
-23.699482240760666
-23.700681980740555
-23.70262814481348
-23.700954873570257
-23.70027825710247
-23.7010640662584
-23.70095507555727
-23.70284550085644
-23.702479740505034
-23.702896771837924
-23.700869576559086
-23.70115507155979
-23.70105966099975
-23.702946635869736
-23.700353363532116
-23.70079602698763
-23.701514884384938
-23.699761426622732
-23.701921171673792
-23.69895689719103
-23.69827032426539
-23.699863148166102
-23.69952763086891
-23.700170504607375
-23.69926246634293
-23.697520561655786
-23.69819835813305
-23.696909412454765
-23.696380491332594
-23.69999038748184
-23.69960343357424
-23.698393585174614
-23.700165569318955
-23.698974228865247
-23.700539461424956
-23.701797380206152
-23.702981124693764
-23.702823857420587
-23.702568028477497
-23.70133797942406
-23.70004361296638
-23.70179070497701
-23.70508518382573
-23.705281225550483
-23.705000944568383
-23.703568680067463
-23.703760539858923
-23.704460630006135
-23.704633464423583
-23.70384021154452
-23.70559281301813
-23.7042754483137
-23.701093568606044
-23.699776393438274
-23.698872529220193
-23.69724609903065
-23.69671007933487
-23.697599770227036
-23.700038940014966
-23.70136167951007
-23.70101972580104
-23.698396637748232
-23.696636922912116
-23.696542638432145
-23.695302819061684
-23.695649837840826
-23.6948053561555
-23.694627428111875
-23.696212981964106
-23.695378246636164
-23.695479575200725
-23.694012747481526
-23.693542827980355
-23.694301446221175
-23.695748185746424
-23.697688407526982
-23.699971397009197
-23.70040827773517
-23.70190378960967
-23.700214771134863
-23.698216104567706
-23.69852672104689
-23.69844927458413
-23.699522005660196
-23.699778474790513
-23.700000214081058
-23.69955251545581
-23.6972108752186
-23.69677770881602
-23.698051591522827
-23.699590694919817
-23.700081359753323
-23.697418939722223
-23.696737026261605
-23.6975828347017
-23.696076374794146
-23.697387945442348
-23.698342092637215
-23.698855065662855
-23.69847064715845
-23.69872131615924
-23.6996559892736
-23.701404008621854
-23.70062441128518
-23.701073506309136
-23.702682015219835
-23.70266935275027
-23.70035595216722
-23.700366655525315
-23.698257868673213
-23.698050420717067
-23.69914115864988
-23.69679186372999
-23.696908959783716
-23.695921687378977
-23.695292664077375
-23.697141273052463
-23.697877923962594
-23.69794737411253
-23.69906669575549
-23.69975550363621
-23.699261758629714
-23.69986525292865
-23.699668981932287
-23.699165804492047
-23.699668908595203
-23.699056323029982
-23.698965853933384
-23.699964481843388
-23.69783921466703
-23.70074405558483
-23.6997633407771
-23.700588959283007
-23.70113468730324
-23.699917717645945
-23.701003854972978
-23.70156631903041
-23.70243914251617
-23.70189061813058
-23.70301070689498
-23.70471360881046
-23.70359436165627
-23.700751371951434
-23.701007042396487
-23.70100885865312
-23.701786003640393
-23.702106868987205
-23.701313254243487
