-19.0368938963977
-19.010436664682043
-18.962306888281642
-18.954218852051323
-18.919885697562457
-19.012260583929766
-18.985701656779053
-18.957557499874483
-18.96717465481901
-18.959159024067525
-18.974136145454654
-18.962025631758685
-18.931206730786226
-18.99895921529997
-19.0404426901741
-19.042121372920267
-19.053371816700583
-19.05601319987459
-19.05368230751813
-19.063362804437748
-19.026007541734682
-18.985318739121823
-18.928525089811053
-18.97411673247404
-18.95403399850554
-19.000108466901004
-18.97061891722447
-18.956601654332854
-18.986297093550327
-18.996784469329572
-18.978965731618263
-19.02008385189933
-18.981870571402364
-18.97312632709415
-18.937726292190188
-18.932957913801722
-18.982071334269623
-18.990604757235886
-18.982935109518692
-19.01462399116345
-18.966976111091707
-18.956654689369017
-18.94488745789517
-18.95234310322098
-18.978333358559127
-18.95897047335482
-18.99063571298642
-18.954861007465276
-18.985492761818872
-18.99759340898839
-18.966844812401728
-18.95216958543069
-18.956919603650938
-18.936966196207592
-18.956185373344308
-18.998493591832336
-19.00782703844045
-18.995109821222705
-18.948127332526102
-18.89817804838924
-18.9125527633123
-18.95712929246225
-18.98374380278297
-19.008135854454576
-18.9628982206288
-18.964827400248534
-18.988438204514715
-19.01700128505037
-19.028708965047176
-19.02461217140857
-18.968938148871455
-18.93259764236108
-18.92640579454558
-18.88355273699076
-18.952922212872075
-18.92722741076512
-18.934821359654272
-18.964754730014253
-19.00724182289425
-18.99135563228101
-19.022629098859166
-18.97314113832446
-18.986990546392683
-18.93836281212995
-18.991987743021276
-18.98835250797241
-19.020967966505573
-19.001158891051837
-18.965315344234945
-18.922263784900444
-18.957966536057313
-18.97312534298604
-18.940004270873484
-18.989452141211686
-18.986407660604005
-18.977332390449853
-18.983299116425457
-18.987260017397077
-18.979610325658715
-18.969355730637062
-18.918770802399752
