44.0
43.668715693002774
43.30595034635893
42.91544359973441
42.50316726685058
42.04622621733752
41.564224331416085
41.042376757431896
40.49603163996928
39.88269331550345
39.25580216258312
38.616609803584105
37.896111800556724
37.12334951244957
36.29413033980143
35.38046627269634
34.43745773761747
33.49935678923802
32.567492308501706
31.563443197529075
30.54664498846194
29.542300005074047
28.421668525348483
27.269188367432253
26.092003938834026
24.885052316241776
23.659673834556738
22.421185254136446
21.140697504998162
19.87017699777115
18.66016115665572
17.43391960190288
16.158353418312007
14.915175748851997
13.6804937436188
12.455018547082487
11.270481508849812
10.089793957541016
9.054594116410192
7.976601843826972
6.901097462069798
5.868989174449773
4.880236037579725
3.912850918677645
2.9895549253109217
2.1031155471337257
1.20446400253253
0.3115402250301524
-0.4728611104337298
-1.2366101665651223
-1.9789728831025206
-2.6945833194755666
-3.2668458810761196
-3.891559866468018
-4.470872752409058
-5.027066795526082
-5.600985467719048
-6.085082718141107
-6.613843562606705
-7.069596938518225
-7.4861525052859585
-7.894207207980773
-8.278283209511015
-8.679744961509227
-9.033820995628156
-9.371180847207679
-9.663394941660126
-9.970373827747016
-10.274967838367496
-10.537932832667003
-10.82404839593282
-11.059770831873298
-11.297915635109081
-11.536230546228465
-11.737940077281019
-11.944556604183033
-12.135581599630934
-12.307561886915598
-12.453368226059686
-12.611003124611816
-12.714222315025815
-12.842573531817036
-12.978399970363432
-13.115827848087488
-13.22893903327477
-13.35188670474621
-13.480561230372121
-13.597981540102719
-13.709720641616101
-13.838282764443182
-13.93576198446818
-14.020440246134173
-14.120111408604702
-14.209919790866996
-14.29780272893939
-14.377510141169322
-14.436152698832998
-14.52163315900996
-14.58961028482862
-14.62662812276236
-14.701257681049103
-14.755108650648339
-14.82333497638005
-14.903668833707025
-14.973638471364591
-15.028555052688619
-15.061975011627814
-15.07665524710141
-15.122627658360468
-15.187017120923288
-15.232199400857938
-15.276998056346187
-15.315167575851516
-15.368914341171457
-15.406904485323656
-15.446541200584964
-15.480720830352217
-15.517060822421495
-15.568915016160318
-15.59890377057467
-15.622845231192501
-15.662073663879873
-15.700467722028048
-15.709910480420424
-15.738717639736027
-15.768901192673075
-15.803311919088326
-15.850414725312566
-15.868616159703107
-15.89993127244216
-15.921484582840113
-15.96084879314682
-15.985800584195953
-16.022942597025626
-16.046077656566148
-16.052572493064606
-16.077485376504033
-16.08494419234507
-16.083527930136192
-16.09385511602866
-16.104211945672656
-16.11397921256711
-16.13323715421589
-16.149223603108922
-16.139563458181524
-16.161560896648453
-16.16714934710405
-16.177272189647535
-16.188928079889088
-16.206754261461835
-16.240032882844314
-16.27179847044202
-16.269001047238792
-16.290691204950335
-16.30080596050517
-16.31558313961366
-16.33975541634666
-16.344063535315406
-16.379746857547325
-16.41749024384722
-16.44738661439753
-16.44165021650748
-16.456761634145494
-16.46926413352395
-16.470949076337067
-16.4687389785722
-16.48784237333045
-16.49129533423382
-16.495423882533945
-16.494712855577887
-16.503364368553395
-16.490446564791895
-16.50956536843478
-16.4993867709841
-16.50966181404307
-16.51818682653711
-16.5290566910951
-16.538932657856737
-16.544982071132893
-16.548922562806652
-16.573959986014298
-16.570984930258067
-16.57038724221194
-16.580879762169207
-16.57947864649028
-16.60735970948493
-16.62891269018578
-16.613706616872175
-16.627129375019724
-16.630261658710882
-16.642709154572888
-16.667120993736482
-16.66230024034432
-16.660372816955178
-16.66361434880808
-16.684249068083098
-16.677528006176075
-16.68715550023585
-16.69732850807716
-16.70709739417664
-16.713381503828987
-16.706961359312135
-16.731319085351174
-16.748635352686293
-16.76268503909916
-16.769596829977495
-16.776356448946245
-16.76345794517666
-16.77617769864445
-16.800343353284564
-16.804058623653386
-16.797341596964763
-16.80290290231174
-16.78060190574584
-16.782075930258134
-16.76834616450752
-16.78302449109107
-16.806621112810063
-16.804385458295194
-16.819493645421183
-16.82523374351305
-16.833199783849107
-16.837705392888886
-16.828884909638905
-16.846943970269745
-16.84920326912246
-16.864385834535582
-16.872155111246546
-16.870320403214365
-16.867395948540697
-16.86136079912149
-16.871680668687272
-16.8856122466811
-16.894356007572615
-16.91665297199655
-16.904335598768963
-16.904947588936523
-16.94475562772347
-16.938644073488582
-16.94820666334078
-16.955244441491807
-16.948956428596485
-16.940249774793788
-16.929188336734768
-16.92866296690003
-16.95223293664582
-16.943104936115848
-16.943355646373007
-16.94133390819795
-16.959535051400977
-16.939004077936207
-16.951194833724234
-16.9712894600642
-17.001832824822948
-17.024972464704426
-17.02626461873777
-17.040358368834468
-17.048988267736522
-17.032320852361256
-17.04897243954188
-17.051828290731986
-17.04617480787781
-17.010645607021242
-16.997587951982855
-17.001805888053013
-17.01708927652807
-17.02452482776132
-16.995385304488234
-17.00130637777728
-16.997035202595434
-17.006642012376044
-17.012855615437168
-17.019050058285107
-17.02410343295845
-17.019796593426253
-17.013919306173776
-16.97972202160863
-16.974007615510946
-16.979433396307407
-16.992244651536755
-16.995562864005702
-16.99252492598721
-16.993855444628956
-17.003311467132527
-17.019658742555823
-17.016423430352155
-17.025631296265367
-17.036304013224964
-17.041386592681828
-17.03487853365304
-17.040805777482046
-17.04485975366844
-17.026188845560583
-17.039601875105962
-17.06440961059466
-17.043394028400954
-17.037281637468965
-17.003247861525
-17.0217922035143
-17.016141851911193
-17.026379280944468
-17.032509095100046
-17.017403386670754
-17.025237739561497
-17.01256595478143
-17.03265575730231
-17.051540284928535
-17.03298082273158
-17.033911793393717
-17.047967397505698
-17.042207936453593
-17.045845566957812
-17.04543267733381
-17.066502170466205
-17.071847993728653
-17.09017435494654
-17.086230473666866
-17.101091252520543
-17.09463315525649
-17.100757585149246
-17.102612167057455
-17.094920829760436
-17.089734235980934
-17.09358562244962
-17.100047476724615
-17.118120598956505
-17.1330658614258
-17.156013474846485
-17.158713636792235
-17.150004675083185
-17.162115114704562
-17.163736174338798
-17.170799592989813
-17.185551676965396
-17.164090083713674
-17.171403768012688
-17.1578758907537
-17.15882291920103
-17.154626008380287
-17.1356774200377
-17.146908961653924
-17.152330967631116
-17.159659078769007
-17.15812157179021
-17.161995353879416
-17.143236075838992
-17.14018611588025
-17.127615730150556
-17.111634824835356
-17.11639764146771
-17.110919358405557
-17.111037215605418
-17.127250047859132
-17.13633565010547
-17.12109180906
-17.126681874354144
-17.129227794360524
-17.128178980169363
-17.143243957188286
-17.1754806813208
-17.170896234166328
-17.166149217458823
-17.182410843985867
-17.188257540194304
-17.192317300588392
-17.197593322229498
-17.195339361780203
-17.179331826761953
-17.20448434961362
-17.19833188977231
-17.200231174300036
-17.18188610797381
-17.20447074883932
-17.216710804706658
-17.22001778905176
-17.220171627754436
-17.223879132456396
-17.22962267412466
-17.22798191318098
-17.24255398898698
-17.256040645055368
-17.248090703237665
-17.23561906670798
-17.250725270951385
-17.231143983005555
-17.234739873693922
-17.239514548191455
-17.245034415373688
-17.244082922201734
-17.240878349064058
-17.253342478888875
-17.257080008646522
-17.252354113146772
-17.25326136390501
-17.260544525906134
-17.28172161166893
-17.283428397445885
-17.281602038454693
-17.287908234659525
-17.28972967052486
-17.281804483291257
-17.283744191871623
-17.28016438186617
-17.286855703298077
-17.281783943364815
-17.27627565680266
-17.283726296211917
-17.29179411765054
-17.306653175915574
-17.286758316841752
-17.28131307993174
-17.28151472587075
-17.29549362354635
-17.294604973371257
-17.298163738654058
-17.294637260595316
-17.31133942412878
-17.31527142502817
-17.29795143295169
-17.295346035997404
-17.30003864505973
-17.30221169713672
-17.29441487858465
-17.291979546562178
-17.292464478057905
-17.289686283130738
-17.285200477550376
-17.283902419818254
-17.305987568674535
-17.29588028841201
-17.293567517504155
-17.304134088539257
-17.31315197458838
-17.312014072952593
-17.303101156675524
-17.30741644082236
-17.311654359541873
-17.287703133096535
-17.280926576202127
-17.295199135865893
-17.30775957321851
-17.328611892539378
-17.343225033922216
-17.354648657055655
-17.362852156401974
-17.363598215280305
-17.34714190874889
-17.327803506955675
-17.346175041496217
-17.351093698507597
-17.33856764340293
-17.333620711968138
-17.3577292441786
-17.375829662168957
-17.36575747379004
-17.352295225593107
-17.348359693948208
-17.35114915684761
-17.35023593483235
-17.36923300011487
-17.363803282134313
-17.357651905093512
-17.34249976121973
-17.347971820039387
-17.34797930045107
-17.351618363866965
-17.324330395760505
-17.342923242875774
-17.350323012569138
-17.369623896722892
-17.365356774232442
-17.365937574386184
-17.358560508856492
-17.367783863949427
-17.375996934115943
-17.361454715542756
-17.34425123803845
-17.352789411557044
-17.35742343217038
-17.344473431077972
-17.33230157645125
-17.31421136812139
-17.3107448667808
-17.317217707763213
-17.348066261347522
-17.339601768925412
-17.35057183151968
-17.335111145736498
-17.344609824349263
-17.354745566299613
-17.348237435595397
-17.33507246330545
-17.34442874565355
-17.32990212355641
-17.326243381879422
-17.33055939178364
-17.34330909715887
-17.338569238882688
-17.358744662697987
-17.351797903941453
-17.360753430448852
-17.362638253996714
-17.35290777987228
-17.339845663803896
-17.32405265026412
-17.32557489691275
-17.333847053771002
-17.356752814638426
-17.35934993369446
-17.3734966219075
-17.362431971508094
-17.352538805448734
-17.354791273698744
-17.342314989189827
-17.364639059372323
-17.368107935180937
-17.335936930597835
-17.31405710348777
-17.331948845403826
-17.323742808872815
-17.328439503261265
-17.35168132902189
-17.36110346516594
-17.366637278442138
-17.367850431384923
-17.384550381446953
-17.39062481928294
-17.37574821193966
-17.389384752103823
-17.385735861841713
-17.39300470150944
-17.38261122828217
-17.399980948591974
-17.379393839074798
-17.377122787339403
-17.372128574175296
-17.37488451008618
-17.370719281944165
-17.383471245380004
-17.39916623494011
-17.400312669737957
-17.38584627301237
-17.396555576416915
-17.41171732954
-17.44666072437979
-17.46180168731708
-17.468413657313555
-17.444763540478604
-17.431954289409475
-17.426893244255545
-17.42676172437426
-17.431513291015275
-17.42640504280659
-17.418715777546215
-17.41628311066884
-17.4239754530663
-17.42923157731385
-17.423291225311726
-17.424093726870645
-17.40901997814518
-17.422172848795128
-17.451647345996125
-17.454089645165574
-17.44340890515606
-17.44439351063194
-17.441531660321473
-17.446156699164224
-17.446275331455414
-17.42689972878656
-17.44638729366659
-17.45245265817819
-17.450597985746906
-17.45306308997847
-17.453511861682134
-17.447543447498024
-17.451156703572373
-17.44120419684277
-17.452165168098695
-17.44195312278873
-17.44294209964289
-17.447727833826967
-17.463199938379105
-17.478046057167223
-17.48144708268904
-17.479965954749428
-17.472900608850694
-17.454498567024817
-17.43996856010927
-17.458960022731986
-17.480142817623268
-17.46106254181435
-17.481587010243405
-17.49563821699187
-17.491604687353238
-17.494730419996486
-17.48329836174741
-17.510089316251207
-17.517370733438703
-17.513704230139044
-17.51656910633439
-17.515197473746007
-17.527008657265203
-17.517198985430955
-17.507963623780853
-17.50591817485673
-17.5103388704982
-17.50578912280315
-17.524125431677643
-17.555773960408246
-17.544619772297718
-17.54407487853769
-17.530331997091526
-17.53804354587095
-17.54159622776283
-17.548071782256073
-17.54270636854149
-17.536377170710388
-17.55684064098959
-17.569127349252636
-17.576529543620545
-17.577791495907615
-17.594086092462085
-17.597443445000973
-17.59434590558583
-17.578270625947454
-17.564911744586198
-17.565332618715395
-17.573885874501773
-17.571020412879697
-17.575130056402777
-17.567853468603253
-17.575796768850932
-17.59207984197899
-17.59625399419265
-17.57608316184872
-17.58576196059699
-17.599234104923056
-17.586864313196184
-17.577590510476742
-17.5878196804637
-17.60370269541416
-17.586993262212257
-17.57237390080345
-17.57396883241477
-17.572664084408675
-17.5678940834305
-17.57801604458406
-17.5983092783316
-17.59107776402562
-17.58694095744126
-17.59291555813144
-17.59359548625916
-17.589383021442877
-17.591916932136577
-17.59422235705697
-17.60230720232027
-17.59975748209045
-17.60885012572603
-17.62479683731371
-17.609017295832736
-17.632198528624333
-17.637561660238585
-17.614460170215
-17.63137564943486
-17.624802967226252
-17.62840004147185
-17.639008527825254
-17.63632223090894
-17.6160905412917
-17.605460196997896
-17.616411346918028
-17.599138354355667
-17.585063387670207
-17.58103253671285
-17.578133522792783
-17.58382678244519
-17.587168752259576
-17.581165267097653
-17.583386782209892
-17.576123655597215
-17.590327253729043
-17.595747601787743
-17.58459955648954
-17.591559989699093
-17.596320464389176
-17.609405034887438
-17.60923366369778
-17.619321443327657
-17.617389964108728
-17.60904593000035
-17.609195273476946
-17.62196270243204
-17.617285287687164
-17.620593349393545
-17.61663131453849
-17.60991786030019
-17.60423297054454
-17.612136346669523
-17.622923941281833
-17.62762363795975
-17.628241392879303
-17.627745884073114
-17.608790771170447
-17.600728863614304
-17.62187940170708
-17.601605377473525
-17.584619270468135
-17.592134384324897
-17.58300644719857
-17.584475474745076
-17.58886761073095
-17.593800494440842
-17.6111786117706
-17.625853321328442
-17.63112730778536
-17.621213079216982
-17.613859393787667
-17.607907817209888
-17.59687469108027
-17.593559984544864
-17.59078677631593
-17.56680836641355
-17.577879867102283
-17.56491962680846
-17.56981173427091
-17.572811698252437
-17.58825096507915
-17.598445125560886
-17.605013745766886
-17.619979233896274
-17.62863115201134
-17.62137182001695
-17.620750128628817
-17.621847432452036
-17.622786683234985
-17.621814390795446
-17.610272401740865
-17.62187757277228
-17.605438381924674
-17.618696981139006
-17.625428222884036
-17.627323052643987
-17.602708228239187
-17.61170788586514
-17.621064003856038
-17.62220802245149
-17.623156320603712
-17.624767329284175
-17.636550091139956
-17.647523499031486
-17.6301400560243
-17.623896288619694
-17.64269324086902
-17.645513990319436
-17.635084088770743
-17.632653601234505
-17.649827150817785
-17.656854934000066
-17.66677186013715
-17.670583655687665
-17.690500352912554
-17.686475081627368
-17.6978972560681
-17.70399807609922
-17.702967044387016
-17.68907089541214
-17.664865381168294
-17.65895621668959
-17.650353732718468
-17.65612003546188
-17.66015244808262
-17.655753150679338
-17.649293663605455
-17.65132718618493
-17.66009919966686
-17.671890663051297
-17.692314337937017
-17.693364099072816
-17.68179586242844
-17.668459985564724
-17.65356743937432
-17.65648140638698
-17.65926539077487
-17.664152493107327
-17.665949593114533
-17.661289120792524
-17.65901479175701
-17.65380870303312
-17.636477057508756
-17.625977810603523
-17.6418920357791
-17.63885130770967
-17.6302177396286
-17.645437715682533
-17.64283657159375
-17.643274494092708
-17.652322018183522
-17.685859506930843
-17.68954699640675
-17.69219209879277
-17.705107331798814
-17.70197596652131
-17.70549050903723
-17.69654479132075
-17.696655926763295
-17.687668836499213
-17.70183290473457
-17.71510649602832
-17.717221796863445
-17.736671887405763
-17.7265382722949
-17.739162185468142
-17.73649786981945
-17.74055694968539
-17.735942614235768
-17.73342901756298
-17.740362908632463
-17.7430912574063
-17.715567254472983
-17.728042214283867
-17.737378256363726
-17.748039688618046
-17.761136654603572
-17.769136914591684
-17.759553416965716
-17.75715983233019
-17.757164313973117
-17.762110622132965
-17.77217447072295
-17.73666704467477
-17.752049178403205
-17.763947521006052
-17.757385488192536
-17.76208372977525
-17.779760857216882
-17.78062120605544
-17.7705671757624
-17.75503888214488
-17.77218477957216
-17.77910846846543
-17.7782642579918
-17.77325009692247
-17.746955011919887
-17.75004065935862
-17.75975324879475
-17.777043294353494
-17.76741651725632
-17.770852281591875
-17.779198502078554
-17.77095117423314
-17.781888083464697
-17.771561478213886
-17.762482176947838
-17.75605544251486
-17.766157755157604
-17.75092209774199
-17.739346842620822
-17.751232940540397
-17.764267588865618
-17.756883556290102
-17.7641013028928
-17.7750793467817
-17.7589366182169
-17.77326149404114
-17.773243853007422
-17.787486236593057
-17.78188733044739
-17.774575301846642
-17.776238547686887
-17.7721379458801
-17.78065722526818
-17.779944223637003
-17.78180435866192
-17.776413261457893
-17.784406664277615
-17.78976765847495
-17.8066195948721
-17.84224270192577
-17.85620573122586
-17.85829735228744
-17.85418817869304
-17.84513430309945
-17.816571220172108
-17.812680585891638
-17.80269500489702
-17.796071862812656
-17.801690016097822
-17.791865340401245
-17.796584264227842
-17.798317256056524
-17.787740575216233
-17.79818522669641
-17.810020735305713
-17.810501315879318
-17.80577464033995
-17.80902753184625
-17.79513726903594
-17.809499737764096
-17.830030743510456
-17.81190622498006
-17.830839029764768
-17.845946241834234
-17.818251499748413
-17.801416881851868
-17.805069727972473
-17.781525103428667
-17.786932580169324
-17.784459153300954
-17.782214315034278
-17.784421518261695
-17.78261456039941
-17.77056438893395
-17.772658534033187
-17.76206413734053
-17.764711241051153
-17.760947473785485
-17.75294451069715
-17.761920848803385
-17.774314387996988
-17.78945925657459
-17.788785229976824
-17.788994836977675
-17.78063289281292
-17.78114563972183
-17.787253092979462
-17.77950843611961
-17.777101399321406
-17.79061327391938
-17.812330382441594
-17.810067946790923
-17.803975493866442
-17.78181105629483
-17.784359625470966
-17.793472765126452
-17.772641239391504
-17.76166475484857
-17.751300582260562
-17.751561927510558
-17.76564614839041
-17.7599629909733
-17.764564204077175
-17.771260239506386
-17.75710497742118
-17.781391618946323
-17.77791395395835
-17.78013443434063
-17.789085536011697
-17.78911637957459
-17.80671736068458
-17.802623696835706
-17.80127110805964
-17.787575690389097
-17.780508225258135
-17.770641491172583
-17.796308254372892
-17.794109193826216
-17.811843852727957
-17.799839659071488
-17.79605282688279
-17.800469986031086
-17.796842451491024
-17.79775638739552
-17.79153738533358
-17.79718624862575
-17.787999601121754
-17.788375615530335
-17.78106177173706
-17.769213446607033
-17.782654299676032
-17.787108942358913
-17.787352308199477
-17.768746697507137
-17.78326871578588
-17.801677890850467
-17.803239755629036
-17.824003584183224
-17.813343233867624
-17.7940857660016
-17.796036391739893
-17.81709991107565
-17.809018823946342
-17.81268884814348
-17.83746519945354
-17.823845509662053
-17.84277343193083
-17.8361333463471
-17.81244454655648
-17.814742204782917
-17.808931070275975
-17.813229595998777
-17.798979227595623
-17.793238748085802
-17.798978298574998
-17.801708145390915
-17.813890120945693
-17.80372668551157
-17.79900300165201
-17.79047060936491
-17.78111795725444
-17.787226653249906
-17.768074891629954
-17.765218055361384
-17.756538925532027
-17.765325147161775
-17.754291570120532
-17.76976927043498
-17.77113375957504
-17.773361928051163
-17.77109668320288
-17.778434015204635
-17.783464434800834
-17.774785926195765
-17.767700208467375
-17.772940813702796
-17.78511632350882
-17.797522797393786
-17.799593927925155
-17.804255351793792
-17.798815199805308
-17.795151429573643
-17.799922136740584
-17.794864660675316
-17.791948204622322
-17.799149435181185
-17.789981764396643
-17.820212165193507
-17.81513148517532
-17.789126926833625
-17.772575267436793
-17.76655073803438
-17.77991376174706
-17.772871185528366
-17.78283033159818
-17.77755529929064
-17.77757127505192
-17.77558109049265
-17.78219155792475
-17.78974566733151
-17.794952801989783
-17.79626160414175
-17.79215973292165
-17.819649319229093
-17.825536403401042
-17.83285478158795
-17.825974951579113
-17.839585062109023
-17.839459057354848
-17.83801067997495
-17.82305669089464
-17.82045549338797
-17.82271404143383
-17.814788496960976
-17.822246077349636
-17.82721620347751
-17.80646587258536
-17.80864042791292
-17.80346268185112
-17.824808729642722
-17.824139170459766
-17.839171645638633
-17.84973002352736
-17.85630583469238
-17.859885064155883
-17.85739804889239
-17.867709650841917
-17.87950653290495
-17.88486365665582
-17.885572534748544
-17.90000048424263
-17.886635790441126
-17.859540348816147
-17.848125070998332
-17.833704394948878
-17.82934356765954
-17.84105501912494
-17.8506697972477
-17.85815498172044
-17.866141653751367
-17.857156230878147
-17.857231783223636
-17.872695376228723
-17.887917507470334
-17.884178572849656
-17.89823006780832
-17.881167815791017
-17.9134014296423
-17.922215256054553
-17.933204606677585
-17.941087865417025
-17.929775239273596
-17.93149634062268
-17.937697275881543
-17.928782761964474
-17.943195362380287
-17.961798905450326
-17.948490296712187
-17.953267189940227
-17.952020480620185
-17.935656076826714
-17.9526356983713
-17.972115220908748
-17.95610318858933
-17.93968459984319
-17.918028392327827
-17.92890209675997
-17.946271325530887
-17.961428771904362
-17.96364525686626
-17.975296885835103
-17.975029053768207
-17.955497380985967
-17.960624421851637
-17.94716071687707
-17.956008030286505
-17.965318908621533
-17.97146960487744
-17.964912743944343
-17.983465415359145
-17.946596644386332
-17.933598626423404
-17.95445731296614
-17.943932422649056
-17.958597103448053
-17.96145217492627
-17.957637039139755
-17.9556978523382
-17.963288657553708
-17.97260402163212
-17.953694961538762
-17.95644104174077
-17.952615426194523
-17.925431299698424
-17.93757173005985
-17.946442146045847
-17.953812708051792
-17.945871199463767
-17.931867585495056
-17.951520984990704
-17.95822061711723
-17.962721197745875
-17.97966684782435
-17.979141375996722
-17.974438832765795
-17.98385287688663
-17.991463620078438
-18.00928077313469
-18.008926167429486
-18.012213311784745
-18.004624118307426
-18.02712796600718
-18.036323441210847
-18.046026165328925
-18.06002000063949
-18.05630934743652
-18.02860357704732
-18.027509701335976
-18.024794047849923
-18.025526686255805
-18.045008078895805
-18.052831739746665
-18.05970806664781
-18.05278924340366
-18.041564230385525
-18.037429118704775
-18.04078603106957
-18.03857813493263
-18.025121291167814
-18.002825251438153
-18.004590415864993
-17.994612517737117
-17.9900576634482
-17.98656394163916
-17.984009456604834
-17.953510688199838
-17.96470666011089
-17.989535098007195
-18.00834520603484
-18.005994767479578
-18.01297505779768
-18.022937656448708
-18.01527818876165
-18.005907449898576
-18.009840002337054
-18.01694350942483
-18.013362489653908
-18.028843541605006
-18.039225520774263
-18.051003576073544
-18.043269496681813
-18.03560083769698
-18.01707803013903
-18.017948879198283
-18.017439444144255
-18.02662191157086
-18.011901854784078
-18.013415200700766
-18.010362697496053
-18.02507461069349
-18.02590229309364
-18.024982933862102
-18.033536807382834
-18.03863647365736
-18.04319499017628
-18.030737642364937
-18.039157345501202
-18.049929015118565
-18.033225190116408
-18.04029353627033
-18.030111366191612
-18.03842176852214
-18.035543416982414
-18.037989337092792
-18.033828825502493
-18.02873130358151
-18.033536472364972
-18.01390361927842
-18.00392572793231
-17.977127274350405
-17.978907645314756
-17.981365651980212
-18.003857867023633
-18.029575650242574
-18.006398568120346
-18.002058432968038
-18.00460451348497
-18.00005985162714
-17.99048941216096
-17.998483120659
-18.006269405755145
-18.002387390542253
-17.975635300145342
-17.986143381651242
-17.97087075650484
-17.98866749729904
-17.97811526704004
-17.947806333997807
-17.950429972919828
-17.953129701689303
-17.953601346678138
-17.93390002707278
-17.946700339549896
-17.951618208424982
-17.949688581748468
-17.944723027523814
-17.94924832552803
-17.952291123324006
-17.957035895926214
-17.94960001629717
-17.960891451116268
-17.97326096100557
-17.982801492819814
-17.97253114486481
-17.969704158919956
-17.964752045551208
-17.97330332928356
-17.978866734788788
-17.963411815584916
-17.949538903578706
-17.96902595859557
-17.988414525536893
-17.999456484343817
-17.971603188872216
-17.97238378410701
-17.96736306523127
-17.994891516039168
-18.00118590033867
-18.017674354680533
-18.041384535229003
-18.05310801699366
-18.053470092423836
-18.058973876585867
-18.058157252273745
-18.05327416928674
-18.06268671193406
-18.063706641185522
-18.06107602715136
-18.0568694331214
-18.038681160863135
-18.032421436294484
-18.023495366900157
-18.025936919984005
-18.024785241497558
-18.014603541268475
-18.004332350799796
-18.01420190158071
-18.007678828472915
-18.017960581744674
-18.02326054180941
-18.029272676835653
-18.018040968050947
-18.017713338719016
-18.024261889541272
-18.005627592401137
-18.002627568592292
-17.9773010806568
-17.969064277830224
-17.97500100223488
-17.95775905877656
-17.980003002796963
-17.972633428839732
-17.971327360740357
-17.955298959638384
-17.955551291033785
-17.95108029007279
-17.95963546490635
-17.938767393684365
-17.940654744334513
-17.951795062508758
-17.932581677149507
-17.953339928315277
-17.934280654234303
-17.955361056823346
-17.964084785181818
-17.96640693181999
-17.971876016023547
-17.96087502796582
-17.94813406997672
-17.95080089500106
-17.94431007560791
-17.93648868566274
-17.93639756713308
-17.959177100328287
-17.948607959998714
-17.937426691084593
-17.915534527567388
-17.9261864676813
-17.94652213013777
-17.944654430470642
-17.954711060529583
-17.941730070640336
-17.943718926396876
-17.941053362144732
-17.94510746139362
-17.943738166168263
-17.945352630109262
-17.980196401136094
-17.982148922315563
-17.970592701754992
-17.973365570358496
-17.959673875235374
-17.947594191313797
-17.964150268677585
-17.97302375652331
-17.985132130932143
-17.98771993477962
-17.98529880656208
-17.989115379341897
-17.989267035166996
-17.977364537071658
-17.983382993746694
-17.97481628376246
-17.974406375878665
-17.942222468600686
-17.95026372461548
-17.953446059708877
-17.957296591700693
-17.958270219720315
-17.956109292010606
-17.95069489202481
-17.947829763293857
-17.941308455505006
-17.94956086007509
-17.956404036846717
-17.95904746692472
-17.969403346587537
-17.96296513100721
-17.985510640405924
-18.01606241685287
-18.007882050264428
-18.014463394971852
-18.030489291985173
-18.022522663471374
-18.02739233063919
-18.01962810247335
-18.026186328576276
-18.01589916897842
-18.006063005072036
-18.01802424961972
-18.00081943247489
-18.00664643689316
-18.00797697360633
-18.004315116450897
-18.03505524680813
-18.04549639832256
-18.048178493424608
-18.05577051433942
-18.050438444404858
-18.061607226556255
-18.061903255908373
-18.070698413709344
-18.07271774618331
-18.05097403982791
-18.052716447975882
-18.064688173907946
-18.081241905432357
-18.085267963496257
-18.057563926287802
-18.04273346075934
-18.033113063636947
-18.016842532039487
-18.028170215295134
-18.021350710083574
-18.016047911093434
-18.01667851878406
-18.01862020755559
-18.02039007694401
-18.023395242010984
-18.024706289636743
-18.029806339072078
-18.0434677581983
-18.0526842533636
-18.055260729662304
-18.05314241610293
-18.058689327644622
-18.059198639416365
-18.046090937716794
-18.04464978097209
-18.043198017857573
-18.034898450475975
-18.02232992110632
-18.01111299025154
-18.007680883460512
-17.995973581460394
-18.011856911675974
-18.02698767851917
-18.0271899448648
-18.009848284361798
-18.01066596942738
-17.978603182967053
-17.987648817187353
-17.979464294398813
-17.95407180242507
-17.950407778814576
-17.971150358040255
-17.97847429039559
-17.97552786393989
-17.987420824170293
-17.98119602117854
-17.976572240218076
-17.995368275835947
-18.009148996339135
-18.025970564442527
-18.03656790572102
-18.065194150814627
-18.078927424104602
-18.07187929720649
-18.072970759294897
-18.057364008084928
-18.043879252819465
-18.054309555474692
-18.061969822660455
-18.0528887455504
-18.056501059630765
-18.062217890882593
-18.060278151024825
-18.04773421297569
-18.047756483754288
-18.04151603416418
-18.049466987120315
-18.063991227739134
-18.072775973715206
-18.07831664091554
-18.067618936525324
-18.064768870381965
-18.060780019841683
-18.054967838284526
-18.057056757416298
-18.05797354452122
-18.063154962730327
-18.075231816293712
-18.061723537257535
-18.068857225229767
-18.06559671285128
-18.045485110966975
-18.05524977375142
-18.04110810763237
-18.039204108784055
-18.024973828306166
-17.9981094902632
-17.99722833939627
-18.00668832649082
-18.009574280247413
-18.01446569111015
-18.019509687061007
-18.021101672448406
-18.033078955093444
-18.04807113391337
-18.033023236919718
-18.041298349401206
-18.053541266260513
-18.049645159559308
-18.041452377145156
-18.04579246972246
-18.02598101754271
-18.016256390601253
-18.03172954835419
-18.041833617066757
-18.023374769031232
-18.019022454599078
-18.02170285754606
-18.03233927687991
-18.03224082997778
-18.042902604728212
-18.032373882711767
-18.03690436674277
-18.050432644968215
-18.052716577497712
-18.043024743906045
-18.05834960792519
-18.060954317927017
-18.0614319738686
-18.044968945130094
-18.04316280401082
-18.05137158182873
-18.054997234806933
-18.069972741907293
-18.066846495156607
-18.067862106171834
-18.05111636334049
-18.03103778831744
-18.020555483173908
-18.023631095878326
-18.028338979469336
-18.017570433440888
-18.00755585786687
-18.01546950826122
-18.000518723942307
-18.004606855846344
-17.993659624471892
-18.00243648698281
-18.0082234240198
-18.00716761085494
-18.02841874941865
-18.022280543633105
-18.02027517193905
-18.041632347229474
-18.054543717174823
-18.071895948607715
-18.080625979294236
-18.07918245123618
-18.096796168299594
-18.08842140618118
-18.094788765285095
-18.091426994927545
-18.076278439458978
-18.08091254770376
-18.06954180848238
-18.06973601653308
-18.082098915820268
-18.090447951149393
-18.079053252026025
-18.089728365771517
-18.10143290524448
-18.109593903692208
-18.12372300700917
-18.12865371160208
-18.12757600877767
-18.142637951534475
-18.142592791282375
-18.154255530854066
-18.158620106804786
-18.13829518379289
-18.140425168347438
-18.159003548449014
-18.14818369591427
-18.155025046313753
-18.161769214286437
-18.144199370570647
-18.157769397982154
-18.162721070252047
-18.14650690296284
-18.140888583215098
-18.161396094869385
-18.163588066209876
-18.141439283386624
-18.13672098549612
-18.146687221960512
-18.139345898303976
-18.145280870208115
-18.135878586487934
-18.14831849579228
-18.1419869680769
-18.137998425916297
-18.137040206882116
-18.124900550793093
-18.14026725952721
-18.15434894790247
-18.140012370179758
-18.136121773704385
-18.13589360501883
-18.135149545313183
-18.148789563826615
-18.16515994771163
-18.15198928507274
-18.172659757159433
-18.175364721850436
-18.18908471012814
-18.198234012808754
-18.186341648828396
-18.17924380146635
-18.186755635306866
-18.179609247886756
-18.17261494814563
-18.18357543241137
-18.184609386692685
-18.161546943828824
-18.148306365758863
-18.146643239565034
-18.14532675189478
-18.119571800313246
-18.12276057302117
-18.12005261434187
-18.109038339588036
-18.128957497466274
-18.135016720363584
-18.150213155308002
-18.146915316169654
-18.14459772681951
-18.152087744789444
-18.155714468054892
-18.160472755982134
-18.16057647280031
-18.165400418146742
-18.162007320645078
-18.160356005139406
-18.144374427342424
-18.159204370169274
-18.138049241767543
-18.133063813496495
-18.148847291415635
-18.150397205854922
-18.15459776793031
-18.156222095332936
-18.14712422337273
-18.147621688258063
-18.141498033511052
-18.148008713111523
-18.149387215456134
-18.13246738612766
-18.13084538389034
-18.14603956200328
-18.12432227588979
-18.111413997533848
-18.09853404228545
-18.107269783827746
-18.09526705194908
-18.091530846304746
-18.077552587451716
-18.06673656762157
-18.05190006099819
-18.048667692561953
-18.042120640720828
-18.039731930504917
-18.055909222282935
-18.059234901144233
-18.077510765217916
-18.061056343258535
-18.061371610255406
-18.08245845417187
-18.095262524550257
-18.089097900713103
-18.095955801168962
-18.089188821810744
-18.112779616881856
-18.1127457734325
-18.113717970633576
-18.116852320183536
-18.109576421830013
-18.092287381934376
-18.10237385965642
-18.112776959620945
-18.10372688062582
-18.10879384892848
-18.11493391492869
-18.131107778901814
-18.13054330888671
-18.116505670693925
-18.10508874052815
-18.088634796028913
-18.103508737242205
-18.12028846193414
-18.119362690056114
-18.109961302076286
-18.12919500041454
-18.108961579297777
-18.100463005778145
-18.085018085981847
-18.11005309871204
-18.125012863018053
-18.13694924697811
-18.14156191621121
-18.140914796712067
-18.148257934803638
-18.148267884023753
-18.1426397146452
-18.148756137404494
-18.167628643895572
-18.173467875769788
-18.183517612593967
-18.195621253720038
-18.192219100684646
-18.199109786569124
-18.211243687478934
-18.21450121423327
-18.21146533483649
-18.19743772530528
-18.189955683333004
-18.188931569347346
-18.171867980404087
-18.161401801204434
-18.160250819304107
-18.159144414482796
-18.151709060634285
-18.150612931075436
-18.161890961214482
-18.167256196128964
-18.17568708385162
-18.183168300105667
-18.186493270961698
-18.186479746353065
-18.209565461957368
-18.20016999854294
-18.191803230089764
-18.20131494018794
-18.21112146722648
-18.206341674746724
-18.215432191044393
-18.2053367506971
-18.223341064911416
-18.23369209920221
-18.25576957600527
-18.267803671068457
-18.278743094041292
-18.288004507488647
-18.2929033141073
-18.30646712379993
-18.310663480335304
-18.277397160444927
-18.26442502679446
-18.260401171060796
-18.273092295310082
-18.27542728948681
-18.273122156150382
-18.264554428337405
-18.278229661608115
-18.278602296338057
-18.315206466682593
-18.31353062752632
-18.31639914274424
-18.31867205598138
-18.310309481294148
-18.306117731173103
-18.300148978230446
-18.301006662705596
-18.294605052872413
-18.27273371645005
-18.259208945374894
-18.246705807793127
-18.25799862983844
-18.2569172869099
-18.26865960237748
-18.279980162689384
-18.268962531933823
-18.269882547549695
-18.268292428013275
-18.274560593217448
-18.271108614661685
-18.285160431421758
-18.295300791842113
-18.291127277393155
-18.30708349680174
-18.322354264731153
-18.309772017851486
-18.309222864049797
-18.314044312755655
-18.302792136404417
-18.32030367576779
-18.32872057590786
-18.331141542131906
-18.328915612041428
-18.319260283377634
-18.306251974042155
-18.313801470649903
-18.32708856689271
-18.34746279710314
-18.333479366907326
-18.323946480039588
-18.34890316106803
-18.3489375059426
-18.357714835797353
-18.360068580856186
-18.335135437737744
-18.350587159697305
-18.34821151656031
-18.34516390603014
-18.352715389925322
-18.361806724995965
-18.379371501451356
-18.382532103111462
-18.38741349420776
-18.373259617054522
-18.376301519178075
-18.3690527405415
-18.371559039692023
-18.345557709790445
-18.33692927032602
-18.347313578805863
-18.353651341026563
-18.330452911484528
-18.33796350291948
-18.337187616512455
-18.3515480509525
-18.353251301582834
-18.366658186079412
-18.354242492536056
-18.353643845351513
-18.34799051699149
-18.35741685188919
-18.34113806034008
-18.33984074060329
-18.347928111833728
-18.33222422633129
-18.319431181570707
-18.299977092101496
-18.303241493696063
-18.30556968797442
-18.320115760327983
-18.337189272532196
-18.341404263457285
-18.341777235593128
-18.35132534463729
-18.36353271516249
-18.35669696379324
-18.359676620753614
-18.3621011608856
-18.361613669410755
-18.353113188398563
-18.36462981814892
-18.375544052833405
-18.38886111095512
-18.357286358705586
-18.334308729215945
-18.331588807377354
-18.330908066640234
-18.312826641795922
-18.29017665688119
-18.289501202774485
-18.283954870342033
-18.273312220427936
-18.27908080548065
-18.304209610180678
-18.289499915682192
-18.278412457994822
-18.30714271140903
-18.310433578450784
-18.30279576966757
-18.293374699176997
-18.295220247955992
-18.320479839736443
-18.3418737899598
-18.34256682462964
-18.34492448598073
-18.35422261883158
-18.345323140434132
-18.345617980407766
-18.344338149380107
-18.363651302500042
-18.37067597094058
-18.376661826226453
-18.376057997787505
-18.36926510964741
-18.381032167825072
-18.386201158128532
-18.375488054811147
-18.38716442763318
-18.39612093502164
-18.385699843360946
-18.381501834303933
-18.393057302671828
-18.404420470749464
-18.396556233256437
-18.40621478412766
-18.410676258882265
-18.395347712899813
-18.389886366534554
-18.37717449266026
-18.372830515955634
-18.371636714400747
-18.387401877302022
-18.401583677074782
-18.418713600540773
-18.40063348752826
-18.402668303382246
-18.402359913979073
-18.399463646933263
-18.398914983420262
-18.398745669575693
-18.399196189339047
-18.39927394798238
-18.40358278760086
-18.39660596706767
-18.387150849498724
-18.386868114813325
-18.391237255100446
-18.387033642604763
-18.415120497545292
-18.429445799101924
-18.418275491890434
-18.40450355139313
-18.390330323346948
-18.3730056128705
-18.38057495457616
-18.373269849904595
-18.379300007291818
-18.3784525700002
-18.369430140118894
-18.36359510166255
-18.347716828172995
-18.349623460272394
-18.35275376157192
-18.352408866404325
-18.332193458550165
-18.313026370176033
-18.323135292357648
-18.316806490434878
-18.31828359957856
-18.344824466727584
-18.356225511356367
-18.356303606289238
-18.359710602770257
-18.36485452267108
-18.34646323873649
-18.35574301800431
-18.358923735983193
-18.36748544511331
-18.351058946646404
-18.351481311205625
-18.369646232860113
-18.36872027509705
-18.36687860488988
-18.348386578849805
-18.357555123867122
-18.346433306264398
-18.342409090997542
-18.348869014284013
-18.334287806160468
-18.332409585841752
-18.35589129493126
-18.33336945955543
-18.334840571484825
-18.333571307096324
-18.348723719837754
-18.339423997682246
-18.342940411104326
-18.350185529221623
-18.3556489099002
-18.342952009831595
-18.331846551263574
-18.316851363103396
-18.313431225404774
-18.328114019407735
-18.33374894198759
-18.348705191675467
-18.344905121426613
-18.340677700263843
-18.324881221943574
-18.31419712361226
-18.32030516956531
-18.32365068300678
-18.337574701827446
-18.360657601598565
-18.34191285866948
-18.35439783533249
-18.35142810532363
-18.35437607695738
-18.351748207622528
-18.36602385434389
-18.3591611064894
-18.36596425226641
-18.36939113103128
-18.361509860727168
-18.367384528496256
-18.3789312047615
-18.37004054785983
-18.36909742895507
-18.37413312302938
-18.388453788220776
-18.37854863923389
-18.378706894296563
-18.382883226609337
-18.406539842647344
-18.39195030134859
-18.368130147163832
-18.369505588724998
-18.385991675937362
-18.392047193226738
-18.383703662606017
-18.40049820997176
-18.40491819104887
-18.41877095879346
-18.419334501135165
-18.415405498809164
-18.413423285815885
-18.39502966090621
-18.403288718527392
-18.409014912853355
-18.416650001815515
-18.41240301316538
-18.414827498822167
-18.424051382653516
-18.40978662905006
-18.394430660481873
-18.368290606843967
-18.370917905191227
-18.383118876333356
-18.390825580410194
-18.382270915724494
-18.38142208971583
-18.366165310324764
-18.35827073017087
-18.369155913283638
-18.378917662976445
-18.375910333118206
-18.378400066188576
-18.37562881013055
-18.37044462984724
-18.356914615310583
-18.349076011488304
-18.343940397894137
-18.35014247913554
-18.333753038695477
-18.339026836174625
-18.33406435022067
-18.339475262732343
-18.352141476406594
-18.34352288553398
-18.325505064808052
-18.30006039710994
-18.29751455114921
-18.280932035669604
-18.3060407646122
-18.2981254600821
-18.2885391241679
-18.274968100452284
-18.27258760854932
-18.300660049076633
-18.299859567690845
-18.304343224112092
-18.318960235397565
-18.319331455768193
-18.321272170385583
-18.342934423421436
-18.343362119993998
-18.33442741398591
-18.342128432141745
-18.331495594520234
-18.339490584477357
-18.326722826546604
-18.319689831984505
-18.326697516390766
-18.329516425348352
-18.326116485193737
-18.3098676883421
-18.324291394709117
-18.335175859084327
-18.330019584753373
-18.32093336713511
-18.345828164914575
-18.346199877009486
-18.316012964733254
-18.330606043081357
-18.335426617859774
-18.33442695597245
-18.331050777700995
-18.323994085372842
-18.324268843450344
-18.331329466899017
-18.332730674566896
-18.340045494764595
-18.333344726695014
-18.33640359017523
-18.351346094423118
-18.342321319830774
-18.344562808329158
-18.354915267336043
-18.352530457285752
-18.35184645919265
-18.354215214646548
-18.357335495544447
-18.343826492851026
-18.329699233435864
-18.343141954764047
-18.348191837623077
-18.33546948575472
-18.33384153555539
-18.347117863624785
-18.374791956761165
-18.36304981029666
-18.369965149472602
-18.373718386462972
-18.372876804793467
-18.375484238666917
-18.376912984310355
-18.362360808943844
-18.37608293308876
-18.387825330591596
-18.384122071608306
-18.397285397936706
-18.408327817928118
-18.400129837915735
-18.403908893835904
-18.412805684542825
-18.422474300664337
-18.41378625971553
-18.398730485604943
-18.39696692575817
-18.40019048987779
-18.412357806480383
-18.433350179764968
-18.43566208416404
-18.416194372699245
-18.40478374516911
-18.410618297711245
-18.4313818800004
-18.422082087906265
-18.421774448172382
-18.42506912123691
-18.408537654312433
-18.41831991188373
-18.43696327048225
-18.41464934467815
-18.408632253943786
-18.414092376824485
-18.423539389783674
-18.40670736456563
-18.403560636367253
-18.399688092912644
-18.382350284076498
-18.36513499402622
-18.363578078234085
-18.387158720388374
-18.382532718900396
-18.375095679186774
-18.369900768704806
-18.360435046591533
-18.360659885644043
-18.353835507791636
-18.372550082568594
-18.381583244441988
-18.37899735272026
-18.386020482880145
-18.387580066082243
-18.403380263227195
-18.374651728806935
-18.376263243952845
-18.38240481530079
-18.372100302751107
-18.3888603205597
-18.395808925898837
-18.41067523533959
-18.415544695959742
-18.399824865117
-18.413150892259978
-18.415961647306666
-18.3979370359161
-18.394675804475245
-18.395386506809558
-18.40145034643359
-18.41579680250385
-18.43741467286649
-18.41924220691724
-18.411507512772573
-18.40810921301004
-18.39190404495998
-18.403220791936814
-18.40629337505168
-18.391234355995568
-18.393417127380342
-18.414884735780124
-18.427607560461727
-18.433630752167705
-18.452111770230673
-18.46230763505753
-18.44812605276324
-18.45027156158238
-18.455125995081055
-18.442081227473704
-18.429250007731792
-18.437916309238023
-18.451439297015874
-18.460971342493696
-18.451206357415234
-18.451851754300858
-18.465049439431738
-18.445074779573943
-18.455346035353948
-18.450969047793414
-18.450905557154535
-18.449228838537834
-18.436332367522212
-18.410123601563907
-18.40987021029729
-18.419085616593716
-18.42463595803583
-18.41643882621666
-18.40919563852583
-18.407693536403897
-18.435071586903135
-18.455796562239712
-18.460351122010362
-18.454520407544106
-18.449714633838088
-18.45469434398075
-18.457124565138578
-18.459182394467973
-18.46841704570925
-18.479882636970522
-18.468472122934834
-18.48396549251201
-18.50699600287121
-18.479779136961973
-18.48039342010064
-18.475095623810375
-18.48431034006243
-18.489432818204403
-18.48112218530635
-18.479661105291758
-18.456692131983328
-18.46046345443613
-18.473687253440175
-18.46411847981698
-18.45757875595511
-18.441886608487586
-18.446839697136628
-18.447968898558223
-18.46342510295863
-18.467055512450536
-18.475048981963198
-18.461003517245764
-18.446445604794338
-18.45173967629695
-18.45099587625899
-18.449965819938594
-18.455144728098247
-18.464821842802618
-18.44303319387858
-18.437071694433147
-18.435252420165533
-18.429281736769813
-18.406034937339076
-18.415553086886217
-18.4197951895547
-18.426865105094574
-18.423341835978274
-18.409057409028463
-18.40774747194881
-18.422582591807295
-18.426965561182815
-18.432330039553072
-18.438151742616967
-18.43459909317517
-18.440411574603583
-18.435929626762498
-18.457439029644885
-18.434117081294634
-18.42454329968792
-18.41149791267045
-18.400896007450378
-18.391308371417544
-18.399101213586366
-18.379467474864114
-18.387548698498442
-18.394253639506214
-18.40504274474899
-18.401536191447338
-18.39673222233873
-18.387288725493274
-18.395122366769634
-18.404657464248626
-18.413158130084668
-18.418454279668637
-18.425924274221025
-18.43124638757071
-18.42741558108662
-18.43090851052148
-18.413708183638487
-18.409412683883478
-18.42113182646496
-18.439913436265716
-18.45723847965491
-18.452535347917987
-18.45172510810491
-18.45202621219447
-18.438370524934758
-18.429274432887123
-18.428506259671774
-18.429808585860197
-18.427958681440884
-18.432272627905437
-18.410489445243126
-18.417238022987735
-18.39859032208081
-18.390789137647594
-18.38285059201497
-18.389473557904978
-18.374377855511295
-18.362562780241507
-18.35149507398648
-18.355797726343365
-18.352730205452485
-18.35626910716776
-18.36173524375752
-18.381013640363772
-18.38628724113506
-18.396188744616136
-18.393382947078642
-18.391040311874054
-18.364586559558028
-18.362106390033127
-18.369119089118588
-18.358360946617253
-18.378794293818988
-18.363215276727338
-18.37801131608734
-18.358065911597752
-18.356409829571493
-18.37034485890335
-18.37403228414357
-18.380372114411447
-18.356135917160223
-18.354881395775635
-18.36324540891885
-18.36603664921502
-18.373890593564568
-18.36982836444144
-18.38045441221989
-18.369048983241658
-18.347708410917637
-18.362187133538725
-18.369640955245142
-18.373460934953915
-18.38147395636759
-18.38593590610298
-18.394327657293125
-18.388979988020807
-18.391167062423403
-18.39340271033236
-18.387998545324802
-18.398833720780175
-18.396669519406032
-18.371822957304598
-18.366044707321603
-18.362191119545674
-18.381333937845596
-18.380302517076235
-18.376699517741294
-18.374998804453703
-18.37541383944983
-18.381708365898714
-18.379236404613543
-18.38348299319526
-18.390007721590003
-18.38396612042706
-18.362864487404437
-18.347466608335615
-18.352740550084295
-18.361110888358976
-18.37727992773753
-18.385768926349886
-18.376850748192417
-18.382833907761118
-18.390253045594523
-18.37543343202021
-18.372348896605896
-18.363392742614934
-18.37589175385309
-18.38448696064045
-18.386424471149116
-18.405680616001423
-18.38515219797172
-18.39421125739719
-18.387961378111598
-18.38780698483026
-18.38620941128647
-18.37886437414437
-18.401840445503673
-18.39983209013395
-18.387781619203473
-18.384388910317202
-18.387749052205642
-18.38807814287997
-18.400690744332483
-18.392490441973102
-18.395056865947883
-18.406798733532902
-18.41551654514745
-18.417555205791906
-18.402779858734036
-18.437033906054012
-18.43017322857387
-18.4079867323351
-18.38166816450293
-18.414920295668296
-18.411453445557083
-18.400461933628257
-18.405656922999817
-18.423881257239003
-18.421009115082096
-18.411637108137736
-18.413034983414335
-18.414411952338572
-18.397230636260993
-18.397826638578056
-18.396080556853196
-18.409019908760527
-18.41042045387993
-18.409116700545937
-18.428900432146783
-18.446443275194373
-18.4573992766267
-18.459714901302313
-18.45239589673686
-18.44250619536519
-18.44640388418827
-18.465275568520852
-18.46321991939041
-18.454207870160406
-18.46866092521227
-18.45704609715496
-18.451662412619672
-18.455750167339733
-18.450683535932537
-18.440869460772028
-18.460818800028584
-18.44390754020761
-18.45038816063618
-18.46144045657452
-18.429488280417942
-18.44218782995317
-18.45667412892677
-18.464534234628747
-18.49331434066014
-18.51681625207786
-18.517068134643615
-18.52201691248453
-18.51312342537418
-18.527140553373446
-18.507575978330248
-18.49567559936945
-18.519411980590846
-18.516428083468664
-18.520896185106974
-18.516000950725573
-18.514007206289993
-18.510252943195077
-18.52365181593516
-18.519026915905265
-18.51329961038789
-18.512223996439054
-18.500884148396057
-18.495033642244703
-18.479569313837793
-18.488370938543405
-18.476924772780244
-18.473236136330293
-18.47643036698511
-18.467867330175512
-18.4593665265971
-18.45746942873833
-18.443533733724834
-18.438287298384218
-18.441176267508222
-18.443442349689352
-18.454520086595455
-18.466012404920054
-18.45722046007181
-18.465037417238186
-18.461535465350345
-18.466799843825836
-18.47560408854399
-18.473851095389644
-18.473635227948147
-18.48542980950786
-18.478666588738562
-18.489677953337804
-18.496227518401653
-18.510942128054992
-18.51299720559839
-18.522779807202376
-18.53183816734093
-18.528517575586946
-18.519801959296256
-18.53025855443801
-18.51640287575848
-18.50852447375687
-18.502474802083565
-18.500254772543496
-18.5005562775796
-18.49344715545629
-18.486435898135483
-18.47711761622834
-18.476393242885838
-18.48486396191267
-18.495726792785405
-18.45866209015648
-18.464414482950815
-18.470144220569733
-18.462774180664194
-18.482464629015382
-18.47858722944488
-18.475598082583918
-18.494735126207274
-18.504607810527354
-18.520746605020665
-18.52320512757354
-18.51403062581478
-18.520848134291363
-18.511658629534292
-18.506456275541524
-18.530958243271257
-18.533323447290158
-18.529283589145432
-18.51683462105564
-18.522333123699674
-18.535636395889032
-18.528644511260424
-18.543389646055726
-18.536599659115023
-18.54569501209887
-18.55994071556942
-18.581515415148587
-18.57221397539907
-18.55206906895957
-18.568220947448314
-18.564145685161737
-18.55879664950139
-18.55791103658715
-18.556706128424494
-18.54528756386559
-18.51571273768044
-18.52178699878372
-18.506241021092325
-18.496414137384996
-18.510527859342407
-18.52078227713569
-18.525832104755718
-18.519751911137558
-18.52642814812242
-18.514776732455775
-18.514369163972592
-18.509943413762525
-18.51662816873531
-18.51210317421712
-18.5286640108848
-18.52382007852113
-18.543361410968384
-18.5419294132621
-18.554108172604778
-18.555845015294967
-18.547386588408624
-18.572278421084345
-18.566770177384488
-18.55631471342515
-18.563333967133655
-18.55812412603072
-18.548198083294587
-18.54269889745926
-18.546252941506573
-18.54489323430183
-18.53451026568363
-18.52006500413134
-18.5233563578203
-18.52974709496834
-18.537820397413583
-18.549650817487628
-18.55304525804032
-18.57354979453405
-18.57256811665318
-18.591639130339416
-18.601980337064717
-18.5816790758409
-18.570895807699262
-18.568466937613245
-18.575163209790308
-18.571527529545754
-18.560217546179366
-18.5656650522392
-18.548120922670144
-18.546688497148896
-18.5373033057728
-18.546873043767803
-18.548808682750902
-18.555386440382975
-18.565392599438706
-18.55354287312155
-18.553158006730893
-18.560793785813072
-18.55639046130719
-18.56902013848037
-18.571244922309447
-18.552300016763287
-18.55425566178361
-18.556294435787365
-18.55936280167351
-18.564679706373493
-18.58225801961454
-18.56702409935879
-18.5536276676016
-18.55077144223098
-18.55648174739718
-18.564493254683676
-18.567662528199083
-18.57805339513999
-18.580970298021654
-18.610578205022076
-18.598474639292803
-18.583018892476204
-18.57642756106829
-18.58663692718459
-18.58407146721941
-18.58075879261472
-18.5669948846892
-18.54961275736128
-18.549669119981107
-18.546802139665864
-18.54355850734964
-18.539558792803742
-18.54196199247205
-18.541077267252472
-18.535957984570242
-18.540666528261184
-18.54420345950271
-18.551199439018784
-18.536716149943338
-18.550402266107557
-18.549353611472807
-18.55649297652999
-18.543175745107238
-18.535138921132845
-18.525718351848973
-18.53470322923277
-18.54604065561486
-18.550301061073203
-18.542448285482692
-18.550745445065605
-18.55563094479223
-18.56668142950625
-18.562255925947124
-18.551921311610403
-18.543578980721062
-18.550878075132374
-18.549012725393883
-18.5409633077968
-18.53867974542352
-18.556055347889263
-18.560208170850792
-18.582417773675406
-18.565666559449767
-18.580584778624054
-18.582034717643833
-18.561935029661097
-18.577534054641575
-18.56854597317485
-18.58288963549985
-18.59793001992206
-18.580510611635958
-18.553835806864413
-18.54511603586722
-18.536877847532065
-18.557148533837378
-18.56499952301092
-18.57004009864493
-18.56812093899617
-18.581866373555236
-18.59872120702515
-18.589772480023676
-18.594881320695908
-18.58330828754432
-18.564115829665738
-18.553273851718153
-18.56184237795239
-18.570599366857127
-18.566038969442356
-18.577915033186834
-18.57278807369372
-18.575995268424272
-18.573537114882395
-18.55554781050246
-18.54433456975993
-18.560065213063666
-18.562372254567858
-18.56423543900887
-18.554274994449205
-18.56499980982556
-18.551409333549433
-18.560347901880448
-18.558881585016163
-18.55183259495994
-18.570352536115386
-18.56527180872036
-18.570737399892167
-18.561363565737658
-18.554638348938333
-18.560653188540122
-18.56553631294657
-18.557873438352708
-18.56827218411315
-18.578268763199112
-18.58947585327521
-18.582611769688736
-18.584647361471337
-18.58521643644269
-18.58359691803172
-18.55377398482232
-18.553279090258435
-18.54994718589204
-18.56566240075866
-18.56042229723402
-18.557784144783877
-18.55729074074035
-18.529780367940575
-18.52265966860862
-18.513372371679615
-18.504037328502857
-18.504845184187857
-18.483769682725065
-18.485635957293216
-18.484002497252867
-18.49728650375896
-18.48383543730949
-18.47967712755878
-18.483485084934824
-18.493965172042085
-18.51822223198562
-18.529229430248677
-18.536914012178567
-18.539835603610722
-18.549483695686927
-18.54611873841805
-18.56256568121397
-18.558649545816177
-18.57019095083522
-18.561173452731186
-18.567087616387735
-18.55780654033994
-18.540541909394523
-18.520584772963698
-18.51214065924094
-18.510065459969717
-18.49699510784125
-18.499160961005593
-18.486303596142903
-18.506208470578986
-18.488289808877937
-18.483445628227983
-18.485738573178793
-18.49056276329691
-18.4838493669238
-18.47297583465028
-18.46386867387354
-18.460529000629172
-18.460456992276757
-18.465654447760116
-18.496459782992723
-18.485694598191795
-18.497513036655825
-18.493815302974575
-18.494221807641953
-18.50240756011923
-18.49363321221922
-18.490809180540587
-18.488582695050486
-18.481709664239666
-18.479131022569632
-18.479458275751483
-18.471188200958114
-18.4661400803613
-18.469268008823796
-18.467704018544904
-18.444506024424875
-18.465585661186164
-18.451347508457186
-18.447674843023453
-18.446891474503147
-18.46869990727676
-18.474024351081983
-18.473690654308317
-18.464363776070567
-18.45622407602011
-18.451375525202483
-18.46171879547622
-18.45255123269614
-18.460317184729252
-18.454841684706643
-18.45096196536185
-18.430629398417594
-18.425231825504685
-18.421672023676606
-18.428968736708992
-18.437041913655733
-18.43630630555607
-18.439649483467456
-18.437734585309972
-18.432619373163817
-18.4291302613264
-18.41557290552382
-18.443047017948214
-18.439396660983068
-18.434486365272157
-18.45936754675929
-18.45445999670487
-18.441009365875228
-18.445752494189364
-18.433793020553672
-18.437630678692184
-18.45832546894495
-18.464248215754846
-18.463036009251663
-18.47241757579501
-18.489490504221468
-18.476625207674875
-18.474067940414173
-18.477341092990564
-18.480801578203444
-18.483944783347905
-18.48230238464173
-18.486959206495538
-18.48070095444728
-18.49355165362753
-18.490385234315042
-18.492548623666508
-18.50065759042128
-18.512084341328716
-18.513486714670147
-18.516082183007846
-18.51431064273574
-18.510397037319137
-18.484430228053572
-18.474123387792492
-18.459666997702456
-18.464568986617248
-18.47017065782135
-18.48811408059115
-18.483409121423797
-18.47056640749174
-18.482898176019887
-18.467682005862315
-18.47456191988908
-18.472512675968915
-18.482190885678904
-18.48233993114371
-18.482307262388883
-18.488484822904912
-18.49115549734373
-18.4734543327979
-18.47933152948869
-18.479485668773272
-18.462806171029115
-18.467887757778517
-18.477568678588725
-18.49946397134306
-18.49876360921878
-18.484182834749863
-18.48198659227343
-18.463488669008456
-18.48251116794793
-18.4751007676806
-18.486218015614572
-18.484143502915337
-18.47296139719001
-18.462446036894406
-18.45950216826453
-18.4537024148314
-18.453949230561832
-18.444340742547546
-18.466830578048235
-18.470222503081086
-18.475339276356944
-18.482147507953744
-18.472943521320843
-18.454280127468632
-18.455371857763964
-18.457183040922384
-18.45146310507095
-18.454581936670312
-18.441147588627782
-18.431087838338787
-18.447769659542484
-18.427820383198412
-18.433556836103882
-18.428012476984257
-18.435612610514127
-18.43783049220372
-18.44882923766862
-18.447545868297844
-18.431193868627194
-18.42606019656712
-18.447625709200025
-18.449582896319964
-18.441099730187997
-18.44609837192011
-18.45826292523337
-18.455324887984208
-18.465076649903725
-18.445344555931158
-18.45581661339874
-18.446602380507446
-18.424913745517088
-18.42820737564418
-18.423458761376143
-18.427152224454357
-18.417021785193732
-18.426621368414324
-18.403475142920875
-18.39927036427539
-18.41220286085767
-18.41952910430917
-18.41806567488103
-18.41492540344955
-18.40751673573548
-18.421855540126412
-18.418193397579415
-18.440199310956256
-18.4572344851446
-18.453986460998788
-18.46105942909386
-18.472693303977323
-18.46861961075238
-18.477161913920046
-18.459549969031794
-18.464347989457828
-18.451328752836385
-18.46223293766629
-18.458682715571857
-18.45505151121902
-18.471781022754993
-18.479972208415056
-18.47846411118736
-18.490011776299205
-18.481257803560663
-18.4731357699926
-18.47681647125708
-18.457143790457987
-18.461073604654306
-18.46345398492871
-18.462086483944024
-18.46060563113981
-18.47510670461085
-18.48088918699067
-18.47187923214059
-18.45478208489511
-18.459230002083302
-18.468897609020512
-18.44335101545808
-18.427837083455696
-18.445303369672367
-18.440379123491553
-18.417776414009307
-18.406371124465117
-18.401099013898026
-18.42203716053299
-18.414999087474808
-18.395646474021
-18.404023527928643
-18.399439109375123
-18.410134039761196
-18.438321755685646
-18.43167124065813
-18.436371613186285
-18.427669711211863
-18.424212540591544
-18.409562536770306
-18.420044020816423
-18.422688738283377
-18.41969120018472
-18.419838025706245
-18.417440288135506
-18.42093554149763
-18.432096247096247
-18.449298645305454
-18.461036877651217
-18.47446548594781
-18.479099281012335
-18.47106084853725
-18.467941337333762
-18.46743698132899
-18.444335865306847
-18.459682528559203
-18.453385410080646
-18.441750499954356
-18.459025503900314
-18.468774589683207
-18.464333933209353
-18.456423692565846
-18.468487629105162
-18.449824384203644
-18.468700617154127
-18.457485934388334
-18.442183376333087
-18.432230554551364
-18.444638888788603
