-18.69420286461511
-18.70349413482685
-18.668907189141947
-18.71654520860095
-18.701798217566378
-18.655980062926204
-18.656018742789545
-18.6631257464417
-18.669379428556756
-18.69195190518167
-18.66056595456375
-18.64933437891287
-18.6393633621797
-18.628955407880238
-18.615557162108804
-18.60601462491387
-18.604865745771086
-18.603838439937977
-18.66014763609322
-18.62775723356455
-18.639714177470612
-18.640234233429013
-18.64319508639495
-18.638745724813962
-18.63887321080866
-18.657176223181175
-18.654626077029477
-18.648250062407552
-18.628258752793673
-18.665894337586042
-18.682537516372168
-18.650617797787266
-18.63761437947736
-18.634884469033484
-18.625671903661598
-18.59773870117507
-18.596062057943467
-18.557635144807595
-18.580307837928046
-18.602736215244608
-18.624549978124197
-18.637038627046998
-18.61579433238181
-18.632083595132713
-18.630994581432766
-18.62874006795072
-18.627760919587434
-18.650316529869595
-18.658913485881154
-18.663764578995718
-18.668546764733954
-18.67711975029146
-18.66772726314055
-18.67875659646793
-18.669911752315297
-18.670833613382705
-18.672031296032632
-18.642570579354324
-18.63738488260267
-18.645906785294173
-18.642158836688168
-18.63063050306289
-18.63763719379844
-18.6239636366469
-18.61490149991075
-18.623044942962643
-18.581099110264574
-18.574175749196474
-18.612613848230456
-18.615829617496043
-18.614169660829532
-18.637969429882858
-18.603279385269353
-18.628145675700665
-18.628532032528188
-18.642349254222747
-18.66629698030537
-18.624437589166025
-18.614412019493884
-18.61549333731261
-18.613770441032663
-18.64107280805449
-18.651765700689026
-18.65996219433548
-18.626670384781733
-18.63429817821313
-18.627218572629403
-18.59960517340958
-18.644529074772315
-18.6333207077068
-18.627598133555974
-18.62797975984761
-18.616379513885622
-18.638606603592258
-18.62990252817229
-18.589102311720843
-18.57093402494788
-18.577829048749223
-18.590357027421938
-18.616350251303754
-18.61559713570279
-18.607529994867487
-18.583008425953437
-18.581138286552726
-18.575520144506996
-18.57375145159396
-18.56370932386559
-18.572891881445166
-18.59530432348443
-18.585913664584933
-18.60445653232293
-18.58243074041433
-18.57578683309311
-18.571609967328794
-18.591113724073743
-18.59217309620893
-18.597754060635314
-18.594155288027345
-18.562829492084575
-18.582224894585412
-18.548658022977033
-18.534299130633915
-18.54595345777321
-18.534789761859525
-18.556062194392
-18.5761270641353
-18.562519612248852
-18.58394504858456
-18.553403168081083
-18.550996685198655
-18.595575644542567
-18.541029368256062
-18.569112037890402
-18.564911162932955
-18.549484659916192
-18.535204769474614
-18.527135407407226
-18.54508452376051
-18.54803158051529
-18.54868488288018
-18.576868664601157
-18.566228982528976
-18.531353503058604
-18.517404821238397
-18.512144432041154
-18.498812308230423
-18.499760861988925
-18.502346958745317
-18.522110734177087
-18.574029075742466
-18.570568421470877
-18.5563799864444
-18.564437288876285
-18.542713127352616
-18.556540498334357
-18.556555892419524
-18.565826309654504
-18.54206747451348
-18.578181136542113
-18.569238002872947
-18.564807629055302
-18.566922162693352
-18.53114738873484
-18.5244636169955
-18.521631753182064
-18.54470142359958
-18.574995917614793
-18.573522327464392
-18.559571812126258
-18.55375134202656
-18.568373327345316
-18.59993221537753
-18.564770084640333
-18.596814508815644
-18.602397485892787
-18.59019243500423
-18.584404957081137
-18.62682354025094
-18.602029826610206
-18.601885348298662
-18.5714478343386
-18.57646169855091
-18.58205603517899
-18.58244055057388
-18.57555638905143
-18.56697578918174
-18.561251022089635
-18.592683231056192
-18.63526335621256
-18.636514277858453
-18.63591874863229
-18.637466276109546
-18.656100999888487
-18.656775354355958
-18.672579658188475
-18.666465161899822
-18.675910006005136
-18.678491041322843
-18.68255039084413
-18.665804956356208
-18.666115428933107
-18.669245980890317
-18.68213797073851
-18.68076438137857
-18.633554135968062
-18.630474424267614
-18.636403967468844
-18.602397926695467
-18.602336962578033
-18.576022466642865
-18.592138075804314
-18.61410468139283
-18.599525261012747
-18.566142296122933
-18.575822475318297
-18.562177770200925
-18.58385195734428
-18.569933528990752
-18.589380856315312
-18.576465542381168
-18.603926437831156
-18.5885466551647
-18.587533051844865
-18.58693890871435
-18.55779069686657
-18.537347759492484
-18.53956103746333
-18.547298801592962
-18.5177065689073
-18.55438131513187
-18.563284633205125
-18.568733250622433
-18.556587064906157
-18.55591737865751
-18.586089348011836
-18.589943757046143
-18.57709172017601
-18.605652164132415
-18.612537700905943
-18.622951188710278
-18.6462693200906
-18.639291672165392
-18.622164601623087
-18.621807533589177
-18.633599471747598
-18.617882869620882
-18.61736355068588
-18.6342962643344
-18.640342081159794
-18.642711327667946
-18.61862219691191
-18.612546732182544
-18.595476292012254
-18.613858946231822
-18.643609020483574
-18.657240097323328
-18.64162880343276
-18.62759116782542
-18.657643394308575
-18.667388823676436
-18.66927113471529
-18.661538546860246
-18.65551418766384
-18.681426689657478
-18.66421697519275
-18.655219111539893
-18.64079663601018
-18.635862569080093
-18.629055447279836
-18.63669801386001
-18.633783233511327
-18.659932174389127
-18.667786367345386
-18.696151030310556
-18.690084452601702
-18.66803356222606
-18.669504551139916
-18.682058763963223
-18.702472591449126
-18.661172443764794
-18.663016900591444
-18.64894570368227
-18.673262917039377
-18.653316121226332
-18.63422204134136
-18.6249847612583
-18.639331799939022
-18.672830950303613
-18.63654133038005
-18.65497212591101
-18.647034020192862
-18.641697476601955
-18.643073126570147
-18.66319643320501
-18.663208284402423
-18.655058288878887
-18.636676769313286
-18.64995914212838
-18.631528262802462
-18.637967509252125
-18.61633056882352
-18.61552106595346
-18.632078207456228
-18.642267033844316
-18.648339046982816
-18.631847761250015
-18.6452137571204
-18.64595518973069
-18.649882967315786
-18.62886461730441
-18.65036426178549
-18.6360798712445
-18.643880322030622
-18.649100005980962
-18.64327169430486
-18.638540871604064
-18.62475427257469
-18.6270129739818
-18.655385085801505
-18.669562602347135
-18.682190682242503
-18.67289207680315
-18.663574022777457
-18.670168147217847
-18.672152036558035
-18.68020928435933
-18.665142717787923
-18.63284525139116
-18.64295034333773
-18.642060679293397
-18.64960465845438
-18.647408599592307
-18.642208050166488
-18.640835634963995
-18.632188326728237
-18.62316834075341
-18.625449977229497
-18.60477083790093
-18.58025443935702
-18.544459073589607
-18.573717868789508
-18.575746461940383
-18.59062344892051
-18.553262313413203
-18.559122497605046
-18.56905649729779
-18.58780205326783
-18.5804076204402
-18.590200767763626
-18.60804005257778
-18.606575483839755
-18.61353088523059
-18.6140998345574
-18.61267646259176
-18.584650198093744
-18.60871295854097
-18.583887850500265
-18.601615499948515
-18.60749775110654
-18.647781114755638
-18.642830229391944
-18.631382495428838
-18.6277332311312
-18.617873786757777
-18.57585398948196
-18.55531155346402
-18.58729788605832
-18.61147027590012
-18.61895425705246
-18.592964517049534
-18.61563763561632
-18.654785061944857
-18.659574635442674
-18.67276147511266
-18.682036606679723
-18.688000567032677
-18.675486842592655
-18.667220922799086
-18.63996007802261
-18.649843900711915
-18.66802041683597
-18.659394559396013
-18.64741539408641
-18.65218455685988
-18.645737987162793
-18.662807963855617
-18.686623976924956
-18.671040748417887
-18.669222763308284
-18.67139058126443
-18.678289872795993
-18.64704045540461
-18.680332474569177
-18.65960399506755
-18.673371769817578
-18.650806788243226
-18.676428657574792
-18.67624588254531
-18.68153743357833
-18.675012275773827
-18.67681750383956
-18.688245703418996
-18.712136100082482
-18.74551925669719
-18.728196592491457
-18.742470022126376
-18.74417400495804
-18.723243815429253
-18.720756190213795
-18.695584124435552
-18.706013484678596
-18.732945331163396
-18.70803910791471
-18.7119817572977
-18.712582050311507
-18.7093851204284
-18.700339032325065
-18.70208447455969
-18.687819369676387
-18.68390361853621
-18.643731956721187
-18.647384605260882
-18.67821204135557
-18.685154182923107
-18.709495052541406
-18.734127672602902
-18.707262534160513
-18.702012413965708
-18.70383935118461
-18.723158341138916
-18.718360012529367
-18.723004924873802
-18.710177835144396
-18.723037394182292
-18.75335373671059
-18.77837429350791
-18.766566448449986
-18.756787274083095
-18.74446817171236
-18.734125332393408
-18.740653345832513
-18.702269082512988
-18.698953100077212
-18.723053829678776
-18.737652833250174
-18.72795827503766
-18.77269728173657
-18.77370404908029
-18.782320074900102
-18.77778988687933
-18.782571335441943
-18.771161803105635
-18.80808713723528
-18.80132287454917
-18.809194464201788
-18.7792960932039
-18.773448292820053
-18.771323341845285
-18.771696351835416
-18.761015784704277
-18.75970498290463
-18.77414393339194
-18.759632935444962
-18.73341548133926
-18.692957876225467
-18.707349407887776
-18.702115493207764
-18.69664627610617
-18.70041044138782
-18.734737416549976
-18.746925126195904
-18.74361350635481
-18.744587695625064
-18.715301536312563
-18.714365607904806
-18.71769962591122
-18.705650135413652
-18.682819468759327
-18.719158421235818
-18.709483052016196
-18.72900657784309
-18.746803596325126
-18.715704991069423
-18.722242353775208
-18.72451173598158
-18.73011089082493
-18.71725077118326
-18.700916817027995
-18.748972426959693
-18.771891953930005
-18.785127616281073
-18.763617759646046
-18.777831484436803
-18.751497656139048
-18.74442478399729
-18.722575278556878
-18.734780488903237
-18.742901337217823
-18.746587023303764
-18.768367853500735
-18.755683130898692
-18.77385786439483
-18.76229318838202
-18.755352292742497
-18.773194273793038
-18.75128917666532
-18.748563367171673
-18.728848864014495
-18.72693350199193
-18.734630453372848
-18.732508168673743
-18.733269180776123
-18.727923510566914
-18.718955344183062
-18.684858869464037
-18.70761152985497
-18.69045551102368
-18.69674988950985
-18.681622168945186
-18.650646020827207
-18.66991576900238
-18.724248863262922
-18.74756683794655
-18.701420094180932
-18.72228972141367
-18.72254565128488
-18.73301075675035
-18.73502205656816
-18.735573398941366
-18.719109943153377
-18.69037980018189
-18.66595179168155
-18.67244397365917
-18.687074549004446
-18.674216795599875
-18.649562022528514
-18.669924391873423
-18.670419098638355
-18.689777579863435
-18.71571190480883
-18.731754182966345
-18.714727497110903
-18.683464709339198
-18.67102764371499
-18.658021060008753
-18.64878581990082
-18.667458870991936
-18.67015972623626
-18.70396049562359
-18.69130020144976
-18.696422420786945
-18.71199132670393
-18.748975545839315
-18.781498975283643
-18.790170791048904
-18.808532176573696
-18.841165681364032
-18.82351025642261
-18.77673614271234
-18.772549172129462
-18.75359437593916
-18.764330909272175
-18.75885419644413
-18.769016565441174
-18.73519520008684
-18.7306661610013
-18.702268439487323
-18.715705737690506
-18.71482730455942
-18.75756724571047
-18.742356636684764
-18.70803187491148
-18.696285029112946
-18.722976966997514
-18.716738129660435
-18.705533889610525
-18.692954295213763
-18.71833022009956
-18.755953388105667
-18.736571174236502
-18.725994840001245
-18.71457439955003
-18.72057867722948
-18.740122670150388
-18.739594249062822
-18.750614509862185
-18.76846303199056
-18.71119821595908
-18.68345793602871
-18.661539099167133
-18.669130856418683
-18.66240415114053
-18.671527530907134
-18.656027713826976
-18.655189869396427
-18.636765318059876
-18.63420225340618
-18.613429073864378
-18.667226759470456
-18.65487381135636
-18.652495194188457
-18.68106235359123
-18.66764153540169
-18.68808534344013
-18.732136422034603
-18.687451341949714
-18.685999149169444
-18.67593230448888
-18.715975694089018
-18.7135495694495
-18.708717420296164
-18.715950343639413
-18.714198477196817
-18.734343300246834
-18.7568807155246
-18.760314337581214
-18.757214005551525
-18.779465853490862
-18.76565488198745
-18.774524713804087
-18.769948200782697
-18.775874307318805
-18.757297340278047
-18.735142629514925
-18.722863758928202
-18.767566875762785
-18.777921340702846
-18.774156606938917
-18.762850945970264
-18.7405123979498
-18.728668425570707
-18.760940256753777
-18.77758580272346
-18.77838835366098
-18.773405445496124
-18.78718354068445
-18.79757997875948
-18.773120510312314
-18.74652289529469
-18.729872328280788
-18.717285606859242
-18.7136210114619
-18.7113803823846
-18.681705986205277
-18.709451893332265
-18.713823949576256
-18.7120814021028
-18.738969083845184
-18.72745713400095
-18.69954455988514
-18.67127600418
-18.646684514620993
-18.679548686394487
-18.706739634672257
-18.69252991385555
-18.684606133006522
-18.719742753502842
-18.74642159259912
-18.768393822559513
-18.747040168191866
-18.716864338173075
-18.720593600977512
-18.71942284091512
-18.722591080095274
-18.711216593753278
-18.708424428753993
-18.674558904686915
-18.71055219446929
-18.693712999431302
-18.64921292813257
-18.6592637630765
-18.64420580273538
-18.63227182997075
-18.6267158978183
-18.64077293268182
-18.666240195714465
-18.66646128063071
-18.66257166367162
-18.63318234543402
-18.62866061689573
-18.620527925954896
-18.6571121558249
-18.645093012258428
-18.634882210954828
-18.635293047208727
-18.638044607852226
-18.631290733107964
-18.624098318024362
-18.657275392597715
-18.653868889220366
-18.650333641311057
-18.66337451717833
-18.659105280791987
-18.639620637836305
-18.664146116163575
-18.676081086258687
-18.68896766054952
-18.673432718662944
-18.67600847610112
-18.66019289679398
-18.672597394770545
-18.660875910508338
-18.645897885694975
-18.675492384919387
-18.666076648934627
-18.648928094623912
-18.638560723732557
-18.679316818843205
-18.703153355043064
-18.704510287264753
-18.68706185574924
-18.685307869652917
-18.681782917850633
-18.648543038996497
-18.65161747020902
-18.680318775816282
-18.701350683590686
-18.665402519653277
-18.704846439227445
-18.697730175418585
-18.695697168678475
-18.70865636151449
-18.704808222479688
-18.698632885799327
-18.697070329967975
-18.707929286439224
-18.70695238718501
-18.679513187848567
-18.70890733920932
-18.724856725722923
-18.724829326335026
-18.7122618299662
-18.694671963452482
-18.701007042180716
-18.678466210305356
-18.670244139756196
-18.68884729424131
-18.633986085798735
-18.648978018164467
-18.640716562255953
-18.682794039158768
-18.714159256482496
-18.74516836684012
-18.721885841248294
-18.751289145043277
-18.749262463649135
-18.7729933346747
-18.76492057350328
-18.78910433009016
-18.803975442125683
-18.763158704391532
-18.7638126584451
-18.773720290353207
-18.77307247488967
-18.75804870157958
-18.7701019584934
-18.770656736982975
-18.749311094294477
-18.75306143816106
-18.770487682241868
-18.766512995760152
-18.744725592620348
-18.70764972284243
-18.70688085467367
-18.70450180468881
-18.715229957073525
-18.721855792532963
-18.73727174131781
-18.71810029371425
-18.737048008860565
-18.724758346594044
-18.71006544611768
-18.701333972375032
-18.722477164383257
-18.71135398745394
-18.694753950338608
-18.68851360608311
-18.709447714619607
-18.674925358988315
-18.69286021646321
-18.701975081858297
-18.670743396641903
-18.67101401719707
-18.678572866929777
-18.657306737060832
-18.672394680150784
-18.70258542298038
-18.73735031308055
-18.74679145986451
-18.754974285179824
-18.76957444940312
-18.790778813331364
-18.790351513071627
-18.776030781173578
-18.761658362545443
-18.73869268203963
-18.72656132599343
-18.73252004935959
-18.73996251017877
-18.738832366797237
-18.72531282789033
-18.726074985986312
-18.725388875878618
-18.729237929932648
-18.722433428433217
-18.72465047848599
-18.746522834536524
-18.75368612398462
-18.771848388850472
-18.73003278677481
-18.742750523780604
-18.72527143994391
-18.72730044878562
-18.702973025707575
-18.692820861016408
-18.70257273600654
-18.6911466919243
-18.723401922617093
-18.754231951646545
-18.773902047056154
-18.77674294412529
-18.76827937317438
-18.77302732883308
-18.792517083177334
-18.773000778360977
-18.78550442569643
-18.797458555823436
-18.785541229583263
-18.777008826657926
-18.77235079315554
-18.772389194751273
-18.738425180829754
-18.743913621662244
-18.762382908857273
-18.746279871468495
-18.789050781734698
-18.77474303186109
-18.761417944399195
-18.79184322083201
-18.77976291390239
-18.777744810720755
-18.793791355077502
-18.804817184550494
-18.78937506683337
-18.763171265460205
-18.775014113636587
-18.741061407144148
-18.744025404862857
-18.724822233719348
-18.70020224505699
-18.722743670868304
-18.748567121276135
-18.737400581887417
-18.742192830464955
-18.755154885669125
-18.719578883616066
-18.74273779509075
-18.720248670162967
-18.69388407551831
-18.6781442451873
-18.682356293727764
-18.67263012102103
-18.666816434905193
-18.659657204068786
-18.676996161743862
-18.66759259279762
-18.655327314541413
-18.678776022528485
-18.683498584411335
-18.68014493873476
-18.677483841307687
-18.67897658179478
-18.67330207201536
-18.67908773341724
-18.640435607089685
-18.679124401844923
-18.714587889088843
-18.72620978795241
-18.720933528533347
-18.699731701756164
-18.69882173805357
-18.704008585642853
-18.725681978835095
-18.706105776267293
-18.68530565675518
-18.682374623856756
-18.69083253493112
-18.706178066927382
-18.73337010410803
-18.743694917936907
-18.743145482047893
-18.754935040380865
-18.764612335422783
-18.773517469702277
-18.80128340255835
-18.795806136831736
-18.815821075867813
-18.8129242701632
-18.799721603444592
-18.783520165910847
-18.75287752602712
-18.75521352256735
-18.740056618659416
-18.752375726526815
-18.773999592781625
-18.795771129668395
-18.779436146985127
-18.742000266304355
-18.756498626001747
-18.74955614864998
-18.762920318707803
-18.783244566167934
-18.79102708943354
-18.79235620973868
-18.76102892632727
-18.781149198301296
-18.791356053891093
-18.76052926113259
-18.735026996393824
-18.744634528740903
-18.743607904001095
-18.71728991620737
-18.715970378827258
-18.699496783226465
-18.709000798877895
-18.75124089244527
-18.738369867603993
-18.734921932281956
-18.73658872222751
-18.73676134369746
-18.752165785246916
-18.730947421606075
-18.730178790290378
-18.732535355895187
-18.713669538457836
-18.711319933216753
-18.70076097483725
-18.687876290619204
-18.70104257361462
-18.68503454084496
-18.67193185538877
-18.64192981896623
-18.657249848012924
-18.62439844641936
-18.615789420143212
-18.60725192448562
-18.614288286872927
-18.61926566953805
-18.630076744133454
-18.616295483462718
-18.652659040087787
-18.637579464269404
-18.63923077311017
-18.632853338775206
-18.635382034856324
-18.6303518441783
-18.630373341378576
-18.623781353423656
-18.62295742573526
-18.595158155619025
-18.586696966686638
-18.565387535017
-18.572114290049583
-18.573706590356775
-18.569629343474414
-18.57055968607118
-18.576058084597793
-18.544892268773836
-18.587571114537567
-18.576999832997274
-18.559698929842007
-18.545356542153918
-18.55720657247968
-18.547792226799114
-18.557618908591902
-18.564311416583177
-18.57848856874724
-18.595989572211327
-18.586123518965913
-18.58474294739013
-18.603623742681688
-18.586526359308632
-18.583196485488287
-18.564942353594326
-18.58465174883414
-18.59923514123904
-18.587618726566223
-18.603025658813614
-18.617956714987475
-18.630027809920445
-18.65964929374842
-18.660136527564436
-18.67107115742577
-18.65559352762055
-18.623404946089277
-18.630661074023333
-18.631185513646958
-18.647886761789195
-18.641781382833138
-18.62042320016574
-18.627476233841456
