-18.935198392903814
-18.91058074811311
-18.866701534862287
-18.88128440414674
-18.906735939036718
-18.81875932528275
-18.806670021901457
-18.81388591514404
-18.787377669182327
-18.739458150782948
-18.82022786035098
-18.787911691472257
-18.79927601498937
-18.813736125249598
-18.80323708555053
-18.79684904603889
-18.857664143225023
-18.83674428659281
-18.832412031651916
-18.76278752409508
-18.805180217556828
-18.817912767419426
-18.824007597408162
-18.77671807593163
-18.7860100515063
-18.805751481066153
-18.779226555011956
-18.77388734395101
-18.807775351605247
-18.83085755476651
-18.807046892946367
-18.76987134537285
-18.817294221455885
-18.81477085604222
-18.830644333554158
-18.831425642299035
-18.82884011420777
-18.767589104243882
-18.822603110858193
-18.798804768293316
-18.810577691093744
-18.79453423880818
-18.76994167235355
-18.798004912322455
-18.769978089742303
-18.770698376070126
-18.82701211191489
-18.863189228066485
-18.817880419243426
-18.832685968589086
-18.793549545486524
-18.827599507340192
-18.843290946770676
-18.83402794147242
-18.831134259070215
-18.80240509210487
-18.81536207873362
-18.770322711654423
-18.826602129502156
-18.806274529471512
-18.82363249312904
-18.782572113919795
-18.806365215085904
-18.813441618964685
-18.800945282696368
-18.795417648394714
-18.758608200677052
-18.829635015115656
-18.75477296481171
-18.77368417392149
-18.78822071233348
-18.820535532513354
-18.79904978914749
-18.790172105094147
-18.779578984980525
-18.794018114929663
-18.82789766136235
-18.83116409857187
-18.815697349334908
-18.820633356398638
-18.848017621626177
-18.820066199915207
-18.830359579884874
-18.843027352997108
-18.82384466975038
-18.846343025471413
-18.840036554946895
-18.791926745733914
-18.784896473236458
-18.820551548093224
-18.822376507209412
-18.801830020368595
-18.81766201867275
-18.838627479524867
-18.844577550105097
-18.787484827617398
-18.879512789946407
-18.87765793929758
-18.818266136757355
-18.83053878301006
-18.83575427719344
