-18.627476233841456
-18.618725469221946
-18.636441745275892
-18.63862249497195
-18.62765156458228
-18.598752616255346
-18.58109929403161
-18.578801034451953
-18.572096986798364
-18.58938328317532
-18.590239356437287
-18.605062452092245
-18.642684888642087
-18.65010808982308
-18.618534143405682
-18.641889270148425
-18.643580459574096
-18.654638024763578
-18.634510226538428
-18.623761063339742
-18.613297710585982
-18.615653013555853
-18.646156163656872
-18.65916997092269
-18.61999525161739
-18.634761529592886
-18.638217403231288
-18.63515212385588
-18.635794666788446
-18.62840683170828
-18.62781083160429
-18.612099843436553
-18.596763674840297
-18.62339794895081
-18.595662523488322
-18.621037246901935
-18.670444092986617
-18.663033079895428
-18.671718137382413
-18.667604107654842
-18.672000816570968
-18.69088814156729
-18.70658320788317
-18.681929049179907
-18.698816533872417
-18.701914026707406
-18.699386701074015
-18.679470381758602
-18.659547548987003
-18.672994525949765
-18.662167272786604
-18.651283208248106
-18.690966113511784
-18.68141684697736
-18.690624379986957
-18.68405736594912
-18.693075928469504
-18.705089595196437
-18.68564226361901
-18.675031208000473
-18.70159693744571
-18.707325252473208
-18.716092647380034
-18.704497369613488
-18.723598685911544
-18.723957534115886
-18.73306930073609
-18.751766637374935
-18.760898951947436
-18.76981566019021
-18.76189338160986
-18.78183439651074
-18.779267237703213
-18.795805019867522
-18.77497343899883
-18.804724904796753
-18.823540117012463
-18.81617151267216
-18.813882169773635
-18.81478206131237
-18.802335646682735
-18.818610537127014
-18.806102933408987
-18.79975290593255
-18.781700614793277
-18.76428368448036
-18.767484125272794
-18.806030960877298
-18.819257123158273
-18.83022072828246
-18.814533443824093
-18.82642538460229
-18.836369098268033
-18.812246676468316
-18.81685405221213
-18.824722202364214
-18.813941949932293
-18.80636535526478
-18.814899337595627
-18.83142260544915
-18.82736001561452
-18.83235571034543
-18.82413337898731
-18.80963601758224
-18.800595976046143
-18.7949587362053
-18.804929938140813
-18.785576612923446
-18.780737923485006
-18.797510509788065
-18.79982081384895
-18.787285163970758
-18.78621089199087
-18.804325593082137
-18.77233540343776
-18.777580899061572
-18.751155614282304
-18.75323225884691
-18.743400924802405
-18.72700549547625
-18.691677842397993
-18.693153714859562
-18.709033960341475
-18.720682489180707
-18.74980299616187
-18.744032969894917
-18.719253434693933
-18.69460248570776
-18.70349774537571
-18.720748571452887
-18.750455357341245
-18.726576727198026
-18.734095186171523
-18.72196191422062
-18.72417317977003
-18.739817455883227
-18.738767163270676
-18.737567232937547
-18.72573996606506
-18.700719459323363
-18.695920930686672
-18.698024658829116
-18.711913105778393
-18.728978825483235
-18.733404149286077
-18.74819686628371
-18.750256598809294
-18.72984801000119
-18.728079776041863
-18.727419313605303
-18.723434724904553
-18.760998197924874
-18.74932827488628
-18.788407552787515
-18.769495270846253
-18.76719595120847
-18.774109829819864
-18.75777976140386
-18.751684053584118
-18.771341981174203
-18.76039603565796
-18.77126297055475
-18.759816645892535
-18.79236465367018
-18.79378103141934
-18.76391265970696
-18.740648378461607
-18.70097675230714
-18.70214358178801
-18.712171910700864
-18.708439603565967
-18.695495638478366
-18.705232085189817
-18.67061153426051
-18.661775083984754
-18.63376483689252
-18.65334561340127
-18.639101296943256
-18.647352102418278
-18.652579964278335
-18.66561683180063
-18.633452183685982
-18.670460328426437
-18.645801591293726
-18.683353204552716
-18.67930087226928
-18.67737821046587
-18.65961267203452
-18.649837601086798
-18.632690211196785
-18.66147344851444
-18.654724085610752
-18.637399970274828
-18.64573255996556
-18.618370433485424
-18.638373833700072
-18.679673215769732
-18.683314893879064
-18.665880905365665
-18.67266047991526
-18.71405305550758
-18.708613130870564
-18.717519565009276
-18.732244273204945
-18.74522790120511
-18.725633541013796
-18.701805052637948
-18.697705864643897
-18.71487188697644
-18.73112020262199
-18.740344366716702
-18.75599904803266
-18.74749203292446
-18.745526173269425
-18.73552501516503
-18.777249120324736
-18.790519514863565
-18.78976518401904
-18.778452658983593
-18.755044154244832
-18.749045191346053
-18.757616604547785
-18.76129448916982
-18.756299054324007
-18.76144275714799
-18.763657040757867
-18.755466470484613
-18.768109276334382
-18.775922260481305
-18.744589297336944
-18.75277704381726
-18.76524289956752
-18.776788800196016
-18.76537318978526
-18.76716177964584
-18.74929848569741
-18.734989820484255
-18.732449514695087
-18.735215094285817
-18.74473461478466
-18.748996209324588
-18.748229670771767
-18.766691407292154
-18.775473682360516
-18.787707913563867
-18.77683362343936
-18.772439229933866
-18.767613054323757
-18.775480797680384
-18.752528333070515
-18.759387040877463
-18.77690898000505
-18.760549218279515
-18.73947112692531
-18.71647988448694
-18.74403619285235
-18.77812910792521
-18.789382690985594
-18.816190709723195
-18.821875579830785
-18.807916326858
-18.782442581358097
-18.799694178111213
-18.802801359849532
-18.796013881190156
-18.805931019745557
-18.813631325737237
-18.804366687070235
-18.852385217989355
-18.847308354771613
-18.85157893113884
-18.86678557589901
-18.840610238488768
-18.83725005294565
-18.840046140005544
-18.83800410851652
-18.84908912912686
-18.8389320272365
-18.84463930487766
-18.84629489783999
-18.834387410812173
-18.823283220227296
-18.84963089244742
-18.82773331753726
-18.808826753589308
-18.81299392285613
-18.80257073094785
-18.780553669560376
-18.77892102648549
-18.80670404527418
-18.833964038201973
-18.789508053826815
-18.803924659220986
-18.820700134060377
-18.81938379124801
-18.806554121780003
-18.834557729785633
-18.85744486150907
-18.85897543960318
-18.859367511168312
-18.830948591691275
-18.85066624963847
-18.831134063428728
-18.82785187532452
-18.806063466138006
-18.821230100152498
-18.84535737557732
-18.85136564427045
-18.832025956499717
-18.816215299045577
-18.81174613704242
-18.813791654820378
-18.830448545880085
-18.846845890205284
-18.842367347113985
-18.83734584151667
-18.86319227193333
-18.8371841365166
-18.843844797192393
-18.8170245925003
-18.864411064976352
-18.866753347331155
-18.870969550417346
-18.856542595262074
-18.868304109027385
-18.889551783954474
-18.88568946170686
-18.85909783220044
-18.86729108548337
-18.826410179739582
-18.83397647510414
-18.81612663905295
-18.80217351476143
-18.79593195377869
-18.79141273268713
-18.77646268898922
-18.819816664458152
-18.851545183269682
-18.870694406715778
-18.828565323786755
-18.805328186024884
-18.81440031301348
-18.82234203313947
-18.811007551984765
-18.786743066402956
-18.789019203379073
-18.779271672311165
-18.775107368346436
-18.75892142403685
-18.779592369200135
-18.766985966032248
-18.738865883693826
-18.75613240011284
-18.733851586811905
-18.735473278690687
-18.766791505928133
-18.75142159326672
-18.757459050986622
-18.76893047431411
-18.762845884233585
-18.7489837399051
-18.73866870578089
-18.718238217059454
-18.724599970923542
-18.728497762420577
-18.711938470652477
-18.740605380867407
-18.743827664148593
-18.746353022902483
-18.73414953588908
-18.742075102321554
-18.790654646937455
-18.799557591710457
-18.784798600299652
-18.752507251347343
-18.735191769914458
-18.705582309816286
-18.729739288406577
-18.723802826233296
-18.703958700072697
-18.712442858011013
-18.724717906881708
-18.71529571741285
-18.701486323475187
-18.72462900226327
-18.687245140004176
-18.706476590053885
-18.67413372326434
-18.66252060706855
-18.717949554247593
-18.714215244531186
-18.6894659190069
-18.674654539315917
-18.709985609797858
-18.72837873621472
-18.725011835651753
-18.721719912194573
-18.721376745481702
-18.72280700054433
-18.713758623152636
-18.7048596303014
-18.697220153769738
-18.71208699467829
-18.72390404174485
-18.733964495777798
-18.73700552844943
-18.69836546179791
-18.708218542440015
-18.68262976164555
-18.696614002008964
-18.68327848125581
-18.69486341629647
-18.71103504230818
-18.712025465633015
-18.684320398236483
-18.664904814076046
-18.696701469582333
-18.709352284556687
-18.714133386403155
-18.71245853910499
-18.70254549741619
-18.689343972751374
-18.667802934161834
-18.646713775190847
-18.64195418128063
-18.640417591331868
-18.649280994273724
-18.65139967017408
-18.648154437429067
-18.661450756204992
-18.657067269916354
-18.6735365925107
-18.69231105152278
-18.69392032613623
-18.68549238218018
-18.691947802918143
-18.68466899640783
-18.70110130607384
-18.687246745080348
-18.6932740416305
-18.686621423403935
-18.685468940947672
-18.651249586142857
-18.65713817358214
-18.655632406797142
-18.67036901737846
-18.64162410282335
-18.662399838210494
-18.676634747461993
-18.672075769503902
-18.655136548852656
-18.65339075278909
-18.68665475824308
-18.686145053243596
-18.698828605574455
-18.71695945551667
-18.692887322800583
-18.700928120735618
-18.703165024392856
-18.699384184633455
-18.71531666434618
-18.731754670800118
-18.75589222595729
-18.756486809832026
-18.757087512538703
-18.76124123301732
-18.74449908283793
-18.761825998004934
-18.76103551464904
-18.765981517759524
-18.800517028712044
-18.808160938254325
-18.80450333202931
-18.803052629938627
-18.80186254070695
-18.805827068873953
-18.787585823477137
-18.768900219252476
-18.762008367904738
-18.75705012412276
-18.76813958793727
-18.762284659585443
-18.736067657657394
-18.77282535356352
-18.753596474181716
-18.717713826554597
-18.760287439045594
-18.78321355069906
-18.781445035512775
-18.768729580867973
-18.760539785492757
-18.77372198580798
-18.7668508533202
-18.771489867297536
-18.762606551968304
-18.782375575597957
-18.802031597832755
-18.772501296876058
-18.750629220591527
-18.775063065742213
-18.76464032798221
-18.760691494992418
-18.75766543498154
-18.70594585466379
-18.69290557269102
-18.6789665083369
-18.66979112284213
-18.665884616846032
-18.667616418196204
-18.679586443975367
-18.689647490971147
-18.690716596935502
-18.679995954734235
-18.66607211497681
-18.657867451053768
-18.647720562799392
-18.664111071299175
-18.637115629383175
-18.650431747464562
-18.634383260856385
-18.652545636528522
-18.617918340952574
-18.618138477206053
-18.628007884917263
-18.649280163138886
-18.63295838503964
-18.62719242274568
-18.659946306853787
-18.656674995531613
-18.68255863077884
-18.680063219133036
-18.651646937209545
-18.660336010220796
-18.65900263475842
-18.68040081205068
-18.685730765153508
-18.68466840026964
-18.685936255662618
-18.67846892860006
-18.670516646519694
-18.661016727609347
-18.656246606114006
-18.649454547593997
-18.6358798753887
-18.62995840031165
-18.65281612026169
-18.672434014166935
-18.671866814087167
-18.668719657424436
-18.65232149091363
-18.66520504739095
-18.702532114974908
-18.696832574760414
-18.700035519384446
-18.67630662342317
-18.72058372556469
-18.724126784514834
-18.69936591300352
-18.689164409216154
-18.67464599880393
-18.666171344837863
-18.6871027249306
-18.678942551039068
-18.656207675386966
-18.623012471915427
-18.629407250408764
-18.647347212971816
-18.64725727161324
-18.667206729509367
-18.675683414044215
-18.70140400366307
-18.68017559178419
-18.710180485165182
-18.72412284083948
-18.758426886783244
-18.727535901695433
-18.6830883321697
-18.667902454206832
-18.646682126406688
-18.666870558887762
-18.684592397751437
-18.705857551603987
-18.7118206923435
-18.6944618228953
-18.699009158506026
-18.68795775509185
-18.71777012260318
-18.742583574513475
-18.735746712630476
-18.72139938932459
-18.750409845999187
-18.764639997596074
-18.756917976679368
-18.766477784259145
-18.77897950100001
-18.77039357895843
-18.771325135783364
-18.762554919527688
-18.773013563298612
-18.76983474326788
-18.765893163212688
-18.73288928317934
-18.749492013201955
-18.74624809426024
-18.75541565388907
-18.76348691894286
-18.78236133461883
-18.780612441737215
-18.751974964983603
-18.753210322000484
-18.735746656463906
-18.721302810746405
-18.69633302007898
-18.70383501173972
-18.71765160056972
-18.722196790972507
-18.720438539107114
-18.679562805012328
-18.64636377385079
-18.66174684926171
-18.67260189717146
-18.65097031480666
-18.695985519391897
-18.693027320954293
-18.702684678197166
-18.700177430768367
-18.701865711264382
-18.710742334328433
-18.704625337517495
-18.69308361527211
-18.699207864729583
-18.674099237386606
-18.66752553621912
-18.667289506114066
-18.670373337959496
-18.716815505165247
-18.69398344772196
-18.68113966630137
-18.686928295281767
-18.692338006276948
-18.690440238421335
-18.696492598690007
-18.728449907607494
-18.70774061730323
-18.701315688383986
-18.701421638083637
-18.683066802473085
-18.703604966423942
-18.70028164736025
-18.72151728257298
-18.71558763499291
-18.71892442378444
-18.680005872227255
-18.683519494074698
-18.66540504878966
-18.66525779303368
-18.65879127444206
-18.634145901203517
-18.651364912025322
-18.647983492962744
-18.641448124478753
-18.633458366872148
-18.634033427412238
-18.642912091989164
-18.65774937721074
-18.665519060912832
-18.69490392925182
-18.7038386219143
-18.72052812253665
-18.740415223198134
-18.739531723788513
-18.71089659167292
-18.72928684925264
-18.72326111554447
-18.75445906285568
-18.762417668327206
-18.73423153388711
-18.711160259608917
-18.723988220664165
-18.678979940037312
-18.701990571692235
-18.70905411216731
-18.70006160819289
-18.730083172029108
-18.72587537863558
-18.773101995805714
-18.769407289398046
-18.773048638610817
-18.754599651121136
-18.713039338481348
-18.703323817620323
-18.699765941448437
-18.706702882101055
-18.705973782248442
-18.70464425936561
-18.65537871065442
-18.64342474848729
-18.636109713203588
-18.651941705434087
-18.65305616930144
-18.645592600124765
-18.66062812738954
-18.679186217345006
-18.647427202170256
-18.652030529411224
-18.667466601117418
-18.667712844663036
-18.668616342544958
-18.687365841934717
-18.72153939406723
-18.70320639009953
-18.693284394219255
-18.67654336568979
-18.67092105237663
-18.672087313147625
-18.694699619490986
-18.70062232667384
-18.714774612900122
-18.70344350264914
-18.692392330144898
-18.67780972356714
-18.706557820440583
-18.704321589808316
-18.692260981201315
-18.686242802698196
-18.67935570022418
-18.682580229069945
-18.69230199046953
-18.713475726860164
-18.717841968729186
-18.698388929857867
-18.717780690163547
-18.71707368596692
-18.71963358123357
-18.719657653437576
-18.70274841198012
-18.673926183765253
-18.688410629343498
-18.701369485250424
-18.724275078450454
-18.70870965477673
-18.715840060529818
-18.725047300095106
-18.727174137204162
-18.735798025275123
-18.764885544297197
-18.743143825050772
-18.725718819481017
-18.733138379304947
-18.724242751110776
-18.731511654355035
-18.73399116483585
-18.76121857535212
-18.71270617624387
-18.6931963914646
-18.699469565474644
-18.703472350119352
-18.68628354152226
-18.666582189999566
-18.707430779703035
-18.705888588101892
-18.688328557844994
-18.695268820154357
-18.698908231630735
-18.668727035215053
-18.654891750341985
-18.642118763396862
-18.60691498384951
-18.621507907251207
-18.58451566584942
-18.598562401373474
-18.605975748781827
-18.641859841180732
-18.63444222389801
-18.633791924800025
-18.651776969904898
-18.679482300095167
-18.66668661639158
-18.68044674437524
-18.684970411855087
-18.662622083863525
-18.64808042817974
-18.650741625437792
-18.631777837681256
-18.650821133032032
-18.610719825903765
-18.639921085181545
-18.62134291474725
-18.634085548923142
-18.612545642801017
-18.64172252739547
-18.613074443896323
-18.62212679367421
-18.612511567749674
-18.62042989697722
-18.64710828600904
-18.67388050380257
-18.66665611268964
-18.70198939974838
-18.671595560255614
-18.709645991291556
-18.694092948623894
-18.683311214000426
-18.691160145903346
-18.695347707591605
-18.706578075134438
-18.719249674533394
-18.712185146851184
-18.712731381738152
-18.710743377224166
-18.68605756152359
-18.700377914752547
-18.724994497832384
-18.712554807836824
-18.710850280620903
-18.710633984745904
-18.729577051951296
-18.721933306566267
-18.721556069050674
-18.733091078217697
-18.716516104257995
-18.710116173605652
-18.727685882768107
-18.74529926428881
-18.716591580024325
-18.71609753334209
-18.71486799157387
-18.71091420584535
-18.731883395703196
-18.697088447559388
-18.671220769326524
-18.68212189850284
-18.69439806775574
-18.716691004553688
-18.684289882219584
-18.681329435872193
-18.682276688418682
-18.726409197984125
-18.7173651206311
-18.743535106675267
-18.77392600778531
-18.77943675877683
-18.770198190058743
-18.755399779279553
-18.727274501284572
-18.753902649370094
-18.734095500979166
-18.73713498630941
-18.76143275735402
-18.739863121405282
-18.715752537995776
-18.712883225956904
-18.749024014845325
-18.758674656297078
-18.74612595281687
-18.74804629938095
-18.771052921224744
-18.803125291296688
-18.81863493171702
-18.818442779432427
-18.84017559016961
-18.83702647407582
-18.816095889097344
-18.781552458246228
-18.743328215302675
-18.743993216281464
-18.76166155017363
-18.703182026523876
-18.69146146687301
-18.713883074890433
-18.72670938665931
-18.72642252166334
-18.74790857170645
-18.76455301022452
-18.761394829516757
-18.766416877425893
-18.766518346936216
-18.757831136352785
-18.746688212175144
-18.76532043777195
-18.76787030006761
-18.777684372574722
-18.7773248176659
-18.777745024433994
-18.789251276892106
-18.793848500628563
-18.801490807501654
-18.78692210209095
-18.78393424685007
-18.786815289630184
-18.771613419156893
-18.79097111427043
-18.78051301282323
-18.749577413627282
-18.756826211836636
-18.75924183834528
-18.743488874962814
-18.750805117224125
-18.767806056838683
-18.76466174555598
-18.774436294496997
-18.74730607698271
-18.752537922519682
-18.749315013452563
-18.74263078245013
-18.755475148037863
-18.774362126824958
-18.76641440983931
-18.791920651129054
-18.806435013746825
-18.764753706448527
-18.738068993716205
-18.751646376429296
-18.729696383693796
-18.732746868004142
-18.75363550224475
-18.7497701491879
-18.766719997376732
-18.729939645250518
-18.751821552712922
-18.755178225904313
-18.76173488068236
-18.746339929839763
-18.714746805603944
-18.713841394123587
-18.69439261201211
-18.69942568019049
-18.69001483045614
-18.661875987945944
-18.65657397597127
-18.64918690665775
-18.670411748501923
-18.68413340397086
-18.68259104500633
-18.68402857685605
-18.677446032209993
-18.669905773428315
-18.6982923362725
-18.696882720171867
-18.713788965035466
-18.71779509006573
-18.73450077727142
-18.721790286500312
-18.717798683328063
-18.716758341912932
-18.722143791217842
-18.748301912182296
-18.723010892647938
-18.69992357759905
-18.70499280739333
-18.71336671034502
-18.72942982726699
-18.71799266643342
-18.69725092321673
-18.672650751499482
-18.673399762916443
-18.69041817502874
-18.682553070323806
-18.681094348201736
-18.678836504145895
-18.682935025022736
-18.68371460973226
-18.678047538884183
-18.672578272136484
-18.667702329749524
-18.677728839149363
-18.712486340653385
-18.72621143721899
-18.742609590664323
-18.737719342248518
-18.72760556438546
-18.75095081020605
-18.732503498050455
-18.716543087192886
-18.735305389440633
-18.70842457149169
-18.748619786950627
-18.755547223017913
-18.76683850150205
-18.745146365064446
-18.76614817776073
-18.77136526425521
-18.76981973243648
-18.792337463089336
-18.79005497376025
-18.77698641563451
-18.796330026635946
-18.77455169320241
-18.79087125338022
-18.818349368881833
-18.806405742464683
-18.780518945510316
-18.794570882878432
-18.8082961499776
-18.7793091745105
-18.77782129712715
-18.775499074623482
-18.746336947866208
-18.731863253042683
-18.726985406158583
-18.709949292324538
