-18.56693922643398
-18.52369648350027
-18.506463256376247
-18.46037420682038
-18.505054473564737
-18.495137810730515
-18.484173900605633
-18.4951339781572
-18.47542023907671
-18.45487606400876
-18.51647689925629
-18.559690398461587
-18.54825818202403
-18.54858755460237
-18.520663013260084
-18.527314508992433
-18.51282953786803
-18.525951777044416
-18.50877713691104
-18.506509981671403
-18.48223161129891
-18.509888710431095
-18.458246397572104
-18.475829895942404
-18.532611087428187
-18.48144099819641
-18.493492762595405
-18.483470680262563
-18.48706686814822
-18.43577038645977
-18.477158066669762
-18.493310990334617
-18.45686623354685
-18.474360141461005
-18.49235626080729
-18.506018212684644
-18.5021463368205
-18.4535888778746
-18.482706007991688
-18.528846967403748
-18.51005290538864
-18.495319637202176
-18.522317677875115
-18.483304226330958
-18.543810059943315
-18.55028822700555
-18.541310607380204
-18.537677181210523
-18.5537379015671
-18.510928414710545
-18.488818148167752
-18.49487307457933
-18.4624647690343
-18.46687775356942
-18.51048727690992
-18.501285051743885
-18.563937276422447
-18.519253186781135
-18.52254531527191
-18.57371035508634
-18.551790064372685
-18.54917162757548
-18.536815057826917
-18.50875874190688
-18.484022261184563
-18.51040484159931
-18.549151419795834
-18.51711373490447
-18.511090972296397
-18.50995391910823
-18.5020365955385
-18.525178599521055
-18.5139257346774
-18.5182650864605
-18.53652371985357
-18.499075749013475
-18.505749277524522
-18.519664845807384
-18.567271053944236
-18.507901733217157
-18.505758607606236
-18.5504819301443
-18.51478751258074
-18.521518313508935
-18.54722309161475
-18.531195762275036
-18.46365344942604
-18.470246575438072
-18.54284259046243
-18.51897451743789
-18.47712705564758
-18.505804534278994
-18.506970629947585
-18.503309334430636
-18.54267312114775
-18.552493217150513
-18.545204534778566
-18.510500633134942
-18.53113928479183
-18.555360517432593
-18.539360898157547
