-18.436153403753657
-18.426186837782712
-18.406844467746104
-18.34394956957919
-18.35038214463342
-18.34493714748613
-18.316453793868202
-18.32039503865264
-18.33578077076955
-18.317667171734524
-18.312321900380645
-18.31348255707249
-18.311208382769124
-18.3093635338947
-18.287451506812612
-18.26924157765064
-18.270492379099267
-18.26707018851028
-18.296763026646243
-18.2993304177644
-18.30595598518106
-18.317218927507195
-18.325852659606507
-18.31795076719094
-18.325175773143453
-18.35117600849851
-18.31578816002192
-18.296646895151667
-18.293946392667177
-18.307940135174437
-18.342127108416644
-18.330035367117183
-18.333382378350574
-18.32541456123813
-18.326538213693937
-18.314342312442673
-18.351548451984804
-18.352884572963337
-18.329038165929415
-18.320734996898654
-18.333510647396118
-18.344787527495704
-18.372283421542395
-18.36736295225993
-18.37425457673603
-18.384400849702786
-18.384545067702472
-18.386290990687776
-18.349283984890192
-18.33332099782496
-18.315418675164047
-18.310313221156097
-18.309725317824054
-18.346062494774227
-18.371305608649045
-18.367590430780204
-18.351252097838763
-18.34482434540558
-18.36094100565623
-18.357404336036232
-18.376577763045336
-18.36308220934193
-18.342430269815203
-18.33560258134026
-18.30316972273518
-18.307675009816084
-18.342475153188154
-18.28712745471204
-18.30168713304991
-18.291681069192645
-18.298167039045826
-18.28902142486643
-18.28464448368625
-18.31187272414457
-18.303689608542758
-18.310594225892974
-18.293209227577172
-18.30373807522488
-18.296678362104632
-18.297126017341206
-18.29262753525668
-18.31889090308431
-18.325456077967125
-18.312041095748917
-18.30562691703879
-18.33745466941463
-18.311305407628257
-18.29978432185835
-18.2799888036505
-18.283125583017952
-18.266394888051618
-18.284758715437558
-18.274043874851845
-18.287229340555957
-18.272823499144675
-18.286174175849798
-18.281324682639116
-18.27845693499135
-18.262111032807834
-18.28286764690682
-18.24737498215388
-18.222074260715512
-18.23096763662356
-18.228794976470724
-18.225033940884913
-18.222411544660044
-18.245597847918873
-18.270063565191457
-18.2742039905823
-18.281645000057466
-18.302637847053703
-18.323779038465684
-18.310357380034528
-18.303991440024923
-18.29193945241722
-18.31391526054177
-18.323528823362654
-18.312268470801893
-18.317163095475188
-18.291088097096992
-18.2638264863389
-18.249078909118207
-18.228161544111185
-18.219669069550537
-18.208480240961222
-18.23622943344329
-18.218188145710684
-18.23505085124843
-18.21983353665841
-18.23008031625353
-18.22328305412523
-18.232475084950316
-18.23801045516789
-18.24102782397047
-18.24077552129922
-18.22933198389589
-18.256058797463822
-18.234270820843026
-18.20949522534963
-18.214261878126717
-18.234558274338028
-18.244321654605777
-18.247729681091904
-18.238727653815424
-18.236769102666667
-18.250889286775713
-18.262917056710503
-18.235907089225588
-18.26020628629713
-18.256470842289662
-18.250161110925443
-18.23163556882073
-18.22648752891892
-18.23006912164211
-18.222884087086193
-18.24339603807704
-18.24450890397404
-18.239682089575734
-18.24178040896645
-18.266083655467927
-18.276244653355615
-18.28394022985111
-18.249632312937553
-18.28716152778957
-18.29625550243874
-18.275326785825968
-18.269812690233238
-18.249309347711538
-18.262427139739238
-18.265281292459633
-18.248642154525502
-18.265597226264383
-18.292390860689835
-18.29231440394556
-18.317716614134163
-18.300497361973562
-18.297937652598836
-18.280996051818622
-18.284590789534068
-18.303165046718306
-18.319363400994824
-18.30092003980208
-18.29352165150161
-18.269724052519333
-18.270229156780488
-18.257790136491195
-18.264984201521322
-18.28192275325008
-18.316920190996473
-18.300943451781276
-18.30393881665916
-18.319753213120304
-18.33279401430392
-18.292362144184086
-18.30262341693304
-18.318297571724408
-18.325898413525827
-18.320242047073155
-18.32758725183745
-18.325304286453427
-18.332625295871278
-18.3596166056253
-18.359529776575467
-18.338703702500965
-18.36806642054721
-18.334839501338227
-18.34553723469003
-18.346196187929532
-18.367872805065875
-18.384466360156498
-18.39080519620705
-18.396669587248727
-18.412719198185876
-18.39758181232574
-18.364789672998857
-18.372202512125057
-18.35500597534029
-18.34846736615304
-18.35305258253759
-18.354339783813302
-18.352894076966745
-18.352690845158577
-18.357013881039485
-18.360899253600248
-18.349072343890395
-18.364796222468353
-18.3539159071974
-18.332802141632214
-18.296899984724725
-18.29458085913231
-18.297293675222072
-18.290310617783224
-18.3059751002428
-18.313178521969306
-18.285637613323868
-18.277851117453743
-18.272537886935385
-18.308492696946555
-18.315167360756305
-18.32078158292382
-18.29672045663676
-18.346879740446212
-18.356279994512093
-18.362751860749473
-18.364218763111335
-18.38910557599021
-18.396522820908388
-18.409717844486675
-18.426145280169976
-18.398786609517483
-18.40263608160905
-18.401521802597735
-18.401188891505708
-18.401844049972432
-18.406208281624195
-18.403811403222058
-18.377147576088223
-18.403370572746503
-18.386081693021737
-18.387779590249153
-18.401024001649603
-18.406821668515565
-18.422851466252922
-18.44549256371247
-18.45686983099359
-18.47086364164423
-18.43856049999995
-18.41289458686417
-18.423842095243725
-18.42770468503765
-18.42844428102132
-18.441981494194756
-18.44441469859567
-18.437928922832405
-18.44589187653613
-18.453745056940626
-18.442706697002443
-18.428838120736796
-18.42780463093188
-18.44026951546632
-18.43511841928228
-18.430161012336825
-18.40536316401725
-18.386046217475702
-18.40487638443146
-18.413043162137274
-18.42943268372303
-18.444523776230422
-18.447554653171366
-18.42369280952895
-18.427570924791485
-18.42728540171697
-18.392246078048952
-18.40638272679505
-18.404982258423814
-18.396636466177252
-18.389261360544822
-18.39896817882641
-18.39282433437763
-18.391433096182883
-18.39374184205598
-18.410638312775472
-18.414748974264985
-18.409743976666157
-18.410865945713383
-18.399000355035174
-18.407512731545975
-18.39372223259165
-18.376201232102648
-18.356194332715777
-18.363006714373277
-18.340937173026386
-18.343727682196256
-18.354675456929503
-18.370348536597138
-18.38083966962333
-18.357682081244096
-18.335823066618413
-18.37119623087477
-18.38003970574613
-18.413585834989604
-18.413279289281544
-18.439317110529725
-18.425508732373537
-18.446935600503117
-18.46604364490508
-18.46161038719728
-18.42693528011877
-18.431749805331236
-18.41978850400409
-18.45490409865615
-18.465952862876353
-18.48198496184168
-18.498021150300254
-18.50229916587751
-18.496145266813986
-18.51628673011972
-18.489484293923162
-18.481811127378325
-18.505590399936114
-18.491726006426084
-18.479796784903836
-18.471540014036904
-18.47471210632693
-18.502460428688657
-18.529742655843265
-18.537439857721306
-18.546668598883773
-18.55692428588006
-18.555714014944478
-18.571954795276103
-18.530476225768524
-18.52316954773586
-18.493151503679695
-18.475486247776615
-18.494545157724893
-18.481124942958157
-18.507963739280136
-18.485129698042034
-18.477116771995583
-18.458194039212106
-18.45525355768019
-18.484273081710306
-18.492621348366686
-18.477111220414177
-18.44857335316751
-18.447761643523524
-18.45009868014084
-18.478731069437316
-18.48648363109986
-18.48830468191696
-18.48240770469694
-18.470601725337012
-18.461116557514565
-18.502412374267156
-18.496722600384864
-18.49411686406797
-18.464981356972046
-18.441232677495744
-18.43792955046777
-18.43633383989985
-18.444125854771016
-18.468416969778964
-18.478755232829926
-18.48378526152571
-18.49862598314406
-18.504696200389045
-18.545695122773697
-18.541750856748365
-18.550503332112296
-18.50348286777093
-18.492708161370683
-18.508969293499046
-18.51270481383913
-18.512087089798055
-18.493927621941282
-18.49069110775147
-18.49722706216617
-18.49633665632866
-18.487673069652594
-18.510916240129966
-18.524767960572316
-18.52076280970899
-18.526974875996306
-18.51158258831979
-18.50598240523664
-18.500556066512928
-18.507897241044834
-18.489485366734794
-18.473724138877024
-18.507949467114308
-18.48713287984732
-18.490330949402384
-18.462586212543528
-18.444928817887064
-18.417443654368476
-18.40476623240866
-18.38489498552728
-18.415257889113377
-18.420070144741192
-18.453657924587567
-18.459898326759603
-18.463968040277255
-18.453116346441835
-18.464382465937113
-18.45660437798119
-18.472276783878023
-18.458342221733563
-18.455439269878674
-18.46189453465047
-18.441007498768645
-18.462493025778862
-18.447092083449302
-18.435983439239404
-18.45269241937872
-18.465448890687327
-18.507663703399928
-18.504162503865135
-18.48648997061735
-18.492838708125163
-18.508931519286396
-18.51489902218254
-18.51328101972292
-18.53127069763421
-18.53198562818131
-18.520855500409517
-18.485705501611452
-18.513694723635105
-18.51703760261871
-18.528801531533055
-18.521127541751223
-18.486892589705608
-18.48577416764291
-18.437949182873822
-18.4122834998653
-18.468273955110313
-18.46324647606222
-18.43218651331729
-18.437992697010632
-18.412252762745933
-18.430010923632118
-18.437195191646275
-18.44835913981763
-18.43411660951996
-18.431521233592203
-18.42497806427619
-18.414868923257842
-18.421759552492816
-18.41267832630145
-18.404963007914542
-18.375749205116065
-18.383553449298468
-18.386145321088822
-18.378009345958834
-18.362001638455297
-18.372685185527427
-18.367638605529127
-18.39807731298216
-18.377328257103606
-18.388937113137487
-18.3904957080894
-18.393282176586283
-18.35896464768711
-18.3604452167088
-18.34427123273213
-18.371521832846668
-18.37761249712997
-18.353391931688645
-18.369617286976254
-18.39334209682451
-18.38480407352298
-18.37353299116612
-18.387799876074922
-18.401399646842258
-18.41327523118833
-18.410353369531112
-18.411030285894515
-18.41436115198178
-18.41187704880514
-18.38600019320575
-18.400892864850597
-18.412430260619093
-18.40473057717917
-18.40925175297166
-18.40504928457196
-18.425181729475014
-18.426241812557123
-18.418878609167933
-18.436216163693206
-18.391387915613095
-18.422443079764946
-18.441477243616177
-18.444748222665563
-18.42531014687608
-18.41457683107871
-18.403332510058583
-18.423913066818344
-18.408390321878464
-18.411589949564522
-18.43639205826806
-18.428758203093267
-18.43684464228921
-18.43755197426179
-18.4545196645504
-18.443342533919736
-18.426901074482917
-18.414620225138663
-18.419381936175558
-18.40201200068618
-18.399598394441647
-18.377264977982385
-18.384392553383755
-18.40041638160968
-18.372149544687222
-18.378207447427393
-18.34996705941734
-18.357149146408606
-18.369786466103882
-18.390774100743347
-18.40265541815543
-18.44159535273427
-18.446285708797287
-18.43156339170926
-18.40540696146532
-18.407881953183182
-18.38444904692415
-18.382433334467343
-18.3906965420799
-18.39086402978009
-18.418372806728456
-18.411979195541065
-18.43362082425661
-18.430244022641805
-18.4129673044949
-18.4080893523405
-18.41715193507979
-18.410748721941466
-18.429718683897004
-18.426183411973334
-18.433101817468796
-18.41205162370409
-18.42928520395675
-18.473636921124857
-18.51816459064983
-18.519266015517257
-18.535461051304477
-18.508037186960788
-18.48803728201887
-18.453685773187406
-18.452372794197178
-18.44250215445867
-18.442971839333122
-18.444040339644236
-18.443318374713765
-18.427167653679483
-18.390310484280946
-18.437402247583165
-18.443852624932468
-18.44505231600245
-18.46401240831946
-18.41970429217151
-18.443329515831387
-18.443824496203227
-18.474159050102774
-18.473277534198544
-18.4927527218131
-18.50027430909728
-18.523483716602826
-18.54067948333359
-18.527259364691478
-18.50064427669779
-18.49383010384038
-18.455552236600408
-18.451032103938473
-18.44933739150526
-18.464842244769553
-18.462893175526048
-18.49656722547939
-18.502690796312454
-18.496932674572054
-18.500865871530106
-18.48072548627744
-18.490802211460554
-18.488694801338532
-18.480914345421592
-18.460281938810162
-18.45641145856115
-18.472945505090006
-18.476480167894852
-18.496004436678234
-18.49969045419135
-18.507182975034656
-18.508428275226173
-18.47877243731356
-18.49430857631326
-18.486510210096483
-18.48514900161722
-18.50933471293965
-18.512016470714187
-18.517042173125677
-18.515941307082684
-18.51123476267917
-18.498854917125794
-18.486578795118763
-18.47713409250422
-18.494012217475404
-18.502389369843737
-18.471548222989103
-18.449579990001347
-18.4373246749678
-18.46087168030596
-18.446518991252645
-18.445823069324025
-18.43740177112391
-18.439873901336508
-18.42756600134601
-18.407238082051656
-18.393794537596396
-18.430706277675664
-18.440843749485488
-18.44294587433053
-18.447178028844558
-18.45508326728383
-18.42741884372344
-18.382078718532988
-18.38429009392075
-18.367096728513317
-18.37844242621599
-18.39339375498327
-18.398544194281424
-18.411738236079632
-18.42315255307259
-18.407043026411063
-18.408460290807813
-18.390662995892278
-18.363749365427218
-18.38727794448112
-18.39117523282047
-18.3742837208734
-18.38132254563655
-18.420535504722448
-18.431246486680724
-18.43399490616905
-18.428141149880844
-18.42773673598326
-18.387354288213245
-18.40152446965576
-18.40643347135789
-18.406148687576675
-18.411772057941338
-18.423084350498996
-18.439452730814203
-18.43862518553986
-18.40097615528167
-18.43951015376156
-18.415053882941944
-18.42576120207378
-18.429892321088104
-18.398211587450774
-18.39899051895902
-18.36396212771923
-18.3426229610457
-18.337735000081555
-18.34336058889543
-18.343725403504724
-18.366201272161796
-18.342729127240432
-18.37273639406281
-18.3626075196855
-18.362441922854238
-18.358257042437902
-18.34699536511044
-18.359470903852806
-18.361086656363163
-18.306299943211663
-18.30375931404103
-18.316146744742724
-18.331585959369402
-18.345348538200852
-18.34501501906189
-18.318659415841648
-18.317886621440273
-18.338977010898496
-18.376910010245208
-18.411585195265225
-18.384052887123826
-18.397323405493363
-18.395727516094706
-18.39674512524717
-18.39496214872444
-18.40061929948603
-18.39325597736743
-18.384144348223327
-18.367101811670448
-18.38023234040183
-18.372194834401025
-18.379382340802703
-18.367778883512607
-18.376679488302134
-18.406729041599874
-18.39611814085147
-18.42400310204079
-18.412822541549357
-18.37295666401313
-18.36619960068097
-18.359327839751966
-18.381258995121954
-18.34963700901757
-18.364745575398643
-18.407920496824385
-18.407341710864433
-18.37974513769225
-18.38507481361038
-18.40604747836699
-18.397202766361335
-18.41291955994558
-18.4184995956009
-18.42998119707695
-18.432088532915028
-18.435465962762528
-18.453198530199717
-18.4525862458268
-18.449034519686375
-18.452997181871947
-18.451201603325526
-18.464657261174025
-18.459039606266966
-18.43413288355651
-18.41689377481774
-18.417562311565455
-18.453516537386037
-18.44849720912568
-18.438316977679825
-18.43563591234958
-18.445884766426232
-18.438249555779297
-18.399745781016396
-18.370881000886403
-18.364008614046334
-18.37927741006432
-18.362600234189483
-18.38461374522476
-18.37601632721589
-18.349604979867276
-18.346380416175705
-18.362160796066643
-18.354155201498422
-18.364102354743753
-18.358382987140562
-18.364758184077463
-18.36539284314339
-18.365956647288183
-18.382366817015466
-18.39138271628531
-18.38930359970635
-18.424087055042094
-18.43382426878774
-18.434379164321893
-18.411129344423063
-18.423971648775336
-18.416634332319045
-18.446776769131286
-18.425823048599455
-18.437994131912976
-18.42185605938727
-18.409637464022737
-18.394440252001726
-18.42620004476319
-18.441344874397366
-18.419651969729816
-18.414434472497998
-18.416564048393216
-18.39273764341899
-18.393249317751085
-18.426794920809357
-18.416710657869512
-18.417446201196068
-18.416488348930866
-18.425780063458465
-18.4487201455148
-18.447922599624302
-18.434437328206588
-18.424440664982768
-18.42626988472828
-18.448905201182928
-18.44321955317309
-18.441884289352142
-18.43325940243834
-18.40855514793651
-18.425897421533538
-18.42714845917874
-18.430963875743625
-18.416768784178934
-18.41252145230874
-18.408651971542955
-18.44849533645683
-18.421055621698404
-18.361142069120124
-18.38756747762348
-18.384567995113276
-18.373272493696316
-18.388072312764873
-18.378795520462262
-18.425942554969836
-18.41122585988616
-18.382080304066143
-18.368022627052618
-18.365278893005385
-18.380744231729523
-18.379562176618897
-18.369960811949294
-18.373062191826023
-18.392991545609785
-18.379366412403456
-18.408865356289084
-18.411954946561913
-18.42887030410911
-18.44435936085322
-18.42980715538383
-18.414175029202937
-18.4213396283318
-18.427368081588703
-18.444577821739568
-18.425926960184015
-18.440924145157233
-18.43752467716328
-18.4539536689711
-18.443900397242636
-18.406381360812592
-18.399639769158647
-18.414330517497287
-18.418068691844073
-18.414825735595045
-18.400306896443485
-18.417651273757745
-18.396425639343104
-18.407073046633702
-18.423314825651918
-18.40822372211522
-18.41422486752245
-18.40442919974344
-18.404705916970684
-18.365976418304648
-18.36659609416322
-18.366914802303274
-18.385212250371637
-18.390242829650447
-18.402161530864696
-18.363692607795294
-18.331770329505186
-18.32566318283
-18.326179174305373
-18.337988766801658
-18.344880977430844
-18.321404348981165
-18.305457784529747
-18.300437853222995
-18.282632277088616
-18.28865874705829
-18.281663961415823
-18.29261278311713
-18.32931317067159
-18.3220488415648
-18.30862644942877
-18.29768668916569
-18.300096529741786
-18.300367267430364
-18.335248627497446
-18.318094129461407
-18.31905532558958
-18.340710566737222
-18.33948183766906
-18.333617358702657
-18.34747054625095
-18.35521199940671
-18.358161168076002
-18.32859910230049
-18.31371763778513
-18.338057567154276
-18.31256096060883
-18.305055583013214
-18.278837708408986
-18.265175293546335
-18.280341585938356
-18.257325874727957
-18.280766140691828
-18.289245355105535
-18.302943396806466
-18.308774670635934
-18.291125148315007
-18.302160813769866
-18.34058676316848
-18.37112622578022
-18.361136097374406
-18.33837640924919
-18.336305010440782
-18.34352196130362
-18.39548724253955
-18.36569306123592
-18.3607858468459
-18.343817192829505
-18.333184092801577
-18.33771014831839
-18.326970284485324
-18.304717609840583
-18.31330184887957
-18.31358825580846
-18.29934667777193
-18.297866548529864
-18.276154218459638
-18.282668982306657
-18.303502078573676
-18.28355387886517
-18.277424672242226
-18.277734537945456
-18.25671205546708
-18.25017696368364
-18.227730134123263
-18.25247460279127
-18.262953973042993
-18.2519712113982
-18.278962984764995
-18.304836912497667
-18.26746399592923
-18.254726912036094
-18.26414807620956
-18.297883801524662
-18.286451278327664
-18.308257554137885
-18.281542244302795
-18.254787374387515
-18.251547479830197
-18.286352843317697
-18.27736235734184
-18.265412379979377
-18.22396277079826
-18.23379905841265
-18.204963756892514
-18.219955085765918
-18.218588156266883
-18.25000245238622
-18.245156953872257
-18.251865624601677
-18.28586444697902
-18.293103520928348
-18.278315414126247
-18.26942126176329
-18.299927382005702
-18.3160438070942
-18.31423556739339
-18.292969729035956
-18.29321305572427
-18.310453209722258
-18.315087805437994
-18.325345347671952
-18.32673503924751
-18.342931198345426
-18.3169591472564
-18.287781173244547
-18.318885432922464
-18.318370503500336
-18.33242809403206
-18.355586844939815
-18.325262329019473
-18.35867164643647
-18.39046284730213
-18.389561498275544
-18.37628610635881
-18.387536611788544
-18.394885886964023
-18.377412359061317
-18.3740943150364
-18.40108643846145
-18.424892738272902
-18.418466307443058
-18.380731860677404
-18.372431518406422
-18.354756795065484
-18.354458853021328
-18.36601606659924
-18.418608472782985
