-18.418608472782985
-18.411768732396517
-18.425513868938424
-18.43598126409814
-18.455104068272398
-18.43196631282833
-18.41105954904187
-18.40634410269165
-18.403931407876676
-18.37428954790537
-18.35736147315937
-18.359630889311788
-18.345639497040544
-18.348988838554156
-18.30922500973816
-18.325101680131745
-18.31628751648012
-18.331021713429696
-18.30392684113008
-18.31360787360018
-18.290653050304396
-18.29385710079722
-18.294035138145606
-18.309760645465087
-18.310371432368548
-18.275919619709136
-18.31008976843997
-18.33596469084837
-18.349929917785566
-18.39747722289829
-18.4142142320149
-18.402589728808113
-18.41245987089186
-18.440095087558625
-18.441555686394835
-18.471117912536723
-18.46905469087256
-18.488787170723214
-18.45967418783316
-18.465524765500835
-18.43261477503652
-18.426530298918372
-18.418892835949684
-18.398071684180017
-18.38431619281792
-18.419679530330168
-18.432159309128046
-18.439404521067026
-18.445621366571142
-18.446625300658237
-18.425128748062793
-18.427190229510206
-18.442062805528643
-18.398596292798782
-18.412254437500795
-18.42007790895181
-18.438501067456016
-18.46445163023182
-18.438981732130664
-18.41448628795323
-18.421959103411044
-18.39364401978507
-18.374835070915562
-18.39851662880889
-18.386813413493183
-18.383393885508585
-18.363028101837955
-18.37583074972782
-18.396391849932865
-18.392731628272912
-18.41451670127334
-18.41578817551119
-18.40468946538986
-18.40324030810219
-18.41269156165545
-18.44356284692048
-18.429398482103863
-18.41404798198973
-18.408076929490615
-18.419827281073086
-18.39486370600025
-18.41056104099482
-18.422920429328858
-18.415555205527852
-18.439391585894768
-18.414848289324574
-18.40773368497437
-18.406072813162197
-18.42489931586456
-18.447988715584398
-18.464791331492528
-18.489871818926
-18.47344851301281
-18.48364086927333
-18.47779736008678
-18.48836041805785
-18.444087004658154
-18.420978103003577
-18.430679448041083
-18.45473100583346
-18.42359488740142
-18.415843973617612
-18.39742206853422
-18.40381742271274
-18.39301906223759
-18.38207692971109
-18.356560568539923
-18.3516823672715
-18.343670452600794
-18.32178306083508
-18.347296162929005
-18.374736729139574
-18.363868558724523
-18.335170225755586
-18.31667858765977
-18.34040984648051
-18.35373405819938
-18.3489928917885
-18.338440544310355
-18.36348180316189
-18.368710462351228
-18.394447270772265
-18.400379783159764
-18.41050128259068
-18.405854911612558
-18.42302435003915
-18.435907780562825
-18.425224852446974
-18.43782623310688
-18.444932006054444
-18.44527215950415
-18.454309173715117
-18.419324528920374
-18.4074245473626
-18.422787428123897
-18.371388969952527
-18.400044247047415
-18.401793008161203
-18.406642631819636
-18.42696641872157
-18.454568167735466
-18.475441156499123
-18.493307682933466
-18.492506456188053
-18.50480899565358
-18.51155195169182
-18.49968172618095
-18.492033789064497
-18.48503381818194
-18.492505840660037
-18.44756230475356
-18.449439395917434
-18.455266927217885
-18.478189928110837
-18.45983798859617
-18.447356765038823
-18.44892666796598
-18.44746319264794
-18.443820883029478
-18.468049061854074
-18.47323849115049
-18.47564979499925
-18.480851342625993
-18.48725538425822
-18.49510566576708
-18.531012443718755
-18.540916790093004
-18.55175391354189
-18.532123634218628
-18.502616818169276
-18.525762158021912
-18.523278420762907
-18.49017343686835
-18.4832438362339
-18.50411276355569
-18.49324239524403
-18.522631767150862
-18.54031560413172
-18.53232207597163
-18.543996346482746
-18.534440346295995
-18.51956081020665
-18.527051387821782
-18.524390102129562
-18.540247118692108
-18.513785572847322
-18.512878584772732
-18.515626504698457
-18.49510521562763
-18.504114073960945
-18.508544890746837
-18.496192456988716
-18.50079582827172
-18.495986709585033
-18.477872282516795
-18.500666236846733
-18.490166154442324
-18.49034660035406
-18.47570892434849
-18.460677208631168
-18.43883804917506
-18.45645279569908
-18.44979810234879
-18.429320835284457
-18.41970722955272
-18.424325205516165
-18.436367726958682
-18.434903661351278
-18.414651025286513
-18.43584505497023
-18.471637006686183
-18.484060166594432
-18.44947199604805
-18.42313045757325
-18.430404579474548
-18.42497405145214
-18.43794097494
-18.448275144170353
-18.462399779440204
-18.455595416216063
-18.457267883297447
-18.494607837473893
-18.492199954096534
-18.498739376731045
-18.479619501188335
-18.46512314034459
-18.44809213792
-18.419007809239435
-18.408711873154193
-18.40552911481981
-18.390311983538393
-18.387432651252492
-18.40943391120256
-18.400562848050914
-18.371014657792944
-18.37929314581314
-18.385707662771136
-18.39865797713625
-18.412407912849893
-18.387458046656366
-18.398193261379223
-18.39141559992498
-18.420637954196472
-18.422156289361453
-18.38521999386432
-18.353818356097698
-18.3627630110813
-18.390461692358315
-18.371549283150063
-18.408224935012612
-18.428433221414092
-18.406667739255067
-18.405700081021056
-18.41381098946226
-18.396906459569156
-18.43619580099762
-18.411403225424497
-18.447813681619962
-18.474325539493343
-18.483762126355888
-18.4897249871108
-18.5335199271622
-18.55106644260161
-18.526824582520597
-18.498190513293107
-18.480705552552728
-18.487680289182194
-18.496567901025124
-18.509001700137464
-18.48739610569987
-18.52251502046066
-18.505165530919793
-18.510733049719292
-18.481278393431655
-18.466059259851065
-18.440768681273386
-18.440561013934616
-18.437899896955503
-18.43220217105762
-18.434376052991887
-18.42375241779265
-18.426067871114594
-18.42427811109461
-18.419358130812242
-18.44082896318398
-18.448344138947924
-18.445108699615716
-18.45906372030393
-18.4844836987313
-18.51494024880697
-18.499581515821838
-18.497263471168157
-18.501097376181683
-18.467338492603446
-18.43106152852753
-18.40085436917705
-18.400538151318877
-18.380874354566778
-18.393172040589736
-18.391113047477862
-18.38510980924826
-18.35271030354134
-18.354621033838672
-18.352761718071424
-18.358487402496703
-18.383149823086846
-18.4399883349887
-18.447891039617577
-18.447530818435766
-18.462306726687714
-18.448679009127257
-18.434824838306916
-18.456073271234416
-18.459613369180136
-18.434352769648655
-18.459674170772907
-18.483162712310413
-18.45424587394851
-18.44378431746551
-18.436014986645844
-18.424715243618397
-18.410888235510576
-18.42990619925759
-18.421673795452055
-18.388212389000373
-18.404484206841037
-18.3893944882473
-18.38691014056965
-18.386387652937028
-18.389867992299223
-18.390436184306218
-18.41293539012887
-18.405287611292746
-18.41114843719829
-18.41643190071069
-18.395911649478716
-18.373971668385153
-18.358154427438073
-18.370262821457256
-18.370420857068176
-18.373587677253184
-18.38329829994089
-18.425643562288826
-18.416507500681476
-18.37647303664633
-18.35208935161655
-18.359036984205055
-18.401736258960494
-18.428516306583685
-18.43763584476102
-18.42610922501451
-18.42955014915789
-18.43322006959892
-18.426129860839655
-18.436077446472368
-18.413669894400655
-18.39553131883091
-18.40314030788077
-18.41312290982447
-18.422457474449054
-18.407306486836283
-18.424371599111076
-18.440488478198557
-18.442336452854292
-18.426412958787314
-18.440653197148084
-18.42849810278994
-18.422946985398795
-18.39158602168459
-18.380682079587753
-18.390189889395412
-18.404183163444745
-18.408959846159394
-18.39224005305738
-18.37561912505686
-18.361747138931015
-18.37354342275814
-18.367681861861875
-18.389247767313243
-18.390675509912647
-18.364422591832728
-18.36567819960829
-18.369856009112198
-18.342927771349384
-18.36558874469288
-18.36266013449987
-18.36366409752374
-18.36826730357552
-18.355855933720793
-18.37212428431736
-18.368128361893746
-18.354042675125744
-18.342065808712434
-18.328450171483723
-18.341046276497423
-18.359116877993536
-18.335990364564548
-18.366682859422088
-18.406932477128162
-18.37845060412535
-18.368313650079557
-18.398779935713293
-18.37082094828812
-18.370915807163218
-18.36595309659617
-18.347950969843033
-18.36271431635387
-18.353740493443926
-18.35607005638523
-18.370569419433085
-18.362820572650985
-18.371770229499894
-18.350466181630665
-18.32336924867964
-18.338704003835343
-18.32382353381749
-18.36073043577072
-18.371434330627267
-18.39190569643965
-18.39391480390989
-18.391080477924756
-18.40372950245617
-18.38732682947779
-18.4081359642002
-18.41887206292908
-18.40460281865935
-18.4032683897137
-18.397492012661267
-18.36293781799137
-18.375654561452382
-18.362761692498594
-18.36648363641392
-18.36769774080927
-18.37016327944815
-18.34530311396123
-18.35511898559798
-18.34910845240593
-18.351476950172053
-18.334377826585975
-18.35218216541352
-18.365204739850313
-18.39264312355641
-18.400141487539493
-18.373859063947023
-18.365863080932694
-18.34601627559178
-18.37587891666952
-18.37354972481105
-18.356784001096575
-18.308215087554718
-18.341190391063133
-18.333942550214363
-18.372282099982552
-18.380190799072093
-18.40502085252466
-18.384154243517138
-18.35661069671849
-18.347937867226534
-18.370484563822902
-18.3651053866442
-18.360745090490006
-18.349444556948782
-18.320395433744086
-18.33814640874755
-18.316905177723694
-18.33820202121605
-18.342919489491745
-18.355523943390157
-18.330782360627456
-18.322353599890004
-18.321239686309447
-18.307488619195155
-18.29332206389273
-18.260826569795938
-18.26873698922595
-18.280293014155415
-18.29045814710699
-18.266161956725632
-18.26958710979467
-18.264408408362904
-18.262019993838592
-18.280024829346104
-18.296459485774793
-18.297619702540384
-18.30164063616738
-18.31335399939073
-18.33778935612946
-18.35264898322144
-18.338989541477023
-18.32357577587014
-18.329852495146376
-18.33501643013896
-18.33020909236849
-18.29866280583886
-18.296985258173777
-18.31619869494049
-18.316298933787344
-18.33099123230368
-18.3009751618019
-18.302863304442635
-18.308796390185517
-18.28014338075385
-18.302664992333863
-18.301020606942362
-18.28382364089257
-18.29434218428663
-18.30920657112262
-18.298208771636695
-18.316740674792893
-18.329706163323248
-18.34802766170834
-18.31627214572135
-18.282579115395546
-18.297623434596904
-18.309057479813642
-18.328017821424307
-18.30617762100724
-18.31256157468216
-18.3092883496974
-18.32339816787731
-18.29719256456993
-18.292535032974186
-18.281504757999052
-18.270781444616137
-18.24682480962633
-18.25347166004757
-18.27825005045298
-18.289186723186855
-18.309252652224682
-18.298621167925713
-18.293858448373836
-18.299941215745775
-18.25500816127646
-18.2298960374799
-18.24926941375364
-18.253774611258855
-18.25813064656237
-18.28043479193127
-18.284561725597065
-18.28150762449763
-18.306159012129953
-18.274509377775523
-18.264782559131692
-18.26926601238195
-18.282615249044536
-18.25810441163996
-18.23916694257543
-18.241190887124898
-18.21865973669755
-18.2206363634905
-18.235057187465152
-18.221553432872774
-18.213726464540603
-18.209120753761333
-18.20391612600078
-18.21698364056268
-18.215683676957575
-18.22496911604614
-18.235415163322852
-18.24889663514543
-18.24743103303884
-18.248781660610295
-18.263898890830873
-18.2687186910525
-18.245856789098852
-18.258391771718163
-18.250561196453027
-18.242962540844097
-18.273279865750613
-18.263362211196647
-18.26587727795043
-18.235209505174357
-18.243794992318893
-18.199899178492846
-18.180431305682532
-18.17747451345828
-18.2006963179305
-18.22085231194773
-18.23260018707028
-18.235047793022638
-18.24631694277099
-18.263175240387337
-18.276249784299768
-18.29243069109379
-18.281617999755614
-18.26398146501061
-18.266497345099836
-18.274438552407346
-18.287389283219216
-18.296416570438915
-18.316058853910665
-18.319042798412756
-18.326294738789596
-18.30789670429457
-18.324497752644692
-18.29530489599029
-18.271863789848553
-18.308198999136852
-18.312724419361487
-18.32336422074261
-18.309713727426306
-18.3298256637393
-18.370047296917765
-18.337833267971924
-18.354429723679047
-18.357505982138946
-18.354981069736017
-18.376315763499935
-18.401080611233866
-18.408315989811573
-18.418084276782743
-18.432268031503884
-18.43561519495134
-18.442090295684842
-18.455659662306374
-18.485440150318208
-18.465955304093054
-18.463929227200655
-18.461855704880826
-18.458671603896022
-18.44927952555031
-18.454845512492998
-18.444307464085263
-18.44380779121819
-18.46075990558812
-18.434986393022662
-18.426631127428404
-18.425767339168885
-18.4341372697108
-18.416675286662763
-18.40714187687681
-18.39124910839105
-18.36456583302142
-18.370521668256472
-18.373874488204937
-18.392831345190924
-18.408123479883237
-18.390333805960594
-18.39051730625182
-18.392546049055394
-18.387174997926305
-18.403391802095946
-18.41907181029974
-18.383736143261903
-18.40785391366498
-18.408693666039497
-18.41862156222546
-18.402294473495683
-18.4279564384945
-18.428669670895154
-18.414617495114054
-18.400514134329338
-18.405963639778115
-18.383740944975703
-18.37808797745575
-18.392827008875777
-18.40278005927908
-18.377418554826434
-18.40669914111732
-18.40009935965465
-18.404713473650613
-18.38471403997842
-18.390577110961786
-18.359239131764443
-18.351361096054134
-18.366483206315753
-18.369904520481374
-18.357676240560437
-18.365025903105803
-18.376992713396582
-18.390408650394097
-18.36853871046681
-18.355792174514196
-18.345350360461055
-18.373205917059927
-18.368228701180087
-18.349711962675695
-18.30958802542854
-18.303080119996586
-18.309117547337504
-18.325039505238465
-18.317983681955806
-18.320520600121753
-18.327515875739422
-18.34665099401093
-18.34180449223206
-18.319462636751098
-18.296495050406605
-18.304911420570857
-18.30869566728827
-18.322797065795427
-18.322648775129547
-18.290488923631404
-18.288082420852366
-18.284592494343272
-18.305921966028883
-18.309715569026398
-18.301652984782148
-18.323845045982655
-18.332654140894014
-18.298764639022316
-18.289382242279398
-18.288098472901574
-18.272164804192013
-18.317878921636964
-18.261384807014128
-18.245766549310446
-18.24817000438101
-18.277326261164472
-18.25058198208143
-18.26845789113537
-18.28120733236199
-18.268928972884034
-18.283658878453046
-18.27983794508309
-18.264629091660847
-18.281883607165724
-18.27016439936576
-18.253207600991725
-18.235239993555854
-18.260631186195635
-18.25113975426707
-18.23908732723836
-18.245934311455912
-18.245659772756735
-18.260423185372925
-18.267633739062685
-18.267851120919733
-18.29415225676465
-18.311284327989792
-18.28500800273056
-18.284426758584008
-18.277799002098757
-18.286881447319402
-18.26737504123387
-18.276148918762352
-18.275083500568552
-18.296834351424415
-18.29394861743768
-18.30065380800237
-18.32556643173874
-18.30835631153072
-18.29584448909566
-18.29477850446799
-18.283856252629196
-18.31934931618612
-18.3234023626721
-18.297142052887242
-18.29193472374021
-18.303526014038074
-18.315967993152743
-18.281276125392864
-18.302561155190002
-18.32119016148329
-18.329962732585315
-18.307255854781076
-18.276829498697005
-18.246522348464946
-18.238998606386414
-18.208510057718478
-18.20704281114992
-18.197417105798063
-18.227396362688246
-18.249500485609783
-18.25275017949349
-18.23597702648474
-18.231682195832512
-18.249510098707503
-18.257558386284398
-18.235970770475152
-18.230199248231358
-18.24305817232641
-18.252415671094163
-18.266484231524284
-18.276774508478436
-18.26234067520432
-18.267968166106247
-18.27311072221539
-18.31563946595928
-18.300484248248306
-18.297865434536075
-18.288685778215815
-18.31812424158008
-18.286070824485805
-18.30824163111413
-18.28162302450345
-18.30552882519938
-18.337361485910687
-18.288838141207084
-18.305588161929855
-18.329373079525638
-18.317191317444376
-18.315242617921513
-18.31919050589091
-18.32407512927656
-18.308886106540015
-18.3168282851083
-18.32703904211734
-18.304699698067534
-18.296480689386065
-18.293595264541963
-18.326139821406336
-18.31269141982652
-18.328141237864415
-18.331886875787657
-18.332542063026544
-18.327302013961624
-18.31736575252313
-18.325070055664074
-18.343047863057226
-18.344373806447187
-18.336021383323416
-18.327026839027436
-18.313685016314775
-18.317960169053986
-18.321507193399935
-18.31516655043826
-18.299161556105755
-18.327202559087855
-18.34629348676277
-18.35442820097669
-18.3716611137239
-18.353875423122634
-18.336495382935897
-18.371157471673772
-18.388348583204184
-18.359805014889087
-18.39948811536129
-18.39040054228397
-18.37991631931642
-18.414808491780594
-18.425422303290837
-18.427686933529646
-18.413083050456763
-18.351704874963826
-18.34661265070785
-18.36426471183582
-18.37015751601881
-18.36266673611427
-18.34356072974097
-18.344669593889154
-18.370493834904988
-18.36412130566906
-18.368747594468623
-18.367609723833098
-18.35156291718972
-18.362752863656663
-18.35931189266435
-18.379118188736175
-18.39077157709714
-18.389776424991368
-18.386901155824816
-18.394647864047034
-18.407357399480237
-18.40928113547391
-18.37493825321887
-18.36126504538627
-18.38222247695793
-18.39766700490891
-18.399501046767504
-18.37594054473063
-18.372169405269062
-18.35903778782846
-18.349002930966524
-18.346890029196217
-18.385352850645834
-18.39095211399821
-18.399513901913085
-18.390140758966336
-18.375429378970704
-18.365879333730994
-18.34167938054942
-18.332151429135035
-18.323732393035538
-18.345227201589108
-18.368816794001262
-18.376023210780936
-18.42608746457613
-18.424511696023004
-18.458413505735532
-18.45082679926146
-18.46250316374409
-18.461863345053654
-18.437970504807808
-18.410638012770207
-18.4188099984911
-18.416624908169993
-18.422527028043344
-18.43758851508705
-18.456097359308643
-18.480793702520025
-18.48642393794626
-18.49308186491758
-18.469286654116488
-18.456647246929272
-18.474756259154695
-18.479099650072023
-18.47127410563179
-18.46967097411341
-18.487795427053587
-18.491827513578418
-18.504404243126324
-18.51850294360775
-18.50719947065106
-18.496888958960415
-18.486944329628635
-18.50061482170205
-18.504640926687117
-18.502490001577605
-18.516509248481572
-18.49849695230689
-18.479079423630058
-18.484775635853588
-18.47783331770827
-18.499388510134647
-18.486676922679028
-18.49232951278385
-18.44879995210167
-18.444866826126333
-18.474606901708995
-18.471834280000945
-18.4652128292877
-18.456945181376966
-18.4542431433264
-18.461804749398325
-18.465936081544516
-18.44200124567935
-18.43260471004683
-18.43042453195432
-18.43325988129701
-18.422749063858145
-18.430058468010134
-18.417643599608446
-18.430630524414763
-18.39261928569816
-18.391307173066803
-18.393292805582348
-18.365208018042143
-18.38449450040989
-18.39258041765788
-18.40159142594066
-18.419053380937466
-18.380594019122086
-18.38324079022004
-18.405792144439868
-18.40157530812159
-18.410403054989153
-18.4322397881723
-18.453088504626457
-18.441253035272865
-18.435795195944042
-18.402739404378877
-18.373595867563076
-18.370423522484575
-18.341116232555592
-18.3759827569419
-18.378927313624306
-18.40354825473757
-18.361319523771343
-18.37500486602015
-18.387898581166016
-18.37570767077991
-18.396262186801632
-18.382548383487716
-18.38622192127236
-18.4127081513331
-18.400415544878996
-18.399325130860017
-18.391513876270906
-18.357490943504278
-18.332455684337628
-18.306996577175543
-18.32733957144205
-18.32655412222383
-18.340789634274277
-18.3562851933649
-18.34851226281458
-18.354351126317077
-18.415771914786784
-18.411545948854442
-18.396727053217326
-18.400216221284033
-18.429812320573415
-18.40105541556361
-18.393519244558295
-18.381777924510335
-18.373676813473054
-18.381954885198844
-18.386031111917298
-18.417103111678514
-18.44188521914248
-18.406742572469252
-18.42661057482158
-18.420937776190986
-18.41873352283923
-18.433370638755765
-18.41236045756613
-18.42746092812389
-18.408231041753556
-18.419820869357498
-18.422698962186587
