-18.523265546870892
-18.421148087178466
-18.402719259605927
-18.42552317442611
-18.412635308822164
-18.34563008217464
-18.36896967723549
-18.3773850945397
-18.412701104509303
-18.357512056457235
-18.359645354390004
-18.329287323392855
-18.326856972879398
-18.338813402200337
-18.33653524694228
-18.332954975326686
-18.325239010434164
-18.34635611719822
-18.38361789549555
-18.395564319580043
-18.390592538527695
-18.375212029008242
-18.3576307280322
-18.35025508255962
-18.387524984662846
-18.371163670478342
-18.36531642675635
-18.36934029261157
-18.391222403322114
-18.414095788474224
-18.38066002057892
-18.359352585105373
-18.314509044082598
-18.302746449765735
-18.337862296694567
-18.37892317644455
-18.372896617840603
-18.356488073901918
-18.31382240600116
-18.32839453301723
-18.344364012403233
-18.327922573748438
-18.287537403770873
-18.292474622614037
-18.25583493182327
-18.29409043602143
-18.278145028463733
-18.250200168446632
-18.279596960004096
-18.291704613081535
-18.322658188323164
-18.300473985767187
-18.35171522052873
-18.302347756141224
-18.29876818816562
-18.29165647276517
-18.278378216302777
-18.30262524539739
-18.30899819177346
-18.310484826750233
-18.325984053342317
-18.348003758521443
-18.36693208334707
-18.32799302762755
-18.309116199910765
-18.351778174660943
-18.338761321057163
-18.38032148620309
-18.350824314170154
-18.3792770388536
-18.41253670888899
-18.329448537827165
-18.344771844757204
-18.355492398025966
-18.36681271691374
-18.325358315086298
-18.354949334279674
-18.336527445878794
-18.353376091987098
-18.417156056188094
-18.41119000409882
-18.33610881802879
-18.3859540701687
-18.32957733599529
-18.315129158099086
-18.325787463249
-18.3222591646942
-18.305592870115632
-18.319242455795575
-18.304833636858866
-18.318803355809045
-18.37791702468227
-18.32046056924992
-18.365916722941716
-18.343322946458233
-18.331384510867125
-18.30404753414043
-18.356802094845193
-18.35557018632653
-18.332835744183303
-18.319100643413783
