-18.190337268900624
-18.176493683637997
-18.145137482344282
-18.135394110942656
-18.13013215741663
-18.10101207571873
-18.108554353651623
-18.108461520851478
-18.142162333842904
-18.12105765577822
-18.106996932123
-18.120605291549772
-18.12086980710909
-18.134989420816748
-18.15941184197418
-18.168656813323828
-18.175666996805937
-18.208991197594028
-18.19978918120694
-18.1820391831733
-18.194305259074653
-18.183445483590916
-18.199239714745328
-18.213422972318636
-18.234424582800294
-18.26120402382284
-18.240343198572358
-18.22513345331391
-18.219291323433197
-18.216199262459305
-18.2398546135479
-18.225372802431334
-18.23277348851643
-18.231324362754272
-18.226602351510458
-18.240274129010476
-18.210071745676178
-18.21382716571555
-18.208185341753733
-18.171388480783527
-18.167803203392626
-18.1514490580812
-18.14631007565654
-18.15422840881725
-18.1556168598332
-18.180618279224433
-18.17248628788794
-18.18251606065622
-18.165274098203934
-18.201607738279364
-18.21300198624654
-18.21143040958931
-18.179480762616734
-18.173410776722758
-18.179500984275496
-18.195561394128404
-18.19884548777399
-18.181986297453133
-18.172150066103097
-18.153932936850325
-18.147275280055343
-18.13869268870432
-18.1509322754705
-18.175119802961948
-18.18850065182825
-18.191653630405977
-18.18523789404338
-18.19834647808239
-18.18846883410138
-18.177062938404767
-18.178943794106033
-18.160152280017375
-18.184526758793815
-18.173961845044595
-18.141952899994433
-18.164192256806516
-18.14569916000943
-18.137968880323424
-18.14788535828184
-18.135945430190176
-18.15726845619051
-18.182997512197392
-18.18665719830476
-18.199416740099736
-18.195858841110372
-18.222095409879618
-18.219707947223394
-18.20988402930372
-18.20803710429467
-18.189482728727288
-18.179690826355277
-18.18657149955418
-18.186919135776435
-18.195833083213426
-18.183513981573107
-18.16655542270823
-18.1632751911768
-18.183203686997885
-18.17475619823096
-18.1954026889427
-18.199458871270064
-18.1675576810245
-18.18031002391989
-18.165997181845267
-18.17643359184088
-18.193245282751715
-18.214182901679195
-18.208256552732827
-18.194314606080066
-18.210209903158123
-18.217406646090872
-18.239939493252667
-18.22995954646892
-18.246104231694897
-18.236090889997453
-18.23541242049498
-18.22863602876471
-18.204404453078986
-18.229736331873614
-18.20921042797058
-18.208389873134532
-18.248980512860964
-18.25985485104243
-18.26315499929846
-18.252219961967185
-18.247435747231293
-18.22670315393313
-18.200454884332224
-18.228810737902513
-18.206933552004944
-18.23419997824807
-18.21239489495822
-18.232543775527848
-18.25788055983758
-18.251839473775828
-18.270937099445927
-18.272372167221175
-18.281182560516527
-18.2351493596808
-18.248617294467792
-18.229873624266773
-18.218422849300968
-18.237493656095197
-18.225948035991927
-18.241025992473954
-18.250000805654157
-18.22244028385261
-18.19353228587678
-18.16415210822265
-18.171663800372308
-18.177879745806848
-18.209615616401464
-18.20983315915095
-18.254328504538844
-18.25347190994846
-18.262521789301207
-18.238505555612544
-18.236118079950547
-18.199879140519236
-18.19557259010125
-18.222880792217534
-18.266754048357004
-18.240562929860943
-18.19383179253509
-18.202272083199325
-18.245196610451814
-18.22746089958836
-18.246201286553436
-18.19399165183192
-18.200361829801
-18.16116583150293
-18.172258461733897
-18.18103661367107
-18.148977072701395
-18.197356560327883
-18.21007936755544
-18.200113003468175
-18.215243153038077
-18.215212567947795
-18.22017109667243
-18.15458801656722
-18.13738861173883
-18.105160288022443
-18.087787205138497
-18.113917455044035
-18.133332495809196
-18.099795988721016
-18.096373016308625
-18.11706683067689
-18.14758041219547
-18.11561321540058
-18.1192639122496
-18.106905328105196
-18.102375718707435
-18.10019368030956
-18.11536171835029
-18.09604542942047
-18.12215541250529
-18.126586770955385
-18.123151636399317
-18.138184340010035
-18.124483796615344
-18.104212341494954
-18.112077977770312
-18.125644047103087
-18.10421247782369
-18.12406160486912
-18.107108465241055
-18.122443297259423
-18.12980873948388
-18.13198247127834
-18.159684044532717
-18.170136636020192
-18.18499607227939
-18.171358176267148
-18.139544536301152
-18.13464906733463
-18.10750894649279
-18.1114241780212
-18.09222227349679
-18.12675706735273
-18.141424471231538
-18.142734993596406
-18.13428175856159
-18.128794778662648
-18.117486506667767
-18.107166754066313
-18.11801806726861
-18.164179619287456
-18.198485757477272
-18.172337240928147
-18.144855692063892
-18.168761655244897
-18.195174394141034
-18.162675560563137
-18.15335395000581
-18.19371549153327
-18.1721642995745
-18.165521250215985
-18.149789614108784
-18.162121050734953
-18.155394168556427
-18.1582407198686
-18.177869897533327
-18.200610110419806
-18.19439404686277
-18.16446165862406
-18.14852699907325
-18.14634147501103
-18.11408543959082
-18.05422727574963
-18.070171187004956
-18.077011154858415
-18.05950629662902
-18.04994386200445
-18.08510427278311
-18.069874918600185
-18.06218083182999
-18.04941228673484
-18.054231794036337
-18.05732473761251
-18.08542688889047
-18.077974127039177
-18.050863383574388
-18.067239167682523
-18.076384066333567
-18.081724948896255
-18.073749022785684
-18.061291313224036
-18.034270898624285
-18.0209216182306
-18.024846905587303
-18.016889919650122
-18.00827149118087
-18.01075239631194
-18.05613982408188
-18.05331494016556
-18.071621289451762
-18.087870966608318
-18.04918333535147
-18.02198761502629
-18.00678420063335
-18.02106856763227
-18.051102497910783
-18.073613836876504
-18.064117808044834
-18.065796316990884
-18.075016064432216
-18.082863747758008
-18.091412564787927
-18.094058011710313
-18.12631679949327
-18.147080176539767
-18.148039863008023
-18.142874893407818
-18.114898503734928
-18.129978711535134
-18.122178878815077
-18.15739251736209
-18.158438575827432
-18.150747580896574
-18.168648482655307
-18.18171355717166
-18.173578033963217
-18.171883605911965
-18.178921157138383
-18.16416074161924
-18.12630093253064
-18.135794047870522
-18.139793991877294
-18.144894298203976
-18.168731403771893
-18.172674573797515
-18.160938216803345
-18.162911126076704
-18.160965158321904
-18.148669145018697
-18.158388380145944
-18.16785199257431
-18.161838046453862
-18.153886847415308
-18.146537199967703
-18.15606738803334
-18.144342977397205
-18.136467008830667
-18.125353808744258
-18.12504144593454
-18.128681771979558
-18.120311208497096
-18.11328839491383
-18.132186748636503
-18.109990241286884
-18.106223318859026
-18.066742711571802
-18.074279138511393
-18.12240373977669
-18.097696736199435
-18.103507838399683
-18.095665456871185
-18.074596945424105
-18.032733077203055
-18.04731651284677
-18.040644365251342
-18.047984819760504
-18.0883050578617
-18.07466595510163
-18.071586895075622
-18.03290088862941
-18.0273807042225
-18.007601859896756
-18.00612800220379
-18.04548680050265
-18.043079643152787
-18.01867088458591
-18.049068411740727
-18.036628830892507
-18.063767514028022
-18.077358988943814
-18.075128667284883
-18.09159628985973
-18.07091820494119
-18.08154391903778
-18.09781978628383
-18.106061970492007
-18.091190503323585
-18.087915643548595
-18.078352221543366
-18.050977711549
-18.058388161565414
-18.049891539806453
-18.061423216080648
-18.061337754461697
-18.055980497831555
-18.00725681208646
-18.026520042550956
-18.04771658505102
-18.03783698756886
-18.031545280312294
-18.02441394562485
-18.049416120224485
-18.084670394864016
-18.086780455707412
-18.075430147959256
-18.085528232558467
-18.088608330266343
-18.102727377277233
-18.083324763435964
-18.05358095490996
-18.062698390990203
-18.06659168609263
-18.036077890240303
-18.020680944125157
-18.024674829087953
-18.02448148744644
-18.022837445318853
-18.026629975749138
-18.04543213170996
-18.02959385810564
-18.024662407633
-18.00276090046412
-18.010148960037327
-18.010770655465397
-17.983730890942365
-17.97846056615702
-18.005175228590783
-17.996692418492344
-18.026061633013164
-18.024507126327922
-18.04193778836351
-18.02637082228052
-18.06195891893494
-18.040173127753683
-18.049497414014553
-18.076842233733526
-18.050162599033726
-18.04373320473396
-18.053755773408582
-18.034960192191136
-18.054470657508986
-18.049689155178246
-18.02705793280669
-18.0232149773511
-18.03871260197839
-18.0520920977341
-18.0548982463864
-18.06166547824462
-18.063572153280024
-18.061445389783888
-18.087243374407404
-18.092897761174193
-18.079173330776726
-18.06533703215332
-18.070234549014568
-18.08181116822258
-18.059825405366407
-18.0566406541436
-18.08365948797062
-18.081132800126806
-18.093800616803474
-18.06716500321232
-18.06067419979445
-18.070114919947557
-18.054645550547257
-18.071801763227054
-18.068432206146092
-18.057630842374433
-18.051067544887474
-18.025246641730597
-18.017204794269787
-18.031666337080498
-18.040184655048126
-18.055553017370485
-18.06621187156625
-18.082808297960774
-18.06975794754976
-18.067961465475115
-18.04230752788652
-18.05095479098366
-18.05811171508112
-18.058189561487236
-18.051459577234276
-18.077413386546397
-18.064902438285518
-18.07081481873128
-18.05571052155919
-18.068965217910982
-18.056862329635546
-18.06568146096501
-18.077969870102418
-18.07671141584681
-18.09334393612091
-18.08450254116197
-18.057689724909142
-18.055313967462602
-18.06336595603672
-18.074813014845635
-18.081424460087092
-18.08319046885139
-18.067026974506796
-18.028404986004848
-18.010685465605427
-18.02980655669288
-18.080350149863705
-18.112213936839545
-18.14111529770951
-18.120967997115926
-18.13354718348816
-18.13518867332002
-18.138371992975323
-18.138154947120853
-18.137954241103074
-18.150352755828315
-18.144998485694664
-18.16926094909862
-18.16225231415668
-18.163353000031194
-18.17028408837374
-18.130766160854105
-18.129213712674172
-18.1162849380878
-18.106218258720375
-18.13642959974348
-18.12486188752806
-18.12760384572731
-18.12518525540353
-18.076676541283955
-18.072052830341168
-18.092984046998684
-18.08742667132669
-18.09956890412689
-18.121198149515934
-18.130190077174486
-18.117342096412905
-18.097906693064893
-18.12566547220587
-18.12613960404584
-18.109649312590633
-18.126386150971214
-18.14240986323286
-18.152175297884924
-18.17710801650018
-18.176248387636072
-18.165983731694308
-18.1276915351993
-18.102628557659493
-18.09359978636447
-18.10604313543666
-18.136387647500456
-18.141813337884557
-18.147461908248804
-18.14406984025009
-18.16136102611423
-18.181053996756877
-18.16924707060038
-18.187783122889698
-18.217728559943136
-18.210526961778186
-18.196169090597465
-18.195783921822766
-18.17192756886149
-18.174513790510392
-18.186666961059643
-18.19783056150991
-18.23950907649082
-18.251002488853878
-18.244881766854274
-18.229142867395364
-18.192249396952885
-18.21262805451034
-18.233469701633247
-18.247247261881412
-18.244191701381407
-18.227787669932678
-18.254910207288752
-18.221537586811227
-18.228219968425524
-18.218388125110557
-18.251191501290258
-18.251777493848444
-18.256363810363958
-18.261195306531285
-18.26835222679936
-18.245385373439756
-18.252777127018696
-18.253529719819397
-18.251875706944546
-18.25901142870477
-18.24488241888233
-18.211867381849864
-18.203540197105614
-18.177796137161735
-18.15507565572938
-18.12483282567237
-18.121628837760323
-18.118076485755015
-18.115008264668475
-18.137939926520325
-18.11845433810295
-18.11011140060673
-18.142474826438526
-18.156724671329005
-18.158498654077736
-18.138629465437546
-18.111608291398717
-18.12250503187987
-18.138403531543606
-18.1416132429735
-18.14567595510306
-18.120636738431582
-18.12189949774758
-18.134383837389844
-18.173610046311865
-18.1573591451713
-18.131823534999977
-18.121822577215518
-18.138146945590965
-18.11059302217521
-18.122333018249993
-18.12984171014488
-18.11872633758413
-18.09568717790871
-18.121334891887095
-18.135546498556305
-18.10586482037483
-18.11943764587318
-18.102908733125954
-18.12480791995954
-18.065951697436592
-18.052573665455245
-18.08410954858766
-18.1170359260309
-18.111065866032828
-18.09699512338326
-18.071532721182116
-18.077934584072263
-18.090050363893862
-18.098935746488063
-18.09376698874487
-18.104742023203535
-18.129142683826224
-18.101099831416295
-18.09797069860692
-18.119939085477288
-18.11598735331939
-18.129011300545557
-18.13370997106951
-18.154191557386515
-18.136681927170372
-18.110105917793753
-18.129541175740066
-18.127198883141066
-18.118208781384418
-18.088530961950195
-18.11988985745951
-18.118864332160246
-18.13493051164886
-18.09872124939016
-18.092050567587
-18.09147668530564
-18.08361853903238
-18.098728546594234
-18.099915485494417
-18.143143268613667
-18.165057461244892
-18.13939364957541
-18.110906222531884
-18.10295650309012
-18.100391416880854
-18.124915580094136
-18.1305890355011
-18.122920961945436
-18.098987012174813
-18.105293731968292
-18.07936388683846
-18.099041719966976
-18.099036651055687
-18.1020481282492
-18.078352073380955
-18.10443858658918
-18.101458174493466
-18.082538139332648
-18.095549119673336
-18.10833699197515
-18.133860585032792
-18.116003384123914
-18.131314320206204
-18.104509033009315
-18.096466553999605
-18.08705409938029
-18.07981045454089
-18.11017896452296
-18.10700721990274
-18.10118402718922
-18.109049932021577
-18.07739927106963
-18.09681682619828
-18.081181798983145
-18.086615899905887
-18.111677838439405
-18.10806041372067
-18.124959187699755
-18.110754157928895
-18.13634223466337
-18.183364188480365
-18.205261668772973
-18.161638419965424
-18.142877254078783
-18.158453022404935
-18.12897377546933
-18.130232554414498
-18.151011862141456
-18.143903458795148
-18.14408723615009
-18.116890658335997
-18.120107815923934
-18.12411213228756
-18.09674109043139
-18.113508480722366
-18.1039804904804
-18.11524985689246
-18.09558025427123
-18.10391200807332
-18.11454197500938
-18.089475904689387
-18.08359136360538
-18.076744072206466
-18.09253908399598
-18.10187579916846
-18.099012508001845
-18.110635141428443
-18.087352836584795
-18.13504486317526
-18.146733274428072
-18.112669536580572
-18.12996969974755
-18.10884405935912
-18.10151264179597
-18.08642824510969
-18.12783464941087
-18.117681369061557
-18.120082461072386
-18.149243776243978
-18.14204638307027
-18.193979064750266
-18.172241114601135
-18.157538268180993
-18.119677664488147
-18.125746279882332
-18.153049079101255
-18.164207485149998
-18.178928059213533
-18.17966710534833
-18.14525825471481
-18.13476300942169
-18.098091014018028
-18.103424031184943
-18.118168234495368
-18.122482362420858
-18.13367180566541
-18.119937759836652
-18.09509888192622
-18.101309873214394
-18.10198302962348
-18.120645219698797
-18.094398322617526
-18.107681015315734
-18.100427699158043
-18.11873277520635
-18.074307897571327
-18.0536145374998
-18.063212047731025
-18.099076988860904
-18.090665931254456
-18.093879369610057
-18.111034084172797
-18.105396341922145
-18.076003139348707
-18.07374913385319
-18.06200384896786
-18.08347053719434
-18.084991608607982
-18.056915225494134
-18.05849981760604
-18.055615855207872
-18.002348653364862
-17.99468247125975
-18.038097506644675
-18.0498758215652
-18.045791028184727
-18.028528744376853
-18.008381742498532
-18.019038178595512
-17.999780020213194
-18.001751057882448
-18.01832101132176
-18.04530592477358
-18.057200200686935
-18.040782266535697
-18.054064279849918
-18.047063717244228
-18.044376052124008
-18.029216782832137
-18.011010709217892
-17.99266172303614
-18.019872460541052
-18.029318751462796
-17.996388086372644
-18.024194686402893
-18.049898249064608
-18.036410429855632
-18.019972330116367
-18.04748989492139
-18.069854789590238
-18.072752517275223
-18.06359709435647
-18.056519265064264
-18.02553607750828
-18.01406713251588
-18.01691666777351
-18.01683860192714
-18.02904618785692
-18.027029703417078
-18.055662825723257
-18.041721574439997
-18.03358155787125
-18.070924119166293
-18.06740778216317
-18.070855972567543
-18.080706300618868
-18.108492854345624
-18.10712196422961
-18.077157501161082
-18.107565459062442
-18.110120204365113
-18.140433869057304
-18.127493147903394
-18.106776150791184
-18.100701749793025
-18.076397756866577
-18.13086237112066
-18.145969878644
-18.121230478663175
-18.129709478390417
-18.114816352193813
-18.100692485459007
-18.11085141065027
-18.099019010321342
-18.07363765197713
-18.072606244895695
-18.059258138162487
-18.07110855375814
-18.07017515898706
-18.095744491846204
-18.087746667769395
-18.088247633045427
-18.09443460133342
-18.089469244161226
-18.058307337092295
-18.04852834090248
-18.01630954811564
-18.020474674166422
-17.994960340754663
-17.977263311557397
-17.997013998288423
-17.983282528335245
-17.969968400365644
-18.002745447561928
-18.007970165447453
-18.00208182559985
-18.01177920495544
-18.017048497362488
-18.0431161700825
-18.03652452813582
-18.052416644904298
-18.068711508594546
-18.06914045060173
-18.065485198040342
-18.044521349438728
-18.034140529209807
-18.03497235458774
-18.020728289792117
-18.05589417797754
-18.04204607713988
-18.055012365420435
-18.038176394606847
-18.035175501997564
-18.06337755637396
-18.09649833179228
-18.05917612221277
-18.067580206163527
-18.05498781888056
-18.064321922073244
-18.066216219938553
-18.039006696950704
-18.053751652995945
-18.027588988268853
-18.023982159648245
-18.011506734082253
-17.986900974575992
-17.952799009330363
-17.951273066756393
-17.94454296152183
-17.969578132652927
-18.005732191284544
-18.03093376624401
-18.042221337322168
-18.020918184220893
-18.003731369310014
-18.007699090389572
-18.010399903974534
-17.99306558458007
-17.99228720839142
-17.984923850152985
-17.992582364013977
-18.014900427473222
-17.989919588941905
-17.993981580759254
-18.02193055886441
-18.0320760319737
-18.03498586379976
-18.05014417429658
-18.029621484687574
-18.058060522625922
-18.051253746060254
-18.04402431137138
-18.06016431969432
-17.993542322584833
-18.007101259450533
-18.0085161073031
-18.024649200931524
-18.05202025791138
-18.06357012171643
-18.060685948507977
-18.03991615819807
-18.0153787568899
-18.00441134440784
-18.006754341568005
-18.02381646967396
-18.022730901587803
-18.009973108520803
-18.020776615746406
-18.054091034562877
-18.039186749717206
-18.035977151263285
-18.035482288239255
-17.999469873689364
-18.006620430302128
-17.98169357206501
-17.995153995220882
-17.977782062303653
-17.991518996625306
-17.985379116000356
-18.008027579217263
-18.02982344788403
-18.05101529845474
-18.037993878046688
-18.06372066224181
-18.073896667536896
-18.02477836594995
-18.044784646746784
-18.063561393439098
-18.112737771565993
-18.10757713286072
-18.106478807332
-18.116160766057714
-18.126664772116193
-18.12911979082133
-18.117759077716304
-18.134056701899386
-18.129519084009
-18.18427320556822
-18.174599970784108
-18.17192642571298
-18.162946344156655
-18.14912493367548
-18.145962749646785
-18.122318546809844
-18.148997625657383
-18.11202840946568
-18.126927398904094
-18.138547356389438
-18.197546693533955
-18.19566198041204
-18.18156429959267
-18.186668819832136
-18.176488121849786
-18.196875043536757
-18.20808090717644
-18.21151502831562
-18.21382329484706
-18.180607037206947
-18.149445803507806
-18.136928521180916
-18.154450753657567
-18.20201366280373
-18.188910078502403
-18.218873712743566
-18.202372063301606
-18.194640251060772
-18.20834601316675
-18.217646058998678
-18.235372746902314
-18.220377943223813
-18.21406491197029
-18.245090940031837
-18.243745500625906
-18.242726599401202
-18.239354452023928
-18.212577824105043
-18.201784582819474
-18.196465907785022
-18.22196245099161
-18.191019032715467
-18.19438793501911
-18.1696401374059
-18.194386195571056
-18.165867963550973
-18.17977801172567
-18.2078809873486
-18.227378776207335
-18.22922146582913
