-18.438153632988598
-18.37048219314037
-18.321487122308593
-18.270372855612926
-18.334601132863035
-18.288567871200474
-18.36418258838997
-18.271310883718026
-18.236992055522585
-18.23603709395657
-18.260151141794275
-18.237219185927188
-18.170497699626686
-18.201630200894797
-18.1820042111174
-18.170117366870716
-18.25564337740034
-18.23034378396502
-18.225576366670136
-18.227070585015326
-18.300742287919125
-18.29630257786179
-18.25132631561481
-18.237793110686727
-18.231614016275028
-18.189549075532607
-18.169139589282377
-18.227286173672933
-18.247167729202076
-18.292229287521597
-18.277665765183983
-18.193213815132616
-18.26065505818693
-18.222867611755124
-18.207494533314758
-18.205590614996343
-18.237710440756093
-18.21393786378814
-18.213534038410007
-18.195963029497246
-18.235801178489083
-18.231016544199047
-18.225005053186077
-18.24114955872273
-18.269403277766635
-18.243287811813165
-18.234331597133153
-18.244869546278082
-18.178028193693613
-18.22267177454057
-18.221179272107648
-18.216079010412404
-18.207701379120206
-18.20290482484486
-18.216161013127596
-18.22718077747091
-18.214488044937195
-18.223978338945223
-18.197362686114687
-18.194232207312865
-18.215522797399345
-18.186574910599166
-18.239495659496853
-18.237214998813048
-18.243287985928895
-18.28553072697086
-18.251240653365194
-18.224465045941255
-18.230957389821608
-18.241966376213192
-18.22044231455506
-18.245796133508552
-18.214665679568544
-18.25094210211234
-18.25654646097541
-18.242471811478072
-18.230024620818178
-18.233256909574422
-18.201754551730435
-18.207431159470403
-18.232155834715964
-18.213340975104725
-18.17790941930597
-18.212987601977538
-18.16902871841942
-18.21356390430545
-18.21924003950224
-18.208076160345986
-18.20218983145333
-18.151184985074604
-18.189315714319726
-18.20510523241887
-18.200152361391666
-18.243502412936326
-18.219093003773164
-18.20395573860483
-18.251263823698697
-18.22549010539458
-18.238223793319502
-18.224494245294938
-18.25975883003692
