44.0
43.65166021059531
43.27524657593227
42.852534903613616
42.410123621975345
41.933433552392366
41.43201690717773
40.87871256948827
40.318382075876485
39.70123871107149
39.06068042864205
38.34005442415069
37.5674979677116
36.78454470841862
35.933859413283486
35.01230941345524
34.04315257984815
33.11679146124862
32.096826193953476
30.99512987588423
29.88301073186834
28.749015625072897
27.61414041035319
26.370351386006774
25.160036641891654
23.983044619903698
22.767734666713586
21.526625890541887
20.29192461627887
19.066587615288448
17.778046129084874
16.51343241576043
15.208866524048112
13.970798117162554
12.768371001148912
11.592829881646768
10.459504807713653
9.347383940145889
8.221344594711804
7.211025244746535
6.15679843982812
5.153838050032381
4.196906373779962
3.2398467556860178
2.3701728054077362
1.5018411853197982
0.6875089082154356
-0.05636997345310527
-0.8206304091205848
-1.526214271121127
-2.2486262134359514
-2.913062659670017
-3.504625499355741
-4.117629920041579
-4.673177238172735
-5.199272292917571
-5.723627597369354
-6.1878666130144975
-6.62022491662747
-7.089035702841189
-7.500246038929706
-7.916010258743259
-8.290267024321214
-8.653359520624193
-9.0153104552628
-9.338952999373646
-9.67132015689155
-9.997056888782739
-10.25162523216535
-10.471770705809414
-10.734461322268533
-10.968293505098075
-11.208334455632023
-11.440678306298198
-11.647892887791812
-11.804881122682595
-11.983949593849447
-12.129357178265282
-12.300345021394332
-12.436127917934428
-12.604631930739139
-12.751720369869087
-12.858654193904224
-13.008612861697456
-13.121770893027252
-13.246247353450356
-13.356972760663865
-13.447904462402125
-13.582152178246776
-13.659665792799077
-13.747766932527773
-13.838267231583943
-13.899620391704048
-13.961283098558091
-14.04501992857825
-14.119564878500256
-14.174049299966496
-14.23214708938762
-14.291704030152788
-14.365866477771617
-14.413446309595699
-14.478230135277801
-14.544579229624505
-14.585786446567502
-14.654970688566683
-14.70397406594245
-14.73732069066734
-14.790720701933731
-14.816136139169883
-14.86592872068912
-14.925524419298588
-14.961558952798846
-15.002100700767391
-15.071657871189831
-15.08882724094585
-15.127776186895904
-15.167643728389745
-15.218722817207047
-15.24560091418001
-15.262961048682623
-15.287118977194563
-15.298725024837914
-15.328688967895696
-15.350330978024974
-15.380309717929144
-15.425000202103694
-15.445268579663507
-15.477208962594988
-15.497169621933164
-15.527027203230986
-15.54563116746981
-15.551604871547298
-15.581139119916168
-15.610623439748823
-15.633292426023083
-15.680592985386205
-15.689690142579988
-15.709338833802414
-15.72113842546218
-15.747847238554446
-15.77416303416682
-15.804234445670316
-15.831557839360693
-15.838515923381644
-15.857779219404282
-15.89368121290239
-15.930631830187846
-15.949794793412444
-15.98711410758356
-16.029787373367885
-16.030067368674747
-16.043526051645628
-16.04103998095151
-16.051124020254516
-16.05444993585382
-16.068806356583945
-16.08925931315266
-16.086014080575943
-16.113965521258383
-16.113713941164356
-16.13052539417241
-16.128721231252054
-16.133412605845415
-16.146763831742522
-16.176890215611923
-16.20058788677455
-16.213829129760533
-16.236639887691428
-16.253793223220896
-16.263164292072783
-16.27445904306109
-16.276001427882626
-16.289170201753713
-16.28089203502642
-16.279483121008305
-16.311354172396904
-16.307188428112934
-16.303147053786265
-16.297849644691254
-16.306715782798502
-16.316628986663215
-16.32766119740887
-16.335418645111353
-16.34785079902368
-16.36016044992347
-16.369818659569734
-16.376056620992745
-16.39441067773812
-16.400063807841033
-16.394619283016457
-16.408691246177643
-16.414148317418185
-16.427907525901862
-16.444644361578824
-16.440259563215115
-16.4491234297742
-16.45682853621651
-16.439915104914707
-16.445423577359595
-16.456403744978626
-16.476705242213704
-16.49054910817787
-16.488476181193867
-16.493105755312733
-16.47687253667083
-16.461866758437118
-16.466805569027564
-16.46648498207486
-16.450202681218595
-16.47104585015885
-16.48171340432678
-16.49685484968536
-16.515115249828273
-16.503974851335755
-16.528135775316006
-16.5225086408628
-16.531828693207405
-16.521880883888272
-16.531519577086808
-16.53422752690277
-16.523853344139223
-16.534596500474823
-16.527639294898506
-16.528277515732114
-16.540134581322175
-16.53717490591178
-16.537850299110136
-16.55332042862587
-16.535723903736987
-16.538289759948533
-16.544781779766396
-16.53112221625999
-16.535669897655744
-16.55605883433703
-16.564013401214538
-16.58470938291586
-16.578573569972487
-16.575894234852743
-16.568376448823766
-16.565463637851973
-16.562014393372614
-16.56250509043507
-16.55942619179558
-16.569161695228374
-16.59569505330143
-16.608062782098283
-16.62187070147653
-16.600764109910266
-16.601743322237223
-16.63126941309642
-16.64223505015838
-16.642910105819258
-16.65805862333541
-16.658635255006782
-16.648441179687673
-16.66295042187177
-16.643749543760144
-16.655085156638457
-16.65356535501408
-16.635147703408492
-16.664664854221215
-16.664194178538462
-16.672040186065452
-16.668071585797765
-16.680443909484058
-16.683338755604584
-16.69815907447803
-16.6988519713274
-16.690348493149706
-16.70127772135523
-16.708576340309303
-16.72437644026544
-16.742843312631894
-16.732135280076772
-16.748167460565018
-16.7456378156307
-16.748510128714283
-16.7679327699479
-16.760703333097837
-16.777792608513014
-16.77454022645474
-16.775874686569722
-16.787108650373337
-16.779858233977095
-16.78262301819435
-16.791269686565638
-16.783777325090302
-16.79975877695482
-16.78178045919966
-16.763614820141285
-16.750386906739433
-16.789324518305065
-16.794654151352958
-16.792740355723417
-16.78081754753823
-16.781942473095103
-16.785441369590952
-16.774250716822205
-16.76644217758914
-16.766778516374227
-16.7655243955982
-16.785354969345345
-16.78241552120418
-16.79820879435253
-16.810025328694795
-16.793920017302046
-16.792678433373297
-16.80201076220782
-16.8102924635868
-16.795100535545625
-16.810984938113403
-16.801172836385348
-16.798783556532854
-16.810762411460168
-16.81674312902357
-16.85142731334018
-16.8275857161005
-16.823554837128473
-16.83098823425496
-16.834675775596775
-16.825338532750994
-16.83922433834574
-16.8438257174937
-16.852522131470142
-16.863057372900347
-16.858276073982584
-16.877166936915245
-16.88776830345504
-16.89324621902863
-16.880885049685034
-16.87315391038781
-16.86488135949087
-16.854539067023136
-16.854054344894767
-16.85023199398087
-16.85455018069646
-16.861107193589806
-16.852022912901756
-16.838229656698935
-16.84211978352805
-16.848056290964674
-16.855023005272905
-16.857955911863385
-16.844803865587505
-16.83510162972664
-16.833208014776325
-16.84145759890656
-16.84840899039417
-16.860274256240096
-16.864111598978624
-16.852572140696438
-16.86241437196387
-16.87076593993227
-16.865680459708862
-16.86777389472682
-16.869505736039432
-16.858948077786593
-16.87323175641277
-16.871838461141905
-16.882022741753705
-16.90198099564568
-16.90746672812631
-16.883215552255113
-16.863157311934547
-16.867937925634692
-16.851751689236114
-16.85978409692124
-16.852939762683256
-16.888411575680326
-16.898608347879644
-16.901198071870734
-16.90329512179645
-16.926882030250656
-16.934684886033345
-16.932545153566227
-16.931215856418294
-16.93654879595052
-16.931823029988657
-16.92124388950027
-16.91818226465927
-16.90041779808819
-16.916891491992036
-16.926040021776448
-16.925766903128576
-16.922647788534963
-16.91426350898658
-16.90465296646277
-16.921972944591584
-16.91908406238608
-16.93127570773552
-16.915402733932417
-16.919899503105654
-16.918224659725333
-16.91383717932887
-16.91761146930101
-16.918124720057556
-16.904172530548273
-16.89907630735557
-16.90959666821309
-16.91276901875383
-16.890435541182445
-16.901882311461293
-16.919182853204802
-16.93538531522722
-16.94152010409569
-16.92227449459544
-16.9187222230945
-16.915448245934947
-16.89409086937033
-16.9114415777034
-16.912982303157673
-16.920822544386226
-16.92086976704448
-16.91438719787839
-16.89674097225283
-16.900430701806595
-16.90023262948041
-16.912143779176585
-16.8978539830429
-16.89220335990685
-16.894914441924108
-16.88437269170293
-16.892165637162712
-16.923029410069482
-16.92548827617775
-16.926564146579235
-16.929072817628175
-16.939853910865445
-16.92981425196802
-16.94655335912901
-16.932446417218127
-16.919762966662365
-16.9159753367087
-16.92083013527834
-16.92881869405828
-16.913661588734133
-16.90521656040118
-16.890791557123883
-16.9117871034606
-16.899838001741482
-16.907045344864624
-16.91604942089718
-16.909477949021404
-16.913622791041927
-16.90539443796053
-16.908297706591608
-16.92092468981223
-16.925242307964595
-16.917813788494
-16.929369708013137
-16.928480773654364
-16.92552129402915
-16.93200633418769
-16.93127537698388
-16.93249858935869
-16.932394657268727
-16.93833967577322
-16.94512263056362
-16.956322145396705
-16.94948014712651
-16.954229484814253
-16.975582316577533
-16.987426843644666
-16.97845449676739
-16.97162998067747
-16.97516991601747
-16.984994800991302
-16.994564936108247
-16.99660519590676
-16.989657508156814
-17.00526995803866
-17.014320140736864
-17.01569276474306
-17.029153238647122
-17.024966165457368
-17.058743394566683
-17.06244520538664
-17.057607328175834
-17.067690659426198
-17.06647916727264
-17.08140039680111
-17.084167714185554
-17.06654665840409
-17.066630081607848
-17.076082971860643
-17.08853783905562
-17.07032775541728
-17.066421305423475
-17.058789561425634
-17.0537954561703
-17.05042429115802
-17.067731530631992
-17.061672966580595
-17.048276468357145
-17.04561591160465
-17.06305615499054
-17.04939079719765
-17.04658728616621
-17.067754134624867
-17.070008317241303
-17.080709095870684
-17.091027760281445
-17.090880210675774
-17.07389477533076
-17.073551505981087
-17.088057440846242
-17.091345224142533
-17.097805373532733
-17.104236220609533
-17.091262276881658
-17.082599654310044
-17.069686484035508
-17.09970451089275
-17.08581809483213
-17.076877618683916
-17.067690464333346
-17.08140617815955
-17.096141854626516
-17.09775496751647
-17.088158346413174
-17.106784804418226
-17.133291332482226
-17.114559623885874
-17.105843391702066
-17.122790034005646
-17.117305478873718
-17.104827483515017
-17.101188809291536
-17.097491057246405
-17.10169129940493
-17.098285743343595
-17.10143790178971
-17.103453529562415
-17.091760324063006
-17.097953151770618
-17.089341905591365
-17.10249606766193
-17.092092242716376
-17.090971355870213
-17.084657009153915
-17.091536369120384
-17.102709593677353
-17.103077533324296
-17.114891584526422
-17.120268226385818
-17.130898599058316
-17.12550304686926
-17.13962598365257
-17.141182264996736
-17.143854031084214
-17.1286918037585
-17.135412780379298
-17.11584731931269
-17.098636377222643
-17.096189763110512
-17.116571209164352
-17.119348508565672
-17.127428752506905
-17.13730234013234
-17.126422170676346
-17.132602569673175
-17.152693687288927
-17.139435377704203
-17.17474593136606
-17.15847652988667
-17.163893011248685
-17.17546799075713
-17.175623487199893
-17.180559567036656
-17.18212887932795
-17.17227477593811
-17.155653171599486
-17.168660728784797
-17.174083785997503
-17.189840938093113
-17.201271709262706
-17.17885221718984
-17.15618135620665
-17.153934670200936
-17.14560851783275
-17.142520961714
-17.129951464636793
-17.13271010995619
-17.131896532027813
-17.123194955649392
-17.125052780385854
-17.128230578270287
-17.13764238418983
-17.133965768401843
-17.12386739038037
-17.131321405783662
-17.124091268062276
-17.131493388130334
-17.131530325220357
-17.150953102401918
-17.146722642675247
-17.141834605332694
-17.130619635390396
-17.109427350017416
-17.10594248850457
-17.11177065802913
-17.12029437623705
-17.106483308825307
-17.10092754675506
-17.108397764428673
-17.113034350638298
-17.104029369124436
-17.076489642122002
-17.06360508791829
-17.051493305944387
-17.03867330784368
-17.062715835211456
-17.0760337128948
-17.071232985316914
-17.08657488532777
-17.073136696484976
-17.079518370580676
-17.07093004218301
-17.082161927420366
-17.078744335779895
-17.072762602805867
-17.048671867788833
-17.066491655645724
-17.090303915702368
-17.088300699050375
-17.100862606867917
-17.10499193885764
-17.106966525223605
-17.115507229281626
-17.122208622446877
-17.123656615388352
-17.140868637105296
-17.139605323320787
-17.14199513698081
-17.12956892815099
-17.14078112265904
-17.16978002889349
-17.173758493747155
-17.168694498601415
-17.155739258330165
-17.14785464766711
-17.163961002017363
-17.172658559168166
-17.188044403366824
-17.18956641648652
-17.183918681480314
-17.182957922346613
-17.198027251189462
-17.20426947767994
-17.221962117973938
-17.21577324417284
-17.199778991035853
-17.20071959871137
-17.199816296142014
-17.202565429987686
-17.200751929002955
-17.186851472133398
-17.179653825323047
-17.189347545506987
-17.200910015428125
-17.195455029050084
-17.193844194641215
-17.19357054136459
-17.1947793479066
-17.182744577032516
-17.202861563765932
-17.18770631375792
-17.16809878366231
-17.19866831516614
-17.194612553660107
-17.18454893488012
-17.185411374448837
-17.185347624274026
-17.190678510554392
-17.175411489622316
-17.16947078979646
-17.170739839520795
-17.2109585894491
-17.20056048112707
-17.214992133381344
-17.19931290067391
-17.211003173180288
-17.194246812122884
-17.21763984688046
-17.245294239102545
-17.228037845209638
-17.22932149423097
-17.224327894432548
-17.232328512835927
-17.223494280009376
-17.21921154583344
-17.231018027421356
-17.215614408139935
-17.223998066846512
-17.23047772111551
-17.236443497107423
-17.229643875562605
-17.24936978295184
-17.248187984012358
-17.242533862060025
-17.260173758224504
-17.24883337386563
-17.2692107408577
-17.269431535571346
-17.276522956484836
-17.280085340607695
-17.281419757010074
-17.271149698093495
-17.282068923407856
-17.27852080164349
-17.266815722405898
-17.25554458949513
-17.259503648197672
-17.2571936321163
-17.249801989813363
-17.2513484740179
-17.267649442737238
-17.264635298942306
-17.26114413007501
-17.260862532748288
-17.244567694131558
-17.258516806330285
-17.25565181000702
-17.283765171732018
-17.279183935212163
-17.277870754528383
-17.26988557079443
-17.264360765309522
-17.27313082537404
-17.279976958102186
-17.268752470813162
-17.248959052695607
-17.245340303775933
-17.240491686678745
-17.240695695925055
-17.248724648175532
-17.242331590625366
-17.23712356550199
-17.239673150064895
-17.246228080102313
-17.242044470627775
-17.227429297968662
-17.216752487862315
-17.225575745463836
-17.218673955717534
-17.203894940522627
-17.216300024275522
-17.2048128464149
-17.194747253379823
-17.20035142162524
-17.183609905737498
-17.19991129697315
-17.19745083235488
-17.187810055884192
-17.20495683033104
-17.182543499923014
-17.194618478697517
-17.18817090778062
-17.215539800532177
-17.21532009600197
-17.207521403162563
-17.193965740695905
-17.183827380423896
-17.188885777452338
-17.19454351423151
-17.18355652441596
-17.181597672465855
-17.197738718900197
-17.205265313652884
-17.215977987787884
-17.21490070339245
-17.20700770841922
-17.22343362003708
-17.217125132426045
-17.240256089809304
-17.24341233511243
-17.245252178916385
-17.243393761886782
-17.2427307580367
-17.22897775348671
-17.23566733047277
-17.23460006263883
-17.235557310249646
-17.232471506661124
-17.250474034738655
-17.224848321901213
-17.21704153844142
-17.207413727272193
-17.20669945102236
-17.21688783537594
-17.208462317231966
-17.206206242738606
-17.201519815415732
-17.190279657590068
-17.185421105415443
-17.173998663161505
-17.216162120563084
-17.22404810321864
-17.23253326715748
-17.23084937097544
-17.207728561129365
-17.215003992383622
-17.199684743763722
-17.20051995454338
-17.20067903464025
-17.212399996864356
-17.22169402103476
-17.221663031059794
-17.2278503383058
-17.22150919729607
-17.216538256424734
-17.215373877932894
-17.231386175821775
-17.258753870064165
-17.27036667342714
-17.2747309234428
-17.262209148080785
-17.258362993373357
-17.255406658420135
-17.25584121111967
-17.25645976052173
-17.260579910015316
-17.24083784083272
-17.25313651399244
-17.238820112099475
-17.233162375532466
-17.226753213745848
-17.234067207864687
-17.21840340595776
-17.218159581556094
-17.216238634099973
-17.20898427695009
-17.221723045198676
-17.221071244505325
-17.237393184716677
-17.246521090894863
-17.25837224199246
-17.232600881331404
-17.22997185098203
-17.23490513037305
-17.225348284297795
-17.229210488776285
-17.240207243628372
-17.251943835095712
-17.24159352383043
-17.235913222190714
-17.253486620007983
-17.236819046018827
-17.24390948958445
-17.240858301818825
-17.22658281567109
-17.23629239341412
-17.234948056551417
-17.234255220571217
-17.21770448938855
-17.22946549383324
-17.225259689098575
-17.24430951245003
-17.25711173934859
-17.263164485268682
-17.267396770586085
-17.244180185315656
-17.2466835450533
-17.223554672412607
-17.22026000981398
-17.21266948315659
-17.214408477675697
-17.208434334580126
-17.203224915179696
-17.193247045503256
-17.2112925298569
-17.224574715111928
-17.218402839520483
-17.21645219843886
-17.199728294084505
-17.185834638235765
-17.206007684050554
-17.206865688222866
-17.22666247800616
-17.229848658919792
-17.214269304090966
-17.21982862146714
-17.225645847213734
-17.240269211073972
-17.231748825702898
-17.23001072560847
-17.24007587624449
-17.24042572648262
-17.24233529762098
-17.242277330427775
-17.2381769505028
-17.2222590645087
-17.201312872965136
-17.198389336980913
-17.200109805942187
-17.202642867333253
-17.188651283852654
-17.191612541196566
-17.1861889324053
-17.20372939442627
-17.205906347511608
-17.22607098560422
-17.21909285845016
-17.22656822113632
-17.230105425888667
-17.213830837924426
-17.22173979610707
-17.21692022852025
-17.20056623590196
-17.207142163137096
-17.209651894121947
-17.21234144933346
-17.21347662983033
-17.22131826279831
-17.214496370835167
-17.221084896022443
-17.215878940666776
-17.217663378933437
-17.20317202737058
-17.204035598703523
-17.19861164584736
-17.200409556229538
-17.22491580523856
-17.23075098256521
-17.228362706422335
-17.222328604416337
-17.23561209711744
-17.2399499747371
-17.24930378810419
-17.250676117913958
-17.226493244810186
-17.236495397894803
-17.25294617247294
-17.26825684831226
-17.29005122555902
-17.290481751320982
-17.28308985985805
-17.28953463209386
-17.290661813336385
-17.294668380396537
-17.285095843464266
-17.27934688931631
-17.264669221201583
-17.26309868585596
-17.248356858424547
-17.248525278182246
-17.25931830887351
-17.248277373286882
-17.254452982319993
-17.253709010847803
-17.264189421247508
-17.25450620980618
-17.24157523426234
-17.24312887767152
-17.242144587119363
-17.263045129646326
-17.267535683962638
-17.25291302642374
-17.25489348739328
-17.250590492838732
-17.26838626079112
-17.273011172268586
-17.287518550246485
-17.281355099620132
-17.306949895513448
-17.293192091386697
-17.316560866173976
-17.33250770201851
-17.322018874036413
-17.31918360052813
-17.33700805338723
-17.342613563443834
-17.34936541626854
-17.34961579138041
-17.353847272480518
-17.359918310244403
-17.326421970596382
-17.32641296574744
-17.30442259546882
-17.315910640817524
-17.310274025225105
-17.318221805786532
-17.32557153365573
-17.28616319109688
-17.285706067482607
-17.283016562574335
-17.290215175760544
-17.29821735310645
-17.31449940704548
-17.315826873227298
-17.32082932978215
-17.326890465926486
-17.32633978003669
-17.32842402915332
-17.349886004039778
-17.351434559100877
-17.34312518571978
-17.350930915072727
-17.342439568800142
-17.339364713160563
-17.34457589089332
-17.32205577027736
-17.313899192819793
-17.312257750016336
-17.32137076388199
-17.313857799675045
-17.332264310684156
-17.32721683778379
-17.313120828446994
-17.282926526661516
-17.26115077813579
-17.25927050162614
-17.247276611554046
-17.27160066174416
-17.26738297772281
-17.266748703976244
-17.271500408313475
-17.273684379502342
-17.28151413609311
-17.295626657326228
-17.299169131114894
-17.30594034763844
-17.305852501777476
-17.30023738936443
-17.300613549591215
-17.31163233911817
-17.298610139174215
-17.297885477595315
-17.313866900609856
-17.326456990984028
-17.319371025612515
-17.31435613777356
-17.31103963167158
-17.30101170556373
-17.30161593250145
-17.305148823046096
-17.29765421346679
-17.31606310538593
-17.30017595955976
-17.298116087711108
-17.30009524222533
-17.29433023608889
-17.27989553952708
-17.265578831641825
-17.26721502134651
-17.267203430890024
-17.25333025732935
-17.248705561497978
-17.23066917111394
-17.240543114774383
-17.24292696341891
-17.26506522287693
-17.285260666727435
-17.282516389107133
-17.26952619382955
-17.25804759341598
-17.28400079338671
-17.278242417311656
-17.271203139582987
-17.280288901767005
-17.307582597605844
-17.29527055429653
-17.29598489083863
-17.303134166161893
-17.299829076928503
-17.302829897762468
-17.29346458714211
-17.3063316810706
-17.29244780285172
-17.302494329715465
-17.30305724521484
-17.29579740980924
-17.295639034178215
-17.301784840311974
-17.306940090258074
-17.300026560707533
-17.3129357559458
-17.305896003697974
-17.31892107176746
-17.32403716092039
-17.31195639266202
-17.334233048629546
-17.314285655463273
-17.325584094502755
-17.33142826949733
-17.34323570259434
-17.35348064248105
-17.356303170570897
-17.388656890172015
-17.38355311953469
-17.370649754972337
-17.372221139387644
-17.367809879944687
-17.35158688249586
-17.358452092914682
-17.345710907760825
-17.33626423191225
-17.330455404404535
-17.330764456861193
-17.309218677852957
-17.290693816443774
-17.291050912241396
-17.29520212449223
-17.27069186705236
-17.277002284637486
-17.271907727656092
-17.276278636811497
-17.290661887066623
-17.283896860841985
-17.29955904429175
-17.28153539404938
-17.29270177953777
-17.292131307907567
-17.293504194251675
-17.292955705626706
-17.29969949277674
-17.304699289214177
-17.3048670104697
-17.313948517939476
-17.3194451347567
-17.319156257787217
-17.32001666778624
-17.32656230657874
-17.324346698260605
-17.335229543256816
-17.3406287686263
-17.374233493677167
-17.3724450932922
-17.369879392789777
-17.35972564563831
-17.357382598908057
-17.348575189212244
-17.33000537577441
-17.344316397804704
-17.332106129499696
-17.33675273384419
-17.33921567498334
-17.35485168057771
-17.35976378655067
-17.34624843516114
-17.347909257916882
-17.336316027877753
-17.33394132826195
-17.346932864466307
-17.343982022720763
-17.354041229620986
-17.34101925003522
-17.328017179598184
-17.332373763256243
-17.31829756114905
-17.32017347309613
-17.310379886678486
-17.310678678575304
-17.316070673881253
-17.322621914176484
-17.315197206619587
-17.318627522494033
-17.332136190519538
-17.30037236768648
-17.317981721926927
-17.311201231735588
-17.32522795982228
-17.323830476496237
-17.326789684831905
-17.33571110427657
-17.348473788030155
-17.32548478190575
-17.337864135012442
-17.334016076612986
-17.340540720269868
-17.343722764737546
-17.35283617847294
-17.365216553110272
-17.373769744273147
-17.357397158300657
-17.35963889816221
-17.346500600610323
-17.360301385717044
-17.352920827132685
-17.35190494775393
-17.35241120309608
-17.371334393677568
-17.38920076400675
-17.390056916377123
-17.38111090353678
-17.375510349194176
-17.389872289294555
-17.39342579799473
-17.382321077456115
-17.390072186419523
-17.382447304849524
-17.38107919659169
-17.38858806288945
-17.37640365231174
-17.351838139448613
-17.371689385210555
-17.366633400549293
-17.366293001523395
-17.37978820106547
-17.374363627105538
-17.389110288698152
-17.408842151093047
-17.402288984990555
-17.377062054811372
-17.371463242275436
-17.36522981294611
-17.368500907107805
-17.358235839043616
-17.36903000751767
-17.369947117624587
-17.366574986339412
-17.359504900195635
-17.32308716623722
-17.321690772120245
-17.315875833200813
-17.319974984581414
-17.335951300391702
-17.34323631493999
-17.340077848077904
-17.338290320545383
-17.355221821801333
-17.349997441484348
-17.337357509590305
-17.359465592590205
-17.347257185024958
-17.336877585836433
-17.316503584075463
-17.343083738122054
-17.359513036736214
-17.364759701911876
-17.366103732131446
-17.364715260582713
-17.378800112193144
-17.37660906110485
-17.36855706489338
-17.38147899676922
-17.38374899912776
-17.381020212957704
-17.382716697336758
-17.400695047786602
-17.40424583949645
-17.393019214185774
-17.413541162864377
-17.386484347252726
-17.383069905076077
-17.396526135859094
-17.41544007755007
-17.42181307725058
-17.43861135393786
-17.443785536695245
-17.447719995568242
-17.43140123453028
-17.445390326103823
-17.45445950337377
-17.47148625075781
-17.46688427058635
-17.468185774532024
-17.47513060680546
-17.466465693320888
-17.48172876972855
-17.473196112524306
-17.476254289496286
-17.479675410645275
-17.44816687596504
-17.44878635322823
-17.420002176920818
-17.409244645089608
-17.424944263434273
-17.42097108319757
-17.428256105110364
-17.43550804161996
-17.458641800376725
-17.446700017237788
-17.459200037843672
-17.470214528749178
-17.464323251864574
-17.479316460548457
-17.488485632096268
-17.492221062905674
-17.50470114853458
-17.504672345950407
-17.50797799733838
-17.483048311471403
-17.478726262700405
-17.488864340828872
-17.46963865772983
-17.47389855719172
-17.477966668519397
-17.480007908982333
-17.489861869052458
-17.472121223412003
-17.468246106333208
-17.458940515959842
-17.452142268999545
-17.434565886096497
-17.452869907818027
-17.447824851684416
-17.432529689368117
-17.437118594806062
-17.433581509295234
-17.42521374810433
-17.419784073373222
-17.45572874360773
-17.468209089025734
-17.456529581169523
-17.492488948309695
-17.50375706053215
-17.49831212572351
-17.47916888187768
-17.47839141058547
-17.48755224508324
-17.491836149315713
-17.491148429231178
-17.496931096189222
-17.49027064287285
-17.48386394948061
-17.471118744132376
-17.470737412021773
-17.47369436743332
-17.470509960842435
-17.489804324041792
-17.476492428073048
-17.478494456888637
-17.487430171429892
-17.471248111341335
-17.47106042415011
-17.467575804259248
-17.480651121615374
-17.484828835811015
-17.493373217402098
-17.514527321756656
-17.53433388874974
-17.534010155824514
-17.522556459243095
-17.52425412665411
-17.525706239367224
-17.513390108277388
-17.515642547037135
-17.543987536497205
-17.546873421638484
-17.564937481078925
-17.573965013348023
-17.580036944808104
-17.579779208084407
-17.592501947635984
-17.576974975297986
-17.56061613797763
-17.54664835089272
-17.561357802031235
-17.57056829583192
-17.556116456186537
-17.571135594659342
-17.55480474171178
-17.54854125190729
-17.534876723533095
-17.542567926082146
-17.54193638229506
-17.51985001438428
-17.516151456122323
-17.519162652373563
-17.50982980993697
-17.53048824312081
-17.533973434935522
-17.534343032946676
-17.50477641557197
-17.49410717455031
-17.497594605626794
-17.487793939375077
-17.478684550035936
-17.4747613361592
-17.483861736540753
-17.470649275094868
-17.46864489879585
-17.480460038169127
-17.49363930878012
-17.50001967060161
-17.503740866812496
-17.489866741788695
-17.5066415790654
-17.497663168198425
-17.494206148750006
-17.49854019289492
-17.479775948359844
-17.486350219472346
-17.48728460935653
-17.4831689171659
-17.50571018808141
-17.512859445913243
-17.52304264909831
-17.516757440228343
-17.51270350120097
-17.512861726632575
-17.51909923894275
-17.51275561121262
-17.532711775725268
-17.542257086670002
-17.53720837510541
-17.543676835868816
-17.511465246514113
-17.50134752008456
-17.50202471613349
-17.52394222648017
-17.51991973226396
-17.54564178163992
-17.542045261279092
-17.545040938862815
-17.549581993700286
-17.54624070513368
-17.54587087378964
-17.563905346615996
-17.583432817295233
-17.5527977149015
-17.55313493384573
-17.535966466698184
-17.541528903560742
-17.537705544877866
-17.515648975838978
-17.51001341342327
-17.508738269382977
-17.50257577739991
-17.49858339588822
-17.47775534799336
-17.481363911630446
-17.486301698782892
-17.50355838622084
-17.501604577753316
-17.524660006755404
-17.537423296106386
-17.542376706628353
-17.54599946639908
-17.5466023508167
-17.537493955635885
-17.534406059487008
-17.54491287615003
-17.548130727741952
-17.54769013112675
-17.540925780306104
-17.537635564115647
-17.524753955229166
-17.51651625169246
-17.511648877478933
-17.517483071459516
-17.531872822260247
-17.51887492280448
-17.521680966636467
-17.533379050568204
-17.528213878196627
-17.52229984392776
-17.533470236276113
-17.529485485636346
-17.537284586146757
-17.547816320683538
-17.53546102978548
-17.538772377243937
-17.526192478336583
-17.53408391278033
-17.525008068271973
-17.53022939323008
-17.51757737228143
-17.54143628055994
-17.537008850312517
-17.54792423720501
-17.547931545142088
-17.522318976733477
-17.518266829321856
-17.51274357195748
-17.51227889685851
-17.499599206478305
-17.47377962843761
-17.50137559868745
-17.499259614207794
-17.50619991095204
-17.493623160098775
-17.500551045511813
-17.496823120704118
-17.50140515611334
-17.497107988729073
-17.519484451983704
-17.5122817443829
-17.495234542336494
-17.495264907117914
-17.497432672425905
-17.499469887237886
-17.48953850028962
-17.50166024012652
-17.51393825891583
-17.508035448241774
-17.486776179149754
-17.465606986463406
-17.46522519283479
-17.468597333725825
-17.474026374187552
-17.457672608595946
-17.452848326311784
-17.446226917496624
-17.4611904520209
-17.46809757383714
-17.477886537902485
-17.47197240131642
-17.47523800558315
-17.46974455623756
-17.4531377780005
-17.465338299646607
-17.460287164106816
-17.477580747790547
-17.471363892759864
-17.48793636371958
-17.49974313310741
-17.528187897190783
-17.533487467829726
-17.524025675105342
-17.53811926960514
-17.528968161858476
-17.547401815380255
-17.546994195516564
-17.536574524437736
-17.53888316448833
-17.55441806660166
-17.53885398709024
-17.527044722818765
-17.513188951458474
-17.526376923596224
-17.50366031471737
-17.493735554802257
-17.48282162544754
-17.475963371656153
-17.49727742500951
-17.483048777838622
-17.48880606227625
-17.478928341516763
-17.48138467036072
-17.487123941614723
-17.49799023847554
-17.490649915320116
-17.503404425969556
-17.504263718858752
-17.513270656088473
-17.496590538071597
-17.497737441395735
-17.50101357365708
-17.508426890125957
-17.50061154127959
-17.4955503968677
-17.486469508348378
-17.467588902423675
-17.459644741617804
-17.46089687645693
-17.465052674855855
-17.46583679328863
-17.478871219501254
-17.469558425961303
-17.465691744845564
-17.4851888417794
-17.465307383264797
-17.44577242685388
-17.445255876975352
-17.429269807912114
-17.435037146296946
-17.410680225996952
-17.39183373443021
-17.411427075678866
-17.41250656023351
-17.42091608228386
-17.416474746769968
-17.438117545948376
-17.45053529409423
-17.44588744719458
-17.4579879144682
-17.46074288084312
-17.43710849372502
-17.424325236673283
-17.44536088362828
-17.447728428584387
-17.450781827897668
-17.452500449847875
-17.46053775633719
-17.46509115900237
-17.461652747771335
-17.47946936702272
-17.48488450400732
-17.48797832999966
-17.50101198862902
-17.501197828333705
-17.485200104137448
-17.483823387549034
-17.495021168885458
-17.50523225933248
-17.492946680960475
-17.501666739919468
-17.49202653082103
-17.492803774768806
-17.49230351284101
-17.47757929971514
-17.482274242288064
-17.469948155111933
-17.478832092006567
-17.46355026760966
-17.464011970412116
-17.457933325116972
-17.43463998178682
-17.435911617216217
-17.415354721716174
-17.41060733816182
-17.403705103524644
-17.40677686068194
-17.41203329318099
-17.43010858658015
-17.438584942871707
-17.43850621492007
-17.416100656437102
-17.41025978434199
-17.3965496545745
-17.420054367599985
-17.423100975189715
-17.411254525546866
-17.42234646043965
-17.43991069867568
-17.461283512049818
-17.44512470070968
-17.44736868322854
-17.4252499181607
-17.433942272719783
-17.432134507692453
-17.419163577988492
-17.422702254633958
-17.42604153857468
-17.442621215409183
-17.44808366948907
-17.454687349296307
-17.464085457507263
-17.47544863770605
-17.46036959494553
-17.449792199760537
-17.460792911436307
-17.453247759738883
-17.464363403720114
-17.447453283223034
-17.44320987598763
-17.450746640759192
-17.470188864264138
-17.448434907215695
-17.438454321077998
-17.435175225189976
-17.42236912270926
-17.40697698080963
-17.390850485955912
-17.400622881883553
-17.410372543861744
-17.40856185708709
-17.426113334968406
-17.434680373736555
-17.455247864165187
-17.470195326607268
-17.451640530522695
-17.462745615674734
-17.44326974372426
-17.437309710381456
-17.446727121460302
-17.46130777702308
-17.468979040997
-17.485624585171372
-17.48412219516598
-17.503442089918394
-17.49991022134324
-17.508548802258087
-17.516996713283465
-17.532394982524053
-17.529482630736013
-17.533904469328572
-17.519708737814227
-17.514186027424543
-17.514715664971703
-17.500471666519914
-17.52495040808853
-17.515275117645977
-17.530175035526913
-17.539947900423513
-17.5270111493026
-17.5386494834495
-17.518089203622083
-17.518589163448286
-17.517437522046492
-17.516439777813694
-17.50270544375598
-17.503481747319764
-17.497837350588007
-17.49544918204936
-17.49602753454219
-17.485131210872687
-17.501457091910222
-17.50030384408701
-17.502598786039588
-17.50683989031159
-17.495444078690817
-17.50682169865726
-17.526468596572983
-17.512335557079645
-17.49396649246048
-17.4940458349759
-17.48352595397811
-17.484086673356387
-17.486291678000786
-17.46635093960295
-17.460893818699265
-17.450260162314898
-17.467007244474637
-17.45784879898267
-17.457308817934152
-17.466570904256233
-17.483040444568694
-17.49587762875678
-17.50317950927824
-17.519886981048806
-17.51892282908694
-17.52362635808927
-17.53088557936498
-17.51405152957637
-17.49536295777374
-17.498436085546572
-17.499554746863264
-17.512661144413443
-17.52354782623681
-17.52234044007983
-17.522953854739075
-17.518296417037668
-17.533429094372547
-17.551984661872932
-17.548000120337456
-17.546715848381275
-17.53273412789486
-17.53070986159126
-17.528501882703683
-17.53128325920086
-17.534740793531885
-17.53448664373153
-17.52685400012341
-17.51036233214917
-17.538336167685575
-17.52464799083291
-17.526132663437462
-17.526100098173167
-17.525284843152672
-17.52668083919061
-17.540972793479547
-17.53570531488102
-17.543924254125983
-17.548334009230867
-17.549147657633608
-17.55311942206338
-17.539151188424295
-17.516375655167458
-17.495677290331095
-17.49109272222344
-17.513488343145657
-17.508429500157096
-17.5149116943136
-17.51073741702132
-17.50062313915015
-17.495479188854247
-17.502191548312755
-17.496510460032294
-17.480782243403905
-17.476069432918038
-17.48132613288655
-17.473109441795803
-17.467226128546677
-17.45574622961394
-17.450315041457767
-17.45363253888345
-17.455751165338658
-17.452840753475623
-17.473815719799067
-17.46426128499241
-17.45945278302424
-17.47429306698203
-17.48847756011013
-17.48285310308175
-17.478378997078007
-17.460258935174643
-17.462239395711894
-17.461548952109762
-17.469013603917652
-17.497226804898247
-17.499801194040042
-17.509595889169034
-17.519423547662797
-17.523533363773044
-17.528146390269132
-17.53581319806392
-17.521575554589297
-17.548465300924224
-17.552903455960895
-17.531651404215797
-17.533043350723826
-17.534200033060195
-17.555731004293417
-17.54331938922406
-17.523675804348937
-17.506763492231446
-17.486085183493973
-17.479895813307717
-17.483997694488096
-17.495883093609134
-17.48601561094788
-17.474523354249072
-17.476685967461123
-17.493828928687428
-17.5072449295017
-17.521885299552928
-17.518716784855794
-17.522195123687226
-17.523609465535085
-17.539736517598392
-17.532449660909613
-17.5301421038891
-17.53599383289667
-17.527382584849413
-17.55138257419691
-17.555062066714154
-17.52108726321113
-17.515347711643823
-17.50610678439743
-17.516329504958545
-17.521335249151196
-17.539054003525575
-17.544837464348856
-17.555097708999984
-17.549231342503614
-17.529679777984104
-17.523309105683328
-17.539992648662178
-17.546601762231653
-17.55219043068991
-17.56592059811588
-17.56346645176954
-17.544778383888328
-17.546193902979997
-17.558614878416016
-17.562695996068058
-17.54187387214157
-17.54276305421148
-17.546801182098843
-17.55334628593296
-17.57284576201232
-17.549627075954174
-17.560674279480587
-17.60791800345637
-17.604167836367644
-17.59624726335314
-17.597599220498946
-17.590629230717475
-17.598597562680226
-17.61846405869974
-17.627293864800208
-17.613350368885786
-17.630762151106318
-17.636928513258386
-17.642760741639172
-17.65069206094698
-17.63273342289857
-17.643415544093568
-17.65570161321949
-17.661200210857896
-17.65437396266503
-17.64389845667779
-17.657098645033127
-17.660934678408413
-17.664297411070258
-17.68506713997446
-17.68476736143679
-17.691950398071985
-17.67267860735609
-17.66726884846889
-17.665910498951295
-17.662550441585754
-17.68406495898644
-17.66775395453254
-17.664383980646818
-17.656794259411136
-17.651106227854882
-17.646484961498214
-17.653018720999082
-17.64964908591287
-17.631761630627615
-17.62312786011161
-17.6540992960998
-17.640839180655515
-17.617647308030126
-17.616877700481602
-17.602872694295645
-17.609220626496796
-17.58832625819456
-17.594177402142535
-17.60336223683606
-17.616612596338868
-17.63947767052135
-17.631140739848398
-17.62646902130307
-17.62556060379247
-17.63012179790004
-17.636007468818896
-17.64635792766036
-17.637633538369528
-17.629693611346475
-17.63197693417543
-17.62752186541811
-17.627241023531308
-17.621346259718504
-17.60424268928066
-17.599066434923564
-17.597548658523632
-17.596136447131833
-17.607660543350235
-17.58847220985678
-17.584600176521064
-17.61052221699434
-17.611358408004403
-17.602471460928193
-17.629169400202674
-17.64145570961413
-17.644989909037506
-17.65085513511122
-17.656698853583592
-17.646683787751154
-17.643438638315697
-17.656324115281933
-17.658528049171196
-17.649510975579986
-17.64951740143083
-17.645265623364256
-17.61951878327155
-17.623409227855078
-17.619662019063185
-17.620494338662127
-17.59428587820023
-17.581770552059822
-17.566090430613446
-17.543745307609903
-17.55728007485012
-17.56823762562717
-17.5674867151023
-17.58276853816048
-17.579465677746306
-17.585894770101884
-17.58965783915432
-17.588926685763365
-17.58626033621928
-17.586118565951733
-17.598520237822342
-17.59588727782956
-17.582168220770683
-17.567106486660006
-17.56043752691507
-17.54749107389479
-17.537110695687975
-17.55393430026501
-17.55487723033329
-17.543754995372186
-17.539544644645378
-17.550055534341674
-17.570443651047775
-17.586589994672945
-17.58441369861719
-17.600282790221694
-17.604561175262486
-17.589441597357187
-17.58330475960981
-17.583376214920882
-17.58970275191984
-17.587811539158963
-17.59438832977669
-17.5812476195626
-17.581515714390722
-17.57025746199253
-17.56416580529825
-17.56903906041739
-17.577380881361123
-17.566132306107733
-17.557322946858587
-17.580320328945355
-17.58531596134051
-17.56535137490957
-17.566052576755197
-17.56439665236162
-17.578604541163344
-17.56825309820964
-17.541146453376328
-17.527740306980352
-17.526654581088053
-17.524688157770825
-17.524759425328053
-17.517782829525295
-17.501785675071222
-17.49943845072054
-17.51332446410876
-17.497921470350924
-17.514925026928935
-17.53391396627818
-17.548272584346737
-17.546596867046567
-17.542504633047553
-17.547426992896593
-17.5522031382251
-17.571440559597903
-17.564282793233733
-17.573433637174496
-17.587417743158145
-17.57323443865376
-17.573192393106115
-17.586649806641173
-17.599129307019673
-17.60561471178718
-17.585237741383143
-17.572361563588856
-17.582953164836443
-17.59663507822901
-17.59310750610747
-17.57922980262636
-17.582161714369207
-17.568278018668547
-17.563262928648708
-17.566293162737082
-17.564735900219006
-17.573622299980126
-17.564020713264288
-17.56983943544342
-17.56589962760288
-17.570977346738253
-17.556251608393843
-17.56493727237957
-17.584536580110903
-17.585077607650227
-17.58259700388876
-17.577772756056024
-17.572805098930942
-17.579051923862412
-17.58515075710426
-17.586442051822235
-17.60624001734957
-17.594408860993386
-17.600662049787708
-17.600426428122297
-17.61528552142093
-17.610682532350154
-17.601547198511522
-17.610689366428833
-17.59440111774076
-17.583142174007765
-17.586457023541826
-17.59512105947682
-17.591157889447622
-17.59334913074897
-17.58743694911599
-17.56931526507899
-17.546164125982575
-17.541163224445164
-17.550392972586085
-17.56044243189774
-17.541931190713054
-17.563464851276613
-17.566973174085135
-17.56885304416171
-17.561205727616972
-17.581515104269158
-17.582992999392072
-17.598751968591365
-17.617949598130487
-17.61661003695689
-17.623359378056666
-17.624030900526115
-17.621908393389695
-17.647130108051385
-17.649220853882653
-17.653147771085468
-17.6606747395534
-17.66082574460797
-17.670690935275147
-17.654912880187283
-17.670118396254807
-17.689079959357652
-17.675710892005927
-17.658962989239072
-17.65974232643232
-17.68409933814804
-17.666714816845335
-17.68701213974566
-17.704948075375686
-17.694026970686917
-17.684591627441492
-17.66425526182281
-17.688648683436043
-17.699318313167865
-17.711025254982033
-17.692615319662504
-17.674855214369376
-17.659366625155364
-17.67616558695313
-17.67958937506265
-17.682726912290825
-17.68800152899007
-17.67987167920154
-17.69591862579147
-17.691957104616243
-17.681550755534385
-17.66043949893094
-17.640114732085706
-17.64840284296174
-17.662321856752843
-17.673215394722543
-17.68545828836259
-17.67739025281889
-17.67559319790733
-17.65448560028686
-17.648592733227748
-17.658814317042918
-17.640575909410256
-17.63719489281849
-17.65000900600903
-17.65850548367407
-17.66145899085563
-17.657704307167144
-17.64746984534191
-17.657297700179544
-17.675050029244048
-17.67237707501355
-17.68303384035171
-17.709131399829594
-17.71348580418075
-17.684974900037663
-17.679044240922128
-17.683763063956167
-17.691703617827624
-17.6615426743376
-17.684203378411084
-17.684032282495174
-17.705869927210347
-17.687780252560596
-17.678071094115833
-17.683687973956797
-17.696230661111635
-17.70257563580293
-17.70932405391823
-17.70708396204807
-17.69727644227126
-17.687521954461868
-17.66492301879838
-17.67044341109643
-17.68241521132977
-17.67601286060954
-17.675450573935386
-17.69104401662842
-17.666882507307644
-17.68066329927358
-17.661248561473617
-17.65980164863303
-17.638293626804362
-17.613753664505452
-17.596895812119307
-17.595853609822722
-17.606096662000084
-17.619895638237537
-17.60024885638087
-17.613093225955566
-17.605208173776692
-17.610920174567784
-17.589264809203204
-17.5881618704808
-17.585956262007016
-17.591229061606843
-17.605122271457848
-17.59931364557904
-17.597770820596413
-17.60253946489107
-17.602940097200968
-17.60428799943427
-17.613274101466377
-17.60183709409278
-17.617706799271993
-17.623376627413464
-17.621447897282522
-17.64124245062215
-17.633365089359376
-17.640605436146302
-17.65536269098253
-17.674788572919155
-17.66567283725684
-17.653222978381276
-17.667847779168522
-17.65159747034235
-17.630588522215202
-17.639203888666383
-17.63862427479124
-17.6479908662689
-17.652295381547393
-17.650145463739012
-17.653183646001693
-17.654417884276572
-17.64707238764046
-17.65416219806761
-17.647754120028072
-17.654856846391333
-17.67476709330999
-17.67757736521748
-17.676279867472427
-17.68348774261277
-17.681439786937773
-17.681430989109096
-17.681940821518882
-17.693600185247455
-17.68323073162169
-17.687389849743436
-17.681355078621454
-17.68430578838023
-17.6602123398414
-17.654786816609086
-17.659454120560312
-17.67258685768818
-17.64763336575292
-17.649235308677145
-17.67023123875923
-17.658776310626855
-17.646695249313495
-17.660099194835833
-17.663229254557105
-17.67215521688432
-17.685740490301715
-17.68142182084231
-17.671536915727255
-17.655160261299045
-17.694429114774277
-17.661390655189802
-17.657615911198707
-17.681700013632017
-17.668009798174552
-17.656957489582936
-17.66926498265895
-17.688358320276297
-17.679736635931395
-17.668812559701706
-17.66302963095617
-17.65797030875821
-17.648433373974036
-17.65695722488098
-17.648620161322665
-17.661621948510867
-17.66426314650415
-17.662757277631624
-17.6575643094875
-17.67067559203055
-17.682756806116963
-17.6919052881237
-17.683282521625205
-17.67206772998541
-17.675547424691803
-17.66759922126489
-17.661761339287036
-17.671782895793488
-17.66952995026505
-17.70305382421884
-17.691169972010798
-17.693199388261238
-17.70021033298478
-17.70957441150807
-17.71500925509979
-17.7186952308074
-17.709879868510072
-17.694753726693605
-17.693681097294377
-17.682827269916494
-17.677004508568317
-17.68164571479137
-17.679372990749307
-17.668358862447526
-17.669869644280762
-17.684527495117734
-17.67849465521472
-17.67198352060985
-17.705679937584033
-17.686395319913625
-17.68891343218072
-17.68062765761062
-17.685268953022817
-17.690885805255153
-17.695925383740825
-17.67232510766507
-17.68122242383123
-17.69301544859621
-17.713629555764513
-17.704654362738484
-17.70354477768524
-17.68831291989304
-17.708800315920104
-17.69450861453948
-17.71706651195635
-17.72348048906649
-17.71163679661341
-17.71050514205614
-17.706934321207203
-17.70943981396311
-17.723530830529175
-17.743536896701258
-17.734646203258453
-17.733948316716287
-17.742097597570073
-17.752880462228088
-17.733023399005784
-17.721366192864426
-17.6965466416264
-17.68570748003737
-17.71160326232115
-17.71863298447823
-17.714075460141576
-17.704632932030126
-17.704455577575633
-17.712892034443232
-17.710698042108255
-17.714865355104127
-17.707512321701888
-17.719252884084682
-17.72312756550776
-17.706004877240062
-17.68948675096251
-17.713038306685196
-17.71929972289546
-17.7187214123087
-17.712593292627858
-17.70543934620568
-17.702628118788258
-17.714982775783014
-17.725892826982975
-17.70637327860663
-17.71303220814703
-17.70655986914012
-17.685757162924112
-17.69475385776932
-17.701689326948504
-17.692693965112177
-17.709231131357864
-17.712557813734332
-17.718188739376618
-17.7126220232233
-17.712648876461568
-17.722293474977963
-17.71230206834829
-17.719542008262977
-17.738001896989484
-17.724304760514347
-17.71025997400499
-17.715492245036742
-17.723041886795365
-17.714609119148932
-17.69668858867168
-17.700016477637035
-17.686189432680404
-17.692767868161763
-17.695770566648022
-17.68145384082556
-17.676575694977583
-17.697935422025665
-17.714109037297934
-17.70831596066356
-17.71107570815274
-17.72890443547064
-17.712896220461964
-17.70478464968925
-17.708248120169166
-17.704849958741754
-17.72636744740654
-17.755034954630265
-17.738679293159706
-17.73070619113285
-17.72634727063799
-17.710186092945584
-17.71115678499117
-17.729209852352138
-17.735513547898684
-17.73221651262878
-17.73615490275303
-17.74088473444315
-17.732840461564994
-17.73442336002138
-17.74991325207823
-17.7310235972554
-17.71685349570536
-17.743720235906224
-17.740549565533478
-17.729410472685444
-17.741793884582506
-17.768626642161813
-17.7494991784888
-17.738468785187855
-17.73026093265582
-17.730166339637304
-17.73309885359967
-17.721430554028018
-17.707834442375766
-17.70960804642763
-17.71398232419868
-17.73368406937178
-17.72415357523902
-17.752965239845214
-17.75701470664552
-17.773697420318154
-17.770382833919264
-17.771138683826134
-17.76703533182475
-17.74535463198413
-17.755324258556236
-17.736050191553666
-17.740418135712044
-17.73828212724149
-17.723411713686286
-17.728186384952437
-17.747557446101215
-17.746113113584787
-17.74835796133238
-17.770862779141712
-17.766532622385693
-17.767283183286764
-17.773591098586632
-17.749313845748677
-17.74339199530903
-17.763298946329858
-17.76566019671133
-17.75791099808086
-17.753903914278986
-17.762570168430234
-17.773351536830347
-17.790216553394046
-17.77427474170374
-17.771035805112035
-17.770620048382117
-17.753710591965444
-17.760267050790254
-17.757066314857692
-17.77799360422211
-17.783282053004044
-17.784346172878305
-17.775526142139647
-17.766589503360517
-17.752130238220158
-17.750752193950667
-17.726601532917282
-17.712241012937955
-17.716588516800417
-17.725912489192876
-17.742197188382818
-17.724579754171284
-17.73817515606235
-17.742813173089697
-17.719847936378677
-17.710300853249194
-17.71334299785203
-17.709884157020156
-17.71564641651284
-17.69225870880866
-17.679800439288652
-17.67630861202687
-17.6784213028549
-17.68026900408026
-17.679957171770383
-17.672568227391604
-17.679265772854947
-17.691262676554555
-17.7004234896124
-17.698862333471055
-17.68412035501064
-17.703713825165416
-17.67845404465587
-17.697815706370907
-17.692776163508096
-17.676455443342498
-17.685095606505975
-17.675448138370257
-17.67980881634546
-17.69522500146945
-17.709370994741818
-17.719669037091734
-17.729025840421194
-17.73230685947155
-17.730421941517445
-17.714437876540188
-17.716013239785852
-17.716885441156077
-17.72005771538274
-17.714775776534317
-17.737434839199576
-17.72425276840785
-17.715445567136907
-17.727754952090844
-17.723113830521857
-17.70150162038362
-17.71933858289198
-17.70886314403339
-17.721983919873907
-17.73505639261
-17.752779470123986
-17.752755991948828
-17.772346550516964
-17.76420092415554
-17.764864723038432
-17.768588772921184
-17.74794243500727
-17.754975919935138
-17.74955970120235
-17.746665381065007
-17.754103289684604
-17.749943334065765
-17.756978194120848
-17.758804103194475
-17.78069690074411
-17.773881068926567
-17.768349370816857
-17.77327402284704
-17.761966264940646
-17.734359148924078
-17.715164842957456
-17.702886684319328
-17.693585481022488
-17.702628807998558
-17.67828793589888
-17.631340937736503
-17.622188369365457
-17.605023050446565
-17.601015978678404
-17.586111025175253
-17.570561366953537
-17.5758860900384
-17.54146142233997
-17.55056502242158
-17.550482604391835
-17.54201263239946
-17.565100554242843
-17.581791565215394
-17.57893850702266
-17.587869829867298
-17.594366624865234
-17.609653021452953
-17.586069210873138
-17.61428728082051
-17.630310787400067
-17.648642915651585
-17.653251640029104
-17.656299583550133
-17.66070043823526
-17.64544853269305
-17.651979374996184
-17.665344376626003
-17.64511611270561
-17.650087581893477
-17.62425010538018
-17.633731078470255
-17.630123283449013
-17.631654055936774
-17.651803560505357
-17.66517364350559
-17.648179533265317
-17.642212181371757
-17.65323239088495
-17.684109253357803
-17.682612053557353
-17.665996648819945
-17.66098292103204
-17.65879667597531
-17.674831084303662
-17.681798362272563
-17.669907553069617
-17.684726885254474
-17.681781721963684
-17.672404644550383
-17.688050915945684
-17.70079375956673
-17.70609762276809
-17.706115129506816
-17.682802357821327
-17.666469849140604
-17.670073754838015
-17.67994702115253
-17.676498155856617
-17.70281780445107
-17.712715857970547
-17.692211424838842
-17.687364373003714
-17.689343044260948
-17.69303155171458
-17.682153484253636
-17.675551728578764
-17.6778838338793
-17.68668327141684
-17.695132682730996
-17.69806292861197
-17.705969696900393
-17.729145711222444
-17.744040722451615
-17.773725413327444
-17.763138970494417
-17.754750765441493
-17.75707073630018
-17.74069638512542
-17.74302151527904
-17.760709886363962
-17.749208503086116
-17.742344872296837
-17.720402339531812
-17.71198172751475
-17.71481894740097
-17.73217351292829
-17.72738077113215
-17.745191853418582
-17.72900524119392
-17.719928133450168
-17.710052068234862
-17.69563634755644
-17.706272635196733
-17.72473690861053
-17.733397386282764
-17.720535474790555
-17.723044331199695
-17.71209218557747
-17.708019378804664
-17.696890366214156
-17.697046303749772
-17.706069593311913
-17.700492688465154
-17.718427584359926
-17.699564461306895
-17.695928508850045
-17.680743365297136
-17.72181167521732
-17.715333566830136
-17.70406497541135
-17.713742120437967
-17.701753945989967
-17.690155412829597
-17.70567133281697
-17.692561104357658
-17.689592911429283
-17.6903880443419
-17.694670152482725
-17.691159995184606
-17.693621104327555
-17.686588730381807
-17.704846610566587
-17.702479662200446
-17.707970249078524
-17.682646294969647
-17.681955277894808
-17.70287575779144
-17.68725100961279
-17.681978181643323
-17.663825101698617
-17.672970311498435
-17.663283468008725
-17.651931785983408
-17.645503778767612
-17.647195737414126
-17.635445964155664
-17.624501935616248
-17.622379153032163
-17.635547645168927
-17.623466781805234
-17.615535796627526
-17.606492766684536
-17.60055832543736
-17.621075627641062
-17.624183228559282
-17.642100639079842
-17.660152577861663
-17.64384416022882
-17.643436953907628
-17.643437084481498
-17.613726787535327
-17.624622728926038
-17.608695447091804
-17.619591404818987
-17.644126811447247
-17.629263774458977
-17.606346938724737
-17.606477807512064
-17.61106920400718
-17.602574506093543
-17.592877534305718
-17.6034484294953
-17.616972277724276
-17.604774609185217
-17.60010553598152
-17.603284206265933
-17.607773994800407
-17.59513020181597
-17.591257190679165
-17.601575826870615
-17.61605732834432
-17.63259632237822
-17.62470220165103
-17.616402361585905
-17.627877696882344
-17.63230938831543
-17.65140939304641
-17.66119196106472
-17.655004818739066
-17.660881209302165
-17.661650588776304
-17.676430003729234
-17.676571444141434
-17.662689247792155
-17.658031486497897
-17.64652790762701
-17.653176779509064
-17.671401059634665
-17.674775327523097
-17.67930461386676
-17.677635609906716
-17.67070572424279
-17.657957523821153
-17.65590251745424
-17.691235702084875
-17.70241392125144
-17.684015216268772
-17.69302067215735
-17.68640209060686
-17.693609769371044
-17.67773134584726
-17.68426308533806
-17.68391325862803
-17.687993874204754
-17.645768383493657
-17.65058951073908
-17.652155935125997
-17.661483749949827
-17.650218156499573
-17.6615222595819
-17.633161450589252
-17.633966558123962
-17.63799155999106
-17.646330759960815
-17.643129938667716
-17.638398812920347
-17.642602542338285
-17.65946890053146
-17.664202886806656
-17.65887701960953
-17.6506314438774
-17.631627414216478
-17.65154166996384
-17.631949599076517
-17.614219957191544
-17.616670608206686
-17.617354086262225
-17.632978434665866
-17.631717328208442
-17.633814920551803
-17.646944188984264
-17.647618486104406
-17.670141982355656
-17.668967388456092
-17.661476764201897
-17.67078251789543
-17.674339780265214
-17.662234546596096
-17.66728792858832
-17.640261037885175
-17.637333172998375
-17.638996985031433
-17.62904509316319
-17.63953079879836
-17.640477455989473
-17.62464151966821
-17.64922032260812
-17.627815902184533
-17.636000010717925
-17.64777985548109
-17.645111344139824
-17.657854716012075
-17.656207509600822
-17.658242547601848
-17.659786482254884
-17.664059593428135
-17.673323866350426
-17.67055228326317
-17.65757329230303
-17.673183320899835
-17.68327076620618
-17.68113315090881
-17.6740086101094
-17.672323851285505
-17.676598922421146
-17.689160004643096
-17.68665553780924
-17.668116367956486
-17.676784185257922
-17.673956417637445
-17.68253406267082
-17.68050167112924
-17.68917673616988
-17.675062661672737
-17.668859145940065
-17.64657330216092
-17.65622569282068
-17.674379254890763
-17.66505046850286
-17.651237349257208
-17.650663098005516
-17.64890757648133
-17.624756075570943
-17.64088755432594
-17.63917379497322
-17.646283017101247
-17.651175639533307
-17.65165569783662
-17.67134443130851
-17.671748102466676
-17.67323703162116
-17.671951620233415
-17.671163927759693
-17.663762897312253
-17.667719506444385
-17.638559851757652
-17.63881418477452
-17.646936611358306
-17.65418117212938
-17.670858103846104
-17.682830693976683
-17.692232531095588
-17.714861361112614
-17.71671061892948
-17.702648308852503
-17.70313996165805
-17.703944678840703
-17.69818984398097
-17.715334581002814
-17.732592435845135
-17.74629614896654
-17.742938667592018
-17.743333236955603
-17.737197937693093
-17.73508904451829
-17.740124459304884
-17.753232528799423
-17.75012419621112
-17.75867336558208
-17.76486996127438
-17.766675918224973
-17.759464102407463
-17.790849921041247
-17.81586749334487
-17.821698786565207
-17.836908868654827
-17.84037713091216
-17.859806742528995
-17.83484302780578
-17.835288468946587
-17.834400757244524
-17.83087332943689
-17.81038887232122
-17.796739889578237
-17.76554597661328
-17.7557937998535
-17.75599752167515
-17.752283488687397
-17.776405456343074
-17.78536778666264
-17.78172408829245
-17.7898155727945
-17.804140368381074
-17.802363581311493
-17.798322975499147
-17.787137415657263
-17.801464747485984
-17.799960477161974
-17.793942303912427
-17.78878913307463
-17.782258055011656
-17.78551723931805
-17.783431484627016
-17.76139717317742
-17.790199638510988
-17.815538094706408
-17.80755784666671
-17.805086253637896
-17.81524931917906
-17.818270149080757
-17.83317667196415
-17.843834566955792
-17.842843611423117
-17.841637210718005
-17.823799459936232
-17.817113508270754
-17.81818530029361
-17.7977219468584
-17.790118131241517
-17.78782637823402
-17.781275666000003
-17.786604668801708
-17.80364727976606
-17.782733135456883
-17.777770048650588
-17.772531043389808
-17.76389157885538
-17.75050820852391
-17.757893616332044
-17.76550807503111
-17.759525843428253
-17.744084375263597
-17.752302990235197
-17.76320894769747
-17.768415676814293
-17.753391895778957
-17.77326495456582
-17.79401160393509
-17.788860382692313
-17.82196110039234
-17.830554668277742
-17.83823178582099
-17.84143717844937
-17.85832104050802
-17.852794072415996
-17.860443760595867
-17.861127261856105
-17.86957740732171
-17.866824751070315
-17.84830049746852
-17.86095741908111
-17.863430705799068
-17.879091166037444
-17.88857709038188
-17.885866183186533
-17.877842952599035
-17.882559589056537
-17.87110679967947
-17.863890459965916
-17.856877853576062
-17.862077792892748
-17.867267675189115
-17.850447370345115
-17.825603161237915
-17.825902134770875
-17.82757136560408
-17.829871131120886
-17.816752548781675
-17.805473411648617
-17.798243371219584
-17.796659185282174
-17.78938927418196
-17.803515014369218
-17.817215849121418
-17.80733859218307
-17.803988333590272
-17.819195365029657
-17.81572045355591
-17.80084915256254
-17.78990795067456
-17.789138000327085
-17.7866984476674
-17.777759938414498
-17.77394096088703
-17.75818533568878
-17.769014440134438
-17.748502858168766
-17.743613936584637
-17.74907700577295
-17.763331607953244
-17.759911533272167
-17.752563043779457
-17.765154139668503
-17.76910430758735
-17.768367541327855
-17.74428612270952
-17.741052189266956
-17.734273380879863
-17.752739931955052
-17.739074131911078
-17.74271315060958
-17.740804378130413
-17.722088486878683
-17.729856122771846
-17.738972788284595
-17.732956109772523
-17.729121052388756
-17.70479812506321
-17.678458353004153
-17.701866408293412
-17.708103218521348
-17.704212408333568
-17.6734739176851
-17.68977792123504
-17.69484624026852
-17.696799324549115
-17.697167439685085
-17.697420025189643
-17.69587804224414
-17.70441936038288
-17.699608979943097
-17.695502016694416
-17.68684313065145
-17.683993424664116
-17.703443244139052
-17.710235842702133
-17.68899491887976
-17.697542963946866
-17.71106634856428
-17.719994672015744
