-18.22922146582913
-18.209628539376386
-18.21656257388809
-18.221962048768823
-18.21065890238944
-18.192985930525836
-18.210345593442824
-18.2141681030072
-18.224228683204704
-18.223973269555998
-18.20852615104916
-18.18604009641429
-18.175771427301846
-18.180464771659786
-18.175372217699692
-18.161504022340793
-18.146589403097575
-18.11720329662098
-18.117517356538464
-18.11267569075816
-18.112412120548253
-18.160294597784098
-18.14564473567608
-18.1021322353541
-18.08336939935033
-18.10429704636147
-18.11925330258608
-18.13257818063669
-18.092554903400703
-18.09401670320229
-18.064432390354416
-18.076944114106432
-18.088112322230486
-18.050003312732166
-18.040896018407878
-18.035980390351124
-18.067121045646157
-18.065046776548712
-18.05705807128164
-18.05295469697524
-18.036799432679434
-18.038809297700936
-18.008366213769868
-18.003071589746884
-18.01630678755985
-18.031258172003128
-18.027157817031433
-18.038211527146718
-18.02992882773411
-18.00434860021584
-18.01116040726085
-18.02045864024525
-18.03388258530536
-18.02178469788576
-17.998028759570087
-17.986827701756688
-17.99243618231871
-17.984831934888373
-17.947840468504292
-17.929496031262598
-17.920470937327504
-17.918314530309626
-17.933466239634395
-17.92821000375729
-17.90657855797273
-17.92857419968492
-17.94477491070929
-17.95940746269403
-17.94883299493826
-17.93920805601747
-17.907176707053207
-17.89654877005131
-17.898200877606204
-17.91088381239984
-17.910384936857074
-17.901022506233573
-17.869746386630126
-17.878914682160968
-17.87701645964934
-17.90781060204313
-17.9049988240377
-17.931532114860204
-17.899874519452116
-17.90092916776893
-17.887825060728883
-17.918767393318785
-17.942674079487578
-17.93812929740223
-17.933074125232245
-17.959238924015093
-17.96967911562143
-17.971373049728296
-18.00229906642045
-17.990020899994583
-17.99478467567557
-17.99549907175482
-17.99096801950803
-18.0069486403739
-18.006038345705267
-17.971626222797486
-17.96850535743172
-17.976209842426435
-17.986854541618982
-18.00130604824746
-17.986184591863097
-18.015400012996885
-18.020288562715603
-18.038909495407164
-17.9966661922526
-18.007467467109173
-17.988685349033247
-17.998675129932245
-18.006005336431855
-17.99317611271259
-18.026794286780802
-17.983174422789656
-17.961233971728042
-17.97394278514454
-17.97506201545798
-17.95331864212031
-17.978074314022404
-17.968922690155654
-17.997903010946064
-18.01674518697803
-17.997970717676647
-17.990204731704402
-18.037965976916848
-18.026350988522896
-17.974626060985386
-17.978671787860854
-17.972391707416755
-17.934998896970118
-17.932170096952056
-17.924370522253803
-17.9282920291749
-17.965862243235147
-17.955770004087448
-17.972193369370796
-17.969829106021177
-17.971593814350612
-18.000832976280083
-17.96245323633126
-17.96174614614719
-17.947471876033156
-17.929442716984223
-17.929303983972446
-17.90882894402971
-17.897995108583952
-17.921390482411343
-17.89710756873712
-17.92823807010027
-17.94051430956825
-17.932405644683936
-17.93048739900492
-17.92347755427963
-17.912841981388137
-17.939259091915243
-17.938079766350608
-17.957516005156283
-17.96951162019105
-17.9705962105052
-17.955426103255835
-17.93483607747453
-17.959761359545865
-17.956368440281047
-17.970103784258516
-17.96998339276917
-17.977183699239003
-17.950142222685713
-17.926985226350986
-17.9191297776448
-17.920301369490733
-17.94132478448247
-17.941072397623085
-17.945289902119967
-17.961553368355265
-17.931140779844277
-17.95509880570721
-17.947254110081108
-17.905933203212417
-17.921696901687657
-17.91379225643737
-17.926151812840295
-17.90966589749655
-17.91925449804093
-17.89425277575238
-17.851070908133497
-17.89835875080387
-17.91292326115086
-17.983323791420304
-17.981626254099805
-17.940361671467578
-17.938315514819767
-17.954263994739346
-17.938825602150878
-17.94632531380846
-17.957153355776573
-17.953711383798023
-17.93882738335338
-17.929161317069152
-17.93058123230361
-17.930044570922284
-17.916850306690176
-17.96136991474561
-17.93190441031836
-17.894515040011317
-17.888954118019484
-17.900949925815365
-17.94305365494045
-17.926570358391547
-17.970836384298646
-17.959018663132195
-17.91767515111039
-17.940026722141365
-17.973496167581846
-17.993878556884905
-17.959881668554207
-17.939062950520256
-17.98732470444603
-17.98530025780439
-17.998927585308802
-17.99886123511215
-17.978583412674762
-17.932008423978548
-17.900561496822338
-17.90833171507361
-17.904260501678085
-17.92694028702918
-17.922737980093416
-17.93022659348535
-17.931469639775695
-17.933840365185237
-17.900471328917753
-17.907091749513793
-17.885659417799992
-17.888115326483273
-17.86662608941257
-17.880810148787514
-17.872421412319955
-17.893299224817362
-17.85196878148974
-17.86070234764563
-17.865343350351612
-17.904350985784127
-17.930753864665306
-17.920046179236166
-17.916178573311644
-17.892343066983493
-17.897144982222827
-17.882667528498242
-17.886559497127212
-17.897274926210553
-17.895992801651467
-17.88305390175584
-17.8921788751705
-17.864735833618347
-17.876597234008873
-17.882385721411033
-17.874171267001575
-17.888881287252865
-17.880230280793665
-17.900321475466882
-17.919160969584347
-17.92959033278536
-17.94595088405475
-17.92379930828086
-17.93057240344173
-17.950089156309666
-17.97197377632503
-17.970537279193344
-17.976272320872354
-17.97856929965626
-18.005160998494052
-18.031746643111088
-18.04586144718817
-18.02841481101636
-18.00735838849358
-18.020493570714645
-17.995875564864196
-17.975670532747746
-17.988881226226933
-17.988825247192583
-17.996422782011678
-18.024453023417166
-17.989121509182898
-18.005742041044922
-17.991255984036396
-17.991430184681697
-17.968171268518805
-17.983153081687227
-17.97910935534716
-17.951208686118118
-17.926453849934372
-17.922434273549232
-17.92840618168212
-17.91311980720992
-17.898315054852514
-17.912504344325964
-17.90954349053267
-17.90829443126394
-17.921089740024676
-17.943792047945536
-17.931753061358425
-17.940641702991066
-17.93910859308855
-17.941789716951533
-17.94837223822334
-17.96760458859542
-17.992623029689316
-18.00372030547878
-18.021878444069067
-18.01090208373161
-17.994966013852306
-17.982602897826737
-18.00638912915639
-18.023504083285086
-18.023701037977297
-17.98941025719947
-17.962355446400988
-17.942786859360837
-17.938038704319716
-17.916917320686032
-17.907192226263845
-17.90509203381849
-17.902663941955993
-17.912347801365566
-17.858871028269526
-17.88073912958677
-17.86869811516882
-17.901546637110616
-17.89562397903719
-17.88738570968885
-17.893060798417647
-17.89736992919847
-17.937756835559718
-17.887955305847107
-17.869459644729545
-17.889383272315612
-17.89144122148252
-17.874643496419793
-17.87739653347834
-17.918237833421607
-17.918532294274005
-17.889829807080996
-17.91130616530081
-17.886366484303583
-17.86674662026208
-17.85817701555899
-17.88774535126887
-17.886400215919902
-17.882033800641796
-17.88502054243403
-17.85449993148657
-17.864588289634924
-17.875680408619253
-17.848040110181305
-17.864481587884477
-17.89597069022694
-17.908400231548047
-17.92507173318804
-17.964582119718465
-17.954678157012324
-17.97917304208745
-17.96032061374165
-17.975733897257278
-17.979629508876563
-17.989102051871235
-18.00130476965334
-17.976798343422175
-17.965013240692258
-17.951062950857487
-17.933946348110513
-17.926793781550007
-17.939625433957303
-17.9347874520305
-17.93670468580906
-17.954434761643896
-17.97524326945816
-17.987893755201927
-18.00473074218036
-18.007297062391025
-18.00010230485553
-18.02658060483963
-18.006275323656414
-18.0252361233937
-18.031006898588206
-18.057741087364718
-18.051522911329155
-18.054015732476817
-18.06951510074752
-18.038128784585467
-18.026029642052656
-18.00581768933121
-17.994190364239024
-18.017016951385074
-17.998361153470082
-17.974235362640623
-17.966414898206125
-17.98193232364084
-17.977846682669593
-17.979669760211987
-18.000181244507914
-18.000451367334037
-17.996676166984045
-17.970081717176708
-17.96463068829989
-17.953903682091564
-17.918731127076605
-17.899368682370994
-17.901713397618902
-17.905178329739822
-17.941691122147024
-17.8968083078868
-17.89502384752865
-17.9097928935942
-17.911370445847993
-17.888755017127703
-17.865277230374595
-17.90114624133919
-17.88971788122141
-17.905358006631808
-17.896221075049002
-17.89620428871957
-17.890199339918723
-17.912983889282557
-17.899763343930164
-17.89225834730775
-17.93376768273937
-17.951021856732417
-17.948623670946848
-17.948750513317794
-17.93750235738691
-17.934586671251022
-17.95957718478001
-17.93493623076703
-17.944994572949195
-17.94893922383979
-17.950298549274724
-17.969155298792337
-17.95817503697833
-17.953558060147323
-17.95039103194539
-17.94441116604368
-17.945515428418716
-17.98231835912748
-18.005935153152077
-18.010402381611033
-17.99227474976846
-18.01897053169976
-18.032884645354414
-18.027762253696903
-18.016875274220844
-17.997527569838738
-17.961772332039256
-17.977286646163574
-17.961921044402914
-17.966631916774144
-17.97429943291185
-17.980866607380005
-18.00979145703743
-17.98104684630979
-18.026493257145958
-18.01030567249062
-18.00385939324736
-18.00331789894802
-18.03323288649125
-18.04489573475163
-18.051426037708534
-18.04936305085918
-18.047278957498786
-18.051431148654906
-18.047885454746677
-18.04819319667088
-18.03502233885145
-18.016953527219215
-18.013111977889682
-18.016992815243892
-18.02369078220378
-18.03241052736864
-18.01458384223846
-18.01967226866602
-18.012473912186696
-18.016268237785713
-18.01405689174963
-18.019886317943786
-18.039537028237124
-18.034680951273874
-18.034695260474244
-18.033478259329964
-18.039179112527098
-18.052294811642245
-18.03959919219325
-18.031948565109282
-17.997072965312967
-18.021180973180613
-18.019607524726943
-18.032812095790618
-18.060748113572792
-18.060859650999703
-18.035992375150173
-18.04742936342303
-18.025206887857962
-18.04450161846459
-18.037914295027235
-18.008573289384657
-18.012128457849894
-18.028029905151207
-18.01351479568804
-18.029292451589786
-18.042390601336365
-18.04597235898353
-18.04223700570713
-18.05997661679552
-18.07173786577166
-18.057110406782797
-18.04539515414807
-18.031676540455837
-18.058640976417283
-18.05774586126958
-18.030029536243287
-18.069525641858046
-18.059280829610863
-18.05626051785692
-18.07384995852899
-18.08622828570496
-18.089510897114774
-18.09200489045365
-18.075560879248187
-18.07381996360051
-18.070011491313288
-18.063935242883325
-18.0617146057757
-18.049776694713316
-18.044625734795332
-18.052132284528504
-18.024413228081293
-18.016252486934814
-17.984824810610096
-17.98973230667916
-18.011146498526845
-17.998153645104658
-18.00333747839932
-17.99072873215319
-18.02484815965066
-18.012227625378863
-18.00315271226548
-17.998745716154353
-17.985204564448562
-17.959683346188807
-17.955227507825786
-17.95921158767253
-17.943776356775267
-17.895662529574174
-17.890645631689292
-17.877925573429945
-17.85519997701884
-17.852623833708822
-17.894820077920464
-17.910816098293253
-17.90536811432438
-17.909582428634103
-17.89623698829159
-17.883711936838548
-17.856962152115322
-17.867547227250924
-17.864197917972
-17.879244360470693
-17.823937265601277
-17.836840200434224
-17.830493073201353
-17.816708660029942
-17.822145568879513
-17.836367802232132
-17.865361102893168
-17.88409148817455
-17.89197761395541
-17.89639849440999
-17.887259247315146
-17.91301907723323
-17.93403441684914
-17.92672451083837
-17.904784034889204
-17.91387337347024
-17.933456069792935
-17.93170026629491
-17.900066930313603
-17.902786742632763
-17.88406652202527
-17.89313616490194
-17.897256621638054
-17.907450222286244
-17.927245901850934
-17.947046230676946
-17.930940588421237
-17.91113986562845
-17.930626681318593
-17.87433933165845
-17.87065305403678
-17.90225476852477
-17.871582150299158
-17.85953206315823
-17.837909784976663
-17.842166832089283
-17.858939066161597
-17.87505682269006
-17.867384352408116
-17.877125350932236
-17.90339782713452
-17.87903742747034
-17.879790930534146
-17.93149107318823
-17.954941421715006
-17.957264684312335
-17.98964844309051
-17.92668196876588
-17.901554960720617
-17.9046174807141
-17.914265463470606
-17.91031250231245
-17.911195182364484
-17.901533222330375
-17.87725952425461
-17.882609314563073
-17.89601743130873
-17.891563575796802
-17.898846462133875
-17.89752901010519
-17.875098968856033
-17.878537492406217
-17.898487440070028
-17.903139908397876
-17.91054763393415
-17.922348381006294
-17.918166896010785
-17.912910575304263
-17.912185111951647
-17.918472871323523
-17.894808214283906
-17.872022403371123
-17.868439374286005
-17.905226973347094
-17.89734498352859
-17.90886957595523
-17.90996828270552
-17.917070354325194
-17.937195386613766
-17.93239080837295
-17.996717748919593
-18.005095244776378
-18.00791225091943
-18.027589215032904
-18.030312135788122
-18.017876501889795
-18.03389077660774
-18.002161660934256
-18.020830444222003
-18.021238846553935
-18.042058802744805
-18.06713448070199
-18.075449519117413
-18.068359114283073
-18.037368313967708
-18.074503927569165
-18.044675014018072
-18.046181509635815
-18.025153943170615
-18.055902055878473
-18.07594752059003
-18.044790969704078
-18.01306500127166
-18.038144342604678
-18.05206175224675
-18.0057781251283
-17.982489014495094
-17.98655712432502
-17.993930757653914
-17.98539137947316
-17.970347517142518
-17.942831649785052
-17.94046514313968
-17.963210996248748
-17.93937754607628
-17.934992524987347
-17.94021227265797
-17.927813145863524
-17.928413606026616
-17.90891171762645
-17.91550971507532
-17.900944061698436
-17.890957199867707
-17.902454725102675
-17.88888836483971
-17.895890306784427
-17.909007702692524
-17.933732508487775
-17.933088251807295
-17.952153344860335
-17.938909429851925
-17.931797591897432
-17.958497089726542
-17.95435517034242
-17.973999985666644
-17.97737007190714
-17.983588634177504
-18.00227013964506
-18.01857063412954
-18.000214808353306
-18.016689124955008
-17.996177040775738
-18.000004541710485
-17.99090980969725
-17.97647802838677
-17.982732917815245
-17.971726911995766
-17.994205590503817
-18.00061779969017
-18.004045301610606
-18.00079954944486
-18.005852940497327
-18.01751706338436
-18.033438939331052
-18.044946242744697
-18.03526467296159
-18.015648659704684
-18.013728554195698
-18.033267613397616
-18.027562904557374
-18.012710310958205
-18.039860084731604
-17.98808384905664
-17.97058546293418
-17.986207586844607
-17.977940208980673
-17.967911840836962
-17.97235735559298
-17.97621810907826
-17.99109898499069
-17.983500521030617
-18.000990904043256
-17.969677455400205
-17.969638654765117
-17.97213990768399
-17.954494963969072
-17.94394680933918
-17.951148481812183
-17.93758073344467
-17.929513130186134
-17.919178574845358
-17.9204776019001
-17.94634128707224
-17.93911450290225
-17.957638218663757
-17.934135619909565
-17.94915295558107
-17.93174987242202
-17.920756803764576
-17.9139818810458
-17.917330022038286
-17.93525094294544
-17.920319676293747
-17.903530688978794
-17.910027154915277
-17.923038191240813
-17.951158361764524
-17.961522850448354
-17.947596727524914
-17.972407141471326
-18.004281879891277
-18.013816116323802
-18.018538893235377
-18.013567312681783
-17.999345953054824
-17.95607944874921
-17.952288129669924
-17.958227360992158
-17.958475926437554
-17.99704094713715
-17.997761165670198
-17.98904437916647
-17.982686770257352
-17.968096162798133
-17.982580829756994
-18.01344411985723
-18.019413092200352
-18.008638817727135
-18.03011416866014
-18.024035008595707
-18.00907791802555
-18.008579873502146
-17.998878590619587
-17.97877996402053
-17.945493247682123
-17.972162579795206
-17.97328736230655
-17.977763388316546
-17.944802400187992
-17.98734093435145
-17.99556019737114
-17.99967592374351
-18.01114887326264
-18.03747828153923
-18.05554841123012
-18.05589279319462
-18.046896285506932
-18.033126257038486
-18.02229100172893
-18.050802309573747
-18.024782916348947
-18.054716492979942
-18.04548700854322
-18.020560553570895
-18.01659074129584
-18.02839291556598
-18.04945945884159
-18.034640928907468
-18.047937828406383
-18.005946527138878
-18.0071403928622
-18.04639774432005
-18.071307845152866
-18.084222339319105
-18.116924306806368
-18.108291313138736
-18.101338055817614
-18.095349042002233
-18.09080625111598
-18.055624826134355
-18.034656584837503
-18.028996473505067
-18.03884802378925
-18.04214503597572
-18.016954260377293
-18.013837784987416
-18.00218290366035
-17.986923929400756
-17.951558079138252
-17.97038812202645
-17.935300934766413
-17.942406540178315
-17.936019752164793
-17.947433989498496
-17.967942381862617
-17.917063010101412
-17.902749595251493
-17.939507307234567
-17.965436783463886
-17.97648137077797
-17.98891526644328
-18.002359045151103
-17.96065039306291
-17.9577865298601
-17.95776132821889
-17.99504410377671
-18.007117896153357
-17.981734006704617
-17.965582772198715
-17.98499190471421
-18.0071959488242
-17.996446927314487
-17.976719090478895
-17.97894544053758
-17.98720371947039
-17.979414272024165
-17.99588305009823
-17.976631916939994
-17.952285012051757
-17.94948012984107
-17.95642134842657
-17.9859640873454
-17.956073624446283
-17.946565946620566
-17.95320980230054
-17.944750900999637
-17.934901106928187
-17.90635693185182
-17.967966971576615
-17.966556046179914
-17.963310151562688
-17.965342941072795
-17.990007044655453
-18.01791944323162
-17.980648963084374
-17.979635085477554
-17.945726384725454
-17.95765184684957
-17.96158165577086
-17.924403841294847
-17.89096764483423
-17.869424386436968
-17.83104144399118
-17.812704770532452
-17.81996372510937
-17.82617543573696
-17.844153768036076
-17.846185060376506
-17.844030158673704
-17.863419442307176
-17.892287516238625
-17.886997437587517
-17.873089551447922
-17.896538099630394
-17.883564212692345
-17.91106610638167
-17.919262163135407
-17.93505416683081
-17.981124762664884
-17.9642132387494
-17.99123463684729
-17.986901928841014
-17.99495697662396
-17.99158920125739
-17.991784604596408
-18.000311218428642
-18.00129336924074
-17.97674028447953
-17.970810561204882
-17.976523948363738
-17.978301133210632
-17.988868206808736
-18.000923065999295
-17.995267372799695
-17.989451176531123
-18.001302993483296
-17.974628296257467
-17.990352588387168
-18.00832656452934
-18.003331238837188
-17.999499069936522
-17.997428762010244
-17.95781037596887
-17.980954112621518
-18.00172340494749
-18.024317332611215
-17.98902393399688
-17.99057311799395
-17.97276147249664
-17.997301458772682
-18.013640325094507
-17.99306086423253
-17.9858582809675
-18.002294375369985
-17.979700569507035
-17.97842727998646
-17.973473625230586
-17.964546394509302
-17.960756610351353
-17.958813203537957
-17.95595176406918
-17.914400601157887
-17.914849124109814
-17.90395599878851
-17.90586457966421
-17.88465892594338
-17.92134834966772
-17.943050996260475
-17.981498014633477
-17.954924786741117
-17.99152401050694
-17.998638726810743
-17.984318043363412
-17.993327876635814
-18.018159551145732
-18.00194692159116
-17.997326011049402
-17.980051147503918
-17.9749811151373
-18.01068863889625
-18.01526199484215
-18.029704818542527
-18.030828053369955
-18.07098475624516
-18.07895567290547
-18.0652832117519
-18.050053407933383
-18.0550119465489
-18.01979749687138
-18.0226520127108
-18.04087328336484
-18.031068872006163
-18.047584675926082
-18.04221169693514
-18.04744484586043
-18.02479336777417
-18.039872705501246
-18.076843898138577
-18.091561495862177
-18.096217851719487
-18.098083217054384
-18.088852883522932
-18.071241831946143
-18.058846661634753
-18.05181205255724
-18.05713446357129
-18.059628024116815
-18.05850976381172
-18.06280927124567
-18.04880020315642
-18.064863987691815
-18.022744566398895
-18.047951746499546
-18.075602019780014
