-18.075602019780014
-18.077292009870114
-18.03847981725728
-18.038768299646637
-18.017993152809126
-18.053752037749717
-18.035814169071323
-18.032755952555807
-18.081163713708914
-18.088384058945103
-18.086661822002256
-18.085979031657732
-18.085354303743006
-18.08251732854004
-18.040901848895096
-18.031714768215966
-18.049982194963576
-18.02900263103842
-18.037092038741694
-18.039726267529378
-18.03155453882551
-18.067363626766873
-18.070737257986906
-18.086817970220878
-18.097951712764846
-18.099461423452063
-18.088537479712386
-18.106707020478776
-18.122975250729162
-18.133697182341084
-18.146272935969492
-18.158103037454204
-18.144317093774315
-18.17537268475112
-18.185717065159412
-18.207507943679673
-18.197320106710105
-18.201475275690473
-18.2159922484084
-18.246945317243867
-18.221317669497346
-18.21535219058626
-18.244762880908368
-18.22532643103085
-18.234211700450594
-18.23030246038818
-18.237236417168926
-18.246052978315525
-18.23480086096569
-18.206677045709803
-18.19094867619505
-18.163862925518398
-18.157244655272795
-18.18121842333012
-18.161677180644617
-18.17301622112351
-18.19528854756979
-18.188144411906556
-18.185689826567376
-18.158658210847072
-18.175784760585643
-18.164150632568372
-18.138085794623343
-18.125475111273733
-18.11907530883416
-18.11503697219662
-18.11586626692328
-18.11451217803339
-18.139640443009384
-18.138079212194192
-18.13348508683767
-18.134757137010592
-18.123453913432986
-18.121456247876043
-18.12529375672146
-18.116567240219265
-18.120973608854637
-18.12381999251391
-18.073936267990103
-18.039349487756255
-18.029576371204236
-18.038814138796795
-18.051955576376727
-18.067463758884212
-18.09817235379365
-18.07744535051186
-18.077643149246054
-18.07137596673653
-18.072925745222875
-18.079848817477647
-18.091371745460638
-18.086262163742933
-18.10944069290737
-18.089544399033276
-18.083511637666547
-18.07964427037142
-18.072816031621848
-18.059651368312302
-18.0420610720873
-18.061642540660177
-18.100477258636488
-18.12118048069576
-18.102846628671116
-18.10591754429727
-18.096954004802278
-18.080803787982248
-18.09141727982423
-18.106148436446574
-18.1400034906445
-18.165084742070995
-18.144081507277296
-18.11809604997488
-18.113048447900184
-18.10892737335636
-18.09807456070962
-18.10096058119913
-18.09275739737381
-18.103013768114558
-18.13135115316719
-18.14395947650195
-18.136901005043267
-18.1386451452809
-18.134776873127638
-18.15073520398176
-18.154173392831567
-18.185673130250255
-18.18437643250447
-18.16700450068654
-18.18512382326511
-18.181258770980882
-18.189553785658365
-18.157429405288706
-18.139960928879418
-18.12912128888887
-18.125051420887328
-18.152880982040674
-18.137819137868853
-18.11411263414328
-18.12268330397946
-18.124623211297134
-18.14802171255079
-18.15836235264516
-18.152865407471886
-18.15191868832679
-18.162154184388953
-18.15148336766981
-18.155044892637868
-18.170787286373827
-18.141886363296443
-18.14409039282842
-18.122297691331454
-18.11307528047343
-18.111714659073677
-18.096100380414565
-18.09201073296865
-18.074368206929602
-18.058868620959387
-18.050250553907567
-18.028528605979517
-18.035346811111793
-18.020438001637128
-17.990343568242665
-18.01189532152132
-17.975142194311214
-17.99017585934637
-17.9586064415752
-17.934915479071517
-17.940002064190743
-17.93701898333458
-17.949554223919808
-17.967995273781156
-17.9643913769797
-17.940929942016858
-17.970000920926005
-17.973560274055494
-17.959810376931344
-17.988731436104537
-18.01182259109956
-17.996603180577026
-17.986617104168914
-17.996378923384977
-18.00376125295889
-18.03734790632997
-18.063493640821317
-18.071319972667094
-18.070461177035902
-18.066336392510806
-18.081323063800312
-18.08801015304557
-18.097159859079973
-18.092559669636632
-18.046213180818864
-18.05169567121607
-18.001094740003676
-17.977641721194264
-18.00017334374907
-17.98864889690595
-17.996721457533503
-18.024435479776084
-18.04675088233794
-18.025167813188926
-18.04543437353779
-18.043041213602773
-18.04472648220265
-18.036866817423725
-18.012711159039643
-18.02270706072571
-18.043364635997936
-18.025503846200937
-18.013081770046707
-18.008524179978807
-18.02536004070674
-18.012579571470333
-18.015046498201322
-17.9901693628929
-17.99695675539006
-17.95930188933059
-17.955176760053988
-17.95759220221748
-17.976503440884233
-17.974440403193856
-17.94907039291773
-17.945638929401145
-17.972617929950182
-17.97498353112872
-17.97001375803059
-17.97705181064576
-17.969259405323864
-17.975899001291367
-17.97464772378779
-17.989131520367984
-17.97801369908838
-17.976776553138013
-17.981555447238396
-18.010289237078887
-18.006069769216374
-18.020801543363937
-18.01646662818212
-18.016108520954
-18.015820449460502
-17.997579518668825
-18.02914620626316
-18.040488697400487
-18.040943847981865
-18.021195618490616
-17.995062738797746
-18.013108849282176
-17.97357371012551
-17.97675956731558
-17.97299694670953
-17.989210140585094
-18.01446507844992
-18.03493802941522
-18.022857077436473
-18.02517435830037
-17.98740129301213
-18.00165828028565
-18.031210139219162
-18.01489352685341
-18.024261589064285
-18.018955954287904
-18.0123208236354
-18.01493575669625
-18.02532167836027
-18.018856910910056
-18.027670462092406
-18.056147607002597
-18.076323911937784
-18.054177189909534
-18.049505904728683
-18.088428341821686
-18.123420673580117
-18.109534866186575
-18.09966018313974
-18.072890580742474
-18.075582335582347
-18.070599752007464
-18.081636273930233
-18.08455205458446
-18.091562681845947
-18.08286359154856
-18.084591833982884
-18.072716140456723
-18.033250417355756
-18.019145247460628
-18.00156665157212
-18.00643068425868
-17.998118318723986
-17.99884202644493
-18.01967042044696
-18.034242044727794
-18.01765816604394
-18.043241047994346
-18.034212493231614
-18.041091548017345
-18.07221670506308
-18.025963540398365
-18.020720343810453
-17.988410176381187
-18.004546575879456
-17.984839904369686
-17.978033498897144
-17.98597429120938
-17.99580206272409
-18.029495691676235
-18.045102062715966
-18.037239450835056
-18.04273119747986
-18.073058649231367
-18.080346226121325
-18.105642810956304
-18.06774042620728
-18.065379711686656
-18.074807694539093
-18.068082407210806
-18.03883627782057
-18.033391063878607
-18.04639628665013
-18.086084592959594
-18.057421620646224
-18.053540420752654
-18.069975597012085
-18.05976142302603
-18.068536117000274
-18.039947878360053
-18.018301633028074
-18.014357601463757
-18.00497869991647
-18.01490091280185
-18.02252692957454
-18.0593175069296
-18.047502861059215
-18.051263462757866
-18.046091174036444
-18.042719448179554
-18.036333492330648
-18.048377554536394
-18.040087697134936
-18.048210518234633
-18.045604612277778
-18.012504319991685
-17.99666610209685
-18.03860115167842
-18.044187398823905
-18.060173824477225
-18.068118941970162
-18.06354816103951
-18.043151093728305
-18.042926800957954
-18.054142311499415
-18.069408066672317
-18.083604117437492
-18.09173484014507
-18.06802843984053
-18.040835853027307
-18.039010087224373
-18.02773202941248
-18.057461625010134
-18.016080041701468
-18.00108328447171
-17.981453834748304
-17.950689991334713
-17.95092410258621
-17.930020122180228
-17.929510112972117
-17.943472847602983
-17.95807344876065
-17.984825283382428
-17.999384169346758
-18.018120694162114
-18.008572912324336
-17.99737563299431
-17.978660969384986
-17.980119338534696
-17.96078880130492
-17.99149214567115
-18.00956162334258
-17.984239240237375
-17.993948398320335
-17.988341017066418
-18.011962098569516
-18.038361971412385
-18.05749562431653
-18.08264282784275
-18.071024502182933
-18.049950826554934
-18.059966687130164
-18.084194080648388
-18.10757050345713
-18.09583410806412
-18.104733257229753
-18.121813754043625
-18.096182083192982
-18.095958088318735
-18.07608623254728
-18.07837403641908
-18.10781478719972
-18.09763782093453
-18.077890207184264
-18.110272417341527
-18.107072545532304
-18.08184156694884
-18.076235999801355
-18.104059569367173
-18.102990235697785
-18.076905491937783
-18.04997710232812
-18.048080169397995
-18.07958853357285
-18.07314468585317
-18.07896853251428
-18.104882894056487
-18.100352279842376
-18.074987749751955
-18.072654133424148
-18.085743138046904
-18.084446032220463
-18.089784872295382
-18.118471696555925
-18.119023610272283
-18.10082629765135
-18.0851956090611
-18.08617285435809
-18.103826147933436
-18.109277573014612
-18.115256392950002
-18.151924062431807
-18.15027792925127
-18.163516423269055
-18.168106182699734
-18.18128050071893
-18.16246521902532
-18.18407487856375
-18.170820265072784
-18.192105519095882
-18.19043445756394
-18.200407519696014
-18.20618485050303
-18.18054454248094
-18.186079747246843
-18.208688641107777
-18.206192467123522
-18.198393899322188
-18.21614692090004
-18.17406392092953
-18.180632626712395
-18.21352411117199
-18.211847666718093
-18.21155273809975
-18.17855692866029
-18.147845649756878
-18.174132191353248
-18.157940331379326
-18.146929966609207
-18.150867747796916
-18.14568456345636
-18.12616764487502
-18.116193568534552
-18.114267142174267
-18.107864844375193
-18.099657598291085
-18.080017600631464
-18.104384611931625
-18.123207065208113
-18.135762052483614
-18.130121936380963
-18.099915833619065
-18.08211278524938
-18.08491228999365
-18.104171226246635
-18.0988408819821
-18.159863438155444
-18.162360022852447
-18.142917580847847
-18.128011796248963
-18.152137260244455
-18.201679668670057
-18.217464684479076
-18.208018432426655
-18.20658305508033
-18.15241521841176
-18.162835343401355
-18.135693360196395
-18.102723311789994
-18.113918759813576
-18.10319447164273
-18.07150186102417
-18.037033005545794
-18.041287099907446
-18.07131570336171
-18.06528925303239
-18.074838294028336
-18.05640868265305
-18.05177800928443
-18.06463430037457
-18.070053276468563
-18.089309947409287
-18.074426734792933
-18.12080487024972
-18.097174615146418
-18.134475360967848
-18.126826263668818
-18.1370495401534
-18.172565039553234
-18.17414250783521
-18.17072372077656
-18.127811476625265
-18.113309816548398
-18.107846722182092
-18.112256247432615
-18.101087241467205
-18.04854536493388
-18.078110940557178
-18.102596542645472
-18.095855996698408
-18.109772281413274
-18.116993455034944
-18.090292605194524
-18.08678905265249
-18.07802172692086
-18.06448603257266
-18.104505664697186
-18.106116810135056
-18.130318310096136
-18.135187275001968
-18.123933415354692
-18.150416465698687
-18.11065715141397
-18.13329384279329
-18.139561257936247
-18.1634100176343
-18.177347286969937
-18.182297721558715
-18.169353028501835
-18.16694017233948
-18.17142583443556
-18.16179088291691
-18.16243519384699
-18.16718795071105
-18.18066179213585
-18.198685511389257
-18.20161333244096
-18.191405504444354
-18.1804185121858
-18.202944126902537
-18.18670862022645
-18.17631174466952
-18.169224278731726
-18.14719789266425
-18.14583932136445
-18.137633559097388
-18.15059502807897
-18.171212882749025
-18.181356202769194
-18.1756766778122
-18.206268888422457
-18.18042813122271
-18.185846556240104
-18.182985692729073
-18.170055993655215
-18.183003300035868
-18.17155043219638
-18.133487543240207
-18.110685559500677
-18.09296003306599
-18.068250698731532
-18.099649943001964
-18.130321170339577
-18.11627845577005
-18.113919927369356
-18.099063064846582
-18.08286662835769
-18.099364404939326
-18.08839804653712
-18.103535056339027
-18.064209156441486
-18.039737597125335
-18.036845934068932
-18.039674449892452
-18.047504836427265
-18.047684132770694
-18.04345307184717
-18.02699678231114
-18.011230234833896
-18.040744372573172
-18.02522260776474
-18.005795299470215
-18.00804747497134
-17.99629840693542
-17.987115075097787
-17.970875823995602
-17.98187522872749
-17.977122884748667
-18.00681430094943
-18.004530443132065
-18.026885321990505
-18.02472884074049
-18.02802763552549
-17.99726316429739
-17.984153636772902
-17.99265196109461
-17.964692395194383
-17.967457207083008
-17.96380064695521
-18.008556957964547
-18.024741830784148
-18.01762761072168
-18.036313594673032
-18.040462531398784
-18.084936699042487
-18.07341238279219
-18.084184841790858
-18.082988397585304
-18.070814311698598
-18.04946486747382
-18.06985995224737
-18.080177627636747
-18.089537349797038
-18.06281128636884
-18.026965220715894
-17.9950591310004
-17.978410290697564
-17.96582171782317
-17.96224573379668
-17.95340910173922
-17.919859014262308
-17.933542083550936
-17.97240614321203
-17.94594458901507
-17.96901354941452
-17.98856785581771
-17.97857923675258
-17.980243683116683
-17.987609386064943
-17.977692862838072
-17.99037189679522
-18.011179873545952
-18.00449065934216
-17.998088412301627
-18.00707636592353
-18.009073742028296
-18.01145856838561
-18.02039614839776
-18.016555354007657
-18.02741935845549
-18.014620465896687
-18.052666036673926
-18.05176389786435
-18.06720215545053
-18.023852388927338
-18.058620293927298
-18.072118999965852
-18.043139798580555
-18.03775129907885
-18.047714088000767
-18.027171711449444
-18.037078629607304
-18.028156357550845
-18.025683185858973
-18.001201653691055
-17.99437703947282
-17.971052213687187
-17.982017946838617
-17.992516172114264
-17.975400399193926
-17.95073397449907
-17.989786262671068
-17.969240649856175
-17.968535149720285
-17.986674803763663
-17.994919953996938
-17.997552881465843
-17.974910259731846
-17.944588318581317
-17.97235666124681
-18.002275942623417
-18.00143274477161
-18.024436233400355
-18.015826271024267
-17.99484829824277
-18.012387843003754
-17.994500386943905
-18.004895232205104
-18.00948908154041
-18.026137306982577
-18.013950986620603
-18.002972489574674
-18.02733531409821
-18.04145349619432
-18.014174067360862
-18.01749635872579
-18.015065983734825
-18.005237996983418
-18.032275935659296
-18.03564367908167
-18.009730569761373
-18.021258307473474
-18.020834364261404
-18.041389419563746
-18.04854148461399
-18.03685948975225
-18.025542255014912
-18.026701931999526
-18.05254810791519
-18.034514145514848
-18.033659995913446
-18.05959728380235
-18.06061683018333
-18.078015833790673
-18.07489673164595
-18.064028757866787
-18.059723236713374
-18.059106975135006
-18.028199919328696
-18.033124484986534
-18.03285655275322
-18.03586104379655
-18.02480243267638
-18.030922517959972
-18.04608328602037
-18.039614880539435
-18.021679612581973
-18.02946100433156
-18.05026499989048
-18.039147174008118
-18.062124602767184
-18.024863927277472
-18.002356839973796
-18.01919781572401
-17.992588342037095
-17.999607605212034
-18.01189480877435
-17.98494376150607
-17.979814604698294
-18.001505400299713
-18.027859350994106
-18.00222699763332
-17.995024330332722
-18.004954427526116
-18.009647530864207
-18.030617146151467
-18.0370309423151
-18.01312062686839
-18.003747642084157
-17.980717449760625
-17.989395899753173
-17.973685504876503
-17.954342627306456
-17.962720575135748
-17.97079933305642
-17.97622883636735
-17.970958398281798
-17.945842425621894
-17.93888527169933
-17.93732463296538
-17.928815810708205
-17.938140040598405
-17.932723732658662
-17.975483632159687
-17.971268293473212
-18.005819977598154
-18.007376215388504
-18.00851118397186
-18.0293151959351
-18.01585143780039
-18.029127906476425
-18.00609978890415
-18.02830739970705
-18.01977374448948
-18.008338880897146
-17.999714043776056
-18.003727249418137
-18.002028512792126
-17.990092925297823
-17.987091931541965
-17.987131893375025
-17.971068534526967
-17.95786238421935
-17.938399239202074
-17.948139963059713
-17.947802460665944
-17.97326874556553
-17.94211064142794
-17.93739811456927
-17.942865112095927
-17.931170908633472
-17.919596181445733
-17.917362496536306
-17.916587280571033
-17.94502556044216
-17.95967603507518
-17.95757499147756
-17.977068304901184
-17.978403220271232
-17.97193758937054
-17.925860725916213
-17.926606732509835
-17.922404468007134
-17.990598114828572
-17.947937460091666
-17.959369163863354
-17.963576507316304
-17.965330194101387
-17.952410343783445
-17.92283118548236
-17.935231822045864
-17.942507134538868
-17.93142385848904
-17.91796710554679
-17.939554413684622
-17.93479749749694
-17.926998650099883
-17.90187660345188
-17.914860675772072
-17.909226566637905
-17.922426055263593
-17.914049847444762
-17.904798477301263
-17.927084902688627
-17.934915699269716
-17.929697710241133
-17.92816873366375
-17.915198022247896
-17.921649931393866
-17.873626724611626
-17.884365581744323
-17.908200165858663
-17.893571184326483
-17.88530275452925
-17.94062828971991
-17.946906480487417
-17.93887317136948
-17.953521096084422
-17.966609351968284
-17.93370494430563
-17.920447628847185
-17.930145647437353
-17.927122456122895
-17.909181323575933
-17.889390368279976
-17.90894455245522
-17.927935084628263
-17.920572223613366
-17.93175500725855
-17.913157549283866
-17.916515593618662
-17.89784636697396
-17.895325832270945
-17.93206281874146
-17.93239293369864
-17.935095396677585
-17.904092154073567
-17.907739950895685
-17.891378071299197
-17.877567862569787
-17.890859271242526
-17.91498604329576
-17.892562802679407
-17.895680298071763
-17.874080030072932
-17.904688814738
-17.89272629027704
-17.922886808005956
-17.911449081988327
-17.90691400043773
-17.925446738306317
-17.952516450361493
-17.98292787031924
-17.98089783377235
-17.945637774558968
-17.967072087086816
-17.95889366430365
-17.967782534433855
-17.957027320371235
-17.964765769278507
-17.96338452718052
-17.92869269862241
-17.948833818111204
-17.98582956255711
-17.98829189050395
-17.952482380561943
-17.9288649248999
-17.915027235573206
-17.923011723234122
-17.94363454419117
-17.95581837569984
-17.970629775019887
-17.95512010579806
-17.972525644892574
-17.9491971092496
-17.974102139890054
-17.959208820014595
-17.98183176657373
-18.008047733516282
-17.97988618266183
-17.971722145865563
-17.97585246603313
-17.95616619057161
-17.933988207529445
-17.913488131376752
-17.92589354180241
-17.92313888770945
-17.9277554448018
-17.941808382677266
-17.936707415688897
-17.919538577519994
-17.955053378475068
-17.962952287476664
-17.949868595937083
-17.962357755184463
-17.960554247456045
-17.97789543691561
-17.969469451692724
-17.97718152600631
-17.989016158491843
-18.00618641014828
-17.997212025658875
-17.98104141347772
-17.97331389043171
-17.991333347288965
-17.96466785726965
-17.97416141988018
-17.976652721749467
-17.98661601200601
-17.998388051727396
-18.011360748842144
-17.96602650703857
-17.945742911069477
-17.948516290072572
-17.956097911585676
-17.948614832550884
-17.946750315494903
-17.95327044136996
-17.942440638745882
-17.947080844714023
-17.91186792128881
-17.93127894916787
-17.962909224226788
-17.95062418607909
-17.908908452245573
-17.931475459276
-17.90490092879207
-17.929797439306522
-17.97259459790138
-17.965411144092897
-17.946289532930606
-17.92900849614054
-17.924339453677927
-17.944014557606547
-17.914843901148227
-17.913371274161054
-17.917450155600118
-17.944680022520338
-17.90974826064102
-17.908588547358985
-17.90253787794199
-17.882756816483354
-17.88641038811444
-17.907133923279275
-17.91317387961575
-17.90455077693309
-17.912988127130387
-17.895805182879293
-17.890621891770202
-17.896876335125654
-17.90365477115087
-17.886129020827276
-17.86852316910193
-17.870783071196154
-17.8511926057114
-17.842143104368073
-17.82814790921669
-17.80199292024034
-17.773870398679676
-17.791940691271744
-17.85761104879861
-17.81237405408618
-17.812946936004504
-17.843381651410482
-17.865280911985508
-17.84755125099023
-17.861777480131636
-17.86477341357132
-17.87365340346132
-17.858496858337173
-17.88594581160186
-17.880724787248493
-17.84947132801382
-17.8562083340463
-17.8361403759332
-17.8439166387057
-17.89315878887116
-17.903632959203208
-17.937541238790093
-17.928194314119985
-17.918747686409635
-17.914671387862906
-17.93914164541055
-17.921399968007606
-17.93128100381113
-17.94449897835512
