-18.09450489620598
-18.011953919828503
-18.020549178447045
-18.02190439219136
-18.039621199644206
-18.009898209923694
-17.999185886148943
-18.042575546278044
-18.032862800560224
-18.020861946425853
-18.027567724777285
-18.071995806284573
-18.06418098506102
-18.037910850416083
-18.000676439825014
-18.040141615791885
-18.05478516629293
-18.09624315315957
-18.035277473660788
-18.091558944525033
-18.08092497294203
-18.026405161464062
-18.015376072898125
-18.03500291716632
-17.982514686325413
-17.979208209329485
-17.938427242283513
-17.949940623807674
-17.97668566937607
-18.007806598101922
-17.98140143470656
-17.978930380895612
-18.020658543305817
-18.084328385314734
-17.98204779085859
-18.009246522758147
-18.037316166155
-17.990429609928952
-17.99616832945086
-17.995296021797852
-17.980889508319443
-17.97744393617122
-17.92409839255838
-18.01462470326294
-17.959219802505523
-17.988564298833428
-17.99915869174658
-18.03235248340847
-18.04985628990182
-18.047257099814264
-18.045849608267257
-18.031048862487207
-17.95989726945013
-18.025128247669443
-17.99364480524143
-17.982443328854476
-17.977192432481612
-17.987306547836322
-17.970798641832374
-17.969890355036586
-17.964402738518125
-17.988987199848346
-17.948013916112938
-17.941817609864785
-17.94466687602241
-17.971671876767328
-17.93366427715591
-17.941766043784963
-17.972137173297813
-17.94839328404489
-17.935453881512363
-17.89975742265858
-17.874389798591512
-17.863473555175997
-17.91140054291134
-17.85300972225559
-17.913375813581236
-17.97061472529893
-17.98100731291517
-17.99864577683069
-17.961040143465553
-17.986433010666417
-18.060955883234364
-17.992242996942057
-17.952415736528685
-18.01065477855318
-18.017015092758545
-17.95038475434467
-17.992964891626738
-17.987382975519527
-17.987854171791195
-17.99136956701546
-17.961900070364482
-17.915173918449906
-17.943156198175032
-17.910842394717204
-17.916906966402646
-17.950388693895025
-17.960758581534044
-17.878921550873006
-17.871929281978264
