44.0
43.64511768058554
43.26280281740385
42.84152852868749
42.40511132411721
41.92168295485327
41.38860455835905
40.8531966737115
40.27372049370363
39.66258710848544
38.95758008506057
38.23459043633965
37.44882380034282
36.668572081530215
35.832171189396625
34.98691958790024
34.01952317653961
33.057897914086865
31.988334647244663
30.950083407564374
29.8510245159294
28.775584422054347
27.672836160677523
26.503131347513495
25.34203423400057
24.093754877437686
22.842519732270308
21.567139520840517
20.319781310602185
19.04063090156986
17.77963437310867
16.54966249154895
15.320583471507556
14.12217134737502
12.907277320271449
11.75270685669392
10.58288841199784
9.474020514419859
8.327119589781942
7.279475844673873
6.227851245180649
5.217956037745299
4.245966394470759
3.300173209931919
2.336546669515011
1.425934155985733
0.5788241690787631
-0.25270166789915577
-0.9615325028375951
-1.6606764389834283
-2.3533696521261986
-3.0316299794654293
-3.662611226605113
-4.273812501010739
-4.778350384172415
-5.309603410395451
-5.879180255268667
-6.399963087053452
-6.825129521126284
-7.245683178714087
-7.6808391122125865
-8.067133359972997
-8.461432849001813
-8.817976384848533
-9.164384134720736
-9.469355708434689
-9.770604820387907
-10.062218148963009
-10.306411969102196
-10.540245956538596
-10.79728862358254
-11.057737200487809
-11.306100959835595
-11.532609609224167
-11.728797043896325
-11.933311647617234
-12.08579359699992
-12.281741877038474
-12.435035212571115
-12.594751873272097
-12.752709854828788
-12.896143771109452
-12.991718100331989
-13.103111150418567
-13.230002448475735
-13.370289658808614
-13.48615376330173
-13.591742225314333
-13.647382964368203
-13.755606972244735
-13.829713017429789
-13.887069573997177
-13.976216755598438
-14.065542601280697
-14.122516128471766
-14.209181081018027
-14.27123571833374
-14.323730702828133
-14.384860140566305
-14.449504772833956
-14.508011667303496
-14.545259628731445
-14.595998262459645
-14.679948556094525
-14.727718031140958
-14.771325191900736
-14.80997852920364
-14.853294220858226
-14.910218791277526
-14.946154123679422
-14.992698733099427
-15.034430625901672
-15.101135496650192
-15.154227306874875
-15.191377845028393
-15.216862222693077
-15.243557334258258
-15.276994726916845
-15.288929954731984
-15.307905804251385
-15.312985761789115
-15.342650048106835
-15.372199069179459
-15.437832927294615
-15.458850060238362
-15.478247093237155
-15.514838353703468
-15.548370989981136
-15.56840120238993
-15.600250082515396
-15.633665351090446
-15.684495754133303
-15.710584642727982
-15.723656637638737
-15.748491218140696
-15.793056630329781
-15.816757396977083
-15.839025350271312
-15.8618700991195
-15.866305997357994
-15.893144399691336
-15.88993794176664
-15.911058171639125
-15.943781472308133
-15.941088285500879
-15.945932132219989
-15.945314541535934
-15.951567492614245
-15.979530449378808
-15.984647027714638
-15.986670803754668
-15.991857465910494
-15.99772850102975
-16.005843345715963
-16.01630075850036
-16.017338869914784
-16.038427888707538
-16.055255391594272
-16.06173150531075
-16.077504604663222
-16.097135511238278
-16.10899271819838
-16.125852597311024
-16.140016814465508
-16.130858886133797
-16.137380491271525
-16.140542632374306
-16.162030430222842
-16.183000375966923
-16.192955255965366
-16.170614179003202
-16.158703419477586
-16.17852380940402
-16.194435970470717
-16.214732618612782
-16.2072078689219
-16.2042050462484
-16.225616452330293
-16.232253168093685
-16.237728388562978
-16.25099640468129
-16.250388865154157
-16.255001961133495
-16.254260356172473
-16.250133531727815
-16.281329013580127
-16.28159375254
-16.29264419084473
-16.305652968404637
-16.31028628750772
-16.33081946729874
-16.326929371043445
-16.329081195491714
-16.325819670821346
-16.331166356070383
-16.35285172197607
-16.353416377929747
-16.360212921425
-16.365524359000794
-16.37337482441945
-16.37103511359117
-16.38038712323911
-16.383012064038166
-16.3885819432606
-16.363496698362344
-16.35696961496164
-16.350861519878805
-16.3644028062278
-16.36995250817866
-16.372700055766362
-16.378290061650784
-16.396154963265385
-16.4048380389615
-16.395984796771994
-16.419002112834477
-16.431472995119393
-16.42096745086967
-16.415141493923496
-16.406812550464377
-16.41011372686095
-16.435252324067566
-16.436536429584503
-16.470856306426953
-16.480069208819
-16.48008125006828
-16.482568279024942
-16.497582330628802
-16.496510940875194
-16.483391419165937
-16.47844486128833
-16.487926609698324
-16.486685214811875
-16.472139383174216
-16.471834592442196
-16.45519040312598
-16.45579035523204
-16.465759354788073
-16.463161252416306
-16.46422573050916
-16.467560832888196
-16.490117526132664
-16.486586903596358
-16.48682474767916
-16.50486756535842
-16.504773477444786
-16.49416277014026
-16.488654504376978
-16.500100257223092
-16.514814105739312
-16.494284039381785
-16.508506651781452
-16.514741076785725
-16.515264050525413
-16.52816040659765
-16.54379338288372
-16.552379834459614
-16.548399833854333
-16.555662939067712
-16.551519191675947
-16.554524511277293
-16.55503721434673
-16.554351997420614
-16.564848030231985
-16.573875761112227
-16.57854221279448
-16.569558657222164
-16.558856720975765
-16.56678388032192
-16.5688320005604
-16.565331987735807
-16.58365125722381
-16.592468438520477
-16.615309510410132
-16.627254542066645
-16.6309580321169
-16.641666383131444
-16.6542610893685
-16.663804203476847
-16.645821528210284
-16.643187139930234
-16.646637729718616
-16.644861717790203
-16.645922956954795
-16.64965824409345
-16.64757238218851
-16.6631630643082
-16.679729241405482
-16.68460887932398
-16.69941503862738
-16.702948975585677
-16.70128767439537
-16.70178715990761
-16.719170879662528
-16.747340198961943
-16.744495596150816
-16.75182459244747
-16.732656044283168
-16.724084075083113
-16.72779831616854
-16.719329384936724
-16.72389529298862
-16.705283730856966
-16.71695657962072
-16.73466212778758
-16.730665601932408
-16.7372754260255
-16.725515142102072
-16.735652214706516
-16.73076611636923
-16.733480894979557
-16.73940086875671
-16.73228243773429
-16.71664128344027
-16.7388607793567
-16.748437762153788
-16.74824812788664
-16.73867152774295
-16.72455898595264
-16.743903969206794
-16.755804257499157
-16.768146001062846
-16.772940622815508
-16.78223421730328
-16.78817733175872
-16.79405877174877
-16.789250459502814
-16.781215880864732
-16.775816805837877
-16.770023852505894
-16.758708970584397
-16.743278805275963
-16.75372244786105
-16.753073811944144
-16.74801898062019
-16.756282829389257
-16.74746608809724
-16.762685154186453
-16.778922171968116
-16.752982958036753
-16.753123310306027
-16.747567242921715
-16.741851127414133
-16.734408262138974
-16.717022299918376
-16.712730172184312
-16.71984963789455
-16.696611887267895
-16.703668326205225
-16.690649927005094
-16.715395267418607
-16.709220314646938
-16.705141139174593
-16.706592089604996
-16.717171296413838
-16.730824691282283
-16.757222022831176
-16.763013482536866
-16.755309383813525
-16.761107289573623
-16.764348694009403
-16.79039625277375
-16.80817128946619
-16.816609092579174
-16.82599352387419
-16.82739950038622
-16.83362844936756
-16.820182701161293
-16.826015554033177
-16.83876621614715
-16.83761245947392
-16.84234891722098
-16.84638188934651
-16.855590616476924
-16.845492040160753
-16.82365112542541
-16.85089338943221
-16.835115841753687
-16.837677500943013
-16.82615178786406
-16.82432769591131
-16.817939853376405
-16.8211254393169
-16.813038003124028
-16.81040790534503
-16.81125114349832
-16.82759962186879
-16.838904578871134
-16.85718986495293
-16.862255239859387
-16.86356551248147
-16.854188127586095
-16.852594445147453
-16.849517107084196
-16.850696599016274
-16.838219429795455
-16.845105539238837
-16.84548468594853
-16.838263599134983
-16.846563994913552
-16.86406120058353
-16.85507793168533
-16.85122350106718
-16.839349746350738
-16.840922674026874
-16.82633414051705
-16.830012559480533
-16.832430291599973
-16.853773557033133
-16.852931401180896
-16.860748794607233
-16.870432016702157
-16.877931034282817
-16.895614300321082
-16.88276960255481
-16.8660568035987
-16.871868096105242
-16.8953419230234
-16.885111756469232
-16.879767227793845
-16.865357840728763
-16.865941400992273
-16.883397081047523
-16.884525544969918
-16.899841545525586
-16.91065047623166
-16.91357752972123
-16.929349340324922
-16.927384909735224
-16.942132557034157
-16.93687445470594
-16.937843478442925
-16.93621326501388
-16.917585251122574
-16.92490344172858
-16.927042445377367
-16.940267442342765
-16.937042830105554
-16.95448426481236
-16.959120264824758
-16.96376891969588
-16.976691863241587
-16.97340189550462
-16.94450162737683
-16.930332924291648
-16.93753521714175
-16.935623102050624
-16.974258644514197
-16.992106438624038
-16.98585857448694
-16.983195066901292
-17.002909699875186
-17.017455448285716
-17.034841515637467
-17.01152848874561
-17.014892066119547
-17.04590680696902
-17.036272111760063
-17.02506296918174
-17.020494221874472
-17.01665810057499
-17.001673249793523
-16.985663598849314
-16.998924462073347
-17.016728788166457
-17.01556011394245
-17.028204768509628
-17.01377524833155
-17.011118454993767
-17.01750783978036
-17.020772286534218
-17.03449437685412
-17.020651588377493
-17.036847249991883
-17.015838148795314
-17.01379382250159
-17.01779117847797
-17.019908017924212
-17.03502928238351
-17.0350295290084
-17.042953471585243
-17.023931675479435
-17.024638793380557
-17.012110801269895
-17.020550443612247
-17.048367245484226
-17.039771940904412
-17.065475723157718
-17.06493517889175
-17.059803603493975
-17.060690859096127
-17.070675345471354
-17.068068058842716
-17.072335476245694
-17.090060729196797
-17.10380357320492
-17.10280266354736
-17.10068332216251
-17.101099507174467
-17.09621608101607
-17.095954101964693
-17.090750890571922
-17.085588764456546
-17.06568713919278
-17.07413914127051
-17.06971677054032
-17.063021286944654
-17.028653446617106
-17.02863751347969
-17.01195244770492
-17.023298913486542
-17.01372189338484
-17.019076434759388
-17.029942247606353
-17.02375969915484
-17.018452477925777
-17.02831880044919
-17.048923206989155
-17.034576157313804
-17.03213904222493
-17.02737378036257
-17.00148136086827
-16.99467744977091
-17.011223651202254
-17.01004219644748
-17.02579353204786
-17.026191564211942
-17.016281138894023
-17.00633857007225
-16.998238894882558
-16.983745718715777
-16.981432266724774
-16.98370865413801
-16.97412902819533
-16.954274213090297
-16.95863389757599
-16.96523640028649
-16.97316702691114
-16.946888729456766
-16.945035823929874
-16.955104611847794
-16.96450487911478
-16.99018222436923
-16.978230638419248
-16.992228166268532
-16.97974580722184
-16.976134748921574
-16.980678952441874
-16.984519491477663
-16.99310937291141
-17.019669425635772
-17.040949913160368
-17.03178217737983
-17.04512119443772
-17.04915241819596
-17.054683371623597
-17.04573236127985
-17.04935749107394
-17.04837229238831
-17.04017400060752
-17.04323451118533
-17.052141517305238
-17.05057777189071
-17.058957115512296
-17.04055648299593
-17.053971128521464
-17.07816082426642
-17.058747803491794
-17.045296440016095
-17.047973708771817
-17.037839821618967
-17.042442059190922
-17.043321636076126
-17.038740427509993
-17.020750199074662
-17.027042418243465
-17.024016812096068
-17.03390899231258
-17.01264506957307
-17.01495697110434
-17.035219527626786
-17.036352677125485
-17.030542966008042
-17.03994922721617
-17.043531500037577
-17.038170369118596
-17.051659340836576
-17.059627923280885
-17.07510747851074
-17.08688231526208
-17.086079711750592
-17.10099212612733
-17.1063466445551
-17.096428390051702
-17.10117382735491
-17.095079142726533
-17.089867958192976
-17.08777351876366
-17.07571490515059
-17.052260694758
-17.040056139588568
-17.03918849713779
-17.039862261209144
-17.05403605829905
-17.077263159497505
-17.077758854266847
-17.06992400047511
-17.061435479056076
-17.079042052506235
-17.06462781609866
-17.080944880869698
-17.095183707962352
-17.10765583149527
-17.121310154093006
-17.1349391169343
-17.126777642178794
-17.137251275439404
-17.14409270715444
-17.140755229850463
-17.160875825023982
-17.156117458609994
-17.14175952004271
-17.16489194297452
-17.174818673635865
-17.18550746414122
-17.169022056059195
-17.175787302183057
-17.166785506650616
-17.156335041209754
-17.14459917931548
-17.151419843183948
-17.131666220589484
-17.12230067055309
-17.09172292661426
-17.096382064263036
-17.095534823937868
-17.09068063535393
-17.09114347181637
-17.098808547011988
-17.08605025202962
-17.08350850594537
-17.066971712002115
-17.052271578782584
-17.065694067314706
-17.07899430982307
-17.081961489192686
-17.07722659798244
-17.09707419326073
-17.100944488505064
-17.135244344556238
-17.113178092335303
-17.108290663775062
-17.09858603410418
-17.10277648346404
-17.10708806759376
-17.107578019092976
-17.122671611243845
-17.14085596691922
-17.151439244923306
-17.168763573305416
-17.179345346936415
-17.17548496096677
-17.16326122765987
-17.173276878736797
-17.15879920825307
-17.15060428166651
-17.13622744189389
-17.139580130842756
-17.148922875583004
-17.149408541906283
-17.165213313518596
-17.151935474769264
-17.14972260505393
-17.158715717257916
-17.155482677150395
-17.170690413782847
-17.164419256958887
-17.163758093739514
-17.177645305569868
-17.189244724880805
-17.20761102728268
-17.198738829347366
-17.185799316802846
-17.166536920412085
-17.176572289802525
-17.168462325773366
-17.163313194837432
-17.168882352553165
-17.156574007541767
-17.162564317101772
-17.157035251845606
-17.16143882689143
-17.164842640887198
-17.192840791703908
-17.196419237336286
-17.205409431127553
-17.212743704779616
-17.20140825848118
-17.190505889652467
-17.175492378183268
-17.21109122405775
-17.204788463789075
-17.224230086889243
-17.19961772330425
-17.202604430422397
-17.20630762734794
-17.197963486101514
-17.176962378224903
-17.18064014116048
-17.194879352763024
-17.19182097880293
-17.192691267477393
-17.174002194294147
-17.16476233023196
-17.16657217799883
-17.16873117776414
-17.15847695653779
-17.173080095204302
-17.17538281011282
-17.17884910958
-17.17195012466518
-17.163375630677773
-17.180163085213795
-17.19023999578918
-17.194339257635942
-17.186653357867723
-17.202775367057928
-17.203672882661106
-17.20581645680919
-17.23261154931451
-17.23563833466071
-17.235442203660824
-17.23393189697514
-17.241647729402146
-17.22742575573016
-17.219093987348185
-17.20620531061202
-17.171907612435053
-17.158955862936818
-17.162719417030416
-17.176217881374342
-17.17668127184695
-17.17968052494278
-17.19282267082777
-17.187539825138984
-17.204768760493398
-17.202513149034264
-17.202127267705787
-17.21042879339238
-17.215865513570595
-17.213160787680224
-17.224204465227533
-17.227836212272194
-17.211408485360998
-17.237301553185937
-17.205231062216964
-17.21908058549767
-17.2007040881398
-17.228361161451858
-17.22244171679449
-17.236040539635255
-17.22537249034677
-17.24046510745994
-17.239496430023376
-17.244768565085895
-17.253805109096444
-17.24133610753922
-17.23963594800024
-17.24348010993387
-17.23493411927403
-17.23509494416634
-17.247378656795483
-17.245645814415305
-17.238785143429077
-17.246563138358933
-17.23989939322104
-17.255710016967384
-17.25462186455733
-17.242990172566707
-17.24537665628825
-17.23098950131015
-17.219096666477288
-17.225222099713935
-17.22618290257686
-17.212833872990252
-17.213327476052072
-17.211494437284532
-17.22991087278868
-17.22181646143914
-17.221893630741857
-17.221556251930245
-17.22196358519101
-17.22385117788398
-17.234532718436853
-17.22423850986392
-17.221630408357687
-17.232336899149324
-17.2262794951801
-17.233644864785784
-17.243369707688792
-17.24904792468304
-17.25135937595687
-17.25857256120442
-17.249914699171327
-17.242108437946065
-17.243081440972777
-17.250627281252314
-17.23411438265512
-17.2361355297011
-17.218062023587876
-17.2172528758346
-17.233599905012717
-17.216947825908758
-17.23375453861449
-17.227334828548965
-17.242309273386894
-17.220474909038966
-17.236128777725707
-17.224160488920198
-17.2282116626254
-17.230923454547703
-17.225721569272324
-17.214292461633057
-17.230296974655175
-17.22106288612605
-17.214077449059076
-17.204658318831946
-17.207372444029584
-17.222293350810926
-17.213577468171493
-17.213071185546816
-17.217566848605323
-17.209926236636775
-17.225233324351162
-17.22424274881368
-17.225379410892376
-17.24006887557522
-17.215629099104106
-17.21055095389141
-17.223568427607088
-17.247408817143103
-17.252989557373514
-17.252101144660315
-17.239632306760914
-17.231022873836825
-17.214092949394466
-17.199356383124776
-17.21628730715961
-17.214126744164794
-17.217790188500814
-17.22759013254858
-17.239675854802194
-17.23665071709241
-17.2245430023223
-17.22468570206695
-17.225740919727578
-17.225996417922715
-17.21832079108822
-17.22779567562308
-17.234261729182002
-17.255035046117143
-17.257970505754653
-17.26996534987073
-17.267918326181448
-17.25945665948604
-17.27303180220611
-17.25694648724656
-17.257238610382252
-17.24949809354482
-17.26101719463929
-17.228189764375735
-17.23056149370824
-17.245841882066276
-17.231057203733716
-17.227544597547368
-17.20625125992791
-17.210978226392147
-17.224366586677466
-17.25210326957064
-17.249473488270425
-17.238702668149685
-17.213752192568283
-17.204837332463743
-17.20458125075767
-17.19269919051175
-17.183864754791003
-17.161151457641587
-17.151490053801005
-17.188616930398545
-17.19403163711106
-17.20384991889343
-17.219613964798466
-17.225771957145266
-17.226943173190875
-17.24566400768861
-17.22513510040466
-17.218975074895425
-17.236809940043173
-17.229083438676895
-17.238244131843672
-17.236783371546743
-17.21498634422851
-17.210731944353515
-17.218717658958685
-17.22457803237181
-17.220415455030164
-17.228193542273278
-17.2392373783796
-17.24491944913412
-17.233097057859013
-17.242201765578738
-17.233524908199232
-17.237677104388464
-17.24222539895026
-17.25629009762663
-17.247915432996695
-17.235484970137218
-17.263374133074016
-17.266603644176744
-17.261079675791475
-17.281377644467224
-17.302660536413573
-17.28789859762704
-17.2765323659995
-17.25361187480573
-17.249577463331615
-17.25795101104764
-17.260389859149154
-17.274962320320537
-17.283596584185464
-17.27321981730551
-17.274056962876692
-17.27672491937807
-17.281031285205206
-17.297762652728867
-17.297386559710617
-17.29944344087781
-17.300255002040355
-17.28539088843988
-17.29563426776607
-17.28328865816005
-17.300182709824643
-17.282734042489274
-17.27608335785535
-17.274037472648455
-17.26505046032819
-17.276679293345033
-17.258086951525982
-17.241395169583306
-17.22022139057622
-17.208602750005287
-17.209855492845374
-17.204494109038333
-17.191811867833366
-17.193154682196173
-17.209872177269084
-17.218448719228466
-17.23064367491938
-17.22306097178599
-17.238713566367572
-17.242417993456918
-17.246716939080475
-17.231394593546387
-17.222594251528342
-17.202567593553113
-17.21552946127038
-17.209873161003486
-17.211323187579143
-17.22786069322693
-17.232725219086518
-17.241071792336378
-17.238969483423592
-17.2425972990009
-17.24285224738197
-17.229752815166876
-17.22139817517397
-17.206939754389328
-17.18633662299333
-17.179092897837553
-17.166407372110495
-17.156182159585807
-17.182975118301332
-17.197138741461107
-17.19750808147994
-17.204407139007603
-17.17447076082726
-17.182655163163563
-17.195003466456505
-17.180066891945604
-17.172616256380696
-17.186436792663862
-17.170093480700547
-17.184975764935412
-17.20109460685855
-17.178546950602424
-17.199593816050818
-17.22212623293621
-17.203042587811645
-17.20152281675842
-17.198512894968456
-17.17499702979709
-17.1945403536275
-17.19280178729894
-17.191724590363474
-17.20321025569054
-17.217018484972698
-17.219246141692686
-17.19834546958811
-17.201093283905433
-17.2063575057259
-17.203040671502084
-17.216597397431403
-17.240746807475187
-17.221199016017614
-17.20507836715947
-17.214591854660906
-17.211185281463944
-17.22975222925031
-17.21233559620872
-17.242953238883878
-17.220326770877236
-17.215414485995577
-17.198810952277004
-17.20514251337555
-17.214789722235064
-17.23425323520772
-17.212532836574265
-17.200030275782243
-17.184736044911983
-17.17346259849002
-17.179914963927033
-17.186357103442393
-17.216717170648277
-17.222484287588035
-17.238574027022217
-17.2428233168364
-17.242803762883753
-17.238761283716947
-17.25660063140195
-17.27059408827725
-17.25497108919784
-17.259700212688653
-17.26364051235425
-17.26416031937418
-17.255133560788487
-17.239029126295353
-17.237764289680204
-17.24008670387445
-17.251978919453997
-17.2555564666558
-17.248033298503287
-17.24943781566376
-17.25230774590498
-17.244714508593738
-17.24405251250072
-17.235840736754184
-17.222408024893834
-17.22829829320053
-17.227834407270567
-17.242288905987422
-17.243377370915027
-17.246491298145138
-17.249260693022396
-17.243480248639504
-17.247899958138404
-17.23916005592557
-17.260741416154552
-17.263032611336712
-17.24711237159197
-17.2167784865771
-17.197182237747878
-17.195045071052835
-17.16590897727206
-17.16654355397029
-17.171607106455426
-17.176428212141904
-17.185131108346493
-17.182826541825065
-17.1817358497876
-17.17591443004351
-17.167409613209976
-17.134719351176788
-17.129645470300375
-17.137761212477358
-17.12542141118714
-17.143008179734327
-17.156899626864455
-17.16504431507787
-17.16565471967394
-17.161349521977268
-17.16075028158746
-17.15212567120811
-17.186146753545444
-17.1448966476584
-17.144779298712198
-17.1402146868526
-17.152921611928257
-17.14055905960433
-17.151531207588587
-17.168524430174337
-17.17349419476796
-17.192094105257834
-17.187494047398765
-17.19897752189357
-17.218613188562603
-17.211269308889438
-17.22687435209912
-17.217378229419616
-17.23580028182394
-17.242559401711162
-17.24848987537834
-17.25467702336784
-17.236878761693255
-17.22269969303902
-17.226828864422004
-17.24980330793052
-17.260127427690584
-17.26322237731197
-17.26852565607996
-17.282896794688696
-17.264525948043634
-17.253911612453994
-17.256790946309458
-17.248788522897602
-17.25943508550039
-17.27143998971849
-17.280233006125016
-17.28415937541815
-17.270566954757196
-17.286642688363052
-17.283427347315012
-17.27038959537539
-17.25046113509426
-17.252354346703687
-17.27367991867393
-17.268739742695278
-17.271161335551266
-17.252993146686595
-17.26104519204201
-17.25428488643323
-17.258844215770846
-17.255522379037505
-17.278557488641923
-17.264215435615412
-17.261706777146273
-17.257901231259012
-17.27684644357195
-17.272034561186036
-17.281233938236763
-17.285781682709686
-17.268709501543384
-17.254407357026274
-17.256030932696007
-17.272919354312883
-17.249243293580125
-17.251274794306944
-17.263412474780313
-17.267885837780874
-17.267881178479577
-17.2660129488145
-17.2476179544833
-17.267708153899346
-17.236446961998908
-17.225578137687084
-17.23142602744603
-17.220387624148074
-17.2288059642849
-17.221588953370333
-17.221036224054153
-17.249387702461878
-17.22237443594624
-17.226364778144884
-17.222339407302197
-17.235286482449858
-17.244546841123697
-17.243710867140134
-17.24757457076304
-17.22852070230482
-17.23742893002926
-17.24179134663889
-17.247600326014503
-17.273166836808898
-17.25985516591004
-17.241196813488926
-17.225887378575457
-17.2310197970798
-17.243367174839662
-17.25351475471419
-17.25185740031206
-17.251703296752098
-17.255783157255433
-17.240199845968007
-17.232518942273224
-17.23016369887934
-17.21623062467887
-17.210847105730814
-17.205831839192232
-17.19710608761785
-17.197608662803674
-17.189124734248747
-17.203492539741454
-17.197899927627024
-17.196303261564363
-17.20326250329991
-17.203254782110683
-17.232101084304585
-17.21308571260329
-17.214017110928484
-17.21171010439328
-17.21102335293481
-17.210059515736447
-17.239940295175348
-17.232636572900606
-17.220968335630243
-17.22713696511105
-17.214235060446303
-17.219829244698065
-17.24487795540235
-17.252700658790438
-17.24629333776395
-17.239686578701665
-17.251752814545185
-17.250879225914566
-17.271972365059906
-17.289503523434167
-17.27996994336113
-17.27152441741566
-17.276364809310337
-17.274844078958388
-17.293682409228133
-17.295271173025935
-17.302213906018753
-17.301903477935337
-17.293836194863264
-17.298743396898637
-17.290914125627815
-17.274422567099133
-17.293458774627663
-17.305153718550258
-17.30808010699966
-17.29795639063978
-17.311760657410037
-17.30942755220792
-17.300505973223906
-17.300741479262495
-17.321342501947647
-17.30342937994654
-17.292391877256144
-17.287808935290492
-17.285427802678477
-17.269672595681566
-17.25507263863662
-17.25961741361321
-17.287701562765573
-17.29033473145387
-17.283756313647284
-17.28659833438118
-17.280833089694386
-17.290952862347638
-17.293836749247145
-17.284954641029437
-17.287644298181434
-17.263033795975378
-17.27662189423473
-17.282294451206457
-17.314786607152033
-17.31184834648353
-17.306681172546323
-17.316507028846313
-17.31948288624662
-17.3176685272725
-17.303731104113282
-17.287449301170643
-17.291108683969682
-17.301316549414032
-17.283499032500792
-17.29784114260817
-17.29055472586544
-17.297267666584624
-17.310159015648665
-17.286624060497
-17.287014046299795
-17.27935871761172
-17.285467599186944
-17.273639419542327
-17.269744222104837
-17.267701488666223
-17.24409720327878
-17.26060079270619
-17.229125487984923
-17.227512452985337
-17.24505596040125
-17.252872840305834
-17.28173806207013
-17.29774487942862
-17.305094662023816
-17.299236369867465
-17.29653462772711
-17.268684385110998
-17.257329770734543
-17.268685685163202
-17.264753001569698
-17.256228797925015
-17.264062053432305
-17.26041058949467
-17.249704485468133
-17.251101074437734
-17.24321333065859
-17.238157955427578
-17.249015254631324
-17.279479215209047
-17.275846541012438
-17.294114080308876
-17.27675732006575
-17.252026092396495
-17.244085621628784
-17.23609388673363
-17.25158868500344
-17.27825814667687
-17.268728548587106
-17.269670506241205
-17.28970916125106
-17.29833854592926
-17.280879543650627
-17.263163285653626
-17.274345279506672
-17.282506815743844
-17.287855648868
-17.289631233308143
-17.26693910842313
-17.260845612735785
-17.269665353430184
-17.260960371015496
-17.255019242731464
-17.270161018959932
-17.275494638043973
-17.264396098641345
-17.28437539187014
-17.286225872184666
-17.276017389415575
-17.274594844499173
-17.280474534314827
-17.271194347930706
-17.292236899019343
-17.288571563311283
-17.290903102242293
-17.29575704393183
-17.289741159949667
-17.28308415676651
-17.287355869860274
-17.28784737675615
-17.296239652378947
-17.293144990258362
-17.280026315436267
-17.263024168139353
-17.269139017352437
-17.262174444974768
-17.27047843315677
-17.262095614748322
-17.25290498360967
-17.24381584332865
-17.22454083429529
-17.22448760139575
-17.224050289845117
-17.22989531027506
-17.239513950049755
-17.234313194137226
-17.229302329173933
-17.2192086071293
-17.21517158770073
-17.19366309934674
-17.192772334379228
-17.19996808698975
-17.205417586222723
-17.232639601368046
-17.229161055590485
-17.247135489906054
-17.218159430629083
-17.22184889179129
-17.219234460944158
-17.20553666911715
-17.221327574382418
-17.237953056215023
-17.262699725142685
-17.246068072728107
-17.24602441240271
-17.246623112682865
-17.24549789652717
-17.248851721645913
-17.2480242460761
-17.25233746278768
-17.22748092116804
-17.23778837807425
-17.241644970102104
-17.243062538825935
-17.223355188011194
-17.24194598293916
-17.254503698400413
-17.27228976823213
-17.291603972746525
-17.27043190731206
-17.27418903897896
-17.272481651959968
-17.275411881564192
-17.25094404011121
-17.263724125752248
-17.264404956615536
-17.27535349994134
-17.27247259842789
-17.280733949696355
-17.282404237360474
-17.27336639532989
-17.268479457011498
-17.274515392492738
-17.286890600105433
-17.274731099686985
-17.289453597642368
-17.29473194362105
-17.291133743410512
-17.296844947940414
-17.287765758221834
-17.291034361373697
-17.303123117646315
-17.31059424515211
-17.309471927163827
-17.314761462649127
-17.31447666137856
-17.31527272605252
-17.301013254791307
-17.29107552477165
-17.305192932730456
-17.30990933367654
-17.312464097561325
-17.308563052749363
-17.298400618939088
-17.295344918626785
-17.29258858861065
-17.286497221375946
-17.2765228355606
-17.29661741223887
-17.305857925249676
-17.287942458847656
-17.288340057111864
-17.285522504786297
-17.309248035211308
-17.306066314515427
-17.31415509195188
-17.301648318736916
-17.295566583010235
-17.32246093712267
-17.341581528437175
-17.32664831251883
-17.34212773891969
-17.32253695133512
-17.288986705464705
-17.27939213348086
-17.28047358737879
-17.27469708639678
-17.259027969002716
-17.245830080098813
-17.2362764143328
-17.247574098832263
-17.25668419622475
-17.241364852612378
-17.24998101726356
-17.26159298277931
-17.250449647110493
-17.252074007444126
-17.266189999348732
-17.281454710499588
-17.30206685390984
-17.30101784410617
-17.307930118194502
-17.295984461379156
-17.28702193663519
-17.289793595236713
-17.27931340795038
-17.273612915199557
-17.28029308139655
-17.275615910230446
-17.277240442574413
-17.268061083176615
-17.269030115626943
-17.267082808679465
-17.273879038546976
-17.263876049152454
-17.256603745895237
-17.245979797412275
-17.237223976604458
-17.255952223695886
-17.255965566212648
-17.256618812024414
-17.26181703464613
-17.237913606578655
-17.229285998948797
-17.23441340485139
-17.244482510565224
-17.248443339319312
-17.260737943618146
-17.247273184482264
-17.23205715677323
-17.234408078307098
-17.24306119382804
-17.25221925435004
-17.2560211435694
-17.268652615200388
-17.26647034490853
-17.256384881020683
-17.264022044844662
-17.267608475231054
-17.26194152757015
-17.26728360053387
-17.263586306524886
-17.267467460441292
-17.263305513306822
-17.272286795519513
-17.270198658121753
-17.287236731327248
-17.28009206450368
-17.283212531773867
-17.29532892864041
-17.313254498778452
-17.300091114357848
-17.301464878112455
-17.292281839179775
-17.280032893484744
-17.29091172249211
-17.306660813306713
-17.314578923866
-17.314937103111852
-17.324318996633597
-17.324910316224667
-17.32699599835251
-17.328602198121203
-17.323690240508952
-17.3352415848208
-17.32573721592319
-17.325075649560205
-17.337991227148564
-17.351959708822893
-17.345674433587075
-17.34639133936233
-17.347670808608086
-17.361475073485494
-17.350140178944933
-17.360797343976696
-17.349384870286904
-17.357777665368225
-17.36285855465691
-17.366853634899783
-17.355137395502474
-17.367687767804085
-17.378864751760787
-17.376635886338992
-17.382608589593445
-17.38535208819516
-17.394392091326992
-17.400014384584626
-17.41043173259591
-17.424831608578803
-17.433896173842236
-17.4359285381884
-17.44078069996355
-17.434369775055035
-17.425534332903954
-17.433423627938694
-17.42316129942902
-17.41228838632595
-17.37985072729149
-17.38639955807475
-17.374919290765884
-17.373673688682064
-17.35340547537233
-17.349451216353025
-17.344067852450642
-17.349960791168755
-17.332667773784703
-17.34442728012519
-17.36634106215643
-17.373595703639577
-17.370064595328838
-17.381488858762744
-17.406064153016356
-17.387796506940308
-17.397874837633644
-17.40682734564149
-17.403855513860268
-17.38712489321081
-17.379856404351685
-17.399049755420048
-17.393432667777397
-17.405681885516277
-17.398549620846037
-17.401058016143892
-17.37397842721871
-17.366452480992805
-17.38650263827584
-17.393928457095186
-17.405858744135603
-17.408897235814255
-17.424295609895353
-17.433549730550055
-17.425754301272146
-17.42832771743957
-17.415836330205657
-17.39960785714384
-17.388408634775004
-17.374137829333915
-17.366467546475324
-17.36645932576893
-17.386722071840087
-17.389643173511125
-17.40694934194728
-17.420052350836524
-17.413420945248014
-17.406067467983526
-17.384367425581633
-17.38003576286531
-17.38042072068431
-17.3678693032017
-17.35642308047251
-17.373771747990453
-17.374233847729393
-17.383699308063633
-17.37360719069275
-17.37005789931449
-17.360292648658934
-17.364544046648543
-17.361513819042848
-17.348182715602594
-17.343171219384985
-17.350765769178583
-17.374053146664977
-17.39006631574258
-17.390009674134685
-17.387269544385507
-17.406212623826995
-17.403800240059535
-17.38608784116982
-17.391210526444382
-17.40163221728243
-17.39624021811592
-17.391318392858977
-17.411685652289325
-17.411699837523717
-17.412666332647163
-17.416248001476838
-17.393795419087258
-17.391263707551012
-17.373393875265677
-17.365264662749162
-17.36839325638744
-17.390594090453657
-17.391752565994445
-17.3925038024043
-17.41784878578504
-17.409311817741248
-17.409484519091787
-17.380736497234693
-17.406515919539643
-17.41884267793098
-17.43243187985172
-17.422286545541134
-17.426737809970483
-17.43271492738628
-17.417751425394925
-17.41535205655652
-17.396709202182016
-17.39361679467527
-17.414240080639008
-17.410169823675773
-17.39261255410073
-17.393946315900003
-17.38741096485339
-17.388287996449726
-17.389823863530115
-17.386969205732484
-17.40294906531084
-17.397603614219086
-17.406881874024425
-17.404348076280208
-17.421372461611377
-17.42663981296799
-17.44179270715747
-17.43609244175914
-17.447914666490053
-17.452379375498072
-17.462819810076045
-17.448180575894444
-17.45205957926935
-17.4626711257751
-17.4651761259441
-17.476262160467346
-17.49512716571698
-17.495327753871358
-17.480268409201784
-17.49006472315897
-17.487144606357983
-17.50580532731558
-17.50692792244732
-17.52570414612535
-17.520429672431018
-17.524464481369666
-17.52280920782611
-17.518329082939808
-17.51825426478265
-17.522399954921177
-17.536308191850075
-17.541616552934833
-17.53037138318306
-17.516912191046803
-17.52264324543685
-17.525460631669894
-17.52068126885574
-17.49467013371128
-17.51332327566496
-17.5100673080052
-17.50955302450635
-17.543762340396366
-17.51010430761345
-17.50798193208403
-17.503808146726662
-17.485267412823465
-17.50902563222416
-17.50723178561774
-17.521916962222924
-17.524414887945518
-17.525528306076385
-17.528680383298774
-17.539489592023333
-17.52055607708126
-17.525977361216466
-17.536841267801414
-17.543079870045574
-17.536558376428495
-17.531210740392197
-17.53278970789711
-17.511341670929816
-17.506201528301045
-17.484895348990758
-17.516999643843597
-17.526467120339195
-17.52117977717198
-17.497309156614232
-17.51819624373521
-17.50047451340467
-17.50259258689237
-17.499694624253337
-17.485203752130886
-17.492367978245834
-17.513207648850432
-17.49098895543173
-17.48035696624379
-17.475284404949882
-17.493555189255815
-17.50917094829952
-17.50585115915732
-17.524629221480986
-17.544787556899433
-17.54615324132668
-17.544727889531526
-17.56834367066325
-17.58701147849004
-17.58287068123105
-17.560894679971767
-17.578637312385204
-17.566237609933175
-17.532444982933082
-17.534896672531502
-17.518513115741975
-17.506322085099278
-17.514600681458003
-17.509627699987774
-17.530423312974133
-17.523248932940383
-17.538718964243415
-17.55191341961224
-17.54225423985505
-17.53260715143731
-17.533278424612917
-17.526547372001307
-17.50981430568376
-17.510194535032884
-17.508372640327522
-17.522921518034334
-17.525979335426918
-17.510682041620598
-17.52298906757225
-17.49915184332914
-17.51172190820952
-17.515826397456117
-17.52210750294048
-17.53928405784228
-17.56603497470981
-17.545753069107846
-17.554544122731873
-17.545734221914834
-17.545185175077343
-17.533124766118338
-17.53308831147667
-17.538223934680186
-17.54300469456541
-17.5587986669555
-17.57159915320673
-17.597365091338503
-17.588233273430227
-17.601562681081667
-17.608563735918153
-17.59723484262093
-17.60605120913314
-17.593905247456377
-17.594827063864653
-17.582160488596443
-17.59160748236447
-17.57003024921178
-17.562666477469428
-17.58842712632236
-17.56013350913168
-17.540837461375386
-17.53382198423133
-17.533021627220915
-17.554268325667913
-17.553582008223213
-17.550221327955082
-17.546850831850595
-17.540019042741758
-17.541375231665594
-17.549684998480107
-17.53644190418032
-17.5266609067503
-17.525868315363958
-17.51115901626816
-17.526184590361694
-17.519965935306274
-17.550184115127156
-17.538953638217134
-17.5238453091367
-17.517062534301964
-17.526301813939373
-17.51120704162694
-17.532278035630576
-17.549402117814324
-17.582073569366692
-17.5681845168327
-17.589288174008455
-17.584586474970703
-17.58272674172074
-17.58321832929071
-17.588730297263087
-17.57828022629155
-17.563823932644507
-17.578844800582626
-17.59687213338454
-17.59538336451841
-17.605499900462437
-17.60824020757481
-17.598667661321883
-17.61787531048432
-17.595839162886733
-17.570448162449114
-17.55885376269881
-17.56592076961727
-17.546110540131927
-17.544709491708687
-17.545320123269754
-17.539200195185348
-17.532779090359575
-17.529978566313233
-17.507148603934098
-17.48889231908211
-17.477286972491036
-17.49484989752474
-17.484241723505512
-17.461489256560185
-17.4694623562363
-17.485132366164116
-17.4773968066775
-17.468475522231675
-17.48304314335529
-17.478018068960115
-17.47155011909175
-17.48175234556892
-17.45925723836818
-17.459418019722648
-17.482455421538063
-17.467319188936607
-17.481256482903405
-17.495229468094507
-17.508569999077157
-17.523164320962177
-17.508656204083536
-17.51871107170096
-17.51132017135884
-17.51750057980336
-17.498578738063554
-17.512996053128532
-17.495540436331122
-17.50404150446742
-17.499975529082885
-17.495126043367314
-17.509134985751672
-17.48941421756896
-17.47157180501876
-17.462821969623388
-17.46043335824506
-17.462383124236016
-17.46888254592005
-17.4835578221939
-17.470112494788992
-17.45378691782743
-17.448800077790615
-17.451844973185857
-17.461647295558492
-17.474272775121914
-17.455141262265172
-17.471259327091374
-17.474695918768568
-17.461125675548782
-17.453880672519922
-17.477703582137817
-17.49830167486051
-17.471200364777975
-17.483900021583686
-17.493114668340684
-17.496759940651327
-17.494720406218928
-17.47072354616811
-17.475147628919977
-17.48789543956381
-17.478503261705832
-17.46592116194657
-17.46123386695061
-17.478466502686675
-17.485681014121468
-17.4677038864511
-17.46348862850634
-17.4789296740158
-17.468012314736438
-17.465132112250025
-17.46757290383218
-17.470273494326026
-17.469642159518084
-17.480702285493766
-17.476592168895504
-17.505703773204278
-17.505441008661236
-17.504349825936405
-17.482343057940056
-17.47233842250899
-17.484526287891292
-17.474584297151836
-17.50180136244529
-17.502835963976
-17.46705617184158
-17.45680050602581
-17.47092972404189
-17.463727184129095
-17.4823159313406
-17.490707891228187
-17.492265605870855
-17.48541661771283
-17.481558193320367
-17.470089745602337
-17.502603282295034
-17.508861907053745
-17.510095329778068
-17.5098438749543
-17.48979618865105
-17.506971919480467
-17.516534964662075
-17.510954705182794
-17.518259604182273
-17.504707699413146
-17.497905297945543
-17.505863292032338
-17.49261136642367
-17.49458757551824
-17.498380115466638
-17.508146528802463
-17.506779176904637
-17.515941348857204
-17.532453710559665
-17.53719606331349
-17.53317081348474
-17.53383483498993
-17.530762244347773
-17.530171038133084
-17.532618077975485
-17.53699528796335
-17.535728709487486
-17.533537058857547
-17.521986002296618
-17.510222527912536
-17.507144057536195
-17.519795244901665
-17.517415017781854
-17.52529718912676
-17.543964838193652
-17.536921281132592
-17.506033655775312
-17.506637914053144
-17.50326997022713
-17.494692376987206
-17.50705217386912
-17.510062235915314
-17.513193447479217
-17.501794125425896
-17.502190588275884
-17.509850344976357
-17.520666809323462
-17.51623083958305
-17.513662225344916
-17.52609768357733
-17.51210591446155
-17.525311974729465
-17.513664469708413
-17.50239693696367
-17.50363246807352
-17.513354940313587
-17.502377523778254
-17.50971892599672
-17.51537906951745
-17.525725380564495
-17.504184701897618
-17.499288941504645
-17.508968828070923
-17.499547664596268
-17.51294181108974
-17.508717022982218
-17.500511966520612
-17.496715832959353
-17.495770271372095
-17.46573138087682
-17.44396213177495
-17.457373908220465
-17.446374734505955
-17.474097753580836
-17.471711632191887
-17.48361230984207
-17.48498889750319
-17.471075493466625
-17.488473555812313
-17.466228153520653
-17.462812768801896
-17.47489054838981
-17.48223497261407
-17.466823926613163
-17.485305846610316
-17.46696555155738
-17.473112132588287
-17.465646531714956
-17.455064601119894
-17.461920184188727
-17.446540030518406
-17.454831234581707
-17.44348055603571
-17.470091636133464
-17.471081206771213
-17.476965780558984
-17.487433783499203
-17.500237411261022
-17.490093266223553
-17.49284343906743
-17.491497024986327
-17.48586485300464
-17.46853393959606
-17.466490519665264
-17.47367633264265
-17.480336192877502
-17.4904399665541
-17.47627952087058
-17.486363874276947
-17.463209898452618
-17.4395189785882
-17.433332904475115
-17.4316748390719
-17.42780794782292
-17.431496700396295
-17.40922359216535
-17.39326613022493
-17.41620727264038
-17.440622511125373
-17.458082066018605
-17.45219090789409
-17.471501202411204
-17.474834369991804
-17.45764397187864
-17.46226714713801
-17.451621594091687
-17.444986564986504
-17.444184815483037
-17.441922244195407
-17.458065460105075
-17.462257739751855
-17.459923389053813
-17.456280046208114
-17.450960086390833
-17.45885474683025
-17.47062253658012
-17.45569882552448
-17.457785623098488
-17.45751043023955
-17.440339769813338
-17.441355565737204
-17.449876650753787
-17.44871640515584
-17.44485138978358
-17.4326632089082
-17.429994302507897
-17.43714522789824
-17.446593759985525
-17.45351290175926
-17.447695212823813
-17.440431705921277
-17.453050955655286
-17.47413689944885
-17.493730457564865
-17.497872769350984
-17.474702299682225
-17.483452295558607
-17.489059743725182
-17.489210375028097
-17.48544582771007
-17.48527031735636
-17.49555220648971
-17.505233398254077
-17.520233104999956
-17.52390167511114
-17.52174687194444
-17.52630374741999
-17.529583268881765
-17.539109527612343
-17.53257423318307
-17.528411596845007
-17.540798803925103
-17.54088707702935
-17.548871679257058
-17.5454524268558
-17.563277948973532
-17.546275274064165
-17.53038218703783
-17.546558692612198
-17.55581849780829
-17.559532953303364
-17.577872154808755
-17.57762146503693
-17.582958823936227
-17.561620527032705
-17.554793675380576
-17.567813732749638
-17.56941478810699
-17.560974357754635
-17.577527051298084
-17.59898008676831
-17.60489362134635
-17.58975663157178
-17.584253033705103
-17.594216358557286
-17.60282719906571
-17.624828803917303
-17.614915429556095
-17.619745773354122
-17.616503711504773
-17.612804085997553
-17.613102059033633
-17.58856441719482
-17.57658880598407
-17.55392114616033
-17.57220605737408
-17.587487686252274
-17.577984405543436
-17.57603053091504
-17.5794636383315
-17.563436087249656
-17.565745700417658
-17.555487533945836
-17.54411152550775
-17.54213545521915
-17.526452029924567
-17.53245511768581
-17.520683029907133
-17.51247374405772
-17.502044357548822
-17.522250839986086
-17.537627480146394
-17.538487978076695
-17.5339189282452
-17.51188758401796
-17.51760815440892
-17.54905448835929
-17.55959532712975
-17.54355159775782
-17.55588459041046
-17.564137932723355
-17.564458118422955
-17.56841415004032
-17.591156348936174
-17.56252595675262
-17.566170721005626
-17.577857688433937
-17.59393540535509
-17.597951768767793
-17.58164281343748
-17.57109019670084
-17.57893472957655
-17.57673112071644
-17.58027612200285
-17.57380337226987
-17.577492561577017
-17.572096949248714
-17.56169173838079
-17.552302310783638
-17.55476654212821
-17.56148728693306
-17.5487471924394
-17.540874614360124
-17.523883865773726
-17.533716549174056
-17.53744350601608
-17.548608906909866
-17.56322751341166
-17.576867632406614
-17.569240316086987
-17.561725335923764
-17.567990548939704
-17.57056426405553
-17.572663212269955
-17.567700301086315
-17.560609867623434
-17.57097065720989
-17.587835282733547
-17.606831237595003
-17.59604750395924
-17.591970433924693
-17.6205463275157
-17.630607961073228
-17.64120308636472
-17.64716510963076
-17.647466624902346
-17.649879169860192
-17.641698545879215
-17.65291269826418
-17.65502192102616
-17.647814068599835
-17.654717557036925
-17.63913038117503
-17.647678633742935
-17.64970269310023
-17.640448931528947
-17.650495192154786
-17.658157933113937
-17.638383891866507
-17.6431722702714
-17.629261084043325
-17.62170706882807
-17.6134671951695
-17.61558532877039
-17.60516903968385
-17.601508436062616
-17.57503330504976
-17.58274883796105
-17.59102800394896
-17.59847187257376
-17.590226075754565
-17.59522863701687
-17.58823385431061
-17.607587204855662
-17.60798235181956
-17.62836585311381
-17.644841309715957
-17.64875665003574
-17.664047760620512
-17.64896263138868
-17.614192985120372
-17.626282854321353
-17.628413626366818
-17.640500910977693
-17.648798320079695
-17.626608186139492
-17.638902656558688
-17.64418440625169
-17.67539227836533
-17.668771593526564
-17.672835575412353
-17.668381345421512
-17.684909591227893
-17.720466776129445
-17.71069797136866
-17.724845004265994
-17.70172213668005
-17.684708643509524
-17.70814008704237
-17.71189961890443
-17.69685294908899
-17.678156030383
-17.68905890549249
-17.703412455831074
-17.688913225073982
-17.68719893715599
-17.69202742010324
-17.68088747260206
-17.678387618148108
-17.681375756185414
-17.689111060408145
-17.682015740745978
-17.662102650674928
-17.669485823118425
-17.67649497029525
-17.66699452851029
-17.68014533387803
-17.694217360763567
-17.674274150735627
-17.65965971439733
-17.64142090383691
-17.634842315906905
-17.631957605570047
-17.648174380471147
-17.661174282508473
-17.6614290740931
-17.68191260565697
-17.68510431119557
-17.67928430390692
-17.699683626431874
-17.693772976412486
-17.70253253719465
-17.707157476517114
-17.699824813114944
-17.69844475723243
-17.692237805722147
-17.6850812117685
-17.671121610815465
-17.678504704431337
-17.664304723390146
-17.65227157001168
-17.640375465824626
-17.644554360645174
-17.643906666987267
-17.638905348983176
-17.619846028420458
-17.61150804511966
-17.627290778055695
-17.635401572016217
-17.642660210593494
-17.626841274696517
-17.6289983947528
-17.623881367499397
-17.6239752729452
-17.61680539593406
-17.61506482325566
-17.601965596094445
-17.602624741629633
-17.619363100075077
-17.599606978090346
-17.610674033050767
-17.59032688198945
-17.60185515049
-17.599289147024322
-17.592457529202296
-17.57424342515428
-17.58312499591052
-17.605491871390072
-17.596132699652784
-17.60907840269992
-17.626729252392067
-17.62310814628304
-17.63632701785087
-17.63232137818119
-17.633720329960244
-17.642319776333498
-17.629956466075193
-17.63210337358014
-17.631039488004294
-17.60976551947829
-17.611172437078345
-17.615598083696106
-17.598570738965314
-17.594494423748966
-17.602085551793365
-17.585994871449888
-17.59413784662214
-17.594837167773175
-17.60228857408927
-17.609890071432183
-17.60063105515192
-17.61423481156118
-17.60525647845965
-17.608051803986292
-17.58910182229185
-17.593816323286116
-17.596883952489215
-17.585971477797763
-17.57317738433757
-17.594424372764013
-17.61310539966383
-17.60722520353556
-17.604951420685822
-17.61319055315012
-17.60626385226323
-17.599942737381607
-17.578743056046676
-17.556234572479283
-17.559203204586936
-17.586722442277647
-17.58503465646215
-17.566570630010336
-17.557071899744
-17.54902634734226
-17.570643019882155
-17.555488179142827
-17.565856741773217
-17.540922238756142
-17.562405919298012
-17.5671639842572
-17.55189579708465
-17.558904796701377
-17.580895107538
-17.604045324526627
-17.63012897034834
-17.62377284957677
-17.63021783526279
-17.637641014982318
-17.648757529968965
-17.652501744675874
-17.640705314827105
-17.654017610185395
-17.627677574041183
-17.602513333212094
-17.62862762997822
-17.62708797757996
-17.62301557888401
-17.616269828520505
-17.619956569036177
-17.624292074708986
-17.628093354548273
-17.637187754006284
-17.624238240243006
-17.644685627573747
-17.652918657169415
-17.646177156767305
-17.658914476049915
-17.66034733424526
-17.665298494434555
-17.66662376848967
-17.654498584442436
-17.6591588341494
-17.658183006425674
-17.6692677169277
-17.665537433826103
-17.649768073021114
-17.643693816077572
-17.644590150177724
-17.6570267332016
-17.685333464687204
-17.69061354078583
-17.70304041927799
-17.70338514134093
-17.709367888486707
-17.68753399788688
-17.6861280952742
-17.668213146410952
-17.66333446655862
-17.6769487700882
-17.684949668112168
-17.699118152799734
-17.683643548971485
-17.687747447289368
-17.70149824154149
-17.70250679488165
-17.69608488106707
-17.73199196050599
-17.741814402321108
-17.74303582214019
-17.73641716977112
-17.748925348539004
-17.712435577399226
-17.713315766569043
-17.698275311267405
-17.6874324324622
-17.685264939962714
-17.667985221918457
-17.653624938284203
-17.655224583443246
-17.63800162549976
-17.63882931893802
-17.64124035071359
-17.646234460985728
-17.641877545887702
-17.61868173182966
-17.60583409991521
-17.596089471627856
-17.5922133727859
-17.58447112202529
-17.605322660544775
-17.601816714332813
-17.5974017644746
-17.598127159490073
-17.608284970139024
-17.60852374156575
-17.594999803895977
-17.61307715579498
-17.596620279187302
-17.616204453117177
-17.641213669814313
-17.65895964056094
-17.64739877564015
-17.64232127892372
-17.648741285065924
-17.641721903715155
-17.630067850874426
-17.632736985930823
-17.61854176615516
-17.607395618874808
-17.60864972501777
-17.622769299049555
-17.653346522965307
-17.653192659960318
-17.650968153072093
-17.66676786465212
-17.675759244867653
-17.67367432814841
-17.68461090154025
-17.688672310155837
-17.69863539177739
-17.680720297614364
-17.687162917054795
-17.68825172588654
-17.685356378122655
-17.697303768183787
-17.679822529090654
-17.675012621156615
-17.6963293298815
-17.68964349606309
-17.69557383749305
-17.6790898742269
-17.66217522372394
-17.66591093318344
-17.666821436676305
-17.653253912192255
-17.659406841568483
-17.64640877727223
-17.646984206869096
-17.64058304795725
-17.63522328904234
-17.6336151207099
-17.62411481973797
-17.612146412059186
-17.620578614211546
-17.622521091258744
-17.634277790836776
-17.672369197381407
-17.659440418351963
-17.666794530530947
-17.657808044111007
-17.653448918542246
-17.660790815131314
-17.65323876535492
-17.64696909605871
-17.632504827945574
-17.618889445928087
-17.623414505325382
-17.63617371924265
-17.629147025101894
-17.648107954202143
-17.645942567655187
-17.649540064223913
-17.633422261188773
-17.623966038005744
-17.633614752377653
-17.62479115290277
-17.6377518324104
-17.6302962370803
-17.634380813883777
-17.638114748735102
-17.619150526635657
-17.62495616855874
-17.63926935879907
-17.63632543010012
-17.62390133029596
-17.62157070222074
-17.61640887808025
-17.63049227067644
-17.65117882002805
-17.651928865802354
-17.662529005951374
-17.66256995619599
-17.64716626878057
-17.66638285977305
-17.663343485215364
-17.644483284885222
-17.63792087102292
-17.6468076997543
-17.664670209196185
-17.65654832849805
-17.658183711679698
-17.66738587138848
-17.687011036461627
-17.691949878409574
-17.66783505093582
-17.6671140374604
-17.67542646139254
-17.66325926464654
-17.660135532790466
-17.667192429773156
-17.656655536015027
-17.639711294235276
-17.62889853907644
-17.62561370750738
-17.620638197687857
-17.63693563742037
-17.620398146810206
-17.609951035479977
-17.58895564390175
-17.57940460977554
-17.580572876271965
-17.603586862742162
-17.604918875752514
-17.603956746364506
-17.605550123884804
-17.625695503075463
-17.595122751317216
-17.599932381594652
-17.602448250707024
-17.595927621712736
-17.6025999535561
-17.621301981437185
-17.59046796163911
-17.61560613333312
-17.62339243408418
-17.61013193362612
-17.629463399565143
-17.626505753955815
-17.611477520251725
-17.609559362951735
-17.62139484638232
-17.624232993396546
-17.62216054725706
-17.641793688892278
-17.627051522277938
-17.6246638332994
-17.640112052645556
-17.63937384475481
-17.613594795748394
-17.624373820166905
-17.620255081924117
-17.641822441044948
-17.656101827764704
-17.648873152014886
-17.6566457613745
-17.670686085496396
-17.65695538675321
-17.669557465719144
-17.6845660592293
-17.679050626900803
-17.664198200803256
-17.65220627009079
-17.635825018160535
-17.654111115235136
-17.648084089731885
-17.660636157145348
-17.663356219879738
-17.670516493845067
-17.662550476486576
-17.664453311982047
-17.685085445671003
-17.679189877180093
-17.650175705131456
-17.63532575943459
-17.63871850840719
-17.64216807880599
-17.61902636570809
-17.632384438444827
-17.6178322555499
-17.619021167224318
-17.604442896467898
-17.613220497029005
-17.623414812171056
-17.63016418872234
-17.632257380812256
-17.641968925916483
-17.62874399085456
-17.624580856112388
-17.642328947404124
-17.64886592687714
-17.643689769484943
-17.66669668600236
-17.671721127399525
-17.694024559394833
-17.685755467441105
-17.69641452514371
-17.70629472226421
-17.710105218750392
-17.72008804977936
-17.726932018845666
-17.73673693323961
-17.739561619832592
-17.736496718721718
-17.731112543547454
-17.736014208289436
-17.73103136592531
-17.712197329886735
-17.697078718955172
-17.690104048562652
-17.675247188530413
-17.69052172241509
-17.672655180811052
-17.66571618016041
-17.660213754809988
-17.66764476629178
-17.660677065521543
-17.65104114322555
-17.661969680670136
-17.662764175595015
-17.65126165329402
-17.65365337719954
-17.665742559136767
-17.653153016001124
-17.66513391944257
-17.650194989447563
-17.66953559959292
-17.660055367066892
-17.67312256260672
-17.664546653676343
-17.66663086083403
-17.660988412740455
-17.67732268590875
-17.674598613054343
-17.652206993812403
-17.623668398870084
-17.61851849514098
-17.62695577796232
-17.62019388166283
-17.628031273717767
-17.627669666011503
-17.637539789339776
-17.627450515879712
-17.622118038518586
-17.599037783967074
-17.597225851675468
-17.602776866877814
-17.61730748932644
-17.622209765859342
-17.619327328970453
-17.634762155096023
-17.62467742588087
-17.60723281534194
-17.589339943488042
-17.587900859557944
-17.587081925811514
-17.597879109193418
-17.589620909586273
-17.5938281901106
-17.600481808436864
-17.60372684471946
-17.609902383840275
-17.61304130941017
-17.616428505298284
-17.625087685162423
-17.629659105313202
-17.644569253243805
-17.632849410998745
-17.6405951632331
-17.62034605633082
-17.61536266799883
-17.611404609404374
-17.61707683415121
-17.61750588654756
-17.626029540439763
-17.60927431807944
-17.609150309513094
-17.63378346014149
-17.62651647601517
-17.626755436330253
-17.623805376950703
-17.63117132896165
-17.630003363419036
-17.643467160684587
-17.668421116181616
-17.68079370785384
-17.680813710659084
-17.69295766559098
-17.716527182095895
-17.70447073435935
-17.7001412430795
-17.68941746210663
-17.69206352955463
-17.688783072423274
-17.679971085707184
-17.67333169344294
-17.674711893980707
-17.66389795250533
-17.65671080822404
-17.661248214664724
-17.652476901912024
-17.658718752298864
-17.623161144180756
-17.65485173225053
-17.653461904596153
-17.660239665538537
-17.6618479236743
-17.655602158272636
-17.664148872361256
-17.65477225486434
-17.660820459780258
-17.657799533547895
-17.66088017322264
-17.640100847343536
-17.623544222394667
-17.640591988421043
-17.637055709555995
-17.634466934634684
-17.6173501606576
-17.618421175930873
-17.623258267196206
-17.60305613195422
-17.58624231444137
-17.578694030395397
-17.561632859222733
-17.547778857483515
-17.551772009376776
-17.551816948208057
-17.55501966190536
-17.55697904866351
-17.571637581912494
-17.56958895640171
-17.575928992672523
-17.566895294238545
-17.563518673318715
-17.59790377428268
-17.596611112012482
-17.58263215029726
-17.583646183677125
-17.61109070394955
-17.623607289059258
-17.654051457737204
-17.63632880911923
-17.61443748770119
-17.615290492111033
-17.643852275432064
-17.665508499744373
-17.666533681038032
-17.65428875340925
-17.65715012417121
-17.642644895728274
-17.642159189677862
-17.647066270564252
-17.638471371687864
-17.635689212594848
-17.624996812519598
-17.625925435589483
-17.62649969595144
-17.640462727997917
-17.637908803093378
-17.65014842280482
-17.652712855345023
-17.63824693724069
-17.640741561794105
-17.66029999207044
-17.66060248609809
-17.65745031704702
-17.669318236173922
-17.688542705574225
-17.67003337248762
-17.659789223099338
-17.651324461623794
-17.64412821399005
-17.657679507688947
-17.675110655296407
-17.68205470294341
-17.69792759300995
-17.708177118774437
-17.699295039969098
-17.708936066423163
-17.717608185872397
-17.716447661044484
-17.70908327113181
-17.690969729301656
-17.661509711301093
-17.65657309664884
-17.65059423128815
-17.62874346716871
-17.62646281191025
-17.632384102848604
-17.644111037414394
-17.63371302687605
-17.647073285306327
-17.644804779999028
-17.662009888072006
-17.6571011453886
-17.668545068518252
-17.66264781842398
-17.63054901243864
-17.62314373616219
-17.619646164461937
-17.636215990134524
-17.618867867534483
-17.624715602584327
-17.644817859618904
-17.642331253478932
-17.66273532416568
-17.65051242063439
-17.646851151979494
-17.64389059860827
-17.64396432520451
-17.64469110473607
-17.631056911960233
-17.62669819986738
-17.626879705023583
-17.6203731779552
-17.621383464654794
-17.616932772648497
-17.61195469931956
-17.6082261901167
-17.615901255034977
-17.604108993058194
-17.594803456335015
-17.615046723403605
-17.607487515542076
-17.61487765541894
-17.580638602297107
-17.592626182315914
-17.59717859517086
-17.599123882601752
-17.60646073315338
-17.598617272001643
-17.593185191468592
-17.58786198137845
-17.589397756494673
-17.56197299400211
-17.557882476366284
-17.545931822248253
-17.551968767226715
-17.5663186424744
-17.580525609325665
-17.58911306154541
-17.605380736502564
-17.588321740129363
-17.591039154161052
-17.598486839502367
-17.599481962016178
-17.617045805623412
-17.636366844618546
-17.64365626807207
-17.64885633139638
-17.663247302245395
-17.68708504497963
-17.680792641059554
-17.67322093945803
-17.674482264854348
-17.658063308483133
-17.661904755107244
-17.646904310306542
-17.645333383771245
-17.648940284266168
-17.64859363456362
-17.639239469445982
-17.646004556733217
-17.648816348542905
-17.657826793512143
-17.64640154055449
-17.68672530373255
-17.705661359681
-17.69838166444016
-17.69513276545451
-17.69758120686961
-17.685696170463967
-17.70520064543071
-17.700556239931103
-17.696018392529165
-17.700213215304757
-17.681893556333236
-17.68008575015083
-17.686469980679963
-17.67406251850217
-17.67082455002856
-17.670201180672343
-17.664333688072933
-17.65527067698759
-17.6586011382808
-17.66563350482782
-17.64300117636623
-17.62956938976658
-17.648518303439108
-17.6368684539147
-17.626870449949614
-17.641319518488178
-17.629446895802005
-17.66050169909455
-17.654100579364354
-17.65842747225509
-17.655234216552394
-17.662452115629456
-17.65233902835271
-17.638208470123214
-17.648018004209412
-17.659344813082566
-17.664034909937477
-17.679824260092687
-17.67823022447027
-17.697600538783767
-17.69933398908944
-17.71521573320462
-17.714330069720607
