-17.94449897835512
-17.96955332060876
-17.984485191624977
-17.976996296530118
-17.960058677292444
-17.956017555876944
-17.96366275405271
-17.966440145497877
-17.96789485520597
-17.968617828397942
-17.98111658759639
-17.979718168209125
-17.97687596355883
-17.95917932790908
-17.936880300417698
-17.932260826472834
-17.936652958924764
-17.94732732768425
-17.955983384779994
-17.920753925659778
-17.885147748819488
-17.89448833893333
-17.902095870329138
-17.90452283902731
-17.943532547655995
-17.91060078120996
-17.92204375837549
-17.890008097828318
-17.84421116375782
-17.853103195080372
-17.868232802463904
-17.858090036641244
-17.857437578145355
-17.86897710892625
-17.913086766194265
-17.924275330616073
-17.89482676226195
-17.890511650537096
-17.877141534828503
-17.889393945418046
-17.89558141201066
-17.8861315319299
-17.901054134414377
-17.876012401495093
-17.889336052614407
-17.90862511472077
-17.908481217702754
-17.943918597289084
-17.943789647139916
-17.936659110106472
-17.96651353684028
-17.943541328669895
-17.956409872667066
-17.96904382967907
-17.94457084713763
-17.941715253173932
-17.924321839608837
-17.92379756532981
-17.940710421218796
-17.980098188055678
-17.97826613130437
-17.964194948672905
-17.96838717231788
-17.957041247459188
-17.97136830088915
-17.96309628366696
-17.965263786550757
-17.955789029362116
-17.928252817171852
-17.93483034141956
-17.945423209245618
-17.94930679200728
-17.961149725404614
-17.93191017941226
-17.93038505203898
-17.911693014928638
-17.909365091072356
-17.9045231348696
-17.911692105116558
-17.919344070679536
-17.926819353003868
-17.90197459693206
-17.91936399721145
-17.921199349541933
-17.898945171152725
-17.883314462935104
-17.879711466472873
-17.858263233618977
-17.829518221319216
-17.826225256528375
-17.813739019772243
-17.781882112326464
-17.812964266981997
-17.858301910311845
-17.879538440777452
-17.898981184074106
-17.866987449058705
-17.889243548356784
-17.88341204841793
-17.86427886222741
-17.860292043991052
-17.882948450676842
-17.878018646377456
-17.875763526300005
-17.86238649768822
-17.85118252394796
-17.848435003571307
-17.876328489737066
-17.85961276406726
-17.857257454300477
-17.852237940726937
-17.848269289388817
-17.835375618655792
-17.850754613188546
-17.84891809535493
-17.829347816686486
-17.82168985732583
-17.8008357895193
-17.821226071180252
-17.826408003251498
-17.841734134903795
-17.827124113426077
-17.836784865570884
-17.838176073431814
-17.852467522658422
-17.880721177817655
-17.876409381021357
-17.880579275596382
-17.847215756175064
-17.82303192410206
-17.830198335436673
-17.832401883149878
-17.845569153379742
-17.801374636401217
-17.829379515164856
-17.819265756720988
-17.817323978546643
-17.8216499117187
-17.812138134210734
-17.83294566156892
-17.82716367535852
-17.820827016263706
-17.840602660672985
-17.841067653399357
-17.818917590362947
-17.804083110736975
-17.837394392818627
-17.83381958549359
-17.80969878595531
-17.86102645938131
-17.888784324926455
-17.88704614485341
-17.880708644678293
-17.871717447888983
-17.842130114153445
-17.854048503078648
-17.827800733496428
-17.80228629430259
-17.81461733096905
-17.799632271734556
-17.818804605248076
-17.826838942745404
-17.837925310731045
-17.840965188191966
-17.859466847400174
-17.873936279176476
-17.881138430476597
-17.86324495854187
-17.883364711520134
-17.85993701036964
-17.869432477528438
-17.864142324075246
-17.854472555972418
-17.881913693775786
-17.87421002987555
-17.916035275220057
-17.90372049999891
-17.893371224046696
-17.91901641388498
-17.945755638789564
-17.925752861699053
-17.888112424680784
-17.894277072621048
-17.874786887664236
-17.888248016243786
-17.88323457045502
-17.84839295683256
-17.829096687607137
-17.835673974837317
-17.858657017028943
-17.87651967510211
-17.880681352331514
-17.896972101356234
-17.901819857807613
-17.886142912757226
-17.87924979308487
-17.862189729485117
-17.879041124450445
-17.88911100712132
-17.903793326364866
-17.861959376818255
-17.860209206939714
-17.887774328255535
-17.905938705978542
-17.885364689224215
-17.85014715644996
-17.862023938333156
-17.82635380240724
-17.807174868824813
-17.82075072833176
-17.791798227853917
-17.79370271496958
-17.79897466251647
-17.819035582157913
-17.809471962317645
-17.81492531956747
-17.841263388483778
-17.876044635997918
-17.870479374951064
-17.87368684431161
-17.919719070180804
-17.932834662349194
-17.921376468377936
-17.941954343160905
-17.959070236412
-17.946599259679036
-17.961117713005013
-17.94634951249997
-17.95204417765922
-17.916984086582463
-17.944389589447656
-17.963521666574554
-17.93765867742762
-17.90312195214604
-17.927557395563596
-17.933892916041888
-17.91471895395439
-17.91791177109922
-17.920681506711052
-17.933417200555922
-17.926159307671607
-17.93691771745294
-17.935875866582936
-17.921443755619688
-17.939741709437836
-17.924804444897212
-17.898399285076
-17.901096794645714
-17.898645588114274
-17.94186264784424
-17.9531272511546
-17.96046819433184
-17.938266053590493
-17.94711535975478
-17.953665354959018
-17.941605765838744
-17.92403919973274
-17.93329326701167
-17.906020043678687
-17.896390675241964
-17.92089212903512
-17.91046932154423
-17.934607429741945
-17.932032116488482
-17.938310241179366
-17.968986164433296
-17.96653897795272
-17.950759920963996
-17.972695287150962
-18.000027119747575
-17.98983089086805
-17.959952535657415
-17.972513035989536
-17.953154681403138
-17.982538551885018
-17.98836267878893
-17.97122551995016
-17.967173151078043
-17.964063824442537
-17.95468745194644
-17.918425750556143
-17.932554360565593
-17.94897163090175
-17.954941507299104
-17.96249476333578
-17.94959938248232
-17.950452786237058
-17.926607502705313
-17.92420996516025
-17.921206622805297
-17.92331729969971
-17.948870637109927
-17.93671579001923
-17.905977997281777
-17.8962039167771
-17.9214276155341
-17.905739649823
-17.903153013765007
-17.921221396809834
-17.915187778008033
-17.871477425439707
-17.878278843844708
-17.878162163953135
-17.857755559925323
-17.882956277837373
-17.894858314657398
-17.91224199898548
-17.917647106777228
-17.907382993875643
-17.91384848237044
-17.89483753902726
-17.884212095179155
-17.873410217261007
-17.868654274059544
-17.880343879181112
-17.905417563760736
-17.91488340262754
-17.893937107660264
-17.900699554173926
-17.90667413271751
-17.91321206441202
-17.912988501547986
-17.93250624505912
-17.945885032417934
-17.928611964299588
-17.92562571819551
-17.915695665453676
-17.91596654053391
-17.924060838245794
-17.91180964709649
-17.914804784792874
-17.918964003409503
-17.901750463641097
-17.891527487258397
-17.898324269809606
-17.909806895010963
-17.89880222131288
-17.922246598699278
-17.948550453919438
-17.93722347672402
-17.918315124524632
-17.920118625080196
-17.92130026520778
-17.942098558894564
-17.928337182900336
-17.97754488336499
-17.96818850215468
-17.97814188467268
-17.961403938876973
-17.946897916128485
-17.93296813527213
-17.95477669294865
-17.92492957489454
-17.87527854890708
-17.86435988049144
-17.872366917478697
-17.867707966808
-17.892701360106592
-17.885622468843128
-17.882922658987805
-17.900697014839796
-17.861027369212422
-17.865219756055343
-17.83908505429937
-17.86069894249144
-17.89516380945871
-17.910129659000088
-17.89561330876271
-17.909743941516915
-17.911564861605
-17.9151906917012
-17.92919254846333
-17.9264990007449
-17.917850842168292
-17.904742616783626
-17.895201864022876
-17.880588461400848
-17.88938591741424
-17.901392081304948
-17.914650479835405
-17.91611943369214
-17.941349243253526
-17.98221146141611
-17.976468342576425
-18.00396012972298
-17.98122713790482
-17.99106222286247
-18.000364568453964
-18.01192354979335
-17.98054612131082
-17.96975299067175
-17.977757603740415
-17.982888315766473
-17.98769103224731
-17.994089209629585
-18.003073549105707
-17.9922066902391
-17.983329112982453
-17.964909874541565
-17.94920999290105
-17.95022062687136
-17.952958252829312
-17.944322471181998
-17.956139484611068
-17.964869328674244
-17.96449976528124
-17.94574210401455
-17.957115037825368
-17.969163408985033
-17.970343507065717
-17.97762622552523
-17.989819007663638
-17.9670370868386
-17.97778801191204
-17.998141150695133
-18.016282130961752
-18.00542267237452
-18.009425899594017
-17.996215531629428
-18.003723149160795
-18.004446046873554
-17.997176772085467
-18.016805156309875
-17.995008379710775
-18.017581754461062
-18.043292373365528
-18.035817066540112
-17.9790880209611
-17.965118969015123
-17.96260644653712
-17.956249801892547
-17.944892297673928
-17.949717215012175
-17.974736572453654
-17.996543883772173
-17.995149787425937
-18.009467642446157
-17.978272971281488
-17.952207201478863
-17.94595219454854
-17.909541658911184
-17.92178433334831
-17.911696319347065
-17.938807801167776
-17.934063955348055
-17.90159937133934
-17.89033683484984
-17.87607940296212
-17.900435692389905
-17.908167519936136
-17.911952423592986
-17.88407833608339
-17.879669958775604
-17.890386680056128
-17.92834960974151
-17.920294382885793
-17.922528891697677
-17.90903711334558
-17.89968190754518
-17.882579350242136
-17.897370001930376
-17.890835537231634
-17.920592599830385
-17.95390902684279
-17.958212387595673
-17.922969147497213
-17.918524656737247
-17.913668444212796
-17.912850373420834
-17.897454384911214
-17.90945494664127
-17.860801374295747
-17.883568468054843
-17.89573345573063
-17.95418149917873
-17.93141737422606
-17.919403549968564
-17.91490350647955
-17.921118457666754
-17.905586368500423
-17.918427682447774
-17.91465018798408
-17.878088514737723
-17.903564966382863
-17.90753452580692
-17.891794397558744
-17.887998508534526
-17.884105150352017
-17.852502245624787
-17.839408094159147
-17.851640231107115
-17.853471902990723
-17.82116072177499
-17.83785001709784
-17.820774423650885
-17.84880942781775
-17.867842940920657
-17.869770775567886
-17.879371216258736
-17.877847645030972
-17.898404762741166
-17.90663547088409
-17.867323847214394
-17.821259003501616
-17.848806909068273
-17.8617937762778
-17.8486122404033
-17.83107736230261
-17.843925907984225
-17.844111425858898
-17.846234612744297
-17.849758786085403
-17.835627393143948
-17.82749062855423
-17.8061863475028
-17.790159419520577
-17.809853444937197
-17.793448177913117
-17.78233939891909
-17.781168211137842
-17.762548013900773
-17.794924052596375
-17.79041109720788
-17.80911097098574
-17.835276844838745
-17.799821502433954
-17.79845030293715
-17.742818054271314
-17.73861531115651
-17.7661906906748
-17.772985416397894
-17.81395831152119
-17.814034402585527
-17.79267641216699
-17.75162988160242
-17.771270656015066
-17.78072044756946
-17.785180221884637
-17.82392484117338
-17.83781223075268
-17.854841557540325
-17.851290288681824
-17.862983539413708
-17.85093439645976
-17.86036120760845
-17.890325612006897
-17.894233710848287
-17.892870755238917
-17.893109714484243
-17.87714095709361
-17.86950869712478
-17.845668003525205
-17.864626503561688
-17.826710005257105
-17.809811215307437
-17.825146750111664
-17.841649997147545
-17.837049097693527
-17.866463725098644
-17.87306917171621
-17.87847103645364
-17.894435788535702
-17.904208512005177
-17.897951924628668
-17.91223813481538
-17.927191239513434
-17.900148494374715
-17.901503587600452
-17.894577694818185
-17.85930461508459
-17.877311431093588
-17.865538924429323
-17.8996049340191
-17.889933129666655
-17.857554705347635
-17.88415688354633
-17.870369260731767
-17.844364772527697
-17.848475352668796
-17.87934854863368
-17.88822358200858
-17.865857288838367
-17.87505023555056
-17.90558113476189
-17.911462375861046
-17.916063518313067
-17.921118595459603
-17.906727640331233
-17.891802220222655
-17.88899878701333
-17.88550724414981
-17.898718715375125
-17.908244210500698
-17.89445602113722
-17.910331788402882
-17.92653938768915
-17.9129993914792
-17.905267435222488
-17.893643095479582
-17.879676451944395
-17.878061999240582
-17.890422301069908
-17.918407852356868
-17.912633833510206
-17.898133460318828
-17.914391131466154
-17.915539131467998
-17.928765418581122
-17.91690900545612
-17.937327871990025
-17.937023009326843
-17.934766225322583
-17.938062836149445
-17.926590431044396
-17.940871007168173
-17.918610356591408
-17.911732508700407
-17.922205475104118
-17.944987439553003
-17.95347113548275
-17.93753601075168
-17.957307279470623
-17.93308096833487
-17.95864771696664
-17.960905404789322
-17.988898863890103
-18.024405430063105
-18.026182792286864
-17.98487882999194
-18.013124173818962
-18.003319659325125
-18.01936114528688
-18.042342566300153
-18.05051406368367
-18.037545947096177
-18.045231961577393
-18.029031141888105
-18.028726384744687
-18.02340426279781
-17.99682105697048
-17.965748409436635
-17.971619035626645
-17.97449732740528
-17.970566070969635
-17.96215656525748
-17.954039957284905
-17.954081258420214
-17.94195916564729
-17.952637036456395
-17.961884615098153
-17.964160793581886
-17.98087803780346
-17.957526084271134
-17.937609528920945
-17.956202605956385
-17.929877420963873
-17.94311124795408
-17.941036063933524
-17.935527313232633
-17.93366719874058
-17.933654166311854
-17.92261573269302
-17.92351700869217
-17.940014428227634
-17.942814051765367
-17.971344907204404
-18.01504016234202
-18.01798587432593
-18.018855099040916
-18.00172825272352
-17.968942350981195
-17.984422773946477
-17.98930337387758
-17.963829701261872
-18.005721740071095
-17.961294803881326
-17.95160598687652
-17.99205817626136
-18.0090812295909
-18.007028736834258
-17.979280282975896
-17.96217296337945
-17.938628337880953
-17.917473620083445
-17.948980296865702
-17.974224218226947
-17.952552590055483
-17.9426273217621
-17.944559583456783
-17.930356290378498
-17.96483293817364
-17.95313994361486
-17.976766986264156
-17.977517021097178
-17.942997310595594
-17.95074575570793
-17.943347859924227
-17.948552934271913
-17.956707203038043
-17.963672466203057
-17.98264369510446
-17.981911022455186
-17.949621649171565
-17.939464150030812
-17.941442358551317
-17.959865253135693
-17.963966805272474
-17.97764268452172
-17.944022314993713
-17.96873532280383
-17.985251281554316
-17.9890913266571
-17.982184669748374
-17.988210852347507
-18.026747037972832
-18.015929578134763
-18.007550565703607
-17.991994868036038
-17.988707502145267
-17.993047418124434
-17.972203605464664
-17.97012852595584
-17.952673382822997
-17.9550226237269
-17.933855375619526
-17.92670973704519
-17.927174618984
-17.917878818511042
-17.87601718002873
-17.881421444275755
-17.881277014667223
-17.871104111231425
-17.880429885767686
-17.845499979320035
-17.844137363690894
-17.86717639743153
-17.87083528511887
-17.88980106899915
-17.88599120827211
-17.897890121959286
-17.899145868274722
-17.879782096429587
-17.91097832897805
-17.924946770707418
-17.901027692293635
-17.918666742693205
-17.891885434692206
-17.90582814156131
-17.931561874182872
-17.92445093546465
-17.95665032165948
-17.939946259114638
-17.931919335590607
-17.97010162317691
-17.970353632343183
-17.96219960659921
-17.952935326824257
-17.955808638559294
-17.98758738064125
-17.98269564163037
-18.008342722362226
-18.01509237267902
-18.036787626678624
-18.010492312782937
-17.975699190144308
-17.95476104177198
-17.949835713223454
-17.965650182014897
-17.983537431639473
-17.9973099836555
-17.971874522668738
-17.964603330390702
-17.978046634710637
-17.991460983883805
-17.99451451393241
-18.00635260947777
-17.97294022245666
-17.975291370683767
-17.96714644583065
-17.949323010152888
-17.930846457135125
-17.917694492448206
-17.946825629473686
-17.947078692109834
-17.922105307757114
-17.958904548866403
-17.951153336383353
-17.96664017604237
-17.981910163275916
-17.966873087853298
-17.971735707009408
-17.976853185706233
-17.969608336656513
-17.95543135515159
-17.958490018916734
-17.954089393204775
-17.976855931617163
-17.959513908435422
-17.936089047923492
-17.935398101775814
-17.969299497317316
-17.969845944856665
-17.957884704151958
-17.98886823040987
-17.99591541142647
-18.00136818635796
-17.982773443449982
-17.988566030968208
-17.97183654166383
-17.95149836526434
-17.91743076706125
-17.947023763135046
-17.93812866963809
-17.942102408197005
-17.94771264557919
-17.939234448977583
-17.94947044394805
-17.944119465267896
-17.974298354076577
-17.963443022181423
-17.988433272129452
-17.97216289383958
-17.987372563109343
-17.95835978251324
-17.95792062188681
-17.94918478567088
-17.945809373783888
-17.950314862088483
-17.943045131272303
-17.933008525914744
-17.92968724802935
-17.95714520734865
-17.95938856995798
-17.970047812182692
-17.980012116015647
-17.949880039296726
-17.944794270194503
-17.962766595180337
-17.959436286479054
-17.94611048089805
-17.939523568268502
-17.985890153448892
-17.973237088861556
-17.98828834246095
-17.978397951456596
-18.000830395836903
-17.981970049711258
-18.002042633330483
-18.004769307609163
-17.999252885615995
-17.962596977143612
-17.9565981422194
-17.92912032645854
-17.940361964177924
-17.929410122578215
-17.903457266779494
-17.882073325768143
-17.907065426831025
-17.930996565319692
-17.903493293523784
-17.875717861263734
-17.85842068413648
-17.90149207710788
-17.921499147104274
-17.90978271819871
-17.90164217534278
-17.918022036432188
-17.910430935591858
-17.894462433282104
-17.87419188867053
-17.878399460071403
-17.899043100471285
-17.906190752199638
-17.905203617508256
-17.91686455218358
-17.90856538185634
-17.886464301137007
-17.881414546070516
-17.89626755063491
-17.93167674451089
-17.936271147768547
-17.92134807862418
-17.936120732070552
-17.90981278354496
-17.88826172252957
-17.883176051470578
-17.878937165440163
-17.88637929749391
-17.892224675684243
-17.89152842570119
-17.888351093737683
-17.868132904874376
-17.892710232790424
-17.91486554411198
-17.94298804722532
-17.925669033995742
-17.914697593414676
-17.94058647559577
-17.913046795009567
-17.886626308171987
-17.909515275124132
-17.9315049916073
-17.93072078619404
-17.973317576393878
-17.96160745298122
-17.966578870161985
-17.979240831567164
-17.963228966971204
-17.945595727737686
-17.95161481757213
-17.952797107960766
-17.960935607658477
-17.962611848660888
-17.95374413558496
-17.942438776038667
-17.938176823928824
-17.94134556143701
-17.94039039119633
-17.92468964733759
-17.90547566831079
-17.91017648352739
-17.892009869305586
-17.86938816822916
-17.892885305106294
-17.881123281007365
-17.870445369303468
-17.882282893555484
-17.87214961513832
-17.890953275812187
-17.89032015773136
-17.88236025814047
-17.882792960583675
-17.85796125486221
-17.833619445987058
-17.846925031092564
-17.805509350313013
-17.803060977269165
-17.782451935036292
-17.769554071031948
-17.792224853530794
-17.787588828799027
-17.778348697628864
-17.77483418374434
-17.816774886336066
-17.849498076224098
-17.842934921473727
-17.848619737551708
-17.832073531724035
-17.858480077932015
-17.856431080906265
-17.871811909881046
-17.866714913657322
-17.854550638699347
-17.86257235340223
-17.85915119234036
-17.84861184157237
-17.840135422976207
-17.80769236047164
-17.82293120250019
-17.8489822238929
-17.86098204458808
-17.853305235335895
-17.864745614775487
-17.857123578110862
-17.823360862272192
-17.831369443439442
-17.838501997521707
-17.843274781230747
-17.835379674438958
-17.81287818239924
-17.774069594387587
-17.7690023228905
-17.763812555625208
-17.777654495750838
-17.792594160676117
-17.79229726790239
-17.825898871130136
-17.87837980579141
-17.918619294617603
-17.892965746053285
-17.88102511878391
-17.89463097617026
-17.92161681220211
-17.97344247132728
-17.974919682021785
-17.95050978125623
-17.928039517356073
-17.935166456955486
-17.904546286838325
-17.874967078935367
-17.904708618197322
-17.94356468672819
-17.943721057027556
-17.933448825648206
-17.943125682398755
-17.944568933228243
-17.92346008761091
-17.93621295093771
-17.963223833769593
-17.94970083653863
-17.937320960105502
