44.0
43.64549154498572
43.24766902206026
42.80119344725212
42.34381907594746
41.839153367973815
41.309817627410716
40.760774227611144
40.138837559546104
39.50504140842329
38.821138097437604
38.09193878364191
37.30155170805175
36.463109426261006
35.62349823249628
34.78691073250134
33.836247371837686
32.843359821126214
31.813905413030398
30.7522610254661
29.638499425295073
28.477927219700938
27.294814838891934
26.151996208429225
24.85471370730545
23.61405354250324
22.396084801729945
21.157516081083035
19.935846225417706
18.658534213187597
17.49597132789974
16.255351024565087
15.076314913511615
13.840421995774777
12.594430525278181
11.459229448845132
10.320511112854255
9.179980504064984
8.026294535245501
6.963903899935232
5.943786969378818
4.921953631774724
3.9542399273153497
3.0073487859573493
2.0941001060224353
1.1904969739351812
0.3951162399297704
-0.39717352030018155
-1.1732053691155127
-1.8985092424121595
-2.5853379526823717
-3.2178031422853826
-3.7967003934774133
-4.416540448289443
-4.9755892442162395
-5.546856049109401
-6.086263698819113
-6.588924621644839
-7.056838684569747
-7.521483114470639
-7.962122018682649
-8.3247554665856
-8.687042189278957
-9.012069405374795
-9.35158410446421
-9.680616142722352
-9.9968547750172
-10.24179538323893
-10.53405024973899
-10.761857038219535
-11.001680463233859
-11.238972770229662
-11.440021006565374
-11.652621534178857
-11.805633056093551
-11.980562810287292
-12.163694814467267
-12.321811828421623
-12.479214210574389
-12.622712459668834
-12.739051593336026
-12.865554682533896
-12.989996374412028
-13.101317627373247
-13.217629050560934
-13.322985517067076
-13.440675123647667
-13.544831009261658
-13.653283753008495
-13.740706784876433
-13.788086294543719
-13.84398049689979
-13.903861090780701
-13.982500413689573
-14.078484912844361
-14.172030351366637
-14.2515976751907
-14.308751035495327
-14.368359595402602
-14.417210428072728
-14.486293138685552
-14.545731109575263
-14.60101134652254
-14.668690092788104
-14.708046274285666
-14.73913956436332
-14.804929225293447
-14.858641757229602
-14.90466463126785
-14.959082068458573
-14.995698635884084
-15.041426916825788
-15.055787996784263
-15.085726649216356
-15.116177736336208
-15.14904141137588
-15.182151585144648
-15.215040640197493
-15.226890835835714
-15.240940740511833
-15.272581967452455
-15.315775512705198
-15.364891544444925
-15.400717625831849
-15.428232827897604
-15.444244474879682
-15.453115447832761
-15.475002138062518
-15.498437433399086
-15.501753132573258
-15.527195992646934
-15.559661400842494
-15.598507166175018
-15.611692688322341
-15.659805383406747
-15.680646066525778
-15.707047507843788
-15.708510322003322
-15.739136765964306
-15.760671303012558
-15.783141182630889
-15.811773301449104
-15.83841443968045
-15.867733509885287
-15.896595684837251
-15.897800910984614
-15.928131189591374
-15.953067143621448
-15.962041102272599
-15.97696097364286
-15.996759441678785
-15.984513711879174
-16.005157267158875
-16.006931075590128
-16.034849250986728
-16.05495767996774
-16.085255380633402
-16.09987748930943
-16.117685314471917
-16.148343042395236
-16.160080746332028
-16.164867752391462
-16.179425569843556
-16.17820613965755
-16.193524737526538
-16.196715361222374
-16.188038364912856
-16.194609568303406
-16.218861345050428
-16.23839361485832
-16.232871807922187
-16.253990899979442
-16.26456092743774
-16.277636661697596
-16.267677948100076
-16.270062327199675
-16.257284431262608
-16.26744413336905
-16.288729767699508
-16.269212687387068
-16.28322831792485
-16.297684203339486
-16.317941509318008
-16.32220255339223
-16.310983800823674
-16.32085137140924
-16.33087558936642
-16.34564506034234
-16.340215392298013
-16.35139648988425
-16.362953160829736
-16.368234822792477
-16.35709251015421
-16.37399280064076
-16.384010514992433
-16.386369915876944
-16.3847583407059
-16.401015725819622
-16.42345542081569
-16.443331306807462
-16.44750877147345
-16.446445740405906
-16.46454942725911
-16.45102641547555
-16.466193022890003
-16.460151134786738
-16.434687636158813
-16.44815324609892
-16.45608131374843
-16.46250442722333
-16.46252397955817
-16.477029601109326
-16.467926814835604
-16.472473152421585
-16.50788458882653
-16.51286017496015
-16.52374580219397
-16.50482107038694
-16.495598006159437
-16.499494166905198
-16.5117382146859
-16.506380558165443
-16.527699361921766
-16.53863345066441
-16.566781293815367
-16.57259104703382
-16.55563765631755
-16.55936824041882
-16.549198713113356
-16.534740264669892
-16.539216743159553
-16.53453542832521
-16.53745529882281
-16.528740520358628
-16.532983053902704
-16.528113082037837
-16.523990670005084
-16.531884667175806
-16.53725514226876
-16.530669295317626
-16.517000399980816
-16.50233334001892
-16.520975109464327
-16.5209582013096
-16.527095919263065
-16.54477560578821
-16.55945566929935
-16.574417557239254
-16.590012729825062
-16.570643472731135
-16.586385505682564
-16.620814672060668
-16.62431879618931
-16.627575431615202
-16.634707513687786
-16.619614862804543
-16.628812628608415
-16.648441260781862
-16.625068927486797
-16.62710488391016
-16.595259140016367
-16.61905629115826
-16.622883536079392
-16.62448547758261
-16.644240844641985
-16.646108298655697
-16.644251896607297
-16.641249627667328
-16.65065795167252
-16.66347222819626
-16.678304492316844
-16.694998777488486
-16.709026874384644
-16.716262632668375
-16.73569261006276
-16.71529229589828
-16.719226788369408
-16.730082026509784
-16.71677728662222
-16.69012140728374
-16.708328355822804
-16.713168632437537
-16.708886583004936
-16.71337817407944
-16.728717621533928
-16.708072230514052
-16.729553107326858
-16.733444643034787
-16.72461578851038
-16.714753217509365
-16.726866838007066
-16.72012399477201
-16.709591528360914
-16.71630673651693
-16.723534567967732
-16.710180107803897
-16.710591144996013
-16.713728724750414
-16.725611889503362
-16.748872428014906
-16.76172520592627
-16.75415728644756
-16.760258377783927
-16.765324390361226
-16.743162620951004
-16.72414292353271
-16.72417785024258
-16.716294063591302
-16.721063094653353
-16.74011912307403
-16.733005946107372
-16.737359018209183
-16.74664302394425
-16.7482843441517
-16.73447618063937
-16.71620280127881
-16.687535526154058
-16.706388448818643
-16.69973662712277
-16.705288760824406
-16.70603447842012
-16.69765041981942
-16.695744644751183
-16.691142590386573
-16.703840550912666
-16.70344102222245
-16.712820476939772
-16.71138769602125
-16.7114901828389
-16.72183580179835
-16.72468002835585
-16.735817065505323
-16.740321088866747
-16.72772663757941
-16.757143576244967
-16.73441548607533
-16.746596115601957
-16.769062023770108
-16.776652639551003
-16.778867754106603
-16.784435733828055
-16.776585401104793
-16.78324538461464
-16.785213521481264
-16.79056109061693
-16.8007269095748
-16.79907154689774
-16.782082459554402
-16.78361792874821
-16.77940522609378
-16.785385748519165
-16.80878011280447
-16.807613583564514
-16.81569573189529
-16.814145180927273
-16.80815658887724
-16.80662751854157
-16.811161635895676
-16.80908746277619
-16.804352070050122
-16.80703605594297
-16.79752420243707
-16.799497779011457
-16.81036196830176
-16.836925361129715
-16.834227517738796
-16.833113562419474
-16.852908088425828
-16.84893954461482
-16.875577988166544
-16.8719375290657
-16.88280911107889
-16.882391368469282
-16.856333092583004
-16.86997378133808
-16.870084394902644
-16.88949756980885
-16.880111591755217
-16.883574291357668
-16.862455864699612
-16.85638913767122
-16.83962433167781
-16.844016507044437
-16.838707662140184
-16.813029903882008
-16.810155529132267
-16.80982266146341
-16.797738185981952
-16.78466916054365
-16.828439253086483
-16.834075076088865
-16.859682839701083
-16.859268737554384
-16.876765701107683
-16.8604033546628
-16.851557409098397
-16.860935118482733
-16.86084026251997
-16.834163613598953
-16.850969791885618
-16.84083144761151
-16.819587978450684
-16.806095449240253
-16.813254591333504
-16.820765617308872
-16.83822529509135
-16.85703811163632
-16.859924560900854
-16.856583935565187
-16.860277492602513
-16.864782875944424
-16.847799958921364
-16.847379658659857
-16.843839900695897
-16.8417683938231
-16.853759058550104
-16.840921687941993
-16.84051279877934
-16.84464684498354
-16.827143811965136
-16.84275359518368
-16.847357471646685
-16.83475572210501
-16.83409511782308
-16.805430228982214
-16.820876051166273
-16.806046900751337
-16.79533957760048
-16.793008631954095
-16.792223826346703
-16.809341193161316
-16.815060363315844
-16.815995876667454
-16.845457189418436
-16.836907970015076
-16.822636531610744
-16.79842934587536
-16.816097031533282
-16.84914374503674
-16.846572026219054
-16.839369994686958
-16.833204765968528
-16.81422509579599
-16.835690871432416
-16.84078540812937
-16.846253545380552
-16.862371403331785
-16.87210879496254
-16.894683287863067
-16.875905436148503
-16.872725654538772
-16.890508081889227
-16.902729526954264
-16.88566907276461
-16.892521898057197
-16.874627640486082
-16.878284427041578
-16.874049373805015
-16.872807308406014
-16.886615240288346
-16.9156987985306
-16.90767282746649
-16.899866377571957
-16.91301431253654
-16.928112934091917
-16.93668751889341
-16.9337266549828
-16.928259483691388
-16.93078964956246
-16.946771199118146
-16.92211690744953
-16.947326835251392
-16.95191902190803
-16.93514695428871
-16.934256236853354
-16.92005826435092
-16.95378430853402
-16.961524587342225
-16.970478895637896
-16.970715463400527
-16.946237631018946
-16.955451138887256
-16.945822687040817
-16.962301962588572
-16.96463040523219
-16.97580494482879
-16.975339249416542
-16.975506690691667
-16.960066622652477
-16.96572934251954
-16.95448583058747
-16.95939901255988
-16.95797265518536
-16.954397234999917
-16.951798190463425
-16.945408527054298
-16.96214393154584
-16.963731243564762
-16.967860596727053
-16.97231443575808
-16.97280134460256
-16.975421614415975
-16.977369388923847
-16.98629970313116
-16.985291038232806
-16.981940451121755
-16.980375984593255
-16.991390697936296
-16.98547445500862
-16.99921357630588
-17.00686988671636
-17.019789416728383
-17.0166948365528
-17.004939163951757
-17.00089701029084
-17.00555322797292
-16.996105207914784
-16.980972699431454
-16.968257801778563
-16.97256716854721
-16.990655163485698
-16.96587660715482
-16.97037861871657
-16.980318397489402
-16.991108741761177
-16.989758659073104
-17.00817318136366
-17.020040755879386
-17.028080580901754
-17.02519382887222
-17.053543765285827
-17.047524647724533
-17.0511421936798
-17.0364403514308
-17.018513883546543
-17.01637534264432
-17.00984588461057
-17.01143915149926
-16.97973149073037
-17.010790518273236
-17.006707429768028
-17.00142687764716
-17.001790648411728
-16.98748911253322
-16.99149506194248
-17.002627885242106
-17.01276129082969
-17.00909395488713
-17.011879491720013
-17.012287275939244
-17.02046410378245
-17.00712506806323
-16.99343767368124
-17.003318162095017
-16.987372622265422
-16.999580134454856
-16.986766260986574
-16.982978323128556
-16.96822019245656
-16.968312751464442
-16.988128475165524
-16.994977196514483
-16.98686043864751
-16.991100113410198
-16.996003512998385
-16.997075912443602
-16.984732051233664
-16.97968987130285
-16.989748709717507
-16.991393968984454
-16.9986925254224
-16.993563652359203
-16.99807001243603
-17.0159590812668
-17.007029287372124
-16.994097535095495
-16.983656436564786
-16.97408912269112
-16.97978769270686
-16.995203770699014
-16.979755312301908
-16.964308745594437
-16.968713591033435
-16.96038272309921
-16.97188666318489
-16.999700100404727
-16.999886124756806
-17.006987898122166
-17.01137482360152
-16.987590498691855
-16.9984693785513
-17.004740877028382
-16.99236478397245
-16.959091329677964
-16.961789860188087
-16.98248706450471
-16.97028558725878
-16.964615932969647
-16.98137192329806
-16.995921663632654
-17.006771995884375
-17.017209229172074
-16.997963211995888
-16.991063025196695
-16.99306397391758
-16.975893053459124
-16.991237181253453
-17.015924193472035
-17.011073301682938
-17.00134968507482
-17.002566961019202
-17.01838728379205
-17.017905638143795
-17.048162570596762
-17.032060863347454
-17.041700573702368
-17.04977594789094
-17.021878542517054
-17.033287527624758
-17.033370597866686
-17.051426588589734
-17.063191337159967
-17.083257887192982
-17.10340027564173
-17.080899275755424
-17.09911784939468
-17.108510370678168
-17.100438155616523
-17.09584233240938
-17.1017161588842
-17.11759279828159
-17.11147020077316
-17.13297868980695
-17.125480566297384
-17.122549624948295
-17.122304416593376
-17.12230021057651
-17.125226560910658
-17.102551578867924
-17.098965536394132
-17.10189260898004
-17.097703615399492
-17.08218910233865
-17.077884051291193
-17.086390534427927
-17.097164758388036
-17.118279852228717
-17.123363519632218
-17.110840440623956
-17.11220562630756
-17.09613517618379
-17.11260461795302
-17.08791093455849
-17.081746363532375
-17.093192782118642
-17.083491480841897
-17.090035942430706
-17.106138309030992
-17.122787374926414
-17.128388273363573
-17.134278397778285
-17.12197656402292
-17.129435572198233
-17.136418233567994
-17.116282877441808
-17.11264772455719
-17.097698298226188
-17.09890741628234
-17.117329031532808
-17.10200556310038
-17.12245321961764
-17.113371318124152
-17.08798734868312
-17.086378412369356
-17.09299725770183
-17.10015297868103
-17.125561087016052
-17.116101009293057
-17.112462827179076
-17.118294749605756
-17.11330697525585
-17.107941285714137
-17.094703318421484
-17.109620378516606
-17.113740444449824
-17.119019835677157
-17.11900596043949
-17.124002863229805
-17.11617891125895
-17.116633410195043
-17.097152290659633
-17.093527176789106
-17.081205028322806
-17.079985256481145
-17.06167612083684
-17.042258852278913
-17.05500085507121
-17.064863433632265
-17.052095538004234
-17.048373871704303
-17.052105895252968
-17.04054115715718
-17.046469048799217
-17.054978446158724
-17.03985762555767
-17.023082589700334
-17.03265371055831
-17.014820621843914
-17.02297037816503
-17.048323655425087
-17.0448223575431
-17.067637350056795
-17.061332027147422
-17.04748035855354
-17.029250992397326
-17.01697524236929
-17.016846407063476
-17.031581884807377
-17.031293268477445
-17.03761295760024
-17.030090748631608
-17.04720107156355
-17.054042760064505
-17.069404645138867
-17.063002025186513
-17.05171284266357
-17.060292447572813
-17.07244843806628
-17.060884728802126
-17.07562240899579
-17.07747328694572
-17.06867041138107
-17.08056604321696
-17.06926998114305
-17.079913628479147
-17.09606984343756
-17.0756056268579
-17.062668189570353
-17.076824314284178
-17.08803949036582
-17.097957787047285
-17.120382657626873
-17.123535015039945
-17.138412123722286
-17.130721885777316
-17.136206716685777
-17.131190643874717
-17.104763531646075
-17.09633843196153
-17.10856134038208
-17.113447779665687
-17.10631369894157
-17.12293668741598
-17.113416579936175
-17.128581909817875
-17.133323294683702
-17.10707254597176
-17.09578782402931
-17.09797956153317
-17.126535497512382
-17.11969940425496
-17.13454566295723
-17.152662161552907
-17.15908873249243
-17.15424147900559
-17.155123161208678
-17.158889251616515
-17.15882689012182
-17.152139747666983
-17.15303604989634
-17.16942384691216
-17.168821634838242
-17.176525019566785
-17.17999521526716
-17.17705414342461
-17.1713122131018
-17.186248525383704
-17.162965769568636
-17.18457622091067
-17.186213790393936
-17.196491634492293
-17.171246413511852
-17.196583088750717
-17.203787735864193
-17.193384446999946
-17.187986648427398
-17.199188383888256
-17.185274832633098
-17.199001237208105
-17.196310827858078
-17.199847228213425
-17.1958135340731
-17.220409568361077
-17.20961568708239
-17.217289751599395
-17.23221829808293
-17.238916470079452
-17.220142905514408
-17.228518637139043
-17.21274656316823
-17.187912553912145
-17.16883163108111
-17.191926422663236
-17.195270258744674
-17.20808111742927
-17.220568629973073
-17.219652030505728
-17.20987930499276
-17.210019964056716
-17.21630998097226
-17.20010738468369
-17.20432160717996
-17.206339075349174
-17.20870153782994
-17.190246419008986
-17.186062581754012
-17.18503771549944
-17.18988721348465
-17.187202826889553
-17.196308117018667
-17.19890843424678
-17.23055233773925
-17.232699963883285
-17.2242965900214
-17.23305811934374
-17.21424059337362
-17.217099559777736
-17.2077030344014
-17.201468103566405
-17.21592936561955
-17.217422888743975
-17.222377413916647
-17.23353965521362
-17.218401734030923
-17.219946470654744
-17.18757489823978
-17.201222855683774
-17.205812192327798
-17.220499074028925
-17.193965575403855
-17.193108555461055
-17.188500579591594
-17.185824497751952
-17.18495051452747
-17.18597744770157
-17.18321208253778
-17.197532773885218
-17.197696888316408
-17.206867547147745
-17.2091849470596
-17.220738445462036
-17.25819970802932
-17.266961098252587
-17.264196949650007
-17.249579403078652
-17.24103073878383
-17.252182203245496
-17.257710357643585
-17.25417240518147
-17.25043123826462
-17.2492223414832
-17.24833246117373
-17.2580516383358
-17.258001684008555
-17.245840752103952
-17.231200924192347
-17.230232657254042
-17.246684198762285
-17.239208695980967
-17.22364360493777
-17.234553141871803
-17.22724029568104
-17.242030609029054
-17.224578371925816
-17.232206257839664
-17.226345649213002
-17.239067519519573
-17.233247452281642
-17.230523190762206
-17.21982322576165
-17.222281816721775
-17.22348826977365
-17.21365357899771
-17.217014561867607
-17.177860087250732
-17.199197022329002
-17.218909318245974
-17.228783640661295
-17.2256648058665
-17.21374631655799
-17.220705529611838
-17.231941979389518
-17.20487454772869
-17.19398534416649
-17.187995905538585
-17.20703544527572
-17.19729652133137
-17.178532050845995
-17.213706766944362
-17.204073418597673
-17.197006660617845
-17.211504797616648
-17.214585829875688
-17.212094702695452
-17.211276992130486
-17.216114161676032
-17.213139570767385
-17.20358826924934
-17.19787824365164
-17.2038677084026
-17.195367787304566
-17.19407661472711
-17.16869824764663
-17.19162901413469
-17.2075764845019
-17.21058735978352
-17.195029342576674
-17.195487101371295
-17.192053732735147
-17.168000028216223
-17.18078051570429
-17.196885660841215
-17.201737737371836
-17.19274864852221
-17.202974094987304
-17.19654446292321
-17.203068949733122
-17.192472365158007
-17.191106528506847
-17.195691041735373
-17.178065398526076
-17.161001378194918
-17.181126147350717
-17.183142146875777
-17.206827635709704
-17.20311683877147
-17.2293636386707
-17.222122589511507
-17.223346518222236
-17.23275299714397
-17.232320451389555
-17.218549256726874
-17.20812582193095
-17.214337076589285
-17.22701947665347
-17.21606618650761
-17.227912695614272
-17.21983817992554
-17.212734007241792
-17.198008513747254
-17.19977898981135
-17.197581254506247
-17.197757777545768
-17.20851712517989
-17.225419743485904
-17.21858776262574
-17.209676459942106
-17.21027225660493
-17.21842631004264
-17.21112094769495
-17.21846143795627
-17.207195991848113
-17.190708828529626
-17.170129824291813
-17.148687579119176
-17.153704033743065
-17.165360749879788
-17.16716975378752
-17.185070590536597
-17.1963955255889
-17.212907063035367
-17.207469060402886
-17.195146975365063
-17.188940582360438
-17.220747689573667
-17.20706900057011
-17.204556699578703
-17.197209594451234
-17.200579948071493
-17.181755272946205
-17.198501051660593
-17.20790710932166
-17.21846396204455
-17.228433759844226
-17.21184408595385
-17.234828283584044
-17.236587606628078
-17.227348548357845
-17.2196742943166
-17.214692972276797
-17.218914683711674
-17.237485493121522
-17.217365439606287
-17.2182118262545
-17.215190689802238
-17.20673822753927
-17.206126333952373
-17.19164075634883
-17.19530974386023
-17.18430103496695
-17.170031970401023
-17.18138149374611
-17.189802976678187
-17.199372903853284
-17.19001394864843
-17.201506621311367
-17.23207209480945
-17.240328970405237
-17.24367080424307
-17.237698849281752
-17.26366042161058
-17.249297171121583
-17.25893548855942
-17.270449435589377
-17.248669464798077
-17.24837766121917
-17.248755695010782
-17.244750171183043
-17.239918947360398
-17.24708128692242
-17.233368140369972
-17.240723213446415
-17.23791156509363
-17.24424263238578
-17.26212549058087
-17.26321394047497
-17.26415211057205
-17.251425876328515
-17.240835778651114
-17.250565923269505
-17.256460884972352
-17.233845440023575
-17.22399982990809
-17.229440629669682
-17.25554868561072
-17.26536998048359
-17.25479383202492
-17.277532420882768
-17.262510067236207
-17.255055520482813
-17.23011910006255
-17.236374150995477
-17.231172194164746
-17.234171494973722
-17.232632025630704
-17.218197862678995
-17.201713179948612
-17.213331072296846
-17.211747874522885
-17.231155509149662
-17.231736625228987
-17.23699483505921
-17.229831808671157
-17.24943177667664
-17.23755026151127
-17.24552762154297
-17.26090174498053
-17.268494851256115
-17.27629191354895
-17.268517357446687
-17.265158959104596
-17.273793582007404
-17.253434868597076
-17.243358247267462
-17.24492943373222
-17.26366298049916
-17.287431751287645
-17.27734213466031
-17.259714869233232
-17.256838976179715
-17.25210939000029
-17.244031162385895
-17.229629126071696
-17.224516394790623
-17.229698930967476
-17.23777811616531
-17.235515314572197
-17.22943603094636
-17.23883857097709
-17.252715185207606
-17.267608412118395
-17.279455087560702
-17.28904558891106
-17.297990855266544
-17.307792811225692
-17.29269356070188
-17.288830563513695
-17.290181422053166
-17.28101218788116
-17.295416050005862
-17.287347397563742
-17.28189329885588
-17.27208636253302
-17.266376261889405
-17.245250279837272
-17.22624977865173
-17.249866716999584
-17.26068590201773
-17.26436180546045
-17.256048860049887
-17.232122098762865
-17.23927830453222
-17.22893649550959
-17.23828521515625
-17.235716504127428
-17.216299641336136
-17.20973635136257
-17.213223967107467
-17.211053401987222
-17.230477854914707
-17.2137606288252
-17.215053056542693
-17.212127907733155
-17.228406942405535
-17.23117464977617
-17.264507857937573
-17.278878251039625
-17.282897706952767
-17.269826648661063
-17.2756086944976
-17.274999138137762
-17.2886729977396
-17.281091438619914
-17.290197464037377
-17.275391671593916
-17.250542365734344
-17.28184293563089
-17.27519907053871
-17.277277249615388
-17.293609869461623
-17.29224978133089
-17.30559690080296
-17.304814208542627
-17.309483965746153
-17.315394718963237
-17.308798510809638
-17.286810171270158
-17.274865557219524
-17.273119404889027
-17.274651650730835
-17.245960603476455
-17.270580986997683
-17.269682553113377
-17.262182428836006
-17.259248478500925
-17.27969162054128
-17.2874014491295
-17.29236368367889
-17.29241801269425
-17.32407369078996
-17.31541991117922
-17.335936839978114
-17.325972565134474
-17.335585754043958
-17.32640304933312
-17.32643292008248
-17.31632891383014
-17.302365859494596
-17.300927812036026
-17.31335175237898
-17.3047929132649
-17.294421235668967
-17.292462886795423
-17.299684391286174
-17.319762604990323
-17.334368056178338
-17.334299273163786
-17.326630581771028
-17.340655420825556
-17.34624527505752
-17.330631341154408
-17.34518958445962
-17.34429877470768
-17.354309908931885
-17.37216426832211
-17.35914499584992
-17.340814142969315
-17.367581296360843
-17.38225661141669
-17.36292933105902
-17.355983853988832
-17.35628851860942
-17.36140358649825
-17.382547998160117
-17.384787693493603
-17.387401953556836
-17.373619633336265
-17.370681232278052
-17.372747879300853
-17.36493193852675
-17.37253102813839
-17.38259334712341
-17.36576877230735
-17.362620255540822
-17.368815747738974
-17.38787469927145
-17.374803109070726
-17.369133921782403
-17.37258175319318
-17.375906797099972
-17.378800263208777
-17.403980849854676
-17.400735705983863
-17.408675597175296
-17.402038907272548
-17.41869630621969
-17.414909970348372
-17.42337067871814
-17.40200722766444
-17.39661556763649
-17.403040889303348
-17.392627224180668
-17.378568721755467
-17.376622172139804
-17.366046872643743
-17.359420349813966
-17.361353091218092
-17.355952135191792
-17.338304106315924
-17.352273262876402
-17.346749373347155
-17.369073252594713
-17.375116240825346
-17.39091169837979
-17.393928925094503
-17.382718920996385
-17.377658080145775
-17.367391243415565
-17.35560821573683
-17.378266879537062
-17.40795745862481
-17.42070008608668
-17.426571780827867
-17.427955348304423
-17.420999157936553
-17.414330579491615
-17.41325288555566
-17.423610371953067
-17.422990364114955
-17.426046976482336
-17.41436773024138
-17.429981042424576
-17.41822429044278
-17.403567365939104
-17.413105971120686
-17.398836844650393
-17.40339114046844
-17.423864380267077
-17.40324048885428
-17.418453944366462
-17.440715783208724
-17.443666390140855
-17.45586160094761
-17.43788432121
-17.41756798923214
-17.41714124337817
-17.407057017986688
-17.404265035974888
-17.396837780458988
-17.407018198889578
-17.408208852579147
-17.38325845318278
-17.371918514955215
-17.365045601607996
-17.375385670962874
-17.376999649165768
-17.366348202452667
-17.375978815221682
-17.380362026281812
-17.396516445386137
-17.39271349473302
-17.39101646292203
-17.400415309062918
-17.411450489888576
-17.40493843217306
-17.401961893234493
-17.4199039234803
-17.42639569421603
-17.418040351987628
-17.403479358937698
-17.406785009641375
-17.369255171205932
-17.387637828385863
-17.3731198651864
-17.35828252446968
-17.364824078871532
-17.362379107297862
-17.35013940385458
-17.353513818775614
-17.37090478449219
-17.369343706139976
-17.368838171193694
-17.361190640247813
-17.379341491674555
-17.35874529046403
-17.35950476129647
-17.343924410705128
-17.342074135134283
-17.36218209153884
-17.374784555292635
-17.395964608368978
-17.392852250382443
-17.39335271545814
-17.38340374789092
-17.389507084558883
-17.385389690544823
-17.402397288004504
-17.404240791394134
-17.420999743432063
-17.424912827834966
-17.405915563416873
-17.408365595960895
-17.41079117565544
-17.394819721562598
-17.384990332466227
-17.373758171980008
-17.371328346054884
-17.37621619810491
-17.378439445969892
-17.37720333786822
-17.383254852313375
-17.403068680086907
-17.403557600319377
-17.39599184315894
-17.412427219314875
-17.41928238817695
-17.40535841691638
-17.41418576684015
-17.397233617919692
-17.397477199826422
-17.426149543543538
-17.43332582249351
-17.43319957931113
-17.42899469593319
-17.425878188101255
-17.43049305895622
-17.41275939152498
-17.40667478113347
-17.41724555456076
-17.418434435519842
-17.435541215780866
-17.42697763236635
-17.426538079919332
-17.42697748933648
-17.42230574204953
-17.455812742298587
-17.453742232833665
-17.444036224160097
-17.424922958789626
-17.387949208558076
-17.37757211827297
-17.374664760416074
-17.380072377696713
-17.372671577328767
-17.357485473063434
-17.347926593454822
-17.361150358035655
-17.364376186104806
-17.36441678178792
-17.368237787074218
-17.375783747734683
-17.34260409794593
-17.36444710822029
-17.365358807345004
-17.38859137873845
-17.390013053097036
-17.387941915661745
-17.38898405235734
-17.393888615111333
-17.37166606445639
-17.365720954523827
-17.376156094764166
-17.399137970179837
-17.410657133470792
-17.394278704229748
-17.411998167867885
-17.431684775897647
-17.447289576280994
-17.440093307258675
-17.433702590388457
-17.419333556116218
-17.416533465316466
-17.4145181321472
-17.42765180318892
-17.43567253237493
-17.44097854989357
-17.44790370215897
-17.436328492343872
-17.438687989769907
-17.429539428985258
-17.414911684870088
-17.429931971748168
-17.437361110730617
-17.423267232900606
-17.42725090586197
-17.44974627285718
-17.45193814341872
-17.454682896934116
-17.449891553509662
-17.441990224987208
-17.438311125947507
-17.460246034862895
-17.461088191764514
-17.472691131544355
-17.484458967850713
-17.495509079713248
-17.48561215119195
-17.466392042274716
-17.45105147504232
-17.433124011408477
-17.45769008793756
-17.461135892476882
-17.473035531989662
-17.488669536932424
-17.47349207117579
-17.471543304708902
-17.483407244082063
-17.496899081917334
-17.493517614815346
-17.494758679282196
-17.483364674287895
-17.486477340393204
-17.49700844634672
-17.478532107094672
-17.49140426218097
-17.498921146085053
-17.48827280356728
-17.47955842264764
-17.464258552614854
-17.45152934808911
-17.442645113684296
-17.46533163872126
-17.434832922926713
-17.446193791825397
-17.428173814863833
-17.43747249365373
-17.452041409164423
-17.447499402896803
-17.442949892262614
-17.434263165666025
-17.435505820096648
-17.423423754415925
-17.43817136278617
-17.425727136460555
-17.417010985299463
-17.439831554702845
-17.43779398934999
-17.434831007980463
-17.433283001133695
-17.42609045863918
-17.41865533171181
-17.42907978605173
-17.45389383709887
-17.45784278152343
-17.456440460210956
-17.4209432432459
-17.436957052326182
-17.442963445744617
-17.43552345130117
-17.452630754070423
-17.455461556484416
-17.427608595209968
-17.417723042153465
-17.410114382671182
-17.392263158934792
-17.398943464646493
-17.418143739116495
-17.408104992991927
-17.39573088572789
-17.39616008896994
-17.414172568940234
-17.412240449968106
-17.42719982273218
-17.431462769333006
-17.4471631107301
-17.460047423339496
-17.45692300555805
-17.4589061940408
-17.471173509440746
-17.481064671156112
-17.465922723369786
-17.450077490207487
-17.456858031592617
-17.46201056573405
-17.446301712567482
-17.4472551270375
-17.42885044065594
-17.429768350440458
-17.447348587189808
-17.45124053994752
-17.450918670766853
-17.460438420527872
-17.460603647900317
-17.466757434414713
-17.485785803949714
-17.49982142894021
-17.497259436868525
-17.505985031008404
-17.51070124192219
-17.50042862589344
-17.47487929183944
-17.48579571245759
-17.4893309910482
-17.458365540921832
-17.471404217721158
-17.467823247247814
-17.461038168271806
-17.45606777274757
-17.457207988863548
-17.461696869545356
-17.45351796679345
-17.4529497649175
-17.460807835669844
-17.463516926946482
-17.454473121827352
-17.44858940268454
-17.44348366634789
-17.449052202736517
-17.468365975503982
-17.480203034373435
-17.472465402900603
-17.444508273603397
-17.437424661577285
-17.444855729164768
-17.462080770745317
-17.47514655134897
-17.49194774562421
-17.496427631405634
-17.475680500897568
-17.466188743737707
-17.468746768654732
-17.481165713600742
-17.49352037230538
-17.482751041687333
-17.492144244337187
-17.469934587371597
-17.47586034764469
-17.48110277169484
-17.47281494705618
-17.46155957449286
-17.46076660921517
-17.484125239464742
-17.473613234312978
-17.48608029639246
-17.486631826378254
-17.49540208251418
-17.48250419725711
-17.46883827032784
-17.445877632403143
-17.450296717768584
-17.440237168162458
-17.40763637593589
-17.417992959810285
-17.428937413131436
-17.448952996037047
-17.45195669092638
-17.456217160642264
-17.45540360538214
-17.461026695166932
-17.472848784354365
-17.45427175125647
-17.46359453586333
-17.469751784768125
-17.449388469182775
-17.46134331726097
-17.458736174554915
-17.436626304011934
-17.449729327091173
-17.446331242273526
-17.43763429054137
-17.471263411165513
-17.475496130500037
-17.472413220857607
-17.47830093039234
-17.48788795684794
-17.509437713999866
-17.502013136187696
-17.493234243719446
-17.460437164119586
-17.455552435536987
-17.458827625574088
-17.465641267807744
-17.47419235169266
-17.48664012275289
-17.473203534708205
-17.484769261061874
-17.48039206844946
-17.476545868389042
-17.471562765189507
-17.456443024443487
-17.456333636347424
-17.489974922752285
-17.50853196752653
-17.540272947444585
-17.525121651038944
-17.535225681397698
-17.546043562391308
-17.53791006648471
-17.54427434001902
-17.545619907470805
-17.537142984591643
-17.532662943381304
-17.53810014582983
-17.533591868939393
-17.516176917711952
-17.50385351996533
-17.503531559276855
-17.5209101077809
-17.518123893846017
-17.502970337424454
-17.496927123682436
-17.492374696186552
-17.48274718573542
-17.469782441320742
-17.47329094826646
-17.4739050923755
-17.465495571827038
-17.47849524769552
-17.50259036446069
-17.489163704875086
-17.502979578110313
-17.493732091967445
-17.501645361325057
-17.505621088820895
-17.4901774607775
-17.498738795453956
-17.490101229045838
-17.465899863091174
-17.467922093497318
-17.49578673522102
-17.51426649243788
-17.50944847392054
-17.4919596967994
-17.470583662484156
-17.459811077980717
-17.460341900414775
-17.465709221433496
-17.468370537109756
-17.471096578330915
-17.449667517081906
-17.45589137044293
-17.467396601068536
-17.478113980811457
-17.476670076281305
-17.47527855306033
-17.445997269047226
-17.431720171424658
-17.45103926754276
-17.46654048787956
-17.463935363401063
-17.466399796511944
-17.481518867402475
-17.47774912393876
-17.486161915055074
-17.5083814206813
-17.500885978151615
-17.51778476142189
-17.503458366026877
-17.501479023359305
-17.49864012372319
-17.501677247983906
-17.480332376068002
-17.48867909572059
-17.49650000511343
-17.501128817801536
-17.48370791532746
-17.47792598033157
-17.47217315284585
-17.494849543190416
-17.49057350986353
-17.47628044531345
-17.478054578904455
-17.49065604660625
-17.4938666268188
-17.50741503853156
-17.49676957592941
-17.47608932017556
-17.46709965793304
-17.46722047468609
-17.470941649708937
-17.486540291406417
-17.493170617310042
-17.47418048645144
-17.47617594037611
-17.472476536417005
-17.44325508042678
-17.437939013484375
-17.45528954518241
-17.445491700476964
-17.456990412832774
-17.47683035843796
-17.467996483995318
-17.447797484237164
-17.436841652526542
-17.443315938765544
-17.43790127880475
-17.43889245803487
-17.442354763657743
-17.436107847188133
-17.44546250057983
-17.458588565750397
-17.446869808905664
-17.45711726790872
-17.444365789331975
-17.434057548833476
-17.446676416757352
-17.427347749106794
-17.429878618463356
-17.428176688554032
-17.447219590742876
-17.452877573201494
-17.44678596853197
-17.441077359519806
-17.440272623511916
-17.451338194458142
-17.45044125182183
-17.429320730986362
-17.40829013777882
-17.400362264674435
-17.396025156051248
-17.397362994220092
-17.392065420959646
-17.406790032772633
-17.41356778229189
-17.41118736507477
-17.408405952084053
-17.420801784154598
-17.4182328846241
-17.433846425127182
-17.443458473505324
-17.434885127115226
-17.430189445193367
-17.4532389416477
-17.458436043947707
-17.473349950553285
-17.475744094624424
-17.48267432242748
-17.51542672809702
-17.524399835970083
-17.51073131757369
-17.481236536660248
-17.481819481310026
-17.464053668782835
-17.464210219335808
-17.46226364268064
-17.451453112418196
-17.45849755209211
-17.454008961414324
-17.454545232432753
-17.461042094742062
-17.46380641866636
-17.46815825363972
-17.470383515650045
-17.472564589483813
-17.468026128800766
-17.493472400735357
-17.493292109545077
-17.45949780749535
-17.460360706285456
-17.462448105039257
-17.46459932550724
-17.446033942458232
-17.445865014857556
-17.440583131987605
-17.431530073168894
-17.438425296617755
-17.433952498884985
-17.42667054882405
-17.436661396542025
-17.443157857765907
-17.45808607904733
-17.458009617215136
-17.448715409622654
-17.454111612004134
-17.45629745965153
-17.453527215153635
-17.444594368928154
-17.4505536460999
-17.43595384141768
-17.453583389053687
-17.45916193804748
-17.469687230479533
-17.477832304381995
-17.477206635081675
-17.477132031954376
-17.49363098571175
-17.482593198925766
-17.490041489392883
-17.491839412450688
-17.495251761025138
-17.512264798953602
-17.506674926112847
-17.513362638405802
-17.52854641810968
-17.533414583171137
-17.525354841339766
-17.538736199011968
-17.54801992239431
-17.53699590316434
-17.552892003627928
-17.5553381240598
-17.551233078566685
-17.553419915786233
-17.545421292969746
-17.52327407609663
-17.513949652929405
-17.52723098590078
-17.538519075590372
-17.525413962525693
-17.5107002898773
-17.4891757651187
-17.489501855076643
-17.49650624412544
-17.50585227938635
-17.520541661621085
-17.535459779363567
-17.532173650088446
-17.53504770460982
-17.507758135724522
-17.50718718187754
-17.519121009087286
-17.490955014339203
-17.483288043709898
-17.500338831261928
-17.490713484249838
-17.519343345049453
-17.5229988645587
-17.53678019727225
-17.56154703506303
-17.574525146852853
-17.570649884659687
-17.57619178895673
-17.57980511930325
-17.574143228443695
-17.58973910573988
-17.568745432121393
-17.54467508609027
-17.540461706672986
-17.52711793283724
-17.52762165046595
-17.501441979505472
-17.50434518404797
-17.489829145290336
-17.482508689171276
-17.48698574693361
-17.470785374875465
-17.479414674817956
-17.471023617747928
-17.483400382303728
-17.46481004208509
-17.45581302721227
-17.439663294113004
-17.436297988728324
-17.44784449069214
-17.462695959668178
-17.46303474281313
-17.456894289542014
-17.45967485746545
-17.47274367696086
-17.494625014838228
-17.482119007309326
-17.475415827982935
-17.486613033524552
-17.491059620401735
-17.479279563476343
-17.456227328961234
-17.46681918619014
-17.45597931949386
-17.43687741581116
-17.419368310532224
-17.415623579786804
-17.41446316624554
-17.419082551166913
-17.426156339182665
-17.422709273450973
-17.415297606512095
-17.411739306545517
-17.40968421870047
-17.42325750858858
-17.41128157196724
-17.410755697014324
-17.421147031776922
-17.431792240223178
-17.443388577871193
-17.447593123066895
-17.46953009010553
-17.472179926150126
-17.466939394160086
-17.469343558671255
-17.459044023390007
-17.474649067145034
-17.485905871459153
-17.491500743960927
-17.476760744199193
-17.458853417868635
-17.448733474615675
-17.46228193491983
-17.4686785632871
-17.47472845259922
-17.465494074827177
-17.481575287273728
-17.45752626896226
-17.45625283417265
-17.465643244890316
-17.446957974912095
-17.449913876404814
-17.455905288479816
-17.46335972037865
-17.443769725842607
-17.45602907461776
-17.434090076878338
-17.43190237707584
-17.42222501968747
-17.416010621625535
-17.426625374035854
-17.42612538543239
-17.426412203771797
-17.418883105134714
-17.429975018624837
-17.421009801643724
-17.417718229129104
-17.440541854806497
-17.453201721986495
-17.4568207847586
-17.469286243347824
-17.46793901821766
-17.46819054485596
-17.449619962651784
-17.48106203196364
-17.490040862503367
-17.490855019873795
-17.466156847715155
-17.483877856092388
-17.492162115861905
-17.48154128478043
-17.48461024096337
-17.46675913227437
-17.467586489199764
-17.479884750535806
-17.506376267814023
-17.54003741209687
-17.51661911492923
-17.524077848974084
-17.52299282502897
-17.531400252956434
-17.53827528209511
-17.51370878158905
-17.539034769626255
-17.53642597666689
-17.541020892952545
-17.552243618760457
-17.558170425173188
-17.5602676997428
-17.552017977349845
-17.532243898412915
-17.518050522532665
-17.518860597701305
-17.527951354942363
-17.51307120427919
-17.479632215729065
-17.476608886385776
-17.47150945033584
-17.47826594855424
-17.4826719705023
-17.479672855751215
-17.494688359417875
-17.50580259965814
-17.505034710401663
-17.517703126779228
-17.494932567419166
-17.51309925678707
-17.52013727901266
-17.53941052385723
-17.524142559413836
-17.53522915875719
-17.519817041376832
-17.533261731425924
-17.523157209845326
-17.54124717625731
-17.540268879595402
-17.542829005275134
-17.53076994068262
-17.522549698891414
-17.497089174104286
-17.508103739146808
-17.5015230526206
-17.5150394067736
-17.5167184747296
-17.49880933101889
-17.506835558809964
-17.50581797141186
-17.50361158997225
-17.501032014770107
-17.51031766073753
-17.507250976829006
-17.486397540852664
-17.475171563841887
-17.470334656711216
-17.478640327228966
-17.48024159431411
-17.465013040506438
-17.469158560894375
-17.499946040118214
-17.51241951475617
-17.516640260310634
-17.50984190798563
-17.49094870816188
-17.486768130180913
-17.50389707532521
-17.498886338111816
-17.497081249145253
-17.47529408881388
-17.47647048272643
-17.460788988223637
-17.44231761176251
-17.441548629398582
-17.44637567802434
-17.43990516590549
-17.427438814798926
-17.412150410367737
-17.419119176461535
-17.427920585219226
-17.44266195700356
-17.445427363150145
-17.432931961338948
-17.4531729401442
-17.44593825598774
-17.447365027767848
-17.457851165665808
-17.458079542848907
-17.439538110288833
-17.438357517264922
-17.426667514061148
-17.437352036248225
-17.42821854341395
-17.425237488828817
-17.40190326684779
-17.410676212190033
-17.429804673640177
-17.43878667503811
-17.44519694184624
-17.450893610833255
-17.439564274113863
-17.429698685180565
-17.424858176617455
-17.440452675028318
-17.447612352370555
-17.42759346350998
-17.452369034897206
-17.453695444036633
-17.43539569910046
-17.383896235541457
-17.38804837310065
-17.354432517982637
-17.371842670282703
-17.38306048060679
-17.371451264960672
-17.40082846312702
-17.407430469287114
-17.413627962455116
-17.404291658217755
-17.399275668821577
-17.407027594597213
-17.409610615302967
-17.409830782369944
-17.404250074541384
-17.39098173370947
-17.387899448182754
-17.392966727950327
-17.387266546289965
-17.39213206265746
-17.387801700158597
-17.40056870832563
-17.404925945615663
-17.40463048311364
-17.43067874298047
-17.418465323205083
-17.421614068082302
-17.411043781140528
-17.43300060232684
-17.446074911774463
-17.433460525985772
-17.4280245512194
-17.413334522687972
-17.441299130634565
-17.467173010887386
-17.46226189806394
-17.452955368921526
-17.467570480045538
-17.48039027300111
-17.49459469135602
-17.49023676839862
-17.513705221096597
-17.52816613672682
-17.52254417792931
-17.522594836680415
-17.533368479472365
-17.549099253997213
-17.562708540775347
-17.55148893732367
-17.56245335375063
-17.561343992772283
-17.53735106033951
-17.528397178888884
-17.50715345675575
-17.5239613091365
-17.523254395661255
-17.52600112764177
-17.529139866472256
-17.52085608571092
-17.5197605258803
-17.51971369627434
-17.516235447697078
-17.522870957601764
-17.510442003866864
-17.517878435629086
-17.521137665952008
-17.510109963246848
-17.51811372873934
-17.512296731689077
-17.50545728605922
-17.49308337602852
-17.47477219279392
-17.479058792037417
-17.476539225963258
-17.471889715569578
-17.475320117213325
-17.473451918332188
-17.460020658519525
-17.464035715714925
-17.469995985225083
-17.472084933467393
-17.475022758142263
-17.46623721851816
-17.484719093008117
-17.478818490046663
-17.486646353488087
-17.485714207403383
-17.479456306539756
-17.49016786400473
-17.494750214707864
-17.49866596521031
-17.503789372106162
-17.490611805969536
-17.48017551644131
-17.481896094143853
-17.468302478959934
-17.471748931968666
-17.474494769079346
-17.47264329383236
-17.48307888897261
-17.454493650873292
-17.463454625770424
-17.478843111475076
-17.47901174086593
-17.474620939040697
-17.446642217778795
-17.447265045287427
-17.45134601875621
-17.456476393582108
-17.45641599875036
-17.456972992434558
-17.439840953236995
-17.45192690887154
-17.46042380747397
-17.461339650923364
-17.458564182918742
-17.453908314677165
-17.451060529874017
-17.43075914121972
-17.442781697861943
-17.476913772385263
-17.479271607359998
-17.485461180320367
-17.49571227449295
-17.487398432577994
-17.485374591409006
-17.470084741614485
-17.475642822864053
-17.48436122587416
-17.49322097327499
-17.518507331937606
-17.525673013828523
-17.532566077372447
-17.52886874158923
-17.524136621162278
-17.5128375057044
-17.508060592046277
-17.522789264689965
-17.505987216827677
-17.480422785210177
-17.46543145558779
-17.47000832866654
-17.453125958109233
-17.462853934152736
-17.435668387306723
-17.4428633051602
-17.453937450905503
-17.464902959997133
-17.448519901132475
-17.444351215645227
-17.44654418701704
-17.454851004312317
-17.484884974467718
-17.49045811215608
-17.501674101212764
-17.49950579805394
-17.493870133843522
-17.50348619173886
-17.478502438450835
-17.46699014929885
-17.46219585496113
-17.47576112868653
-17.47303302542268
-17.46688247053749
-17.485413202008303
-17.472170078632587
-17.47310342977287
-17.471148582484815
-17.490345192628983
-17.502876564098205
-17.505904663043346
-17.50648211556551
-17.501120956634317
-17.512146697333243
-17.521053399862726
-17.528109742778945
-17.50546910152598
-17.49269624739363
-17.497006762549503
-17.50482587076964
-17.50012227758838
-17.49842135541667
-17.487897661299222
-17.47741103440617
-17.504428182952356
-17.509793519943806
-17.508106619397818
-17.51316539522713
-17.52489817725818
-17.53671092773056
-17.529247488741635
-17.547365311940823
-17.529180574627386
-17.528838666557206
-17.504685990468296
-17.50841074684669
-17.51201914810869
-17.489118996130223
-17.49401283216157
-17.50654184206605
-17.50512998238624
-17.502388292121726
-17.49654106964415
-17.46485009761839
-17.470238108730864
-17.461406506933418
-17.467057797147863
-17.491804172545336
-17.495508304290674
-17.508525495335856
-17.49699728573971
-17.514999934642763
-17.52080968867269
-17.52427365778788
-17.529288933110852
-17.532517995271935
-17.521893648871675
-17.52946496009188
-17.53592708414352
-17.520178989637856
-17.501809184741173
-17.50587724221946
-17.4998693473652
-17.51089219487268
-17.50428414243759
-17.49352252327725
-17.484822819911372
-17.47188125079314
-17.48348735083193
-17.494159089869644
-17.501687907630355
-17.48857821192257
-17.484763910456927
-17.467485489851427
-17.46405228775299
-17.44728219126523
-17.44946622940561
-17.441412832385424
-17.42156645724552
-17.43945746713178
-17.440297031467964
-17.443754806422316
-17.44624112565201
-17.4658434950901
-17.477166068461795
-17.475126346661376
-17.488923524025637
-17.484113641564765
-17.496939400494327
-17.496192279532877
-17.51300261374042
-17.508251232741657
-17.526752496119393
-17.53385385491698
-17.544364393021496
-17.54954260208377
-17.55515480122514
-17.550579108080175
-17.56997563759645
-17.554764740010366
-17.54722623954093
-17.552103821198173
-17.53153317177273
-17.545654037849346
-17.551518889523805
-17.554423008213686
-17.551727758374145
-17.55130527853408
-17.5460081392048
-17.5466465361252
-17.53491880759351
-17.520902363772496
-17.514300494435147
-17.517206863984466
-17.52541983801283
-17.54608040126297
-17.56196040268966
-17.567577479382734
-17.574475454318012
-17.567643298391477
-17.556578141049876
-17.560306050837607
-17.566906898239104
-17.576381571383106
-17.5911458015131
-17.564064949620327
-17.548686972546562
-17.54858982798921
-17.55512090531211
-17.55086960371199
-17.537234238372427
-17.531239410764844
-17.555776233060584
-17.554482120921904
-17.527115416288375
-17.50112738785098
-17.515805246546837
-17.529425523774016
-17.55028543525407
-17.54470589976086
-17.538935977204115
-17.52954615778941
-17.523360082027065
-17.532323307167438
-17.53408672762139
-17.532349379824186
-17.528511926944454
-17.52746650610451
-17.534288390908607
-17.51519868277811
-17.495385822400774
-17.494410325646673
-17.476874791416655
-17.47888906229742
-17.486084980107712
-17.498640386096582
-17.486847982513883
-17.50879802092105
-17.5072615895449
-17.510100110463966
-17.484518216145805
-17.504995630491972
-17.492228586595367
-17.52259589448133
-17.49745771935245
-17.506812999657164
-17.520515384127798
-17.511849319095145
-17.51568977997058
-17.537018474856367
-17.541836475310728
-17.530615721133238
-17.546476518331247
-17.551139624529057
-17.556277421803145
-17.562359167957496
-17.5748087501631
-17.5815294074322
-17.585631321766357
-17.56653076382974
-17.547753214381416
-17.543180600049514
-17.55170436530587
-17.552306469037976
-17.57034466616833
-17.576268055169276
-17.58248418384221
-17.57843288499919
-17.576034645040135
-17.56780474627398
-17.557352493359733
-17.562684915904168
-17.549798681227397
-17.544448017621256
-17.55515699289685
-17.559276597368896
-17.564016920534446
-17.552038314457484
-17.545757406280778
-17.54841468169855
-17.560400973293227
-17.56417609464078
-17.55978220269518
-17.55999860036462
-17.563051980912856
-17.538882671715676
-17.55120037273888
-17.54590087202004
-17.540559506550096
-17.53551432422417
-17.53319953414833
-17.548734686294274
-17.5514733064299
-17.553574537764586
-17.560205994547864
-17.56063181693076
-17.566215021376465
-17.56179655565019
-17.543496866936923
-17.547890747065768
-17.541344959669942
-17.540358803545704
-17.544256924857034
-17.53818033604993
-17.540922305926493
-17.525239682977002
-17.532901311187256
-17.505515541193592
-17.483589390579503
-17.475585641922954
-17.481755960018972
-17.461056534550163
-17.467477956815955
-17.47913064743255
-17.481473525055243
-17.482813296766174
-17.474285615064833
-17.48489405553511
-17.479505355024905
-17.48938934550258
-17.47756854805794
-17.479443639176566
-17.48570230312725
-17.48288593089485
-17.462770853120073
-17.460129898046024
-17.457290982195943
-17.444144206782575
-17.444789799695027
-17.44406724563588
-17.432344844706016
-17.421209684006644
-17.452568023787002
-17.46450708019097
-17.463087873758703
-17.454710309413226
-17.44676514287031
-17.43666238783746
-17.422433694179105
-17.4315374429432
-17.424825360089635
-17.41746236118007
-17.42395161272716
-17.444027492848072
-17.449505715356153
-17.456548755580513
-17.466301537885666
-17.448605619090888
-17.45213655751079
-17.42967455705717
-17.416580897146655
-17.422909392966805
-17.433470674087456
-17.414555477990284
-17.41113158158097
-17.419330856029624
-17.413518829303836
-17.421667364651398
-17.441161626755278
-17.457060990594393
-17.454460846787303
-17.440044675073533
-17.455685560714098
-17.445673235030384
-17.45464145826825
-17.43605182508153
-17.43711699475718
-17.434700357665623
-17.435631321328614
-17.43006084544316
-17.430055332089044
-17.43912426375247
-17.456957174149643
-17.46747001844468
-17.502492972600987
-17.5137055220897
-17.508765718006703
-17.508566223285268
-17.507187650425124
-17.502541530199434
-17.494095317686153
-17.464074164407712
-17.486666839218266
-17.50290610978109
-17.491765370004284
-17.479128044315114
-17.500990943933125
-17.49048473349648
-17.507326254590993
-17.504000571265912
-17.48947617797507
-17.509376723064005
-17.50059295137125
-17.50989381373864
-17.54097011717957
-17.538104333524444
-17.52390190537424
-17.50949664441816
-17.496408890181506
-17.494725244215378
-17.471001260591375
-17.47661852459139
-17.473506153528238
-17.479663973773846
-17.478930370185832
-17.475301985724748
-17.495196219656926
-17.48576683173683
-17.47467022194269
-17.4932865691621
-17.499773709973223
-17.5114573063806
-17.489689428550232
-17.48934210265236
-17.476837179048793
-17.484217110109626
-17.4752882700227
-17.464019823448293
-17.457445993451213
-17.465776489212576
-17.454503676163743
-17.451969129338323
-17.447246540946292
-17.46682158311626
-17.466783417681143
-17.476826775697685
-17.466711441428377
-17.482996441636665
-17.462906053031293
-17.450232318853704
-17.450203976649103
-17.45519390623843
-17.468386199619246
-17.470289719913797
-17.48309430538148
-17.468735973998875
-17.461294256823507
-17.46464718143131
-17.449210901698486
-17.460480989638054
-17.471315989660173
-17.452848640104488
-17.471791805429156
-17.46529319702521
-17.46455849282841
-17.475303944620265
-17.47403426565219
-17.49369517735074
-17.499639459412105
-17.506080793516585
-17.530148312152324
-17.539613281950196
-17.527096118408608
-17.54559486631729
-17.548225871851177
-17.550584526306427
-17.577292654555976
-17.586983350764843
-17.553128954009065
-17.53686431308948
-17.52254874929366
-17.515281808435375
-17.51921503890662
-17.505235723303777
-17.508414266772586
-17.499580124958772
-17.45703124055705
-17.452683248430453
-17.470407810952082
-17.45685164966588
-17.417837856954982
-17.42969279030923
-17.431099222961873
-17.434043750083863
-17.423606433932846
-17.417299392368744
-17.42002925207483
-17.4335092135942
-17.446234496870588
-17.452855105296432
-17.442596541577686
-17.430905688357438
-17.407078837623622
-17.417721706889743
-17.42280161736956
-17.411373221754747
-17.410845715825296
-17.391295869008367
-17.3863215742752
-17.395180934120216
-17.404927618719054
-17.38013269561943
-17.362863703983958
-17.364537869358177
-17.360098142900636
-17.361402664624894
-17.35830959134935
-17.347864276526757
-17.357625003128636
-17.37178648539231
-17.36523420963535
-17.343217208855357
-17.351455944816315
-17.353710351985214
-17.34838924509539
-17.343579683706675
-17.356998587809613
-17.36399914342885
-17.368212450097985
-17.372188135314914
-17.361216687026996
-17.359200696742185
-17.371174738528268
-17.372010423737827
-17.373644801075116
-17.38729195179863
-17.38442279781623
-17.39308983874564
-17.405276060670513
-17.421412721021298
-17.42453798825573
-17.433443723402338
-17.423058248337956
-17.417744196095146
-17.43232442836211
-17.443170899721256
-17.438645762910557
-17.438325159211324
-17.434223571208843
-17.443578701601524
-17.42817147891802
-17.42792554596198
-17.414519516125218
-17.41558273808053
-17.434966325940792
-17.431358344399623
-17.42362260164665
-17.446138780408297
-17.435237898628877
-17.435192267350022
-17.443350199027655
-17.435301039597583
-17.431482172266684
-17.42668081784124
-17.433271628529855
-17.41724409512249
-17.415662304303382
-17.435730538094752
-17.450936632575285
-17.464457433148425
-17.44363208602254
-17.442688949127504
-17.419741317747167
-17.42764130744197
-17.40941081288604
-17.424383303787412
-17.416446324095872
-17.409953820334593
-17.419037952527724
-17.415604037801817
-17.410264120100923
-17.43039586518206
-17.435929277739003
-17.442034851816967
-17.448517477066293
-17.45221776675358
-17.443321341684197
-17.44179293761888
-17.44090517273474
-17.45366721059524
-17.441953284238767
-17.45837181498426
-17.464122581968223
-17.471210080952577
-17.47693394052339
-17.481552750514872
-17.478292075178246
-17.481168214659444
-17.472565085301653
-17.488263383574388
-17.47994608368693
-17.470253775975962
-17.47768518808049
-17.482760233531774
-17.491885649421963
-17.499381074936863
-17.470957483759204
-17.46924056525262
-17.448953729586556
-17.462311090614513
-17.479578677622523
-17.460161222797087
-17.4469711865136
-17.466876496679834
-17.494365288373643
-17.488261589314167
-17.489394456736466
-17.47986387707703
-17.488648805343754
-17.489910105179728
-17.479000669220547
-17.46964536624029
-17.476837599262787
-17.457229050417826
-17.48487812906364
-17.4876917876999
-17.471289678796698
-17.47912730673227
-17.46424467452902
-17.45296669119463
-17.45123013608206
-17.465323435793657
-17.49184217352911
-17.51065268152305
-17.508027519948715
-17.5106176181922
-17.507643012116926
-17.52694058543208
-17.53004253392788
-17.52752529633472
-17.545076601079028
-17.554187817728547
-17.55338740605583
-17.54006775616686
-17.57426555228719
-17.576032961106556
-17.578405247509828
-17.577803815235193
-17.576693695020417
-17.567081120647384
-17.553662967944142
-17.54721004243158
-17.56679805906559
-17.55220707376326
-17.54176904382641
-17.542416451861264
-17.53755672302088
-17.52446033868515
-17.53501980844794
-17.552205055987276
-17.53911712847477
-17.542117683236516
-17.56638854433051
-17.56686667920633
-17.559775394807332
-17.557607871365505
-17.555574763152837
-17.564137963867605
-17.545829142873185
-17.53693813999653
-17.55096543621068
-17.525849092207597
-17.516578065553812
-17.5380377282104
-17.530718203060275
-17.519540029314463
-17.511317787480728
-17.49497430340781
-17.483208080227627
-17.482261083073375
-17.487569088643355
-17.464309309698486
-17.49341923020516
-17.516401361465146
-17.528160160716467
-17.552035624114847
-17.53572531445443
-17.54345782392798
-17.561594489904433
-17.56612946541792
-17.56284167482106
-17.54374038498216
-17.536995070236777
-17.547159861837663
-17.54190562547185
-17.53401990338924
-17.527288156395148
-17.52051907598461
-17.523052329615908
-17.52950133432604
-17.51726038188786
-17.51600291196684
-17.51644986152409
-17.524093901230927
-17.551747701127425
-17.546274235178693
-17.53827149485746
-17.557469914684766
-17.546107857632336
-17.556256551188717
-17.553819182283732
-17.55844613104431
-17.552285593082935
-17.540478100617246
-17.532622098861104
-17.52514476644651
-17.5264725495845
-17.54217631292126
-17.553800701880945
-17.55654215820797
-17.54336685757259
-17.547291915108854
-17.53475335163755
-17.56237919606965
-17.576065393486136
-17.548532209044584
-17.550785197783124
-17.56374814084679
-17.54232677909262
-17.52060660351593
-17.556246034296745
-17.548493837716943
-17.560301234887472
-17.55536017568346
-17.53979395487831
-17.546933469219567
-17.55028321843878
-17.54783746690222
-17.531066891579822
-17.505852596795364
-17.522309857414964
-17.53959272913843
-17.52501106597983
-17.506366737377196
-17.494337818880474
-17.511526688922697
-17.504630540245195
-17.514161513770755
-17.521178608977646
-17.503544085867425
-17.490591882205624
-17.500388557224298
-17.497014393401223
-17.490872705489526
-17.51105168144436
-17.48751528596337
-17.486625812112635
-17.486439479368197
-17.50028111389833
-17.50210084645726
-17.50264709413907
-17.516142802450815
-17.511753719212876
-17.50551375123409
-17.50164458071454
-17.50379390709888
-17.5041053413712
-17.507641535651096
-17.532894349623444
-17.528583622184264
-17.516135556613325
-17.52973544559346
-17.516641562766196
-17.504738130349416
-17.499651910120328
-17.490854178743337
-17.473967081217385
-17.485458763592003
-17.502837713315404
-17.488567547350456
-17.48053727122819
-17.493030959799157
-17.498131994753205
-17.492459063516055
-17.512802768691703
-17.4990236298821
-17.493920107311197
-17.488783114649966
-17.478527713337936
-17.471152165051485
-17.482365775871372
-17.46602235368646
-17.466580948350774
-17.48864588553414
-17.47892462018117
-17.46208539152082
-17.46887929434873
-17.481458968330728
-17.488388965085203
-17.497785219491405
-17.508645121551872
-17.499780800956945
-17.498184357867988
-17.480989772672327
-17.483152520309194
-17.489945363913638
-17.493930652313882
-17.510386626006788
-17.526567814547747
-17.51860952236055
-17.505618437767065
-17.509889292738915
-17.523104868674704
-17.5145194663029
-17.5061570484123
-17.5153307434995
-17.498958937129505
-17.510993631793614
-17.49288331409589
-17.500574705737897
-17.493461517616453
-17.49160515488408
-17.50966034776333
-17.50535563411822
-17.493349938586594
-17.497246406374078
-17.48919013748682
-17.475616024582852
-17.48616234831106
-17.4961336471943
-17.505559827059873
-17.494634538407368
-17.484250828421615
-17.496487679094237
-17.517697170431095
-17.521548391606153
-17.507802035924453
-17.515135965419503
-17.527032776923754
-17.513636435943216
-17.503086845572195
-17.47847768835725
-17.478484591357244
-17.47903502252718
-17.4525748275427
-17.44462330609034
-17.47024926834001
-17.498181890336635
-17.50000227704617
-17.50253980621162
-17.50224215942572
-17.502579405744804
-17.517583720980653
-17.51847787006672
-17.52846333750809
-17.506802123865445
-17.508119731723916
-17.50143697810919
-17.50556628275179
-17.509870822692086
-17.498738943694757
-17.499474055217274
-17.48888729238065
-17.473123198864435
-17.469622240790805
-17.492154579786007
-17.515693257716762
-17.526946610877182
-17.537348192110567
-17.545453953409293
-17.531729711747854
-17.53139848089083
-17.537784586392267
-17.547192663489888
-17.535888988160433
-17.544584234208337
-17.537363607705053
-17.536883631087004
-17.577453953347877
-17.594011483290714
-17.624961078206077
-17.606594362869373
-17.61792012422671
-17.618358722052044
-17.608123802460014
-17.60067239346827
-17.60664867174105
-17.589803875121504
-17.58481806386787
-17.582534437105597
