-17.886142229590913
-17.800627015825043
-17.8108437295331
-17.78188282046693
-17.84386934428404
-17.767419179975626
-17.75751937292365
-17.745660478344742
-17.696819006028864
-17.692456498651016
-17.680015209839077
-17.687199701537672
-17.71525995821903
-17.671720871698174
-17.67613494164273
-17.719214049127686
-17.689684723824346
-17.728445553566008
-17.675247056109633
-17.68037766044022
-17.68970949141255
-17.70010752342283
-17.687981234989994
-17.659591902623692
-17.71226826177807
-17.6709581258387
-17.68583040589875
-17.69694691503808
-17.704563173267804
-17.62824315991437
-17.655875693141077
-17.702846081979413
-17.729138151116597
-17.72044039635963
-17.6634874219144
-17.62742022252802
-17.66831101021562
-17.634896265490543
-17.62022186503968
-17.63568804861714
-17.652517272948927
-17.583440790504902
-17.600717281276356
-17.624421969700578
-17.653756163030327
-17.6470251107928
-17.629456334005326
-17.675182642541163
-17.67835838931116
-17.68112240605915
-17.684225270886934
-17.622785935917086
-17.6481938235343
-17.64650566028038
-17.68313260318332
-17.654815323885618
-17.632037798141216
-17.667375341213912
-17.610056969111668
-17.641318946258707
-17.647279718952902
-17.650582185774006
-17.682568021910143
-17.690567549383218
-17.68390703358685
-17.64683387381445
-17.67023755288358
-17.700624821890763
-17.66745948349455
-17.70246835380087
-17.656087952842263
-17.701562137466556
-17.658653463633414
-17.67387439107018
-17.633959188781553
-17.715899831342657
-17.68732210498058
-17.660341987857915
-17.70726236232308
-17.651504473004717
-17.693837890897445
-17.671347091866117
-17.659287127510662
-17.655562900905306
-17.67627663946912
-17.638801013252213
-17.632546635160207
-17.628081447344883
-17.647248754194706
-17.70206601024137
-17.73005240152801
-17.690937364480448
-17.68370511079611
-17.669373992358366
-17.650360659345605
-17.64827796489323
-17.59373885391402
-17.620089176455366
-17.6185228100012
-17.662331083023457
-17.689295685502795
