-17.767036081786443
-17.71772538880503
-17.71400615985591
-17.696672711880964
-17.659236355361283
-17.665857164225017
-17.652622760839037
-17.635277742488856
-17.66969660526108
-17.613724166243628
-17.576437351805172
-17.637492014576942
-17.529139614980213
-17.529523676052342
-17.56195736753168
-17.59867749641798
-17.577342500294996
-17.547514525862468
-17.5956551489337
-17.56315229942081
-17.5671314744812
-17.5669722324506
-17.58153655739892
-17.578067062403914
-17.608085552881427
-17.561142939755
-17.586302013233365
-17.53112785187455
-17.597992273322284
-17.53622955809718
-17.556331448124702
-17.52187909936756
-17.557223380585402
-17.536611556710774
-17.506714573341668
-17.503083337280845
-17.527565445574663
-17.513662454280347
-17.472410678174167
-17.473295372025056
-17.490926448037936
-17.47150283437996
-17.493125174844455
-17.54118433818046
-17.518087571270655
-17.52651279606158
-17.55791656879479
-17.600630002025394
-17.581260391120637
-17.588843790701166
-17.527452413723278
-17.58409128672553
-17.603215202871628
-17.617274071187392
-17.565528491374167
-17.570027011118377
-17.576346467547335
-17.601913381654526
-17.565114172376145
-17.54334080076364
-17.556195634564776
-17.570147761728144
-17.532527188225377
-17.53993461259041
-17.536013374770725
-17.561891191710664
-17.503902216093177
-17.536253810893317
-17.545983153243004
-17.494140276441602
-17.45310133176714
-17.464180334473856
-17.457615181776898
-17.4996432389263
-17.501963633476294
-17.504448245962774
-17.462435387216285
-17.465992393550156
-17.475547880125443
-17.467744481424734
-17.51468337114279
-17.408356448215475
-17.472611957479238
-17.47168551341724
-17.440082738025605
-17.483136072891224
-17.548819650398915
-17.522653497745175
-17.512795646802626
-17.547175683206277
-17.519490433026327
-17.532473130536715
-17.56300181797794
-17.576478540615046
-17.546522216290903
-17.547602712378946
-17.576227359629527
-17.570096344650516
-17.558262954036632
-17.54746001507147
-17.547987485710333
