44.0
43.62745064106829
43.222708787624036
42.800585526395686
42.350118207595536
41.864164081680954
41.30522535169304
40.71557028357231
40.123626805253544
39.43239804067107
38.703791590047906
38.00151790978238
37.20099926298228
36.34926061397795
35.450293940218536
34.51244331244595
33.56064957838477
32.58260765315421
31.564929245570394
30.47745633295529
29.312486902112134
28.190486915912626
27.036146816193007
25.869156079282416
24.65932576912733
23.404565673354835
22.160179019202815
20.901662547475237
19.658571835828482
18.428929985918547
17.239040556638418
15.993951106195821
14.73956744707911
13.495123361338253
12.32324625969405
11.215983202352632
10.078483652627186
8.97947825183678
7.925714897351885
6.8558102194838355
5.862721204176062
4.838254984832725
3.8628057942989242
2.964200843626024
2.0262879473151276
1.1500294156458826
0.3285289361871113
-0.39489167418812304
-1.1362396495979576
-1.8314304152402243
-2.4923149200483246
-3.1458323564559105
-3.790826564257808
-4.396708070838084
-4.934379083012264
-5.511178745909069
-6.034242756279942
-6.501625618009867
-6.987349273864691
-7.373294148318932
-7.7773840519949955
-8.139568876917641
-8.498997800673518
-8.843017370317996
-9.170952860436076
-9.502530548491306
-9.791665552356074
-10.059402582057482
-10.32860822872154
-10.55412318624981
-10.77152260014026
-10.969774280038758
-11.180456175779739
-11.390947907735244
-11.605276343792642
-11.787570359280648
-11.984504144664895
-12.12226080453723
-12.310475314918543
-12.445716411925003
-12.572842112672689
-12.708643388734158
-12.840554481918268
-12.950274027326603
-13.04202890498006
-13.1786565801535
-13.266440274436532
-13.346222769996894
-13.434764008931559
-13.537124488101304
-13.635151001243871
-13.752621982621461
-13.80689546673748
-13.873817382476593
-13.944174675827187
-14.036655099718262
-14.118551121780529
-14.20185201117567
-14.266526972024577
-14.33863707919041
-14.405446072370623
-14.459763043280011
-14.517775334896779
-14.578747842628879
-14.640030182000586
-14.692280222663076
-14.731907397733185
-14.800033150252528
-14.86258729513353
-14.897102601239732
-14.90471879247806
-14.95536581286421
-14.979353369670008
-15.040732983567812
-15.06731465029846
-15.123081063193316
-15.134246223849143
-15.192505675685604
-15.201403500260835
-15.228255708469906
-15.240147498475642
-15.261715019943754
-15.303148792083604
-15.305546222373303
-15.338657026797936
-15.371556223130913
-15.383297506289589
-15.422722547103453
-15.450819594353108
-15.47149965021041
-15.50297236029433
-15.532216532351383
-15.543468516677898
-15.565496956843926
-15.573646911742877
-15.57455566078574
-15.597681751112807
-15.618051302049805
-15.628048200588603
-15.629862370692193
-15.649215562192055
-15.679439711738116
-15.71353171601735
-15.724635889259263
-15.740082111183355
-15.76693274355497
-15.793705525305404
-15.822585841871183
-15.845417284620638
-15.836831180850183
-15.854495168048118
-15.855421039462025
-15.879730126009175
-15.875325869931627
-15.891283625233521
-15.890601373946536
-15.886825779691165
-15.906514975257974
-15.94361967151039
-15.948564093331825
-15.958884653842004
-15.967437956276394
-15.98545809268635
-15.984997573941738
-15.989352521980727
-15.988049569235217
-16.015288269111966
-16.03420055702794
-16.062932994650097
-16.061813590670628
-16.076309036038595
-16.092735470190558
-16.100686888875885
-16.122583122890592
-16.136501414002623
-16.130801753194415
-16.136641704468474
-16.17355368871218
-16.166078908526533
-16.160869007075963
-16.17670055329792
-16.165884699245133
-16.17327587279373
-16.18629013277408
-16.18274306085429
-16.19158565755586
-16.202749790278435
-16.200438585888772
-16.202800827370435
-16.23095204467793
-16.249052187441464
-16.25398975999158
-16.283254317276693
-16.27593858786837
-16.310388917766755
-16.31800989950185
-16.287853700448434
-16.304891085759852
-16.307508020646146
-16.300308730062675
-16.3321473939202
-16.324737517613887
-16.330959270164247
-16.349689763755386
-16.36218477826001
-16.339234275190133
-16.333400278882173
-16.34947877895438
-16.356382689562427
-16.357254401509707
-16.331578666722024
-16.347094298699805
-16.307062352955175
-16.307061914349724
-16.324247900282295
-16.33670613553591
-16.323354931763237
-16.320697496529647
-16.32569266735528
-16.334940328711447
-16.351083879815484
-16.35279802664796
-16.359627741266646
-16.34536693889389
-16.34242845152413
-16.338164576492535
-16.34104959265898
-16.355036220924422
-16.38426840517842
-16.396192999275055
-16.394076869420328
-16.419692113808185
-16.434636913179414
-16.472208634255384
-16.473343278419428
-16.481083674842484
-16.487969132707335
-16.484568193397536
-16.485232544879704
-16.47916772354851
-16.491342492232555
-16.488373651756305
-16.492919047387748
-16.48566320340468
-16.50235042377277
-16.51163094571386
-16.514661118226254
-16.515027991168253
-16.51847193904889
-16.521939258913324
-16.52224095944666
-16.505430341376076
-16.51240237932305
-16.500090562047834
-16.510547480072574
-16.507826054189977
-16.496655861356484
-16.486402873738143
-16.498023268517365
-16.514795039227447
-16.53721628257244
-16.528878197718832
-16.534688457675777
-16.533962816934864
-16.535897249507702
-16.534398241564215
-16.507557399645027
-16.512622550982414
-16.522425191460314
-16.526249634678653
-16.51946554519667
-16.50540283911093
-16.514968869687735
-16.53718638263725
-16.53601337057534
-16.54739462680432
-16.53607592772109
-16.580207984324534
-16.57459679858283
-16.587117747374947
-16.60775326400551
-16.60211915031177
-16.620981470383665
-16.620802103810632
-16.619882981987175
-16.635565204272993
-16.615387906294668
-16.613991341279693
-16.602589410766292
-16.620864393385204
-16.62510335824042
-16.627063418405413
-16.634146141449556
-16.62613057294933
-16.606926095758922
-16.586785522205474
-16.601813929305035
-16.592410295048055
-16.589406457758596
-16.573706928494627
-16.5699348168651
-16.5771176313201
-16.57426281358477
-16.572013827864843
-16.57442952152042
-16.573493216669995
-16.572760436660143
-16.579093501386204
-16.58776147732798
-16.56667243733229
-16.544149280832766
-16.519798339024266
-16.528684129311518
-16.54224779892851
-16.53311762776778
-16.523571936184474
-16.54452012675893
-16.548529449101924
-16.511537700176337
-16.511294092240284
-16.50744301380454
-16.483380113446056
-16.489717678812216
-16.49388557848544
-16.512016348573287
-16.516822985677162
-16.539272790258252
-16.562935861680796
-16.548250603803048
-16.554034785955345
-16.54615330250243
-16.540523287446856
-16.54822757134259
-16.5394146551701
-16.560662070355114
-16.56142384190499
-16.563263364144078
-16.573078211849705
-16.586814642922818
-16.57651580550588
-16.571744984445967
-16.56402983240998
-16.546589514696333
-16.537262991418526
-16.531638213457498
-16.535953603600255
-16.555095305248315
-16.547820907717334
-16.530178306820822
-16.541942888876722
-16.552672406804458
-16.563468384047354
-16.568020133693654
-16.555660391603116
-16.572617404775606
-16.5866642569493
-16.582527099577277
-16.571654231964985
-16.57133950992451
-16.556313664932503
-16.56371414061482
-16.564474693028426
-16.56026926373914
-16.547710149020695
-16.566671418056433
-16.585791967888614
-16.58807551437258
-16.591137636540616
-16.601816246941457
-16.607437866427862
-16.603781544703363
-16.593022387699154
-16.567235736152657
-16.577879570928125
-16.577825501772388
-16.5700501555506
-16.579157650918443
-16.576339596017817
-16.587258649223465
-16.580455355241913
-16.574848632276577
-16.57462429053176
-16.588567377256037
-16.582936441790647
-16.578312303836796
-16.587854960264625
-16.59547693946228
-16.601807577873497
-16.604804671177398
-16.61050175785837
-16.622521889369605
-16.627738639155194
-16.633984240356366
-16.62561421159256
-16.60901877435952
-16.601101204366785
-16.592083461211594
-16.60064481791556
-16.59708264051493
-16.609611796853155
-16.60235700791373
-16.609689019078058
-16.60882676446719
-16.625311415811435
-16.63506706518026
-16.641353510112463
-16.671935295763387
-16.665645475695612
-16.670843515703663
-16.665200549185478
-16.6804474867726
-16.689554279089105
-16.687829260525625
-16.687480115261206
-16.673943266882457
-16.701765413689984
-16.711129753004524
-16.714493741865734
-16.70778257248834
-16.694573443174747
-16.6826445842002
-16.676272961119565
-16.69125316346457
-16.683439908249078
-16.674794634904078
-16.676206740622366
-16.673926752805293
-16.68180331607112
-16.68535905165392
-16.687922863690897
-16.69800163235692
-16.69075876184077
-16.687545038844966
-16.685393537061696
-16.697774038599224
-16.707940194072453
-16.699303636326903
-16.709400675245618
-16.701287564785645
-16.716969611270205
-16.72164207573631
-16.713999228707998
-16.72485424184552
-16.71386093200103
-16.68550563815248
-16.671722475389473
-16.691443141147907
-16.689431565901423
-16.68006200884851
-16.71257051802521
-16.712384599967354
-16.725404419457856
-16.720648011450532
-16.732688115002187
-16.764234736916563
-16.78293747258855
-16.76184026103179
-16.754432329722874
-16.756434554358815
-16.742047385945117
-16.76441996068829
-16.766499739799034
-16.78237282658295
-16.787829520966525
-16.80271959406556
-16.80329737950149
-16.808056174064287
-16.814219278578154
-16.807066783680494
-16.81603134467578
-16.78810621174583
-16.792148292437194
-16.800209327210343
-16.79393131032473
-16.793151010340786
-16.78435048963961
-16.786391623636565
-16.79748208692535
-16.787573564898306
-16.77450872271148
-16.76388957169727
-16.775794501544745
-16.767958478559255
-16.782735912274923
-16.806384102636162
-16.792238777287768
-16.79232102405503
-16.78979884056883
-16.767542631466323
-16.761890785054177
-16.787653227239556
-16.786425408909032
-16.78121434687604
-16.771639373386893
-16.74741534088036
-16.75460757483133
-16.77527855001624
-16.768633137046887
-16.76423904446459
-16.77205662081362
-16.767878779095057
-16.75468621444901
-16.74824732840359
-16.744263179944607
-16.77074235595852
-16.766872566636923
-16.783248967287857
-16.800070950303688
-16.788783908185504
-16.796356350789676
-16.804710559820432
-16.799839839612723
-16.8016146065866
-16.78699313109622
-16.800804644466755
-16.785951751479413
-16.784047468516125
-16.787314508351024
-16.790710726279507
-16.80179639594887
-16.807274547083885
-16.81372541040007
-16.798870629513473
-16.773081081616787
-16.77559737314369
-16.78707848390784
-16.78052432868441
-16.76059909680397
-16.77873380863558
-16.77729708820456
-16.791099721685192
-16.79532019060178
-16.780420776416847
-16.765542146232
-16.775169329736183
-16.75820061600111
-16.739077201733846
-16.731908001107367
-16.733558500404065
-16.758347858917222
-16.774206517360184
-16.77537552342911
-16.77888301282129
-16.784798301969932
-16.772849083246967
-16.7688232543746
-16.77271348468955
-16.770212418248278
-16.771521363971488
-16.79057883382948
-16.792160731818495
-16.799830335916834
-16.79795098220997
-16.800861121507214
-16.776702371775237
-16.753888329489087
-16.763612813111763
-16.759746742963742
-16.757985908526383
-16.766800386874753
-16.771501980400842
-16.783688442578335
-16.782214459304498
-16.796795948962977
-16.823847281887762
-16.825027600334806
-16.84280590072813
-16.83796500850657
-16.85838614760273
-16.850020951306533
-16.83597770538302
-16.836986149484847
-16.840797052495713
-16.841259711320358
-16.866706331428016
-16.868066686580583
-16.87513106423182
-16.87244376239094
-16.852243205009383
-16.844073366732395
-16.853758173984325
-16.842584632676328
-16.84291095034128
-16.831777683387763
-16.82756429322293
-16.80935891974601
-16.8099598867055
-16.80083603306038
-16.768138892930416
-16.786742524485877
-16.781008155286592
-16.788888612463467
-16.796052606887486
-16.771225351861343
-16.769622601858675
-16.805527601701257
-16.815493488694507
-16.82957245044748
-16.832086662737513
-16.8133617306059
-16.817105938388956
-16.832033004573606
-16.818275536697083
-16.809285904569904
-16.800150460695747
-16.806401573051826
-16.82703892702457
-16.831793299873997
-16.815392078804276
-16.826486952295667
-16.826950591819998
-16.83375070385352
-16.819755362341017
-16.818989474578363
-16.826351921676153
-16.820878779238917
-16.82213270502657
-16.813896520811937
-16.785635227768864
-16.790248617879257
-16.780686448816066
-16.78540632072304
-16.779229055371133
-16.785212438897894
-16.801767208954484
-16.809779704139803
-16.778020289012137
-16.770839273435385
-16.755106902335612
-16.739989792937664
-16.7383053348145
-16.75662238602525
-16.781125838164243
-16.785125479640413
-16.814099871598852
-16.808010910838515
-16.8137336184225
-16.82481558721909
-16.807972841168816
-16.820464589870497
-16.83629700999568
-16.844117718264812
-16.840888189211675
-16.845351210608086
-16.84959428157879
-16.847239485231363
-16.839437866927852
-16.840840511543078
-16.837060815814933
-16.837738894851963
-16.84553886075317
-16.867937692238126
-16.879814960257505
-16.882944026175892
-16.892521269642046
-16.90028019544941
-16.894433473042124
-16.904751241434848
-16.900116127535718
-16.886233423988305
-16.881035586315072
-16.879779771345326
-16.881587247029035
-16.885583315496532
-16.883612740515552
-16.874143788097577
-16.871855120890995
-16.849089247608134
-16.848072159896795
-16.841942116501976
-16.841593561576804
-16.82034935461077
-16.811523236684483
-16.813089318234734
-16.809672629920403
-16.81901883153158
-16.808639624493747
-16.815261288565075
-16.801672416912396
-16.797154684717267
-16.813894129391304
-16.821411815287156
-16.827726049160333
-16.81925698837228
-16.822646501633567
-16.813620982745114
-16.825745953474804
-16.807831060096778
-16.800441917836405
-16.785098486713906
-16.782430119992462
-16.778531334509488
-16.777444078024228
-16.773506593667904
-16.797852651344193
-16.79953243002306
-16.810678807359736
-16.82702801941774
-16.81991500951352
-16.82337173236505
-16.82263469409832
-16.81785672997905
-16.818180951998507
-16.82563731875591
-16.84476134355949
-16.851105564922403
-16.8511712631342
-16.85488288136619
-16.829960742398296
-16.835465014059164
-16.855472529447436
-16.858009087722888
-16.84568532025784
-16.858376881003732
-16.87576700239004
-16.872721598781
-16.872364862588565
-16.88174769317033
-16.896144553685513
-16.9140148277128
-16.892097427297628
-16.917805124579985
-16.920309340526376
-16.912375900061942
-16.90833704058116
-16.91408715027291
-16.925987984024125
-16.93263133177942
-16.951501469404466
-16.93745216758259
-16.970583335104592
-16.964727774257533
-16.936220251784498
-16.924250247156845
-16.916998294090888
-16.908105527884334
-16.89973183624392
-16.89072610373284
-16.875233452449738
-16.88775615848012
-16.884779482855382
-16.906485587300214
-16.910020303190585
-16.91490770170187
-16.900303063069703
-16.897615265628584
-16.894467941106242
-16.88579713462903
-16.895066744758346
-16.89021695841374
-16.87192764548911
-16.873156472262433
-16.85853454785646
-16.847116689344936
-16.864841145528956
-16.890282290798822
-16.882484413116305
-16.87954506276062
-16.874312928107642
-16.879317126341686
-16.897022793154687
-16.901163943777227
-16.90598117239775
-16.89409409037984
-16.89069897932138
-16.895666482493976
-16.891884274127158
-16.87696107061099
-16.872719779249085
-16.87007506120526
-16.857711377570727
-16.85241249949303
-16.83071752877767
-16.829575316509334
-16.826047225176982
-16.84861895511818
-16.861432524713916
-16.83899682048311
-16.86790999826586
-16.87638662936612
-16.86097289888062
-16.85238116461765
-16.863396168340923
-16.87628683420386
-16.872286577501026
-16.87811414299135
-16.889675715799335
-16.90364127210915
-16.90077785572516
-16.901109430133587
-16.875236860195372
-16.870095811738395
-16.868920112719785
-16.911402900979226
-16.906725136553973
-16.9251624388438
-16.945491387533952
-16.943155160353207
-16.939392311392197
-16.92833373351817
-16.926850546528293
-16.920579666816526
-16.913960936963687
-16.902852819187824
-16.90190462611699
-16.90332698865948
-16.89815921249851
-16.895025759031537
-16.8964276758964
-16.90719051276936
-16.901088025549882
-16.900799502471095
-16.90087053707373
-16.90961801842858
-16.932313805233907
-16.955358335210562
-16.945365068978294
-16.951637439185912
-16.97393300872291
-16.964029803245825
-16.974512123178965
-16.990113337135885
-17.009834601215825
-17.00103705429173
-17.010797522883443
-17.003838371060958
-16.98463811292068
-16.968133545043134
-16.957722245094388
-16.950880572215812
-16.97336614420401
-16.97212944036955
-17.000160413094775
-16.990819453403127
-16.99110856712578
-16.989057790394313
-16.978474846042808
-16.972624997390668
-16.962298516842438
-16.94948706338421
-16.944376735593714
-16.960521301252406
-16.975242287804182
-16.9970199289251
-16.991936564269174
-16.983033686464957
-16.989761084777843
-16.974843840266235
-16.961811528850088
-16.96468825863605
-16.963445518634675
-16.963821004359218
-16.96799946664127
-16.98309311573966
-16.997341033323472
-16.99066282440289
-16.987309517278558
-17.03181307501534
-17.026590072847945
-17.032263445161938
-17.021749228095985
-17.0070101404728
-16.996667362949598
-16.99452923717069
-16.99931399035861
-16.999100238749833
-16.99652099271149
-16.991223352637515
-16.99873524060755
-16.999418683424672
-17.01900371180288
-17.005821557142102
-17.00793829710258
-16.98477092966358
-17.003996446547937
-17.006185777082223
-16.996667495718512
-17.014073489942703
-16.989598465629747
-16.99620816400499
-16.99731888728413
-17.002915171497616
-16.99358497398169
-16.995717229086264
-16.99931713228752
-17.027941657454
-17.03156170309537
-17.010345374560465
-17.001259408312393
-17.019625916244607
-16.997409688638385
-16.990131692472946
-17.007592339934117
-17.008447799153558
-16.997403889724897
-16.984818772440082
-16.965543727243222
-16.94276264717859
-16.938375521142085
-16.95538044326561
-16.96928237171186
-16.96754441221438
-16.967189006266743
-16.967126554773223
-16.98501290128414
-16.99804258171408
-17.016624246267302
-16.999320321775517
-17.013783308769284
-17.00920509464803
-16.993311762411317
-16.987823077851413
-16.993436064681966
-16.997176728877864
-16.990440097091454
-17.00522900504827
-16.988876328660123
-16.972906545470114
-16.993601690913348
-16.994582463230522
-16.98140167184433
-16.97662286453059
-16.98733746987225
-16.995571899019822
-16.974580991835683
-16.97635596413134
-16.951815745664607
-16.94598545272782
-16.9459352598481
-16.969278355838966
-16.96615611994363
-16.98096692714645
-16.993395330566702
-17.00443645311877
-16.9849686369344
-16.971589409134637
-16.955885812511177
-16.95081028287025
-16.955615263248383
-16.95071155672115
-16.96409061457336
-16.950395287597544
-16.948031742082115
-16.92962113303876
-16.926336545445167
-16.923904124706446
-16.922635104731512
-16.92658815502116
-16.946012313091387
-16.960834623960512
-16.97716657286745
-16.971069963001558
-16.945673520880398
-16.941061140499343
-16.95848798087925
-16.942602045346824
-16.9391489573435
-16.95007253147247
-16.930015699004894
-16.925173017444383
-16.93015352126982
-16.92884410148067
-16.925501985324228
-16.9182161796241
-16.910191862717838
-16.898507656525894
-16.87170335791481
-16.858782540969695
-16.858831353776733
-16.845367726822648
-16.848052899727694
-16.8365707623181
-16.856904151755398
-16.855391232572902
-16.85493905985176
-16.863428833384965
-16.859056167676382
-16.86652137913189
-16.872731488871747
-16.88375579529346
-16.889153703981712
-16.897558990343803
-16.895903826769704
-16.908191501521177
-16.91743835108309
-16.920172713349366
-16.932985832228137
-16.94712232043546
-16.93990193902506
-16.93055275168367
-16.92118813110567
-16.949365010129693
-16.94595397764412
-16.95526992283758
-16.952963905413284
-16.958174372675273
-16.962640397246627
-16.984397616814398
-16.97925486504365
-16.97969093265874
-16.974124814305874
-16.980905294227583
-16.987177905473523
-16.987677250275194
-16.978559953656646
-16.976072594282016
-16.981006709949614
-16.99747229586107
-16.972859561873726
-16.956751920621937
-16.941578144276967
-16.944469087015715
-16.956872644395265
-16.963287584497994
-16.956433144435273
-16.94911739553033
-16.93221824285347
-16.926329038391376
-16.92595157804379
-16.963424358615164
-16.938701385541066
-16.96451757058747
-16.96290849227956
-16.974835622348643
-16.974372171283562
-16.970490390494813
-16.986567218071205
-17.019661728368092
-17.03756399373258
-17.036596122533254
-17.04073112221111
-17.049257240196912
-17.039211234575497
-17.02788451817732
-17.01574423689456
-17.002058423658706
-16.987910172471718
-16.98956121708517
-16.981495092990794
-16.995535475697277
-16.999292635396714
-16.99248206703808
-17.01113871573638
-17.000626916515994
-16.987043205208508
-16.98604018910816
-16.99882849905802
-16.980113721610035
-16.96028064033747
-16.986957378699394
-16.994947447087622
-17.00038199595378
-16.99347186716373
-16.986641828068322
-17.004916617971915
-16.99521924015027
-16.986136754065317
-16.984958413990846
-16.984778206959017
-16.999407023503117
-16.98322047211061
-16.98683115478959
-16.98749909572189
-16.98961611534146
-16.987134642981548
-16.981948172395136
-16.98624506552015
-16.964338152098833
-16.967429460445633
-16.977857695000136
-16.997202587548593
-17.00628044398312
-17.005716650138783
-16.98485131790335
-16.996122836309585
-16.97552210248307
-17.00081219929655
-16.98947113696186
-16.98679698999751
-16.96376105754282
-16.966201525360944
-16.985994977232405
-16.98481127787148
-16.978513704380887
-16.9793071321706
-16.98529393356611
-16.99615559734621
-16.993978793997417
-17.0113367082972
-17.027861719661935
-17.009361236803088
-17.01684854339653
-17.007401586384606
-16.997285300503783
-16.99259209800442
-17.002488315891792
-17.004644235918423
-17.008859185101333
-17.00522856325887
-17.03145674350356
-17.01980064655298
-16.99492334645112
-17.001121749294338
-17.00131674966461
-16.99564833369346
-16.980919244813823
-16.96503974746543
-16.97007278750417
-16.951361513156446
-16.963237781173063
-16.957106728972786
-16.993300193251997
-17.00375435626635
-17.00133348697426
-17.020373515653596
-17.01934961759945
-16.99568074697661
-16.999529265345814
-16.985201059448112
-16.996872617860312
-16.98445573968849
-16.99511955050171
-16.997165836763433
-17.01687272517756
-17.00525482489359
-16.996964188832735
-17.013494351091357
-17.013292495878954
-17.00093262431688
-17.004374595853896
-16.997223996404987
-17.007890795237625
-17.00215937818386
-17.010774405375695
-16.997181162750525
-16.999382216450364
-17.003482851560708
-16.985863374268167
-16.979661893668602
-16.984817779952916
-16.971656966966055
-16.94602368757405
-16.926861698551644
-16.920491973118104
-16.92686701144463
-16.92767809796318
-16.941655771897945
-16.94403241060158
-16.9584607492369
-16.96971584228986
-16.99507271685379
-16.983912555380375
-16.989642927775396
-16.968480829790018
-16.965485621205286
-16.97034743614689
-16.953762750551483
-16.932979944782296
-16.96321765548281
-16.97090774835591
-16.98374108165996
-16.987029422018626
-16.97557552594297
-16.976331765264657
-16.99500375316004
-17.009142692254528
-17.009067209888304
-16.998158173964374
-16.991344460545747
-16.988455411082477
-16.97670123500276
-16.983804515115814
-16.973000417572976
-16.94799318951033
-16.96389945873606
-16.95722584021026
-16.972138782585805
-16.976944471748034
-16.97312518092633
-16.977906066054302
-16.983917655000337
-16.971755342855527
-16.963701970270836
-16.96497961750918
-16.98091403310438
-16.992725822417857
-16.99897905504204
-17.007189059698014
-17.005957666853774
-16.987331657247363
-16.994727604072207
-16.974279621930954
-16.956078643714445
-16.978746930773866
-16.98763776944777
-16.994652625324946
-16.9769143358796
-16.971360324844543
-16.979521614062556
-17.01576866150051
-17.014055052307445
-17.0278278031712
-17.021052189390698
-17.02714919748043
-17.006696713934144
-17.008177183168467
-17.00484872676349
-17.006476535450574
-16.9944540712741
-16.996557007103064
-17.011588706561675
-17.028866091782763
-17.031621479934316
-17.051416193062057
-17.05366069279023
-17.053875179569612
-17.05477589054658
-17.03612321846226
-17.067707034142423
-17.08505852169769
-17.092220853162647
-17.087721254598403
-17.09598294584987
-17.101602432786915
-17.101623523009227
-17.10230251905454
-17.091808807207997
-17.08512544724143
-17.062934664205855
-17.032675545460584
-17.018068731314422
-17.00667564355622
-17.021745329553163
-17.015632575069553
-17.018641735511398
-17.026361185313842
-17.032483678684553
-17.043953221550534
-17.037240832614152
-17.04283191848488
-17.02203289460844
-17.015091354741994
-17.003567700492262
-17.003516831468342
-16.999443248108363
-16.992113968016085
-16.986784966164326
-16.96966525155055
-16.97719325932996
-16.985058789388763
-16.996713639195566
-16.97033976635343
-16.96705775907945
-16.94551329391952
-16.96379348501039
-16.95833776311468
-16.95257579195787
-16.94830300147209
-16.93824368892184
-16.94321752499682
-16.94243292862257
-16.94690959357932
-16.93950874944032
-16.949411426498845
-16.95835858995664
-16.963068446234193
-16.95958217243569
-16.964150165724423
-16.947937096316323
-16.944435380222227
-16.946861956611013
-16.956658261601685
-16.96965393859265
-16.99348020873248
-16.988210041006553
-16.977241116809324
-16.9953184939123
-16.963928053770008
-16.989518229980092
-17.010790072378477
-17.01311419346879
-17.008336709131704
-17.02247642092555
-17.03169989008269
-17.017086038207207
-17.02380917432993
-17.050886023496446
-17.03789481686679
-17.051687366291794
-17.031371542040517
-17.039562363160883
-17.03859869512186
-17.022571242464718
-17.020147251504408
-17.005213540399595
-17.008817912979406
-17.00545565861283
-17.00813604263701
-17.009732048855064
-17.03939020292546
-17.032160973345597
-17.02127176202926
-17.016562667831458
-17.036390137962115
-17.004302040052245
-17.00362279998431
-17.00591782522706
-17.031630102347854
-17.031082425446694
-17.027366099085977
-17.023240512757713
-17.037383905830836
-17.064268139909387
-17.065968923410868
-17.07393359216725
-17.074152630119812
-17.066156213303593
-17.066585429392862
-17.059562425858267
-17.042173423439785
-17.025889084049947
-17.024952718956083
-17.005448986652368
-17.01049843149228
-17.02218124711389
-17.021934675765955
-17.038851228051843
-17.050683202465997
-17.056699259861603
-17.041039291515148
-17.059318663794112
-17.070398545604167
-17.09042272079653
-17.061565428812745
-17.077257097912064
-17.094815749606305
-17.073958930443347
-17.08488093954413
-17.075754899485048
-17.09571608970239
-17.091134155774665
-17.081473090708737
-17.08560376512114
-17.098417227481075
-17.098219260221523
-17.09788053175352
-17.07109700222681
-17.06976199385132
-17.083054028496818
-17.091816310735457
-17.0795453522247
-17.067418481866493
-17.07732135983659
-17.07667336565198
-17.06480800981064
-17.083594316501124
-17.090463384728736
-17.085976594452116
-17.072605289254014
-17.064931875784332
-17.07674285212655
-17.036525888193754
-17.026881914691252
-17.030580865507144
-17.03441565455117
-17.03847257473897
-17.030008332752473
-17.05010352437511
-17.043604117073983
-17.0383074599258
-17.027602979230767
-17.03965748061914
-17.03171285454346
-17.023978929341723
-17.005568092029314
-17.000716646414208
-17.001223795880346
-16.95493790330002
-16.95081273674466
-16.95068550571248
-16.943473591290115
-16.940919755284757
-16.931730178388957
-16.963261511057212
-16.970116643577715
-16.959868308016382
-16.96743739671346
-16.971470285026484
-16.991832533326207
-16.980927800484796
-16.974387785307965
-16.983471094752442
-16.96918300708377
-16.994921660477008
-16.995502245167252
-17.005446480481126
-17.000184375701284
-17.005416287097894
-17.023351818107376
-17.013772681600678
-17.015543242071693
-17.011433549298626
-17.016425627712735
-17.022774695197743
-17.02639261150268
-16.996028979403476
-16.968046197610477
-16.971866946196673
-16.970635559876904
-16.957806489583003
-16.963879023195943
-16.97194389513417
-16.96394719251428
-16.95943872671481
-16.97035248065463
-16.94918718727531
-16.956974000854554
-16.979547042063253
-16.973438837650704
-16.97716821089481
-16.977504435080057
-16.979597068075346
-17.00213645482754
-17.00910897207771
-16.990706106115933
-16.980604264264326
-16.986579007477214
-16.985393428031465
-17.007424973864563
-17.006739880824938
-17.01297176961354
-17.02153626246615
-17.02467994885739
-17.036173085500057
-17.012483680696935
-17.003245900450413
-17.003823926444852
-16.99945748078493
-17.00123035568307
-17.02906562755002
-17.056869682816444
-17.05749668685534
-17.08676736083847
-17.07483138806743
-17.05924568078677
-17.050570613431752
-17.06385784073895
-17.049905635011772
-17.055140519653463
-17.062367941932372
-17.057864779851396
-17.062721479756746
-17.058412551218442
-17.068506475786503
-17.080649314063532
-17.09288653325216
-17.093700229703472
-17.104738703766408
-17.109620661773246
-17.099695349205245
-17.107608583412095
-17.104860981630438
-17.096442634822168
-17.112176526761203
-17.11041204096389
-17.101602510427558
-17.08178646959654
-17.073616888075566
-17.080168640172417
-17.07073418039764
-17.066991926116927
-17.05562243722295
-17.048007462063822
-17.049609631032432
-17.048836444827582
-17.062174019941665
-17.07017122056778
-17.084327196936588
-17.072953729926233
-17.07759759295383
-17.082366684157932
-17.077489216971383
-17.071620640486895
-17.070207087926715
-17.061214426077125
-17.073131123666588
-17.055151206608414
-17.046982227676114
-17.02457719221151
-17.032316173256913
-17.040253786552526
-17.028673823904715
-17.037874033654184
-17.023880370778226
-17.02020646726663
-17.021258613119713
-16.988003206086308
-16.990651720946243
-16.994629754745983
-17.004366193032677
-17.012802834001366
-17.005619709068032
-17.004522001972497
-16.996175905417353
-16.976447418168622
-16.96073875251643
-16.952945768698097
-16.964127193390194
-16.955757201429567
-16.97433074440377
-16.979910962434182
-16.976598106898393
-16.981645156544154
-16.97179675286374
-16.965652379526055
-16.962897987598748
-16.941156425292206
-16.92810970894222
-16.927646402823797
-16.93734730598146
-16.961387503312196
-16.98181316248067
-16.99554917174608
-17.01740862533525
-17.000711414172578
-17.00928511805524
-17.01235917936661
-17.02837918485353
-17.04194596182241
-17.037747973622007
-17.02563524257945
-17.016498905333677
-17.028513453055382
-17.03058966481321
-17.035486150843937
-17.04669204372031
-17.0417044283935
-17.05014305370644
-17.0767351656223
-17.08343903206092
-17.076666760216266
-17.079927075165127
-17.100469450195188
-17.080955760591394
-17.060005533064704
-17.053850457750134
-17.04131204886134
-17.049616468488356
-17.063303772436917
-17.0457019954722
-17.06253819036355
-17.062443829310553
-17.068320460114176
-17.081649295463777
-17.0653572089357
-17.043908582050367
-17.05739372395429
-17.06014921091944
-17.067673417386988
-17.071825364200528
-17.08248876521994
-17.089919077455722
-17.096909525668096
-17.114609476025002
-17.11123695148275
-17.095375007774457
-17.09823569141655
-17.117395002012056
-17.111729368730398
-17.1220945540853
-17.10881742476264
-17.121525251188046
-17.135466442900157
-17.111802348950516
-17.117078048928942
-17.127816229797656
-17.12582571378727
-17.12352967171568
-17.11330997281062
-17.104349940814608
-17.12248353621629
-17.12524652388696
-17.136813319953063
-17.121153186616507
-17.11985936678931
-17.125222390359983
-17.117829270273614
-17.10025278702687
-17.11909553302032
-17.113492051196122
-17.11434905518795
-17.13457291384545
-17.16230177397416
-17.1602396966341
-17.18130625910432
-17.166603849008347
-17.14185174345597
-17.14402589181289
-17.131430029161
-17.13043010266633
-17.139692766192404
-17.129838757408162
-17.10980033987399
-17.12146089107354
-17.135772853159324
-17.13117824890998
-17.13192670094049
-17.130303999517043
-17.12471992249632
-17.117911021897385
-17.119872382316995
-17.120425016227635
-17.114531044561996
-17.08942739793317
-17.085894601757776
-17.088372946063267
-17.079518137099498
-17.073156944417185
-17.046379432441327
-17.040970260660487
-17.047865681402968
-17.061555085323103
-17.063342524217965
-17.067181565527715
-17.06847433790566
-17.06165881666255
-17.06664413615347
-17.06731532908727
-17.080200531069742
-17.079127737069367
-17.06659562416195
-17.081048053887542
-17.058656490564427
-17.073943529621634
-17.08158926282832
-17.090581580587184
-17.08766126357433
-17.079427888744153
-17.065053834932815
-17.04296644996184
-17.04524128779613
-17.040328985247832
-17.055784908808974
-17.05448659198752
-17.04912539580419
-17.050161173886057
-17.036683262089742
-17.026020807043466
-17.02552519452162
-17.00628772653595
-16.995809563910584
-17.005242593688866
-17.036032324605817
-17.043563688554972
-17.04913071623566
-17.050358314928367
-17.061344132481793
-17.06283477421576
-17.084034274290204
-17.081019774267396
-17.06732732409943
-17.058698096717514
-17.047618032081715
-17.049508482247944
-17.08043601067679
-17.08061848976546
-17.08191538923282
-17.07243562913163
-17.074453454259885
-17.077044948041863
-17.072292259321717
-17.069579733492642
-17.079153337444602
-17.079368326535445
-17.066236071169733
-17.061636306054755
-17.06129414876682
-17.042474900297748
-17.047425589157953
-17.054196580021568
-17.060513503206547
-17.050108561117653
-17.030965428308203
-17.017388615525945
-17.025752680023935
-17.048590617021404
-17.063284732002792
-17.074576841716603
-17.070892268089857
-17.094283980572484
-17.061640104478553
-17.05721195390118
-17.078737742351585
-17.0898008981504
-17.086863360573183
-17.08651177633342
-17.070340355174313
-17.071753651571584
-17.082380010758705
-17.067859468815513
-17.06729525937422
-17.070620008023017
-17.061144598010795
-17.08000810922024
-17.096103907497408
-17.0989014471927
-17.083351190205114
-17.08245582787272
-17.072364906104326
-17.060486230474407
-17.045829028137952
-17.049124071145993
-17.036218871486177
-17.03393097405593
-17.063438083660994
-17.0881486486007
-17.10439274475377
-17.113254955594673
-17.106343266772097
-17.116612671808294
-17.10253155985351
-17.0930061207979
-17.11089992701985
-17.100126906087105
-17.101609105170446
-17.071812212156868
-17.103263482019816
-17.08418611324981
-17.08547448405653
-17.07441089585903
-17.08188835663497
-17.07702421370271
-17.09414594198248
-17.09388064213605
-17.104535023099515
-17.10045219894757
-17.126644400241318
-17.12658422891423
-17.10594725129087
-17.078680972594732
-17.082374984872185
-17.072210243533824
-17.067865063261497
-17.067680621191634
-17.064441011993086
-17.092365611768344
-17.093948879296946
-17.073471134319355
-17.0632114380876
-17.06579788114855
-17.063418866946666
-17.074563567670562
-17.08468743889944
-17.088206285604656
-17.095031217410266
-17.093764682191054
-17.094002103687053
-17.11272001555316
-17.124754589656646
-17.106165388011494
-17.133628442599125
-17.142232619936326
-17.1371474761442
-17.141526491008154
-17.160327492677702
-17.161731458063908
-17.169014579246873
-17.144121567167332
-17.150155486653787
-17.135093733126492
-17.14654491306541
-17.148841573542157
-17.149104314038595
-17.130248390711262
-17.084168204874203
-17.085385980964436
-17.090663209380114
-17.0888163585033
-17.098394424041373
-17.08422207369465
-17.070893316914294
-17.058854498155288
-17.06569444456436
-17.06750303617519
-17.077047158091176
-17.075036351365426
-17.08210365038612
-17.07250931172567
-17.052629689993253
-17.071465691010232
-17.037524509933085
-17.030555350073545
-17.03836866487192
-17.011669494681463
-17.024252761648114
-17.014576058810388
-17.03395181598437
-17.04729506638513
-17.068197807898784
-17.062994120343834
-17.03671363036562
-17.02354017492405
-17.02524354900848
-17.04819627992081
-17.043936939468068
-17.048827439211145
-17.06789432695176
-17.05612211360375
-17.059734963458645
-17.071655820023892
-17.06931663476777
-17.088458360952675
-17.085828192216262
-17.09286220451589
-17.09561068996528
-17.109875133633558
-17.10212516232026
-17.114855115212713
-17.113728703810445
-17.12950062155388
-17.132357995145117
-17.165705857984886
-17.173449907631724
-17.174801518954933
-17.194119967911604
-17.193686829653156
-17.1893799202969
-17.196447677393973
-17.18562947631391
-17.2257054339326
-17.237035139106837
-17.230904583322992
-17.213409270630248
-17.202182933745384
-17.167010452364114
-17.175992633858566
-17.16689083758977
-17.149908999812034
-17.143080455943572
-17.146166514207938
-17.15917643434896
-17.129691209387666
-17.126771834224034
-17.106577837310528
-17.12424722234953
-17.13038114483735
-17.136592612209316
-17.120052529639647
-17.129752658208176
-17.12323001335787
-17.124079047074897
-17.125942942322787
-17.139285078861953
-17.151085144078372
-17.168850853210987
-17.162283792147107
-17.159170365132688
-17.1607015165865
-17.172993317673505
-17.169252453736423
-17.15747945552305
-17.15281262595339
-17.144129025641007
-17.164542084620845
-17.162651540363786
-17.16779182687971
-17.18128554721716
-17.170794052646155
-17.175150452050282
-17.1668630587429
-17.17301636758786
-17.164528382086356
-17.182255269384775
-17.17603878551959
-17.194844628134973
-17.199129359163674
-17.191427739679725
-17.18549282280309
-17.186992661908903
-17.204194371617145
-17.21636957798784
-17.210535042716014
-17.21487069050363
-17.220641807430315
-17.198562243152654
-17.21791639544044
-17.235537667283275
-17.226883364140676
-17.229841105356257
-17.239803623463352
-17.223511906405378
-17.207745375815517
-17.20301322946318
-17.21562092539467
-17.225126260448345
-17.24753279427026
-17.241381243375276
-17.247074999249755
-17.246949508516575
-17.23050999615913
-17.239620129024797
-17.251408537931496
-17.253633918933676
-17.24369640680241
-17.229203898878612
-17.24560770016191
-17.242497208769578
-17.25759444083571
-17.26029499880715
-17.259999958954545
-17.252981391799036
-17.216453371460723
-17.198615535632413
-17.216593829306106
-17.205736488017962
-17.185833128022477
-17.189107830205806
-17.187234944283226
-17.18204089333774
-17.185770876270947
-17.165034181991633
-17.164364694526366
-17.160058585610418
-17.147158266141794
-17.152244294115274
-17.154855058274823
-17.17037593581994
-17.160965569255783
-17.161025209832676
-17.143186140140084
-17.15420499297779
-17.16716229361247
-17.15253432845907
-17.134427748605443
-17.111832122432574
-17.121605199505854
-17.12672091664459
-17.111362337620697
-17.106322878705907
-17.13880225226746
-17.157355004306215
-17.142608020161575
-17.12701720434171
-17.134387739938663
-17.133396866076765
-17.13086020338125
-17.12918442411164
-17.135505484918006
-17.153923134261095
-17.19233235880735
-17.207896368816826
-17.21819134885892
-17.20310982011757
-17.199072789343788
-17.236412294711464
-17.231317424478878
-17.232466914126753
-17.22738496797611
-17.223893683878998
-17.224232392424188
-17.22675822938743
-17.217378017209366
-17.224781838135666
-17.21313570640112
-17.18986248326216
-17.192192675822685
-17.187553396378565
-17.186451781399395
-17.20071796030064
-17.200352371204048
-17.187372349635904
-17.186420107622407
-17.194468247447702
-17.170345732811796
-17.172968691721586
-17.172190330825384
-17.185510290940204
-17.193339398422296
-17.200104475142183
-17.1963298841566
-17.19044432900766
-17.190290126064976
-17.166449145867805
-17.14708422125437
-17.15432400603162
-17.162919718564705
-17.179427855814694
-17.18652794849304
-17.207613135118066
-17.19184025487562
-17.19892137814916
-17.2067136741084
-17.19635329269545
-17.197980260435
-17.199720062745804
-17.20189477736334
-17.210826365675903
-17.21051119627199
-17.184937421998537
-17.177616182584202
-17.175631726738523
-17.181861595946934
-17.195633211404434
-17.19387692730302
-17.195943825635602
-17.19875807348399
-17.194667161895286
-17.182347774122615
-17.172259230194772
-17.170262814015928
-17.16383272678259
-17.19797494207328
-17.200055525840423
-17.21516014458957
-17.21379514060339
-17.206885377944577
-17.197543466895038
-17.198710581665896
-17.218849318464148
-17.216105232571145
-17.219362630067057
-17.25912178090415
-17.274680187043327
-17.264308453114708
-17.26182624262964
-17.23669338395577
-17.228839358431184
-17.22541739231861
-17.218053159182304
-17.198855826518088
-17.19769995151694
-17.202918197363122
-17.188407455482913
-17.189799339105704
-17.194015330143635
-17.196415841082956
-17.1873849116954
-17.189675459802228
-17.187047256246018
-17.189148707247455
-17.195644077250776
-17.207730526007754
-17.189648980788775
-17.179310501291347
-17.197267585090746
-17.211619784127855
-17.21463881413724
-17.220213038823594
-17.234240144082104
-17.254918725060975
-17.254208949775098
-17.25664945335924
-17.2637941661366
-17.279836424665984
-17.28747026335149
-17.29061267644724
-17.273577550029085
-17.254189210050978
-17.251242889802313
-17.23621789317789
-17.239452413059862
-17.25084752429283
-17.257434504299006
-17.294263389766872
-17.310117096890203
-17.293710673681616
-17.30149746162783
-17.31787825875841
-17.288272234557976
-17.297047747997176
-17.31226388081812
-17.325654542572074
-17.324660313792258
-17.305538847103882
-17.32544946067993
-17.324388279906817
-17.30374577918142
-17.294441878554707
-17.31159074104747
-17.297656944854246
-17.30131182023764
-17.293621331126136
-17.30508609312806
-17.289246274093944
-17.280634474227615
-17.275300100185564
-17.27830719934055
-17.287473955321126
-17.27991743574423
-17.269763063976715
-17.258425200699612
-17.255512355027353
-17.249838078880778
-17.247149289443996
-17.24080958227354
-17.25601715467511
-17.279568256457978
-17.27475607285079
-17.276231173434937
-17.27902898917648
-17.277511196387536
-17.273330795017905
-17.25017152818827
-17.230438695387022
-17.222130125005208
-17.23079838817324
-17.237751952757602
-17.23682647197732
-17.26272414050953
-17.273165588511425
-17.267524600726432
-17.291685279784758
-17.298986442153012
-17.31216809738463
-17.30698853883767
-17.314049525543282
-17.309010592706827
-17.32971142452677
-17.300123163789152
-17.30697292555968
-17.319264017185905
-17.33380501016464
-17.332227834137047
-17.326256015073696
-17.326432163295255
-17.327831758260515
-17.325393323754692
-17.316744234473443
-17.30897726228298
-17.292914578569352
-17.306188513472456
-17.307834961581708
-17.29279814289116
-17.302480439357574
-17.321047797060128
-17.323375081814522
-17.334904310249964
-17.328250609917575
-17.33799400651895
-17.34424794315934
-17.346750823686754
-17.348568426696474
-17.33453356618176
-17.340700287101907
-17.32452340921923
-17.349094678585264
-17.356064701573448
-17.36743465414926
-17.38301083217031
-17.384742644041978
-17.40106474471029
-17.391711175052578
-17.39068017482455
-17.42167250978518
-17.425109084669312
-17.426234512991087
-17.409035376971804
-17.398543037839026
-17.39857192864612
-17.395637153482117
-17.396195157226806
-17.405222377402183
-17.399206375667102
-17.401288798075676
-17.36747250572918
-17.357312600241467
-17.368528534828023
-17.351351874225305
-17.359846749037768
-17.352079450442798
-17.357345472872815
-17.356319280231798
-17.348626218615674
-17.342079810018095
-17.308159971356833
-17.315389567821697
-17.31713596926907
-17.311717862933705
-17.31858798758271
-17.32314510363687
-17.316725451179604
-17.31122021122961
-17.32487412268059
-17.317197897131013
-17.305698166029842
-17.292326316370534
-17.292670816362712
-17.28850959286453
-17.30123306630107
-17.312064162018753
-17.319968993274458
-17.31989021000902
-17.309547701913907
-17.30642087022881
-17.31302369827862
-17.326843668831696
-17.341639368030553
-17.351556127165683
-17.366086961818798
-17.360454063211087
-17.364735595662808
-17.360504055626002
-17.352947694793805
-17.340225152589156
-17.323393144384944
-17.308712336178374
-17.305228442329256
-17.322867737072777
-17.333633887158314
-17.325623604981516
-17.320374001868448
-17.32354560899617
-17.328312872140984
-17.34920666494566
-17.336989807299826
-17.32711047265947
-17.319292406036176
-17.35008620872169
-17.357399425329305
-17.37320523267191
-17.364586774878887
-17.35077726334594
-17.367900473713533
-17.361711133707235
-17.356985652473654
-17.353940943017786
-17.343210044033725
-17.33110458695341
-17.34721223068997
-17.36648219737466
-17.345745901242275
-17.350528414469622
-17.34766548676452
-17.35333986425948
-17.344115851628676
-17.336058411951644
-17.32477912426574
-17.32879185515055
-17.33960346493282
-17.342663260582025
-17.30332267348797
-17.302992217826475
-17.315843370138232
-17.319992696868315
-17.320937038581373
-17.320402585726686
-17.345967912577688
-17.333451508599076
-17.346319513986895
-17.353314289562938
-17.365575232975527
-17.375718456973257
-17.358994526990582
-17.362060283578632
-17.358585338097267
-17.351066877857214
-17.349656860506375
-17.359455939012484
-17.3641134979884
-17.365889373973797
-17.36058744574657
-17.37089068898298
-17.357130268771407
-17.346203075499186
-17.32882995205781
-17.339411209147592
-17.331975449057147
-17.337957532931892
-17.349213416332784
-17.34145043973889
-17.340344573277154
-17.32908580367787
-17.32669283476486
-17.306953895928572
-17.28479017531337
-17.296757438505427
-17.293718535817927
-17.30079850727278
-17.29496653634313
-17.3010396697434
-17.30655215538829
-17.31769842696658
-17.306950291235268
-17.298012545682255
-17.309103622754723
-17.325697783278702
-17.33298661484753
-17.34420522798253
-17.36026612271704
-17.37443381383603
-17.35333321134449
-17.340220387756755
-17.337272755592334
-17.332215651498856
-17.34191094245231
-17.313031701300826
-17.31984282498941
-17.318141665742754
-17.30083999688215
-17.31427874956448
-17.3093891538922
-17.30114309228174
-17.31829756398558
-17.301434693489792
-17.28491382343561
-17.295211295833912
-17.301000361905306
-17.3176929833615
-17.31391166458734
-17.313590533110066
-17.322044488867444
-17.329899341182113
-17.336612532114767
-17.317875188940263
-17.318545722111587
-17.32975194400016
-17.31810523239726
-17.32402902750958
-17.342933057434934
-17.342115992030596
-17.33435618220096
-17.336407261157262
-17.322651087627374
-17.3298146033363
-17.333699292450323
-17.34588916963399
-17.32879522451263
-17.305166821799553
-17.28856895319035
-17.322732541456947
-17.320389948082223
-17.31980245150487
-17.32926793232468
-17.305069766941628
-17.291269176358718
-17.27982537142278
-17.273862760866905
-17.276868659388466
-17.265333839793616
-17.269876222397503
-17.268997113625552
-17.295691226553156
-17.285366426068343
-17.300105839950877
-17.29631766217334
-17.31580464306481
-17.312055254295867
-17.339153072713717
-17.34250367136874
-17.34223065652673
-17.348598138819426
-17.359461605569944
-17.3459895016156
-17.365641806308588
-17.364465592046287
-17.366925680285956
-17.344268689543274
-17.34628148651726
-17.341933550349587
-17.33256149906253
-17.329756011386237
-17.303675380150484
-17.310599884235923
-17.31339129911102
-17.303730588321102
-17.35209549774988
-17.34808423477134
-17.359892535030806
-17.353616457700834
-17.33771953825313
-17.327824006092765
-17.330014531822314
-17.336826832081744
-17.341407073675647
-17.339778463884176
-17.32727998646842
-17.336219228716637
-17.338324140911777
-17.359311575933887
-17.370667136960613
-17.362235925949946
-17.353924258719626
-17.355694872747844
-17.361080736447487
-17.37698571782335
-17.384595584553175
-17.387897734634475
-17.37617125862895
-17.374324755495014
-17.395686311545276
-17.38193226748485
-17.38784049592854
-17.402398178307944
-17.40880190539128
-17.400746115385022
-17.3969853640591
-17.40713442625095
-17.425128129586742
-17.439831944507834
-17.452114375812005
-17.44818351692825
-17.435138932159767
-17.425913395932806
-17.418026225135268
-17.409320515904874
-17.409235547568567
-17.419860937560156
-17.42669057398613
-17.412590279763347
-17.413747630508542
-17.394956892286892
-17.394129734765457
-17.413427942413115
-17.394163080730717
-17.397808591547804
-17.413565270274656
-17.400539940961416
-17.404793324619444
-17.396585880880387
-17.40271229429376
-17.40140178738586
-17.400557783561112
-17.399646225247178
-17.38427528475588
-17.375895378606238
-17.380241660643406
-17.39620830638021
-17.420838443627886
-17.425300028570014
-17.417606536366737
-17.402758712428835
-17.384427101352703
-17.384392943738714
-17.38794373810296
-17.374167338895088
-17.37508647574134
-17.380382249590387
-17.381325065732575
-17.373209690377507
-17.35720436501408
-17.35959272247121
-17.346962117422546
-17.327583220495516
-17.35084983819503
-17.341809408323666
-17.355517092952606
-17.363930619399046
-17.392650733821522
-17.36585745579303
-17.364701004974574
-17.353753881791402
-17.35191159435784
-17.3363767115773
-17.344572781441848
-17.35826041178893
-17.361123762020867
-17.35815265080634
-17.36426304595381
-17.379981573558897
-17.38066677887414
-17.373387362084816
-17.37918644502971
-17.365801991204044
-17.377544859394057
-17.385775399210214
-17.387802626124593
-17.370726219435813
-17.3596073237949
-17.350474262928824
-17.349342121735866
-17.34726867832699
-17.349346856040114
-17.363003991329006
-17.357246691848513
-17.35730059277079
-17.35230609856066
-17.348847825840608
-17.351685381716237
-17.355423421665897
-17.346989811470294
-17.341171474116887
-17.32891784961083
-17.306974772296336
-17.295970842130224
-17.314716716358298
-17.308100877546174
-17.31933227984271
-17.319081459802568
-17.314287740827005
-17.3436184400575
-17.34434555619852
-17.37643179705532
-17.355507189811593
-17.372338470192297
-17.350269139697506
-17.3613108546539
-17.3672564857358
-17.362614103375368
-17.363266605424638
-17.36491705726354
-17.37356215577289
-17.36263683687313
-17.357860709149204
-17.35617428708623
-17.374789392674455
-17.38345908538591
-17.421903456176132
-17.428330368434455
-17.419607566839566
-17.429476876389796
-17.440889797481994
-17.430533790169015
-17.44696752957771
-17.43707818129182
-17.40968304532895
-17.396150848352892
-17.4117915848428
-17.417314775991283
-17.4177301734774
-17.406466916022
-17.421107957524686
-17.438348881030976
-17.425214125460705
-17.421710953214372
-17.407717861261165
-17.389844249796667
-17.396095647761832
-17.38397795637739
-17.370504530896508
-17.397490518114473
-17.397037568043622
-17.381028054378252
-17.376529597705165
-17.373502810145524
-17.367891497324504
-17.36244476352205
-17.382146191306127
-17.37965698801988
-17.387444926894545
-17.383471120017656
-17.391112869262546
-17.394458773294
-17.399843734798786
-17.41056370885063
-17.384960882179264
-17.393377229398766
-17.391491484911725
-17.390529357994836
-17.371174863615195
-17.376285170804394
-17.3780446754222
-17.367478883814584
-17.375156625749227
-17.397120519521085
-17.396769739904506
-17.395888242636982
-17.384984090579586
-17.382538564797034
-17.390555975415232
-17.390797187988625
-17.408299398089365
-17.387742691055436
-17.377360511457756
-17.376922422462346
-17.3882542122986
-17.37931205455403
-17.400779156719867
-17.38626883335604
-17.381157859038527
-17.39123496827265
-17.383888198283675
-17.380658682731355
-17.3579743921845
-17.339873456267615
-17.336425730336845
-17.34051721677856
-17.336536773114656
-17.344702505270718
-17.350044592528487
-17.347829980621622
-17.353270508421627
-17.361947714779333
-17.349066881679487
-17.34608996964192
-17.35055563906734
-17.34649698627803
-17.365126101146238
-17.37164094743118
-17.35134709202732
-17.36354275490103
-17.34509306939543
-17.335733235706773
-17.34678950728273
-17.365156162849882
-17.3541504942086
-17.362752098442744
-17.371532064295227
-17.39264531069366
-17.375115118336097
-17.34364929380848
-17.332869087833387
-17.332951941328385
-17.33097440712767
-17.316808958414377
-17.31821865410773
-17.31779106846412
-17.332654675417338
-17.328130121596477
-17.329837139202365
-17.345596055703254
-17.34707827559586
-17.338339979104237
-17.314699575839136
-17.326719580554204
-17.304731753135357
-17.304450447238093
-17.28939670177422
-17.28942716435355
-17.29160389391237
-17.312579885144796
-17.324714928986356
-17.305833479300826
-17.32167822245956
-17.31199857362483
-17.323848033054464
-17.31246287474223
-17.315230118868243
-17.306939498803303
-17.2991067933939
-17.30515044277509
-17.285016364431552
-17.28112534919301
-17.278841891475576
-17.2929923804765
-17.294842809617162
-17.282799028682533
-17.308070086031197
-17.326823244873225
-17.338536483016128
-17.333135460614237
-17.31998720823286
-17.300492476389678
-17.29237553002183
-17.32152757942998
-17.304577631848005
-17.30091329693306
-17.291040188324146
-17.300754649021286
-17.315767186429806
-17.317633605450062
-17.314242602617668
-17.31823618407218
-17.307741644115904
-17.31763867172096
-17.328436426252903
-17.337589746350965
-17.338765122347915
-17.338280718589353
-17.334487186807277
-17.325847901737106
-17.324406498400045
-17.323776452114462
-17.316160342170523
-17.302535410458677
-17.29149727113053
-17.294593419970592
-17.282335621472942
-17.274992130228437
-17.309303073601228
-17.310418315329784
-17.302826808971666
-17.298979222522714
-17.304386284286124
-17.305068100275385
-17.318100836580953
-17.325824276027433
-17.33144641694002
-17.340042873503663
-17.350165832923246
-17.34113438413132
-17.332823669779106
-17.357055610079097
-17.35802704025539
-17.378521853542445
-17.381243620444085
-17.39269281416818
-17.38243879667826
-17.382912198886974
-17.363579579260932
-17.37205174954984
-17.401057956539123
-17.372167447269543
-17.37597781316565
-17.366924615290294
-17.344757126635955
-17.351924153653854
-17.352724026881834
-17.352833597532964
-17.36659859718861
-17.345238416976613
-17.338544822885044
-17.34594765481019
-17.345584809738824
-17.34254327899401
-17.32636102226901
-17.35194694028627
-17.345541586306055
-17.345641769957375
-17.394213794210664
-17.386935732318168
-17.393560270431177
-17.37957437017759
-17.369889541737223
-17.381831663441787
-17.378859156065648
-17.387742817178133
-17.40754141940732
-17.37861878775823
-17.362105464903376
-17.341912493341688
-17.31934675969569
-17.311010109724073
-17.323235951686662
-17.34153213860793
-17.327957577424883
-17.33948863362134
-17.338367830586485
-17.345195493934398
-17.342943390762215
-17.34825475459469
-17.348899469460253
-17.35696121054984
-17.350869591995853
-17.352653689320753
-17.356839669559474
-17.340705059768606
-17.336324203290207
-17.307504847071183
-17.305513095644347
-17.321182572502945
-17.325107107472522
-17.32195662637158
-17.323910285430532
-17.296660649158593
-17.29884867017501
-17.29188893205796
-17.289722259252613
-17.279983617510783
-17.27393894330311
-17.293764813848092
-17.267777423374135
-17.288784280813868
-17.294947724878085
-17.277515211494894
-17.26561447045548
-17.268321354331523
-17.266192581968394
-17.260213404527725
-17.291092099821473
-17.269141486552765
-17.289219096288072
-17.29079142435318
-17.28665237236293
-17.289123141836154
-17.276676409863526
-17.283633398838045
-17.295505409266386
-17.301551065575243
-17.29244972328911
-17.302202384597617
-17.30678507196755
-17.319328759605618
-17.317097232353657
-17.330048761909847
-17.317162298114056
-17.319963110137945
-17.34083725309952
-17.33793356162353
-17.339638265077063
-17.346677874735057
-17.369321865101895
-17.372277476723966
-17.37068309837797
-17.379239431121874
-17.37087040425607
-17.372094824440516
-17.366488655063375
-17.35904697224432
-17.35086266073785
-17.341227902184226
-17.34365197758182
-17.344834337545468
-17.346324846332482
-17.336357758395756
-17.346334539273908
-17.34243729003991
-17.34626430422136
-17.343296043031508
-17.341849622895502
-17.349307504592343
-17.354062419109173
-17.367483626297805
-17.359998720471072
-17.361405753965162
-17.36592641806306
-17.36691692319199
-17.34878168906726
-17.3619597704105
-17.377194210005126
-17.37824462804821
-17.369804683254543
-17.405414558527383
-17.387603227945444
-17.38465837388243
-17.404731156405962
-17.406767631052695
-17.40566759464678
-17.423288794816994
-17.424664954563582
-17.446575862270812
-17.439042685169742
-17.43973367711117
-17.465400246646084
-17.462566136727407
-17.462322746158296
-17.45926625100694
-17.452709761467357
-17.452351068533748
-17.475710085718443
-17.48426363350347
-17.471066815602274
-17.439700841798466
-17.43657964488557
-17.450191708692305
-17.435974055404866
-17.430067642560008
-17.43102996528682
-17.432505763785244
-17.43564266416539
-17.41940974645842
-17.435715529635182
-17.435352782989376
-17.4350951085029
-17.420031214642197
-17.412779609823765
-17.42498914590023
-17.41870236185996
-17.428561443760373
-17.429983844194293
-17.42285995912329
-17.414642357148598
-17.425357066330385
-17.426204058494527
-17.41633303564907
-17.418975835304146
-17.436261546746255
-17.43756774135823
-17.434513399634874
-17.433989740976116
-17.43370994996249
-17.45355686372537
-17.405013992062386
-17.424596345962986
-17.415546962567753
-17.39925550161916
-17.413799870643505
-17.43947073298897
-17.432151956653097
-17.432795346365733
-17.425886999621646
-17.425578356650146
-17.41665512749523
-17.423715741076624
-17.418902450502355
-17.431811775766807
-17.41420007342458
-17.402167169508658
-17.409614102379525
-17.416321127963
-17.407084447191835
-17.392633941748397
-17.3793967065369
-17.39395089191664
-17.389366658576595
-17.38355531504515
-17.392970728143734
-17.39398489269105
-17.389303766742877
-17.391038625857245
-17.39045206897928
-17.38810373165661
-17.38281792711574
-17.39037410690504
-17.395725600148495
-17.398972946248403
-17.397222084329456
-17.37497682076031
-17.386861815633775
-17.3693897025257
-17.374048010990563
-17.363298639100112
-17.35639508344915
-17.372386519613055
-17.353239887871233
-17.361111686397845
-17.35474960838008
-17.336878417046133
-17.32866496691471
-17.330618668647368
-17.361355491188206
-17.370144076682664
-17.368271915712736
-17.38302474280517
-17.392151235310624
-17.36973512997129
-17.37010320245208
-17.35589889770577
-17.35288773552276
-17.369755322068254
-17.391507072970338
-17.393605167404413
-17.393928825131212
-17.35543655869468
-17.35272120119956
-17.335506132219656
-17.317776027633432
-17.329637538790788
-17.329017116515644
-17.338543975894225
-17.342960520362723
-17.34617801184527
-17.366839822416637
-17.3441374194542
-17.347591889656034
-17.35998598107883
-17.354838899721983
-17.35009337577505
-17.354075333017327
-17.364176897940542
-17.367926266033603
-17.36609976858971
-17.346442734253376
-17.33089449925428
-17.329564970922753
-17.330247689508603
-17.330615941927988
-17.32440769748229
-17.34732621881424
-17.34526202782948
-17.36529297565784
-17.359498872240156
-17.342738430611927
-17.331224184640007
-17.33352002636954
-17.35163199710984
-17.34518720140692
-17.323893690974177
-17.32509717079314
-17.327463363905384
-17.330252380399582
-17.33836957593163
-17.36732634781548
-17.333891670180563
-17.337073017112072
-17.33346621289524
-17.325994863765477
-17.326387843358564
-17.318546079166673
-17.319148634587986
-17.321749908762506
-17.321567622059405
-17.329265117463528
-17.33955080668442
-17.351061949625223
-17.34415218930658
-17.34087152567777
-17.34592244908855
-17.329525298596277
-17.333018913903285
-17.336604443812202
-17.33351526105329
-17.332895927975535
-17.31790154203282
-17.323734505152036
-17.32578434417333
-17.321507228374745
-17.322294000762867
-17.297952323684342
-17.293069800836335
-17.28445557663832
-17.30214579839365
-17.291429992077603
-17.29645610305379
-17.290437595156988
-17.28430173256498
-17.302000521976208
-17.307102123391086
-17.309793854043857
-17.294105579893785
-17.297390921887526
-17.30470631972323
