-17.383790772318395
-17.403057719249173
-17.423230346372215
-17.39913959217829
-17.392729839172567
-17.396304696146235
-17.40625618573809
-17.426158081732616
-17.382240742319922
-17.395056713245545
-17.388286731983467
-17.38273255169866
-17.395613273543425
-17.40518166383622
-17.38838972778021
-17.37994627275537
-17.344444235999077
-17.3963845856128
-17.397242711649707
-17.38289110775923
-17.389774137953818
-17.39358469845219
-17.377533557373553
-17.368679132282946
-17.376909128390245
-17.373999186720603
-17.39243263820357
-17.366781164222516
-17.340862403984637
-17.32443323282404
-17.31602307158308
-17.3392960369119
-17.34868233374453
-17.359171156162958
-17.365505271171774
-17.379435752019088
-17.420430517088242
-17.410628076133836
-17.408293825161003
-17.434141087211383
-17.420135745273324
-17.411822085362243
-17.375063091748824
-17.339559647659414
-17.30890498150131
-17.29317697829329
-17.309917754426866
-17.32587839051215
-17.304919862380732
-17.31136408547658
-17.301563387170653
-17.31158038853252
-17.284670741939294
-17.273007418306914
-17.256639028519114
-17.220800257683905
-17.237683069587067
-17.239839843120357
-17.272683374301998
-17.26188496130843
-17.262042569520574
-17.265371863811286
-17.292564319878487
-17.284137344327586
-17.27007776215851
-17.253258837793926
-17.203069314928964
-17.214366345565743
-17.21214944414107
-17.23537571771941
-17.219102355662255
-17.208865880865044
-17.231134146095126
-17.257952385677704
-17.299558409747508
-17.30774434327337
-17.308318773633342
-17.324956605284854
-17.324926824818032
-17.315389415976174
-17.30646072484056
-17.320075337155842
-17.31009728481905
-17.340092437350073
-17.323167762283614
-17.326002708505413
-17.313577986905592
-17.322723514157893
-17.336170193618297
-17.339043526851327
-17.358961508657412
-17.364935855568444
-17.38840581544812
-17.359088429206768
-17.340638484899788
-17.35465177703378
-17.350045917433885
-17.336240657137914
-17.338534072032907
-17.32770817571796
-17.322485782904565
-17.312153684102228
-17.334587837996935
-17.310122390124416
-17.32595225213655
-17.330482426964238
-17.355264902784796
-17.34652375669336
-17.330024700953942
-17.325092211126115
-17.306934039206457
-17.26229238629988
-17.241195802451344
-17.282893017722373
-17.290735486738885
-17.290839722216266
-17.283566910132482
-17.286759728030002
-17.277843990676054
-17.297340102172825
-17.300540603894092
-17.277127469320003
-17.279140121356676
-17.273449626433518
-17.319802311337877
-17.297454935665744
-17.307497256303773
-17.316008720891215
-17.325303868002838
-17.294789305225933
-17.276841202945377
-17.27986682408161
-17.254464132493617
-17.262665817278666
-17.277900794220464
-17.281005441121817
-17.274532604544987
-17.271081605483275
-17.29427209221632
-17.320647859621136
-17.271176319018902
-17.279976651149305
-17.278268271592037
-17.282404803210753
-17.27259013313022
-17.259376654063622
-17.247673737613617
-17.260973101977893
-17.308127967955194
-17.3158510226928
-17.283959532192554
-17.272287371091654
-17.261844025521157
-17.262991765040137
-17.26216859977469
-17.236201900204147
-17.252068576306115
-17.25838532887202
-17.22151561489817
-17.240451698340944
-17.24623517355091
-17.264025297689816
-17.267269599825145
-17.259414957323497
-17.24199773874006
-17.238951941077413
-17.240529742083947
-17.243364537201327
-17.24737715062054
-17.215218396097235
-17.210481939111926
-17.204727349838773
-17.20783105167566
-17.216158192153532
-17.221859957244487
-17.216713310760696
-17.224172192306277
-17.20471556731677
-17.21155594245989
-17.226730511240294
-17.248769986230684
-17.278256228721038
-17.28765370327556
-17.29409830279988
-17.32174190440401
-17.2898378349171
-17.321611479070604
-17.2991708189371
-17.287745702717082
-17.30481972372451
-17.298518439894764
-17.296114080425415
-17.28411676669977
-17.287735383150864
-17.271570249236248
-17.2963851895675
-17.294877323141705
-17.25479792943617
-17.252694746488245
-17.2659873020284
-17.299429282032342
-17.32611678834624
-17.301456712483713
-17.263524832385755
-17.266876654018372
-17.27533469057793
-17.272290580501778
-17.285218117946386
-17.321669991771643
-17.337478973652207
-17.339545272447697
-17.360091037552376
-17.356624153493474
-17.373502488410463
-17.38329604957937
-17.386150316046187
-17.383538026462404
-17.430167352450958
-17.397433699265378
-17.391283321839754
-17.38565962333894
-17.379233792488304
-17.36405161396718
-17.34649364824493
-17.33585669242672
-17.343195271618583
-17.344788002188444
-17.32541412620287
-17.32788520981171
-17.348723308180404
-17.34299995589024
-17.326868559269943
-17.35325142009093
-17.35541979924503
-17.3616262766791
-17.367973797707506
-17.371808601512722
-17.36790109478572
-17.340639415299332
-17.34425580282526
-17.335869973243934
-17.377527950273482
-17.383975423094483
-17.381774487721867
-17.393630459160462
-17.39647720142848
-17.37499703534154
-17.390571689443604
-17.389749714715183
-17.37993414949882
-17.367001910195743
-17.374429382933467
-17.400134624721936
-17.406749952143247
-17.39393292604167
-17.397227031736097
-17.403374036574736
-17.394214803994153
-17.397468736200565
-17.398154007250653
-17.43666914564627
-17.39586520269171
-17.38995940242739
-17.402964326642604
-17.421828375924125
-17.408442435298205
-17.410545543630576
-17.411572967653953
-17.42747798993405
-17.429643711292247
-17.376742796555728
-17.38082147276172
-17.409831801388343
-17.370342333797357
-17.348408562014438
-17.353097307667696
-17.339688301683815
-17.343144403377394
-17.36130546649478
-17.337272035258835
-17.358105491247507
-17.371664331212433
-17.383587922359386
-17.376015256732796
-17.376635364608155
-17.352270102662025
-17.330010100313412
-17.342301123341826
-17.350720513662527
-17.33758731745302
-17.343519164360977
-17.328687360515882
-17.3271417502819
-17.373659245329755
-17.393393817000536
-17.383214414067815
-17.389202640235112
-17.3894613784247
-17.415945025196443
-17.41604423053167
-17.419506519277487
-17.42525458510809
-17.426918192261237
-17.42356844754537
-17.413252200556002
-17.398991995262577
-17.398278777274705
-17.36482211123648
-17.361737947876378
-17.3544573250746
-17.359759721922135
-17.356339008077047
-17.329978978180517
-17.336413260724964
-17.35146863593422
-17.356032320664003
-17.36696767565575
-17.3600631270061
-17.379147514815955
-17.405367219528596
-17.382053601621724
-17.3810719210003
-17.395552201630302
-17.397702580320193
-17.38470946828216
-17.368688239924897
-17.383406664239992
-17.368277579513837
-17.37642516184493
-17.355252570454056
-17.336668030996986
-17.357348960123062
-17.35303369642688
-17.38803615355309
-17.38546649461713
-17.367219085651598
-17.372556163967435
-17.35696635628356
-17.379813128435156
-17.357164488473938
-17.370410287169083
-17.35158312214827
-17.36336413909858
-17.35855180091841
-17.375888855674003
-17.38175307378972
-17.394530020963494
-17.398282572810537
-17.360462610185937
-17.36636172969936
-17.388397560170787
-17.373517547136643
-17.40914207712556
-17.375857606121087
-17.363167964666093
-17.373448290351313
-17.39998461212256
-17.407674639611564
-17.42461652273799
-17.37498374345463
-17.395016467469482
-17.38282605844343
-17.38640581175217
-17.38203106012941
-17.37202534171709
-17.365542239735543
-17.330480410507864
-17.349457620572828
-17.36064121081859
-17.367570845983813
-17.373306790577143
-17.363590686307163
-17.384250987752733
-17.383334867142906
-17.41213157818271
-17.397220922472055
-17.398369261742587
-17.408753749733084
-17.384747442273554
-17.405642076031903
-17.409329766294405
-17.419555283081763
-17.415546077547624
-17.417071356582852
-17.40588681372871
-17.454952046730718
-17.45814273484851
-17.436898492881284
-17.44503685220691
-17.443292311094886
-17.440090295884147
-17.442784240142338
-17.472943402471852
-17.472774094320666
-17.489258092685247
-17.458291088829995
-17.457488174288443
-17.45075128115254
-17.422245512316113
-17.42950917288317
-17.430945758713566
-17.48587070815917
-17.507583267429542
-17.487204754000487
-17.47632448434989
-17.449131803385118
-17.445167073003667
-17.468368881606523
-17.44182098234053
-17.42971075688698
-17.413297604001365
-17.412869423381807
-17.399504261681887
-17.38636973171388
-17.389439078303695
-17.38680304618691
-17.396307527749773
-17.381413348250355
-17.400983274381755
-17.391142176551615
-17.418388732342994
-17.432908155712887
-17.399001873406036
-17.4213039680118
-17.435617843547597
-17.446631426327322
-17.43155740155928
-17.438862305689057
-17.429107923553698
-17.42204876632435
-17.440742854342243
-17.454197635801037
-17.446556762889305
-17.405452960147596
-17.388685679109603
-17.33448851557781
-17.309190960194904
-17.31984590820001
-17.331991063654755
-17.354082143183852
-17.361913836052306
-17.37480341814266
-17.376345455901127
-17.365548888905153
-17.358774255571817
-17.322806734560587
-17.317860049565777
-17.319033664001047
-17.315593996852755
-17.30430447367414
-17.32615596657989
-17.318694817230327
-17.318134907855693
-17.28389062834791
-17.302085783951163
-17.290822130433853
-17.29115135190441
-17.270076282319273
-17.284048781577603
-17.285404075383237
-17.29975854573736
-17.350217637973866
-17.349960773550492
-17.361738203900103
-17.363761669503354
-17.344518657345457
-17.345629759244098
-17.373879445561844
-17.370480617339894
-17.37894709712033
-17.350644964385637
-17.373780098207927
-17.33364898663957
-17.311046501867608
-17.299262849286485
-17.28108366926112
-17.28368068452576
-17.315499264018
-17.29990869509532
-17.27022927286479
-17.253828828159566
-17.275796958247714
-17.270868260479116
-17.285320668838633
-17.283037844925875
-17.292687606147055
-17.32207905208842
-17.31058444096379
-17.32428806713037
-17.3389066166563
-17.35492824147912
-17.345361491775222
-17.36880893024772
-17.34582418231353
-17.354118067222764
-17.350327288054995
-17.354463016183495
-17.34806092726891
-17.35086033021721
-17.34928877310177
-17.311938836760437
-17.316472816047426
-17.339946848314636
-17.347895903710427
-17.370206923697687
-17.377544316688446
-17.367371516900988
-17.389359245540614
-17.36792739386016
-17.39127461288456
-17.3924005561893
-17.38397461606045
-17.40128980320669
-17.39684236230043
-17.372324035653914
-17.38978455584848
-17.396946019506846
-17.375041186861996
-17.358795950863595
-17.354570988870353
-17.3628503443886
-17.409029827161454
-17.41432886468948
-17.396636207683443
-17.378381862125337
-17.363730037951427
-17.37801985362125
-17.365391343365463
-17.34728136533527
-17.366481391514913
-17.384677337179937
-17.383515964113403
-17.339320638985193
-17.37971188178321
-17.356980098886204
-17.32837827965183
-17.333251107069845
-17.336559886307942
-17.32095836079236
-17.33056338677676
-17.3414141903115
-17.35200769168329
-17.338853853720934
-17.34122608174585
-17.348220898102745
-17.35725966919256
-17.371958882006048
-17.367922837044475
-17.345536211070552
-17.35478134529753
-17.365403668331634
-17.37323599242716
-17.367531599640913
-17.342615282349744
-17.32936557161301
-17.373553773901993
-17.33226787519162
-17.34358164949558
-17.33563152640999
-17.347493939723698
-17.306787649798434
-17.288532192020273
-17.285647193077825
-17.302938466594547
-17.283871716697462
-17.291746462044745
-17.257826300892546
-17.19875383775208
-17.216532372644757
-17.22468122133538
-17.265977539253846
-17.283182020377712
-17.27707512852633
-17.29269351548664
-17.303487953681817
-17.276871788117905
-17.25540473400835
-17.25284403152597
-17.276196156584362
-17.277275539377804
-17.29403529354691
-17.27653913315022
-17.260804750065425
-17.255484908238365
-17.256460290396372
-17.266650295541137
-17.27514173769031
-17.320327362312657
-17.322982908093454
-17.327536042156378
-17.34791786857435
-17.361097913020224
-17.335793662058567
-17.32793380841685
-17.325524508645955
-17.29377402753925
-17.320275515453577
-17.342770226062623
-17.325285889141746
-17.326251799499854
-17.34311048837997
-17.346240067731014
-17.328068269709046
-17.364474883393374
-17.370742706869297
-17.355203534070338
-17.32107050013218
-17.319167251089333
-17.281971740085673
-17.320036097771048
-17.316786136397038
-17.326505418358582
-17.33885755636564
-17.34522756869625
-17.312027844650935
-17.31967709081057
-17.332123277223687
-17.299603219135033
-17.263730272603095
-17.26462875505342
-17.250704201860596
-17.25505338258998
-17.24154809259266
-17.265909771806456
-17.291921223551313
-17.297645949977568
-17.28938828773659
-17.26182988183244
-17.258407546962868
-17.281922530485108
-17.299050796524103
-17.311494337345238
-17.30864975221729
-17.341004770959213
-17.359345306327963
-17.368380170820192
-17.374913377394574
-17.374700194665145
-17.379990948917097
-17.38306531759698
-17.381515729988102
-17.36233359420428
-17.372894898173143
-17.365485651915826
-17.35944219376514
-17.36880724847822
-17.37933851884666
-17.400996698219217
-17.3814704485027
-17.372411655174762
-17.34571048516585
-17.328473975178866
-17.32440831098763
-17.320909007748376
-17.35707718989436
-17.35506278394549
-17.318806090474563
-17.33314490645771
-17.316007486496478
-17.328656238985626
-17.33566626661589
-17.31261130913584
-17.27819403564625
-17.294335756520084
-17.305510174202016
-17.290249283146988
-17.303642620603036
-17.31627929239395
-17.307893140310842
-17.32822402232184
-17.302878216025398
-17.32929760014793
-17.30818433219506
-17.318695037187673
-17.3122569394219
-17.344541517990084
-17.298378475120103
-17.30295027013528
-17.31517702766583
-17.339708533048167
-17.336669698530745
-17.34214256712476
-17.316225796078285
-17.300304036212932
-17.331258611138114
-17.321572161090383
-17.289197858667496
-17.331332315916796
-17.309116463609538
-17.324346387515458
-17.309489622750153
-17.330602847518122
-17.355514105240157
-17.358127296442195
-17.361238232339094
-17.35302536689923
-17.359663248302994
-17.343836203184164
-17.353995016823603
-17.332438378612043
-17.320024728694033
-17.292446697009463
-17.27062147735203
-17.280821482318487
-17.266771810561508
-17.271772169010784
-17.314694598331833
-17.303039403157012
-17.301366198410587
-17.304095855291653
-17.313923516902715
-17.30182080839078
-17.30595469221548
-17.320147968544347
-17.296069236460646
-17.29686048120274
-17.307080452128737
-17.281811944533306
-17.295924512093197
-17.309323777848935
-17.29026765126026
-17.300789041325384
-17.321469444543546
-17.313201897696455
-17.306705360164273
-17.276409616471792
-17.276442284917064
-17.298420298607148
-17.3026023195414
-17.3140527599417
-17.327163924679358
-17.35373892114006
-17.365679243920148
-17.348067132921084
-17.31697242378242
-17.33930108015844
-17.2926440730517
-17.288390194063236
-17.31475824449577
-17.299944051229986
-17.296359080793643
-17.29007497187593
-17.29502787086401
-17.253437067669243
-17.27997892314504
-17.287792259035523
-17.287588815607926
-17.285733096062383
-17.25886986994384
-17.2529800239193
-17.286435971838333
-17.310458434803508
-17.262651718860983
-17.274046305086877
-17.278717208079822
-17.317196928436303
-17.318858392420545
-17.305101884383937
-17.30114844163728
-17.30169163110296
-17.29137004797432
-17.279807775790363
-17.291050276412328
-17.278181426207137
-17.27988949955598
-17.25425626558967
-17.231709663403443
-17.219700776744645
-17.21918271804069
-17.23562887942487
-17.21112179339955
-17.223953667652044
-17.269478596004742
-17.26933090027846
-17.250308272897467
-17.255396294145047
-17.250629541499947
-17.252634939167272
-17.222122840422763
-17.24210288167587
-17.241812194955234
-17.21875657416781
-17.208386441936327
-17.22409342929335
-17.225110746201455
-17.229630692337864
-17.205260622485962
-17.2318565808553
-17.238885941446096
-17.258672614414547
-17.251688963356578
-17.278124875950912
-17.25976377232938
-17.23560760002433
-17.25502561363443
-17.227927800749157
-17.234201431353963
-17.234928079588148
-17.24542360693605
-17.226071449490593
-17.195271892289803
-17.239879338400772
-17.2307256287175
-17.21646656455239
-17.23895166593896
-17.253754734712842
-17.257375298049652
-17.25814809662427
-17.235441319696033
-17.207832114184686
-17.24133799394529
-17.24128881023383
-17.24450321583074
-17.23875496609033
-17.26656731647176
-17.249061727710018
-17.227600382342697
-17.225894146441174
-17.204539357340284
-17.242842263071797
-17.23570391125396
-17.22061979087296
-17.237615169471834
-17.22681133338524
-17.231164942099
-17.251187443250455
-17.24706501874571
-17.271489374641618
-17.274081637489573
-17.295019942252765
-17.31014824054805
-17.287788775094292
-17.298452698851175
-17.242210104111937
-17.246392217741924
-17.1838071716818
-17.20627485078819
-17.22764862501638
-17.18118217143945
-17.199513354085642
-17.212892293697692
-17.204782201812613
-17.174396898982923
-17.15622732153533
-17.164625337029058
-17.175031089896805
-17.185749711194145
-17.18655227007724
-17.171824779600374
-17.20696249228642
-17.214840309463256
-17.19905875316036
-17.22696548837441
-17.235529515152617
-17.23944886089849
-17.236786362004814
-17.271090299082697
-17.235778202641693
-17.241388391198868
-17.24422620667761
-17.226709543495286
-17.2118397979376
-17.243608629841457
-17.254012945182193
-17.273688587509504
-17.27395245788337
-17.274662636914336
-17.254807910775174
-17.277147921850375
-17.28948035720189
-17.30943148963143
-17.323133835876558
-17.299637051661072
-17.30045761455271
-17.308547384055686
-17.304086660808903
-17.34166359530301
-17.305339748811537
-17.31486472578402
-17.30400868542235
-17.30823591240413
-17.338251190421055
-17.327201629091647
-17.305208282138505
-17.28762129437384
-17.26451979966145
-17.27282789128761
-17.285697857747955
-17.263201986582214
-17.27663595544805
-17.25359667368894
-17.25210042479494
-17.226067055945844
-17.219568500367412
-17.214326612148
-17.220368897485034
-17.22263056881385
-17.219305191873634
-17.23837172286329
-17.210716911144544
-17.216300108190957
-17.193669572451636
-17.224035692057946
-17.22565430106357
-17.252730114150005
-17.25120764305052
-17.27416496853541
-17.2549942602817
-17.25502558897432
-17.28363940871502
-17.298429218093077
-17.31609553581822
-17.292430820010807
-17.293160179830224
-17.262645990882522
-17.243296961975318
-17.230595044518417
-17.27068022527307
-17.27667788226905
-17.295933887355673
-17.329801255198532
-17.33501155323084
-17.34459770195714
-17.330777845733834
-17.293078330942294
-17.295982198177477
-17.324653122024177
-17.31610317044808
-17.298224803643066
-17.31204338271915
-17.32321352983948
-17.319160293231786
-17.30016513697987
-17.306002090298048
-17.303303385677296
-17.276257224882478
-17.30492027450048
-17.315222163808055
-17.30991612732586
-17.27944299398306
-17.298445901481053
-17.29491827763683
-17.29493264454422
-17.305266703018148
-17.29396770263627
-17.274135741900224
-17.303808378229245
-17.304610319526045
-17.308366717319416
-17.321542248796458
-17.330633883955816
-17.365209580311774
-17.364934266101383
-17.32032654009015
-17.298292320555106
-17.27193235503867
-17.263886796373527
-17.30670325438095
-17.31537448547268
-17.36220347410317
-17.392720252806104
-17.423042166587127
-17.38019396199361
-17.3965528959203
-17.418645672775458
-17.415036531729505
-17.39379706743775
-17.412323468913968
-17.378007216191016
-17.374579961372177
-17.327018482291408
-17.34451900498836
-17.293431840121816
-17.278072527070954
-17.269869326137137
-17.305019247227033
-17.27026846772817
-17.282502347136703
-17.295528995201703
-17.2746090977966
-17.302948016204446
-17.30463035579499
-17.29579714481243
-17.320328563443915
-17.30446753511547
-17.293845023809517
-17.29170688646434
-17.27363638620247
-17.281254062417357
-17.301497638766403
-17.294732254644938
-17.294938676109478
-17.315717697701192
-17.327720372092497
-17.317747170482797
-17.316312138547534
-17.286662953815426
-17.321269789936935
-17.303811530654425
-17.30866069204352
-17.30496815577953
