-17.591124263714786
-17.57786459442964
-17.571533714073016
-17.5916366030033
-17.58955952726131
-17.586666329940638
-17.59005134529467
-17.573063311773257
-17.603651073990335
-17.609989150672885
-17.59285180538176
-17.513970759866407
-17.537272301812067
-17.56271270154278
-17.580897771567557
-17.581689003575633
-17.61223098665855
-17.59650568433392
-17.61705942319613
-17.596841911193852
-17.598598820580122
-17.610303534521503
-17.608581773349734
-17.607319978552304
-17.572912998154298
-17.565467982651857
-17.564098539273914
-17.548540990932914
-17.53845536115471
-17.481739571263564
-17.509313273149484
-17.494489493919055
-17.524728669277863
-17.529090968508633
-17.55468542569261
-17.55451933560468
-17.528600626509423
-17.542673583488536
-17.543345775449854
-17.547060468665034
-17.519536223579358
-17.535746807444905
-17.557229792855328
-17.564712415681363
-17.575186454278874
-17.5643684199123
-17.507348680095685
-17.500756122746534
-17.483118937796473
-17.481996833745182
-17.464649122505676
-17.47158427157973
-17.49257321012526
-17.488598984077196
-17.5157791715499
-17.46899597218019
-17.451508053687334
-17.441219096294994
-17.409572433458855
-17.430698586712367
-17.461788398690533
-17.449892708602018
-17.47402027099341
-17.499198997832167
-17.523898376639362
-17.496064740701275
-17.49603787974215
-17.49377164342003
-17.49941913510504
-17.486590770484124
-17.496645424891298
-17.490974518664977
-17.496265899663182
-17.48026781780446
-17.519301705632365
-17.52145401879371
-17.50492905197111
-17.523229723951275
-17.497136234852526
-17.46597303854542
-17.49255880288369
-17.491352879582077
-17.487769091503672
-17.506366566223388
-17.49049021845703
-17.467696054281305
-17.46666587119628
-17.445551918034553
-17.448559401042115
-17.434279891879385
-17.423260635666256
-17.440511282883524
-17.475266304757394
-17.481396121084675
-17.482293752755012
-17.435526234959312
-17.434854658544506
-17.421276619367415
-17.38738243523259
-17.380299258139644
-17.4369512206059
-17.47241186316758
-17.4872853523902
-17.45303703378032
-17.457540150323503
-17.459791337123107
-17.458223542056377
-17.482081866069898
-17.488778923976046
-17.49611300887699
-17.493456034236697
-17.484536438565414
-17.44964030495326
-17.47675344362536
-17.471280689848797
-17.474779620577134
-17.498135387893925
-17.49388569594399
-17.50331995658195
-17.52345205953614
-17.5233836426483
-17.49805478849811
-17.46248721224586
-17.447820834145052
-17.466133029158353
-17.49119937646801
-17.522798950400716
-17.535841649814767
-17.532995117663944
-17.515101166713585
-17.501040925779975
-17.515306931948796
-17.459981573144997
-17.47626051840832
-17.513720426513878
-17.553783416830267
-17.531703386651216
-17.529877565610313
-17.52679358575891
-17.476245556584335
-17.47541957599216
-17.50873406604523
-17.541942471269877
-17.556787012531846
-17.545417419435424
-17.56378773995155
-17.553103297810974
-17.55679546434553
-17.587931780013843
-17.606431495357786
-17.57858056567556
-17.558827522504952
-17.53027344008303
-17.51299483540936
-17.49829542931584
-17.491290291559526
-17.50254542371661
-17.53485916657059
-17.490984020455052
-17.5019509796377
-17.507626633238324
-17.5232188150995
-17.55151004375805
-17.54066623326673
-17.539733612880987
-17.55279445552181
-17.543620163775103
-17.56041646722172
-17.513709886303293
-17.511315681218058
-17.518141964272786
-17.504980590698374
-17.512955280904233
-17.508419680844995
-17.52466522247823
-17.537655389019754
-17.538499175846432
-17.52748690059828
-17.52199215286735
-17.4853859237468
-17.49663593153431
-17.470872426508446
-17.480156601596622
-17.479698705420496
-17.490887379744823
-17.48327123934455
-17.479781849038755
-17.484746873885218
-17.49483898205132
-17.48893762118564
-17.447941158311863
-17.46273711241977
-17.43792852313314
-17.407296583522196
-17.401179332077536
-17.374791807564502
-17.352689938367426
-17.3160679755971
-17.335709610798727
-17.32833741685477
-17.312754925834042
-17.34259984364769
-17.319186647661184
-17.34330384272214
-17.362379858289398
-17.399374395990545
-17.40505385508388
-17.38075862948052
-17.38062492629995
-17.395703220471855
-17.405239852595802
-17.393144800623624
-17.38383919117154
-17.363882664177176
-17.380640089263625
-17.371500340636402
-17.371365074611454
-17.415373697018367
-17.4058206149059
-17.359046429440806
-17.38501557132792
-17.39486401159267
-17.381047471463745
-17.36287827736561
-17.357722070829023
-17.36968941542057
-17.39089614668039
-17.386302409474872
-17.397925166997187
-17.42242289293949
-17.39669769078727
-17.36965763238951
-17.370566384011166
-17.34726180811039
-17.379969403400775
-17.403791423124297
-17.35821977422464
-17.405404940043677
-17.416384085242214
-17.401264244891326
-17.418752650342732
-17.435746929815803
-17.453747277104686
-17.44039859811283
-17.456230451268464
-17.43590176039918
-17.439078135107792
-17.45750170441962
-17.47182652964175
-17.46471440385764
-17.4526542095023
-17.456200366464127
-17.467197843305513
-17.470872339259284
-17.462846106370122
-17.472013720561435
-17.461569900204758
-17.44296387375363
-17.415780486878663
-17.445070580853823
-17.430275325272884
-17.413025425821747
-17.40808234882821
-17.41231865639756
-17.40837167585524
-17.404014092697736
-17.411455728493276
-17.395328459746747
-17.402368669501968
-17.43271469284895
-17.404010212282927
-17.39209665776774
-17.386912772970703
-17.37282149655845
-17.369763165572543
-17.398723661320272
-17.38629157463152
-17.378134587290756
-17.372843118198023
-17.36135162536817
-17.327257581327267
-17.371293075773906
-17.38492305757475
-17.38835481355682
-17.383538221822935
-17.352532579274634
-17.395684738499405
-17.392468799174548
-17.42215564212269
-17.418289953471746
-17.395463997824614
-17.369605199103855
-17.401644223210972
-17.446558996137913
-17.453395402687075
-17.43461902479125
-17.42286250144256
-17.42719502881026
-17.432664171306477
-17.44940257344208
-17.425729535558943
-17.410305408914237
-17.41479573905495
-17.412930580880055
-17.379477076835773
-17.395544076014954
-17.390115857244542
-17.41563013078076
-17.44865389724516
-17.43911235828238
-17.46142145157526
-17.47889015043055
-17.471974823488804
-17.45217144696808
-17.491101380873605
-17.48838618755723
-17.477403417329256
-17.47752294061358
-17.51584439832226
-17.516563150007215
-17.51837705564338
-17.482430200841815
-17.452450382261357
-17.455918511586425
-17.461028414229382
-17.467060506486156
-17.460516724836754
-17.453182073265754
-17.460339957721512
-17.50620152138027
-17.456663814621134
-17.480213374324055
-17.483750272749422
-17.473838418060488
-17.448290441587545
-17.43196469447811
-17.43070158041979
-17.418456585806762
-17.386754424565304
-17.38299135156786
-17.37343798529862
-17.34975820522213
-17.35124645054779
-17.373518672953505
-17.362387638264497
-17.32407305594004
-17.324552192794595
-17.327532438417563
-17.337431311124018
-17.35870143238502
-17.380692534888272
-17.391077541512434
-17.372815627285885
-17.392606560146397
-17.345669638201894
-17.34478292091242
-17.330830239447305
-17.326207903478075
-17.29007565398967
-17.292073201808318
-17.277497753377137
-17.28605389773154
-17.2994544067247
-17.324971166073865
-17.333483143256586
-17.339969136432593
-17.350972540805106
-17.35154685333179
-17.334339801687058
-17.365969311834945
-17.36084795589854
-17.328101476721848
-17.29502452655119
-17.276378285748965
-17.308064008662626
-17.30639341374058
-17.30348244746944
-17.264821612305358
-17.27672482787802
-17.277790342375173
-17.256973040416227
-17.26256072528035
-17.281913055543022
-17.29968333095719
-17.28737647301646
-17.31622792562066
-17.301709952339827
-17.318633238091177
-17.31194986677402
-17.302051460878285
-17.297346360267483
-17.305025572666448
-17.326446772171572
-17.340691256512194
-17.354170291377255
-17.35584523373691
-17.350930540012094
-17.34472035053065
-17.37074793292794
-17.366297705349307
-17.371052929408954
-17.341669850892412
-17.357521123751656
-17.38270464389212
-17.346623271176096
-17.3546713900856
-17.359609538634132
-17.37883485653596
-17.374593645761763
-17.380167930676443
-17.361720167725423
-17.338698671736772
-17.320192029113663
-17.335172410568447
-17.349059620100405
-17.36427547790138
-17.39333552961983
-17.425420375367825
-17.434866424726252
-17.44819830575591
-17.45276179277004
-17.416635551645044
-17.431089902104187
-17.397715403125012
-17.40013782994192
-17.402789827059117
-17.42967257092083
-17.411938773501102
-17.441575807133393
-17.438921448416693
-17.41860459909895
-17.421967560003676
-17.418847721532224
-17.41858857889286
-17.392464292686338
-17.376522230503745
-17.417151508949747
-17.415027692457485
-17.453679516410123
-17.474373551178918
-17.44152810307948
-17.429494001515263
-17.473115717185124
-17.480337770939474
-17.47881614178985
-17.489157237701495
-17.513251829370702
-17.512548953856044
-17.488180604740865
-17.49532600586777
-17.520397137888374
-17.532089467576306
-17.536906178110208
-17.526483181966512
-17.509014672198077
-17.445789501665278
-17.448906337622528
-17.456012461904248
-17.469192296287204
-17.467866544608125
-17.48720202384373
-17.466127651574677
-17.461480467442648
-17.45913759879912
-17.46898186667247
-17.444676128567675
-17.444955331561417
-17.420882837933583
-17.419460181206073
-17.453350156451748
-17.441779881261102
-17.412417498629694
-17.403973275056043
-17.425608635287226
-17.43303778254347
-17.487743683813324
-17.473948154023006
-17.48259180418618
-17.47112750311006
-17.477244328666266
-17.46357371083188
-17.44583404418088
-17.45671726876436
-17.455748438248097
-17.478244412075107
-17.49947905286085
-17.512191561430093
-17.525125015467268
-17.527131464463917
-17.522914376773954
-17.515960430249834
-17.50100179082327
-17.511080596657344
-17.49708246077659
-17.505274616294326
-17.527270532519843
-17.527112259904264
-17.55903779858339
-17.547663637916536
-17.538145507525076
-17.51473658167589
-17.513637042762262
-17.479429954536577
-17.469304044357354
-17.48455324777471
-17.47807289816123
-17.455498207148818
-17.46828896695687
-17.477091483110986
-17.458994680921037
-17.457970621835834
-17.44069832269522
-17.45048948437512
-17.47939467228169
-17.497677247443317
-17.52192545054028
-17.517234765952967
-17.517366832839787
-17.480378762510853
-17.471296907896193
-17.44879440298384
-17.477883692157214
-17.456723687408918
-17.479871802537954
-17.48929506796305
-17.50182367660405
-17.480698963170774
-17.4593073849086
-17.46634192962795
-17.440420476395285
-17.436722030610532
-17.424670091233367
-17.391007872960525
-17.383170394957286
-17.36483231591598
-17.36202056070701
-17.35036064217196
-17.37442275442598
-17.38523002458374
-17.378877097539323
-17.375830075983515
-17.438340171939377
-17.454501163622428
-17.487888128947166
-17.47499183817991
-17.48797377067694
-17.484478259893276
-17.49133820382465
-17.516973355733985
-17.51923006952259
-17.502122651675084
-17.487433604958476
-17.494651078982862
-17.49232921445126
-17.48488277463502
-17.47435321352615
-17.47833857764344
-17.49218893773008
-17.53065132746035
-17.547526568058004
-17.54580393698561
-17.518747296556047
-17.513403419201257
-17.4867944289898
-17.500946982605697
-17.49280953238645
-17.465748046024135
-17.487818539183376
-17.472520444054652
-17.481404548573824
-17.462951217841074
-17.499758876648325
-17.50340916720834
-17.492208538124107
-17.51504973966327
-17.494189097811148
-17.530504546495887
-17.564866631140543
-17.52755555094479
-17.50067178932521
-17.48698088386356
-17.493261040262794
-17.49402886454734
-17.49382294182362
-17.467871690111565
-17.475541432845823
-17.46752673636839
-17.4294705233635
-17.446383786724795
-17.46541725164771
-17.49132827313137
-17.47188497401536
-17.482478437863225
-17.48800492716115
-17.47082244259051
-17.476619276651334
-17.494384138372954
-17.49611112511215
-17.484482662679692
-17.493850156378308
-17.50033549109475
-17.512604028256636
-17.51902119505549
-17.488757198447278
-17.493651070044812
-17.483435271950377
-17.485652673286417
-17.49073947487399
-17.478761471609587
-17.457966434545618
-17.42439483564716
-17.405806795934918
-17.435258678782724
-17.475804872782017
-17.487043397280875
-17.47409713283408
-17.48940034569776
-17.513110933424027
-17.509996163995552
-17.49074878895742
-17.45487257468164
-17.4606655322625
-17.501728587227237
-17.499317069198426
-17.49234221166271
-17.47475194761116
-17.49580732261408
-17.507315905436368
-17.517770960353737
-17.506866294069923
-17.478976575453274
-17.48700843396503
-17.466831725103802
-17.478773294209578
-17.449069846826895
-17.40680084476483
-17.395592918303386
-17.391673116813973
-17.40879940025731
-17.434303496337797
-17.423514188745
-17.41299801167844
-17.38504693849561
-17.379531438625875
-17.36172494627342
-17.378396201335075
-17.397889080675277
-17.35644194523329
-17.36831816153251
-17.38770570834955
-17.395660717199494
-17.393996780938977
-17.402705416531145
-17.396975582513097
-17.398796824949223
-17.393106648276945
-17.38371527539233
-17.399875636845728
-17.400904223994583
-17.4276351862392
-17.4310016085268
-17.431762243320815
-17.429895282637478
-17.466333878278178
-17.48914494240703
-17.489963931995902
-17.50156067643897
-17.506557242165236
-17.53147021274157
-17.492021357821795
-17.465465983146913
-17.455237326098732
-17.41948183854473
-17.39196021990618
-17.379817788019043
-17.391378390761737
-17.37917451514801
-17.390661391975954
-17.411360372082257
-17.420686225132357
-17.397824826069595
-17.389177214835367
-17.37700168957302
-17.36407987231879
-17.380286343178344
-17.382345864066572
-17.402577595900567
-17.432106746194915
-17.437954512321895
-17.411680176620003
-17.407548034565945
-17.44698939841941
-17.49542126039231
-17.498209584688528
-17.499743795399585
-17.471516604193656
-17.46133144362867
-17.445535229792835
-17.440411844978822
-17.44203837989694
-17.427144173837046
-17.41868227610239
-17.42442253056111
-17.41346757155669
-17.420832994661758
-17.41742650352187
-17.432499503537436
-17.420423255596045
-17.406517225946704
-17.385564384678933
-17.410526380494808
-17.401759532459536
-17.422530978481337
-17.40696914514338
-17.41725710271949
-17.436069480535213
-17.420433621771775
-17.44107078531828
-17.44398377672398
-17.445480643162828
-17.449369278413922
-17.41901178189955
-17.392181147803154
-17.4213217412691
-17.436607603675608
-17.48852064289485
-17.451779667975604
-17.45173418006847
-17.476634419938897
-17.43122071786135
-17.428781409723594
-17.428526077395873
-17.45051517300364
-17.441876762537557
-17.43087979158003
-17.431912704733122
-17.421874491396864
-17.39805393575954
-17.413442646764366
-17.427873616621714
-17.427095583764174
-17.43808775833763
-17.432209984302368
-17.435885718285224
-17.42207810107904
-17.417326247632065
-17.41760474455883
-17.391422094527798
-17.392180068653463
-17.431924678857808
-17.439739648593
-17.43972673902749
-17.44729028505187
-17.448130697902563
-17.446619390046436
-17.440233522824926
-17.4557416009117
-17.444163722286426
-17.416113547382007
-17.39913789930714
-17.42105212130368
-17.434577659255996
-17.439670413503478
-17.419059826012788
-17.394071527660593
-17.38194481717568
-17.383455734370198
-17.386526002817636
-17.37289427680634
-17.357386519815584
-17.396538350713428
-17.40345083359886
-17.377171865469446
-17.384599069440945
-17.364572711814834
-17.329251796502206
-17.30705076589043
-17.36694319283151
-17.37167324689176
-17.342280885372496
-17.314965178765654
-17.302975633345888
-17.30889737850116
-17.332773087394166
-17.32106878956823
-17.339264880387724
-17.30076337981073
-17.28709471494157
-17.31399885275742
-17.358266832522734
-17.352075578914107
-17.338428566687025
-17.377157425225892
-17.38108824474321
-17.40899323301374
-17.36532103591023
-17.377955118767602
-17.370480672016477
-17.341983191884317
-17.309146298806866
-17.3035671910077
-17.300287249402103
-17.31733679288782
-17.339266953819315
-17.345849555371373
-17.347796868387704
-17.338831048455287
-17.336940384299652
-17.338559655447035
-17.340286631257655
-17.343826574883007
-17.35643411629064
-17.37084713881114
-17.34291399442288
-17.353834800245195
-17.340313494905455
-17.31662397841972
-17.308540037666134
-17.29485121327895
-17.292750696601917
-17.254100054868353
-17.26488057952645
-17.22696061299342
-17.249933859849452
-17.250614605949014
-17.263249807118484
-17.287906820158554
-17.26460286960956
-17.251561778539816
-17.27234685852968
-17.299811930377185
-17.304931782571327
-17.261925368627796
-17.277369581194996
-17.27728682940636
-17.258757297887605
-17.23896141476109
-17.241252583724215
-17.244668528747532
-17.27295600927201
-17.23986163994162
-17.220698805170045
-17.22367560802246
-17.22331723721718
-17.23517428509731
-17.216808282803814
-17.197137050117306
-17.22839155310162
-17.24850125377491
-17.26141759417874
-17.254241595974158
-17.256165590268914
-17.236345640012356
-17.255560429074688
-17.25140544340282
-17.270794441718778
-17.311699820106337
-17.310394199767096
-17.31693371503655
-17.34150225991027
-17.338685248720044
-17.34539186896664
-17.350648494980454
-17.39252189627461
-17.353046943329616
-17.35240047912776
-17.353609312344204
-17.33448782839931
-17.355720067977288
-17.381710232588624
-17.355334222403343
-17.359529612486412
-17.37478711636117
-17.368942086588294
-17.360459796146934
-17.366319321518432
-17.353009725584847
-17.342228410851977
-17.331930127297927
-17.33148680429022
-17.302421084252927
-17.320010837603895
-17.3510609662842
-17.346336461430163
-17.378773738310734
-17.39539467058614
-17.38406459218806
-17.37864573056097
-17.397130880359104
-17.40435384029311
-17.399752943570817
-17.408765471212853
-17.40512781580384
-17.425855201066824
-17.39925326559231
-17.368385599925872
-17.407057052749995
-17.396524554696136
-17.39673728269323
-17.4010457710393
-17.397778023351055
-17.41734483881673
-17.418474368564194
-17.429919183015805
-17.41704932083084
-17.373791692909023
-17.363196980395738
-17.418080929104832
-17.38247609643475
-17.371009553445433
-17.376516567327204
-17.397017898048233
-17.392815230355023
-17.394508154790714
-17.40996936836289
-17.41203381964219
-17.41301404925556
-17.422997063196526
-17.410374839530515
-17.420213787814987
-17.43436497778099
-17.43022668309367
-17.432330546319232
-17.431538298634575
-17.46038125384951
-17.43272558143023
-17.41695557675167
-17.420428952579776
-17.393219118084808
-17.381766182018495
-17.39837434122723
-17.412629040868758
-17.44375736809626
-17.472781695020657
-17.456829951673075
-17.48510174585786
-17.4787767931822
-17.456641593326218
-17.449494952047726
-17.438460681950243
-17.413045657585393
-17.455020521046766
-17.450618667456233
-17.47719367795462
-17.486315593259484
-17.442562412732123
-17.463843308732528
-17.485513307111102
-17.470324090527807
-17.484579414127722
-17.491619546854224
-17.501155905780273
-17.505501622566012
-17.499689254459533
-17.50442462740676
-17.468401151206187
-17.433031988781917
-17.423056914911758
-17.416557931858975
-17.38310174512637
-17.39518907053343
-17.377941662620383
-17.39179603207811
-17.394141412818175
-17.384663097428362
-17.397584922668784
-17.389896809649404
-17.390352692159535
-17.384405993457637
-17.38940871612095
-17.38871646216235
-17.411353676581285
-17.39900422372844
-17.4016155087731
-17.372978500975236
-17.435757197265335
-17.447962492792016
-17.465924443877594
-17.442360035612033
-17.45857270165999
-17.44156507778002
-17.431392440692726
-17.449692967243962
-17.421921158870898
-17.418470394325574
-17.440501608158943
-17.432936999253826
-17.424193076491722
-17.450734934733916
-17.476119190544114
-17.473460036100946
-17.449432046749326
-17.460164655810694
-17.44684950835942
-17.44197185487306
-17.44152668080665
-17.462327559959114
-17.433415372637047
-17.422379094297245
-17.419600190037315
-17.383790772318395
