-17.40091334470256
-17.279214115444194
-17.312988375987977
-17.331740089012676
-17.327908927402984
-17.317211698684506
-17.33127300768282
-17.332565024353883
-17.38467925192482
-17.292690709474865
-17.306394324717846
-17.348222302698417
-17.322790461579924
-17.349289804777406
-17.321840401124625
-17.35604680463833
-17.29361083313297
-17.271011104907295
-17.276257860626142
-17.263033620193074
-17.239677089799184
-17.225538558176517
-17.242894884346086
-17.266397881896115
-17.323238168026354
-17.346669744407443
-17.3104201656898
-17.290587353137468
-17.268336974225562
-17.224784668748214
-17.28468960666044
-17.300407110280297
-17.31378276667397
-17.20607823102024
-17.281814826945997
-17.22927881376544
-17.281299526178902
-17.266602908150944
-17.23843898774631
-17.22191255982402
-17.249186517796755
-17.248237762241487
-17.28459544694033
-17.27476890976443
-17.28700286130285
-17.292914997935696
-17.246242038819823
-17.246039047007933
-17.22494710175068
-17.251342201091735
-17.2752983905542
-17.25034234351422
-17.28178586363856
-17.25263758742443
-17.214756503984862
-17.29161770532826
-17.28503277304416
-17.250737417813177
-17.26777569744861
-17.27739888995143
-17.32958766173433
-17.2825830499954
-17.312105876279336
-17.344460151227132
-17.28924874158448
-17.30980064049925
-17.292665256253876
-17.28378289857209
-17.31749056192722
-17.30841228653014
-17.32960367875831
-17.289594930852047
-17.34699180091211
-17.323326331263686
-17.250320112600313
-17.26567148640314
-17.278653047018352
-17.261204877408836
-17.2781318270155
-17.269550190155808
-17.315237512470734
-17.320027589267642
-17.292486691336002
-17.316036155672222
-17.352592894844392
-17.345139000723528
-17.356320683972093
-17.344728816519456
-17.32274439069035
-17.34355380525166
-17.31031627460635
-17.362372473898976
-17.349103751768208
-17.353467174438173
-17.27233197034726
-17.33482836484789
-17.321441626609136
-17.360334068286576
-17.367688944161333
-17.35058336147446
-17.300084122496614
