-17.300084122496614
-17.239769908806448
-17.23473625716938
-17.21180823321726
-17.218582591618276
-17.221406564930366
-17.183761619073298
-17.208836558626256
-17.268941625593225
-17.221270793952744
-17.274325147416747
-17.227740523123853
-17.226183485157662
-17.184856971006077
-17.229228414716495
-17.239140072212127
-17.258109473765835
-17.26510260103739
-17.225977289414317
-17.211548878410753
-17.22569800261222
-17.189105403161058
-17.17427828616387
-17.196570566290085
-17.198752629833315
-17.174215421798692
-17.142726435785363
-17.16116910195402
-17.192784707293704
-17.148005179218778
-17.16038196654301
-17.168673408962082
-17.225489000268933
-17.263211243384152
-17.180827944657846
-17.21178798204069
-17.2350358989788
-17.209352603078475
-17.20925681752943
-17.23686540786947
-17.205091014408758
-17.14607371015972
-17.22404432112122
-17.174172296043228
-17.17614842850857
-17.181416588575782
-17.22610929443733
-17.246604764275997
-17.21854511591942
-17.23085735771206
-17.20944864221216
-17.207383539209136
-17.216187491944858
-17.237104929176475
-17.28167908638731
-17.24297017185626
-17.222652475346354
-17.200240279804074
-17.18918399191849
-17.20576408366026
-17.231027493582015
-17.1859182115637
-17.142290304373503
-17.160174826936043
-17.150678981537208
-17.181848661633996
-17.18041090783589
-17.21232480537293
-17.18642108433651
-17.2403921906501
-17.216633703809116
-17.238758266428192
-17.182911850023178
-17.213288557254774
-17.26391212582646
-17.245813015237506
-17.233034489110764
-17.238785267143307
-17.28857607620756
-17.300633620925407
-17.23983336591715
-17.269874303800545
-17.28907636037821
-17.286320010733828
-17.189399999503614
-17.184272061666537
-17.196924511349373
-17.244130227433207
-17.17196873063604
-17.190700571438978
-17.20393698172437
-17.186588084482985
-17.160918961718785
-17.169044746545136
-17.194407850701793
-17.172683672119575
-17.160045406477415
-17.16857785825178
-17.19839288145369
-17.212989276028203
-17.165488832757745
