-17.165488832757745
-17.093765741691065
-17.062861614704403
-17.11495176930778
-17.041958421203734
-17.065117079140784
-17.092054370911608
-17.089057943970374
-17.112345969966782
-17.092318369846463
-17.057398914882
-17.10456350557659
-17.070337020677755
-17.070292426467027
-17.108162143041454
-17.10450884498585
-17.072392029052295
-17.093676763688492
-17.12438737057876
-17.120463455279946
-17.102874245958187
-17.066005482604748
-17.124632545581395
-17.11642606426633
-17.048223487239166
-17.130088873778156
-17.08082147276522
-17.006610482132746
-17.048442025864944
-17.045701446300527
-17.110741618872666
-17.083082688043987
-17.08863781476458
-17.033321906724687
-17.066438722316164
-17.044876719210524
-17.060479576094114
-17.075004290928018
-17.04420385757329
-17.062313954254357
-17.11310592029607
-17.05501282743009
-17.080006616071007
-17.124242883987506
-17.117547822266108
-17.14211949166566
-17.154274532631383
-17.12266241157655
-17.117165862796018
-17.127869282206184
-17.131795410880134
-17.13523761078303
-17.07402511109897
-17.074401892916114
-17.096210081535308
-17.061386428472503
-17.042979836267
-17.098063566459935
-17.133053652240463
-17.13964704442307
-17.1507346789609
-17.12203752283268
-17.07691374061491
-17.093536479838747
-17.083042534349403
-17.039112689527556
-17.0641733337951
-17.108911836204832
-17.092465593268656
-17.154914383690556
-17.043769725148515
-17.043052052903295
-17.100666594699717
-17.109737191295746
-17.191562084245735
-17.07222673593285
-17.14315784503926
-17.09389085286098
-17.13868550992732
-17.11321377863343
-17.094561819549753
-17.1447202294971
-17.053416334484613
-17.124490010221724
-17.152331854243297
-17.090224184458094
-17.127851529638935
-17.154493814991067
-17.13597942584625
-17.04284664914598
-17.131908245973797
-17.13364783710449
-17.152792855945986
-17.154916555929724
-17.130248166708174
-17.088620457293434
-17.126672598586545
-17.13076055905252
-17.087198691100088
-17.112686727164444
-17.14956985079684
