-17.14956985079684
-17.03542928316975
-17.12208397453721
-17.02691406109834
-17.052761664665617
-17.025158731691757
-17.045107957904122
-17.09254219448013
-17.043484779761638
-17.041306198359308
-17.00902782555769
-17.057850428401768
-17.019841225714497
-17.040037632807007
-17.008400644837977
-17.01742132265065
-17.02678227159482
-17.016636975379647
-17.060946123213586
-17.05309387299555
-17.026478543440174
-17.01537557403844
-17.00417410961757
-16.994922448407237
-17.021196591303497
-16.96648099431671
-17.000193790778905
-17.00740166267818
-17.022638707288873
-17.05546317344505
-17.03997196054918
-17.056541741269086
-16.983591513979867
-17.002626700468426
-16.980042170242907
-16.94628824688061
-17.04539212793828
-17.014129478031894
-17.02437421797283
-17.08259079953083
-17.04356193739435
-17.05250123395372
-17.041357603168688
-17.008397546579623
-17.05029726001865
-16.987111675643764
-17.05552054606879
-17.061714601090735
-17.029245370763054
-17.018711011367902
-17.01310840879816
-17.007999485704282
-17.01086638381389
-16.997915130310314
-17.017062148142994
-17.034054202146713
-16.994920420762792
-16.996692680769634
-17.0358153847675
-16.998236586778113
-16.98056775671288
-16.999633900060203
-17.03529569489437
-17.04725084774229
-17.060697013728706
-17.03708165862465
-17.026357450961143
-17.017780681368507
-17.062034435079198
-17.038709154520305
-17.03326781003171
-17.000339961259453
-17.013731228386003
-17.008779137694567
-17.01451263579122
-17.005527752226836
-17.05477067549313
-16.981124506718466
-16.985485517328037
-16.972066848897555
-16.978508256547176
-17.019154629166888
-16.965733470044682
-16.991049760029096
-17.039826536131343
-17.059694423614857
-17.0286545769612
-17.08061902797801
-17.10489799977363
-17.10454131907365
-17.123458267717563
-17.066238053132903
-17.132449512020038
-17.15795879871234
-17.06619151875082
-17.06147169378436
-17.007964411363567
-17.01923616929683
-16.984365909211398
-17.111745921752657
-17.016600651493555
