-23.714754434861508
-23.710145281890547
-23.710715569778657
-23.708378043082107
-23.705659251808942
-23.702402304344965
-23.707285450273496
-23.70646236063227
-23.707192091926828
-23.70524484943367
-23.69903438119771
-23.70191441049103
-23.70124575833428
-23.697349036468353
-23.69597126435856
-23.693876898724866
-23.688661136150746
-23.68744044115695
-23.686012871453144
-23.685140173992156
-23.68343989801043
-23.68252072304308
-23.68010831077723
-23.682726885640914
-23.683939990441345
-23.68103109617356
-23.679161359637593
-23.675859580400605
-23.678736049204037
-23.68052416963104
-23.678764189801893
-23.67837293128544
-23.677126544202302
-23.67498319248911
-23.67310346424936
-23.674728582028788
-23.678954529919746
-23.677127051366934
-23.6741164217885
-23.675328762177433
-23.67478321953542
-23.67271487777791
-23.67575995683386
-23.677071047652475
-23.67704206491003
-23.676210251246978
-23.675990521099596
-23.67585655262267
-23.677972026702935
-23.679245044258323
-23.676650791509477
-23.675919801158045
-23.67629664296211
-23.6797157041548
-23.68205072923721
-23.686145629193682
-23.684613190380077
-23.69032179346227
-23.69139188560852
-23.688599978049083
-23.690912030236202
-23.694297309541852
-23.69073429347378
-23.686991214482507
-23.680726077973393
-23.684517223739515
-23.682394178964987
-23.683316605480353
-23.680799701903734
-23.680564964627937
-23.68043061869222
-23.680962024926913
-23.681717058171316
-23.68520561635851
-23.68548707778348
-23.684423623662713
-23.67882769360467
-23.681056053864644
-23.678041339833673
-23.67445954933221
-23.678354568824336
-23.68132983145353
-23.683802328534096
-23.68636773317702
-23.683375981045174
-23.68437461181093
-23.68468085829337
-23.68265259931349
-23.681852291620697
-23.682237179075663
-23.68045695168711
-23.681512429021268
-23.67783389944941
-23.6773096606521
-23.678023916823857
-23.673953727251618
-23.676218441590304
-23.675359883916215
-23.672970680445914
-23.670751969551816
-23.668314048439427
-23.664681059277047
-23.66959179721295
-23.664344325962954
-23.66433835232915
-23.66817509525892
-23.667228843734584
-23.668979434641827
-23.669958968634848
-23.66911690928426
-23.6672326967128
-23.66840851557625
-23.670420630506428
-23.668812965336617
-23.670360221143135
-23.66726302338777
-23.666468391728646
-23.663738279705395
-23.663890999597857
-23.66569744377655
-23.66502390691117
-23.658904315052776
-23.663650415279122
-23.663710109768367
-23.66695961028254
-23.67156376033494
-23.668744902730865
-23.66786784881989
-23.670042700480863
-23.671208572504533
-23.67199466885295
-23.66880784891681
-23.670495478990045
-23.671362259339357
-23.66790017081399
-23.66704197201186
-23.668554144441554
-23.66891538279366
-23.67181574975102
-23.677782960129505
-23.677792063404095
-23.680573592549994
-23.68326747216645
-23.683181890591904
-23.68431291310634
-23.681924076250144
-23.68255539693693
-23.679576277534505
-23.6798231956328
-23.678865663370264
-23.681858849767085
-23.67804947028947
-23.67954021402007
-23.67962334936082
-23.67496934401825
-23.674531889027815
-23.67878639483905
-23.676905387312758
-23.673009016159586
-23.669535994742702
-23.67366074693906
-23.67293628126145
-23.673925159596482
-23.674321873668028
-23.671421196839127
-23.671671209506915
-23.675439505951932
-23.674895970652337
-23.67414956090511
-23.671381250151686
-23.674102798383142
-23.674557040139284
-23.6740515677523
-23.67835154598999
-23.676568100027207
-23.675207516700585
-23.673511034187868
-23.6731199074066
-23.676688681568727
-23.674501357478803
-23.673255424033567
-23.67124036819666
-23.66574310533267
-23.662704838613465
-23.662737957803845
-23.662440075969048
-23.664230612554938
-23.666303706741214
-23.664070644995782
-23.662523208955545
-23.66209991597291
-23.666215597259278
-23.66286793425208
-23.665362298373232
-23.663296135218452
-23.658172535417435
-23.660710924303128
-23.660566617649252
-23.660936696755726
-23.659927308456684
-23.66498258590562
-23.665483138035484
-23.66718887420706
-23.671735783308744
-23.674394435172434
-23.670634349495792
-23.66896752214704
-23.67033076699705
-23.668849409436493
-23.668553198616543
-23.66739303240193
-23.667011976006982
-23.669532581821972
-23.66918952513094
-23.674000727192166
-23.674252342418615
-23.67899000442522
-23.677144915803947
-23.67261143764041
-23.671154388651964
-23.66963022334357
-23.672101314122358
-23.671326023770145
-23.671648381272945
-23.669628335462974
-23.670046957813963
-23.669055270364147
-23.667023929993206
-23.665212246115637
-23.660250927536538
-23.6597825266899
-23.66049760188759
-23.66345252919209
-23.66583467028663
-23.668742826846138
-23.666173284928835
-23.66308282954248
-23.66303273855084
-23.67067879525767
-23.67149233736202
-23.671220863148
-23.667910852187156
-23.66823542693811
-23.671081448225923
-23.668142992458076
-23.67007261135661
-23.6702220513139
-23.669948758916657
-23.67315688076852
-23.673580474585144
-23.6777489991851
-23.67914843134565
-23.677016966813426
-23.674698935778757
-23.675197525905453
-23.67724499236529
-23.678208717332254
-23.675871597509747
-23.67443794867282
-23.674930666683718
-23.671132978207126
-23.6731609906851
-23.674213148354994
-23.66923800402091
-23.671615089057966
-23.670719516416305
-23.671101155078425
-23.672802544860765
-23.67129048577498
-23.671402001764942
-23.67187726194079
-23.671496512499957
-23.67059905319419
-23.67096144473958
-23.670194103765436
-23.668763004765342
-23.670316354101484
-23.674707500150923
-23.674275166714104
-23.671073484203124
-23.674376064595542
-23.673386901859967
-23.67036575690796
-23.669971053263293
-23.67213324385804
-23.67384457533545
-23.675262706050592
-23.677645673076725
-23.67798782148404
-23.67803111570937
-23.676398843657537
-23.67629755965673
-23.676288179116508
-23.67889022346606
-23.67918925660794
-23.680491220506546
-23.681766241502853
-23.681222039553624
-23.681400926722535
-23.679330968604805
-23.67624101691609
-23.67974016414003
-23.67916694852341
-23.677318527998693
-23.67437407664429
-23.676600292941867
-23.67651179236927
-23.676199365261297
-23.676828360321377
-23.67537283327643
-23.67406589079806
-23.673350428706033
-23.674772783076694
-23.67631761727406
-23.675861818134553
-23.673513623817673
-23.673186197359545
-23.67174758133146
-23.66917743364482
-23.668379920475658
-23.67458492683157
-23.673401955143312
-23.673431534777013
-23.672648513238396
-23.671008257762775
-23.672762581631474
-23.670730550433202
-23.67269696959212
-23.669101937777082
-23.66932563015791
-23.671496105624467
-23.67195740355429
-23.671072212774572
-23.668829975402407
-23.670602109437805
-23.66816943142131
-23.66675865985482
-23.667364628211665
-23.66738892691176
-23.666090578045296
-23.66717012014192
-23.66989041390923
-23.673200940056475
-23.67158060697197
-23.67709379927635
-23.676590407355196
-23.67485973827655
-23.672072665469752
-23.67047501453531
-23.67056822119785
-23.671912060625967
-23.672060951238404
-23.672927272177706
-23.673719965731628
-23.671956808721884
-23.671638441971854
-23.67198809527059
-23.67250147378023
-23.67315583645064
-23.673261370069433
-23.672522420356007
-23.675199718526255
-23.673427401100607
-23.670944200993002
-23.66845189656511
-23.668242251297645
-23.673186414524498
-23.67527043400997
-23.674870589444957
-23.677147774078712
-23.679074973126152
-23.677400727233174
-23.67813044918964
-23.680927455644174
-23.678967702774447
-23.67823316430149
-23.677595157054306
-23.675752123082862
-23.673337965129924
-23.676600768116177
-23.680021657510128
-23.68360773901788
-23.681873632715302
-23.683459770774984
-23.684434397721105
-23.68424772593473
-23.68375452984357
-23.680964720333037
-23.67910267301577
-23.681343272351832
-23.678827785256793
-23.681844246801674
-23.684203702520033
-23.684088572330047
-23.686046312353856
-23.685483891159365
-23.683815685517622
-23.67997163575323
-23.67828986072727
-23.677506170662436
-23.676924401935562
-23.6785893631012
-23.67997837884379
-23.678127610875045
-23.678458157131995
-23.675405869337098
-23.67758536255393
-23.67531110781869
-23.674308870560925
-23.673468911199937
-23.67085894204043
-23.673550430284443
-23.675376146156626
-23.671017583182127
-23.671739688046486
-23.673663735251747
-23.67751396737597
-23.676141000761195
-23.677209696093474
-23.678858644782803
-23.68225793322037
-23.68184301994036
-23.68323542864435
-23.684401216071976
-23.687707701602303
-23.680046130394096
-23.682666246425132
-23.679661143784813
-23.683935678742436
-23.681008509631685
-23.675532034279684
-23.671728375878335
-23.671525071325284
-23.67148577155218
-23.66979260312114
-23.667739056460064
-23.66851291029456
-23.669455569778815
-23.66729694924516
-23.667510456351902
-23.666707778083797
-23.66897525235353
-23.668216215163472
-23.668956690411925
-23.672198829097344
-23.67352879352842
-23.671521693493613
-23.67036708425588
-23.665275304369533
-23.670163867006707
-23.67258666076988
-23.6725894238069
-23.67153612946841
-23.67193817049821
-23.673934484753104
-23.67177591551788
-23.67472174189819
-23.674685761533286
-23.672717693834574
-23.673286487288905
-23.671222071056476
-23.670648766831473
-23.671946614882845
-23.67188650760871
-23.6737551279135
-23.676704797359385
-23.673795966673158
-23.673591067584315
-23.67420104610239
-23.669938894609896
-23.672824966817394
-23.67448317344931
-23.678905152987607
-23.680964392764285
-23.683990255279646
-23.685419352807042
-23.685186259291857
-23.682939244140144
-23.6803275727823
-23.677139380543476
-23.683668429794174
-23.684461064248957
-23.680397589002453
-23.680313430126212
-23.676193976291675
-23.675674272466136
-23.675577876368152
-23.679870173767096
-23.678044833359593
-23.67778742686652
-23.677569123722794
-23.673855145519028
-23.67443169442441
-23.677566208490003
-23.675462817258282
-23.679494150677442
-23.680672968024634
-23.678906431908132
-23.67875235367359
-23.678533960722877
-23.67826412090474
-23.67646377456514
-23.676297548905204
-23.67699184601983
-23.67975276291011
-23.67840633915901
-23.68091691373317
-23.67685098575916
-23.676065751323495
-23.67338544315096
-23.673546370782923
-23.67002447069792
-23.67238280253877
-23.671467521185985
-23.672086982195495
-23.672306901904346
-23.67031323123143
-23.668728956851965
-23.66966665970613
-23.67429255244778
-23.668152829747218
-23.67033438887125
-23.667153809955757
-23.671669532393246
-23.67396718563673
-23.673538668450785
-23.66903930014044
-23.669695948441504
-23.67182115549695
-23.668602545713146
-23.67062795474187
-23.673368802563225
-23.67380446369646
-23.6727183844551
-23.674167758062076
-23.67350025109795
-23.669108351065514
-23.670611037631797
-23.670311374900653
-23.669298136938572
-23.665607898101022
-23.665096892965042
-23.667957589718707
-23.66739098185089
-23.668127252713678
-23.667726222732508
-23.670978127862373
-23.671699059797227
-23.669648387322255
-23.668404509060853
-23.673152640456795
-23.675551597382363
-23.675326290157823
-23.675888209873367
-23.67217530965366
-23.67074544823454
-23.673636813771687
-23.66997859455771
-23.669085278769067
-23.670226889027834
-23.66836687303267
-23.668885918061576
-23.664063910106155
-23.662053084945743
-23.662635840553463
-23.662654000160337
-23.662921056163956
-23.663153592387992
-23.661102144052904
-23.662905004022704
-23.664442507460002
-23.660186046661753
-23.658758309733102
-23.660159557615216
-23.657912497162226
-23.65855647685292
-23.657146902316473
-23.6587312380581
-23.65501498600609
-23.657683938029272
-23.659473004829042
-23.6624423227025
-23.665423891689237
-23.663728055610825
-23.663539390921194
-23.66390824114109
-23.664756982167177
-23.667771418152526
-23.66975282252733
-23.666821365851654
-23.665164324598184
-23.66739414219233
-23.666526222218355
-23.66882793275711
-23.67539827849874
-23.67504556246366
-23.675584264949887
-23.675135497555495
-23.67197791705628
-23.670492062321387
-23.670151627195317
-23.667454933069934
-23.66944589574184
-23.67065926820718
-23.667793122455357
-23.673882167513444
-23.674043173250276
-23.67839090825251
-23.67900872227859
-23.67629386366173
-23.677548216350864
-23.671219981275716
-23.673490364649922
-23.674436501681818
-23.676443490462912
-23.675978951235443
-23.677858922354243
-23.680944581850078
-23.681013799840855
-23.681193216372947
-23.6790895407481
-23.679912836807247
-23.68199626840117
-23.680934907664383
-23.679181395908547
-23.671308230343502
-23.673044094198406
-23.669553871464903
-23.669058660882275
-23.667858791845738
-23.670024854744522
-23.66650142240401
-23.666175162853587
-23.663492241619156
-23.658788763744436
-23.65835726396165
-23.659169465987617
-23.662128429417947
-23.661203518006992
-23.662213017144417
-23.65975244611312
-23.662743672557998
-23.663456985540684
-23.66803907270041
-23.66639373836883
-23.662939696771545
-23.66414969675426
-23.6615624405864
-23.659334921980587
-23.66210523278174
-23.660127509758965
-23.659642904765747
-23.660768485596538
-23.658409264874383
-23.655436159978592
-23.654202967964032
-23.65386616899982
-23.656592350658954
-23.65597034268898
-23.65669603553236
-23.66119401669528
-23.66408139068702
-23.663004293000423
-23.661261714575076
-23.663136600613402
-23.660132798545643
-23.66690855563758
-23.66900704057949
-23.67000224996537
-23.6668184507574
-23.666805854901536
-23.66608179125631
-23.667309877426103
-23.66590717299598
-23.667416423938235
-23.668935982055054
-23.670782645711395
-23.670917223078007
-23.66896723225077
-23.668872253084842
-23.67141704588735
-23.6685978723235
-23.66613848254964
-23.66146582058241
-23.663097857203493
-23.66512298986155
-23.66410654734327
-23.664333134916163
-23.66393777077325
-23.66942836996888
-23.669557953314246
-23.672273351245916
-23.670365664193326
-23.671190741248914
-23.66735006851156
-23.66337807820977
-23.66250449884781
-23.6622553537377
-23.663589683770233
-23.66360543741826
-23.66299545581561
-23.663449850776228
-23.6604352609133
-23.65996399476746
-23.660612138943787
-23.66062010871459
-23.66193657982814
-23.660947210525812
-23.662575888739426
-23.660425936523655
-23.661706573552962
-23.66029190074206
-23.66230402282538
-23.66044891620979
-23.65746776651644
-23.658316865387448
-23.66140782707115
-23.66211964296998
-23.6651222706396
-23.663705115501152
-23.665990897790813
-23.666832509707646
-23.669409034103527
-23.6792820520409
-23.674154074403724
-23.67363141125835
-23.67010590390665
-23.66967940226026
-23.669223129278247
-23.670527544984843
-23.675095736056665
-23.67718371471959
-23.675729695432075
-23.674651628833548
-23.680583554867784
-23.68044691564123
-23.680503456038632
-23.678495578001467
-23.67537486613512
-23.670596912568783
-23.67077315975052
-23.667998077632305
-23.66569469267217
-23.665462548227477
-23.662254686427726
-23.662358882497237
-23.659650914581295
-23.6598844261449
-23.66216730914969
-23.666706946855786
-23.66452483674086
-23.662273375416152
-23.660246811579444
-23.663322165200757
-23.662814556003017
-23.662334575181053
-23.662680651127484
-23.6640263506994
-23.66396349574099
-23.66369664489005
-23.662633355798448
-23.667163735471622
-23.667591466903374
-23.670373673784976
-23.672879485435008
-23.674927859439915
-23.67249884855359
-23.67197683290518
-23.676695944509113
-23.67758368986061
-23.676696715056444
-23.678031531283285
-23.676814102118627
-23.682238622114166
-23.684860634304275
-23.681028945078275
-23.67657135704265
-23.67483749082814
-23.676358896693014
-23.679489972383244
-23.676843793482508
-23.678905448805043
-23.678902653360716
-23.678967674811382
-23.67693620580322
-23.67797440264849
-23.67215141696891
-23.67258142920927
-23.670657931894773
-23.672269969533044
-23.670879481475374
-23.674207790978397
-23.67159466275064
-23.67168199452433
-23.67350653147602
-23.67150140448642
-23.669145769698183
-23.6675423257014
-23.668140621470744
-23.66908089621937
-23.6686204052236
-23.66628711396347
-23.667161415093176
-23.66756492846309
-23.664608853149296
-23.66177249288721
-23.661780935049286
-23.663730493143888
-23.662905928010176
-23.666006538291832
-23.66642338764334
-23.667083746848057
-23.662912442799055
-23.663762176931737
-23.666559327130017
-23.666203811390346
-23.66910504326285
-23.671003786686317
-23.66919452245042
-23.67197497577279
-23.67604574566548
-23.67712970138492
-23.675596815314243
-23.674227319515737
-23.674673300272914
-23.675653902682562
-23.676013100304935
-23.671645018257543
-23.67034717020336
-23.667712119193887
-23.666522557824987
-23.669754466455924
-23.668713712195395
-23.66930210073254
-23.66571126635424
-23.66583361107574
-23.667140371547706
-23.66384361740384
-23.665437849389935
-23.664498771334795
-23.667988647967693
-23.668579928025355
-23.67174996742931
-23.67126422612103
-23.67201129088068
-23.67301703271753
-23.670292732305942
-23.669144957271616
-23.666561113280096
-23.667071366862885
-23.668705589369782
-23.667277267018786
-23.667468181588177
-23.670824146966034
-23.6702364150533
-23.671621762125973
-23.669475399836863
-23.669844769007966
-23.66863446466228
-23.668744016737485
-23.667232070926307
-23.66669164909817
-23.6659952476064
-23.664786370270363
-23.670254779380926
-23.67363748695373
-23.673547047001037
-23.67303090575675
-23.67293293626134
-23.669700134268094
-23.672802304703076
-23.672425103985073
-23.67170021562245
-23.67522711520975
-23.670269134587095
-23.671688433385132
-23.66453839694438
-23.665325315245152
-23.666434891198826
-23.669763522217153
-23.67106196391173
-23.671941715974224
-23.670948696683254
-23.671093014699817
-23.670377104830887
-23.677119989051107
-23.676276552262664
-23.676621865408304
-23.672780389060907
-23.675795306420248
-23.672921689456373
-23.667765671305155
-23.665098210815458
-23.663189504701243
-23.660866117433354
-23.662867599712484
-23.667665288704445
-23.66760261955386
-23.669329391804045
-23.671693272822008
-23.67278567724275
-23.67305466183781
-23.676591815978448
-23.67392934431386
-23.67207967562239
-23.66743272266354
-23.66723287384655
-23.6708494874851
-23.669080409880248
-23.67155735591071
-23.670430655198818
-23.67033718473125
-23.671938319750506
-23.669216030134585
-23.66951505384557
-23.670403503847847
-23.66644548621152
-23.66714768224147
-23.66897557653968
-23.67192271711559
-23.67356987387697
-23.669607827266
-23.670763559782145
-23.668674125632148
-23.667608027826166
-23.669018999173687
-23.669849576590565
-23.67524701272998
-23.67259110696326
-23.670033240672197
-23.668364912811995
-23.66825886615093
-23.670340978416107
-23.673125979037955
-23.676875912913623
-23.682782911105896
-23.687037492454703
-23.686490422574057
-23.683590050848714
-23.68268360575468
-23.68474700314209
-23.683638638750175
-23.6815924385843
-23.684676184731778
-23.681516424743357
-23.683345917384006
-23.683822322305485
-23.684853765692907
-23.680803905873415
-23.68175528644824
-23.681399719115745
-23.6838349718527
-23.683127949174363
-23.681244908471648
-23.677509793322297
-23.67650733699247
-23.67835239728216
-23.677913822711343
-23.68108669095274
-23.67909714661403
-23.68015000385733
-23.68093162510624
-23.679347861904848
-23.67975509563609
-23.67686166632454
-23.674982091308447
-23.671731843268027
-23.67371400281641
-23.670204393117576
-23.669226788232805
-23.66821140336673
-23.662801582452747
-23.664530675402478
-23.66753275069646
-23.666584219279617
-23.666047123984143
-23.665349258990783
-23.664535156593498
-23.663308592608374
-23.660958436347656
-23.6614667032001
-23.6583144530133
-23.6591369418258
-23.65924974848609
-23.66133937782232
-23.66353169483508
-23.66333880393524
-23.664934241662436
-23.664532567518055
-23.66564263715808
-23.667165213339647
-23.67132315733899
-23.670596062842574
-23.667045466764595
-23.67023990639133
-23.667436780248536
-23.66833155864605
-23.666364320505167
-23.66768951754824
-23.66966771330322
-23.675581924709956
