-23.675581924709956
-23.666909781909556
-23.667486984416005
-23.67325664600312
-23.667940434206795
-23.666889253151655
-23.662650145356732
-23.659059160903755
-23.64981560750872
-23.64775167859068
-23.64701245359186
-23.64800134536871
-23.648264699162983
-23.649764612546235
-23.648565547418276
-23.64995243851688
-23.647351341653152
-23.645938434068253
-23.64510504023663
-23.647744079504278
-23.645229688295988
-23.64992955636241
-23.650941028444684
-23.64783356567522
-23.649127606117936
-23.645963626557574
-23.642951725401122
-23.645284563748213
-23.64386498130204
-23.64329117586913
-23.639226749219937
-23.63910439078447
-23.639100677276012
-23.63710460950545
-23.638709146645244
-23.639707312974796
-23.635880779613277
-23.635970215293465
-23.63407916963224
-23.63582238655489
-23.639113174572415
-23.637309243730236
-23.63407314309731
-23.631779448968476
-23.633709066534728
-23.632589972373566
-23.633419653673148
-23.635610523944273
-23.635614841446582
-23.642690783086596
-23.63960573341751
-23.63890677456757
-23.64002360232546
-23.63902766858929
-23.640983801347947
-23.637966789287393
-23.638384505988494
-23.642194599331265
-23.637749306148066
-23.63406125856571
-23.62940145278979
-23.6294328578168
-23.62962191280607
-23.627964662416034
-23.63067286551714
-23.63360443572076
-23.632493714651716
-23.62933631432951
-23.623663777222777
-23.627383835167656
-23.626447135284074
-23.627336662595507
-23.629678854865716
-23.622695961489928
-23.626278967021275
-23.62768399495504
-23.625876783114336
-23.629932155246184
-23.631002569501455
-23.630139273525064
-23.626864487981027
-23.625841112984492
-23.62384997088836
-23.626196394371117
-23.625415126447006
-23.623217767645617
-23.62378975072187
-23.629172533175065
-23.631640040995226
-23.633248872551906
-23.636880266020352
-23.630856893542912
-23.63282076397801
-23.63415270773237
-23.633747138548483
-23.636570749188657
-23.635459333891347
-23.632888833118532
-23.633730143841213
-23.63695490488995
-23.63750886684719
-23.634188409271943
-23.631183910402665
-23.628841649287207
-23.62967102312074
-23.62901322286746
-23.62758147039916
-23.628723541930103
-23.630408678038975
-23.628083614240047
-23.62893148385579
-23.63296956469235
-23.630709786864703
-23.629438120237083
-23.62732630554645
-23.622340700505994
-23.62332949607768
-23.623179611774287
-23.623228051052724
-23.626996169302565
-23.626702820019066
-23.62571998515049
-23.62938418977477
-23.630457604225263
-23.629629344125508
-23.628925047061323
-23.62684348274508
-23.62545136652128
-23.627433442434633
-23.625338223782055
-23.624900511458943
-23.62601058346082
-23.62526317598637
-23.62769193240241
-23.62681534119255
-23.626025646696036
-23.630653952421135
-23.63453180266503
-23.634187615608777
-23.634350422353506
-23.63019513133573
-23.63112269092652
-23.633967459131508
-23.629366211535633
-23.62921927961235
-23.631951097832797
-23.63148863065981
-23.632033239372152
-23.63303393568217
-23.630357964405523
-23.632489358481212
-23.631442684969752
-23.631459103349773
-23.63010265218982
-23.631847975067583
-23.63161006066321
-23.626624349316177
-23.620859100732403
-23.622937772013607
-23.624591210515362
-23.62796467297556
-23.6279498714094
-23.626764766566577
-23.62848406514786
-23.628778511819565
-23.634884863128775
-23.632958316631434
-23.630285880201065
-23.632155181915174
-23.62889543628983
-23.626330122617922
-23.62994545331183
-23.62635345742375
-23.62293741320817
-23.62534883477979
-23.622681737684456
-23.621189370031086
-23.626795622833118
-23.625431852615282
-23.62239432576039
-23.62678748728369
-23.6292568030405
-23.62611146740224
-23.62048189113104
-23.620674235631885
-23.62301391175678
-23.623555388771177
-23.62779942947944
-23.626178570596046
-23.625991257418548
-23.628388773833368
-23.63158935834563
-23.631481096736536
-23.629147295534644
-23.629044557965997
-23.628845195635655
-23.63162987109991
-23.635383952819442
-23.631609743955053
-23.630666890777157
-23.634917344763583
-23.63300493472632
-23.62931119022655
-23.632127402166265
-23.631604009828315
-23.636246020899378
-23.63618271588055
-23.63486125189201
-23.633751870990608
-23.63095523602217
-23.631907069604498
-23.630730919259914
-23.62774621968371
-23.631841663887293
-23.629365398566744
-23.626276680665743
-23.627317051604507
-23.62983590778632
-23.629149614087247
-23.626539061655077
-23.62445696154384
-23.623006481648666
-23.620529432849587
-23.620652572288048
-23.621435432194644
-23.621444015246972
-23.62391383506439
-23.624011695632355
-23.620487970983024
-23.619687080412586
-23.61937047445479
-23.622806859266728
-23.621459532791985
-23.620830959241747
-23.620578300358968
-23.622053122349435
-23.624848688504176
-23.627109639121347
-23.62928341001599
-23.62988015926099
-23.630873227416753
-23.627721355807935
-23.630958942111924
-23.631721587129125
-23.63570412615042
-23.63570678882594
-23.632515387563874
-23.63278074897841
-23.630133541249428
-23.633823499306896
-23.630682691028547
-23.630141497804104
-23.628889936700286
-23.629679175665167
-23.625207768023984
-23.625016744281258
-23.626095986411034
-23.62306426526945
-23.62847035472121
-23.628180775161688
-23.62302245736662
-23.623220896514393
-23.62416167877457
-23.622416040080267
-23.621340222786873
-23.623062731016585
-23.621184794405618
-23.62401054684608
-23.623955363932645
-23.629765642717942
-23.626901575441355
-23.626070871558547
-23.63123856667048
-23.629883019769196
-23.634108358584346
-23.63067262839728
-23.628819258547303
-23.62466675363714
-23.622562462157685
-23.623146222601015
-23.628975313310544
-23.63369052968148
-23.633427767265974
-23.63544950506218
-23.632301900139993
-23.631932992266023
-23.631695490290802
-23.62889883741629
-23.632091175780758
-23.62914184364023
-23.629401216461265
-23.627087940072453
-23.626739440266995
-23.627405159826406
-23.62747376195657
-23.630373564705465
-23.632167418269603
-23.631086670111664
-23.630978321595855
-23.63027532038051
-23.63264258019668
-23.630681356203265
-23.632920646703607
-23.63143208096283
-23.63185155000396
-23.63346601238078
-23.630911122818475
-23.62526104785658
-23.623610019371867
-23.626710253410277
-23.629695237809685
-23.626622848830756
-23.62684158511121
-23.630486524355078
-23.62986818813013
-23.631679705113473
-23.634636460683208
-23.63404720190028
-23.635701197424968
-23.635407097566105
-23.6355115917456
-23.634200586924
-23.63136610678705
-23.631008568264726
-23.632138765198594
-23.63618979796865
-23.638222854611772
-23.642340489519206
-23.64108496572139
-23.639411044119893
-23.641315962630653
-23.639347123036732
-23.635366761800487
-23.63428511110051
-23.632315305948964
-23.63124794260918
-23.626184441392226
-23.628533296732098
-23.627624773417743
-23.623306714484773
-23.621037904624618
-23.619263346418236
-23.62250286838376
-23.622548005326262
-23.62598367770972
-23.627906612986866
-23.6281961710883
-23.629760185750797
-23.628356506051638
-23.629016443142465
-23.630548919496615
-23.62698166599976
-23.633868511980722
-23.634971658846222
-23.633277093317147
-23.6346326961919
-23.631222645174283
-23.633633373457357
-23.631740689728716
-23.633383808365487
-23.631053388413843
-23.63009617323268
-23.635076920435058
-23.633184634325644
-23.629649280031018
-23.635701689029265
-23.635132507799717
-23.635511674763954
-23.63503589987167
-23.635895667412427
-23.635407188757714
-23.636718207547975
-23.63493551601823
-23.63143114804881
-23.631137474221738
-23.631274402959335
-23.629400395329398
-23.631615305460734
-23.632532975096346
-23.631475627775615
-23.626812391483718
-23.62597844403703
-23.62973875961497
-23.62821754464979
-23.627270360388348
-23.62483947235535
-23.62997542421176
-23.628372030762744
-23.629739912671017
-23.622615118511597
-23.625262330339623
-23.628196600156425
-23.626122784638646
-23.628598626463972
-23.63109813210131
-23.631273201270922
-23.628401814326565
-23.629728154480272
-23.63193291961098
-23.62840727704331
-23.624963523533758
-23.628766559565545
-23.628920641604815
-23.628956346278766
-23.626551123339734
-23.629720054464105
-23.62848993021337
-23.634137271549143
-23.632818832071017
-23.629453168692418
-23.631349991547935
-23.634838391464108
-23.635150687906272
-23.634356130528037
-23.630046096099264
-23.62750869710024
-23.62980516519398
-23.631207275786807
-23.633400768751564
-23.630744483249334
-23.628156780003817
-23.630105249756927
-23.633781023890595
-23.632454144530577
-23.627055969684424
-23.62265632583226
-23.623276850057003
-23.62469667700843
-23.624144542366846
-23.62422824573439
-23.627705806014447
-23.627030592835027
-23.627162546823122
-23.628976645918165
-23.627750175111263
-23.629918700050172
-23.623616328172915
-23.62591937893779
-23.627018822676014
-23.624888077554903
-23.627576749780772
-23.627660684594066
-23.6297700433793
-23.628536312993923
-23.629934875159773
-23.629743198108144
-23.628947057489476
-23.628383564807745
-23.628166668887687
-23.629503864559034
-23.625323553535132
-23.625484761050817
-23.626185860276568
-23.624136439674533
-23.628913990206012
-23.623432824561597
-23.626740252176642
-23.626476370997597
-23.627666973251696
-23.630617117832173
-23.630858063858096
-23.630757515341546
-23.63035206776409
-23.632229262783547
-23.631350616893773
-23.634524457264266
-23.632447606889208
-23.635954925087365
-23.633678349083606
-23.633408170091194
-23.6396851597034
-23.639063507991047
-23.638177939769786
-23.63427503773016
-23.631756566482657
-23.62701624065528
-23.627227972820403
-23.626539175774035
-23.62521816666241
-23.626826207288058
-23.623994642000895
-23.62164783508347
-23.620723885768946
-23.623075285540352
-23.624980083580382
-23.6275762114527
-23.627332075455215
-23.627435057357605
-23.625488990107403
-23.623678824084305
-23.62269402952232
-23.6228094274012
-23.62732914612023
-23.63106568055215
-23.63178732430597
-23.631901066505563
-23.632005728773102
-23.6345425093678
-23.633196966113314
-23.62792503128182
-23.625853445272924
-23.628610160139566
-23.629600415553735
-23.63273228438203
-23.6325039373906
-23.63501167614658
-23.63642066801854
-23.637709991351237
-23.635197503601855
-23.63626564303449
-23.633676057040415
-23.63264153659327
-23.63340325225785
-23.63367627088972
-23.63791602276055
-23.63609713463412
-23.638127771771156
-23.633391086324934
-23.638089489601246
-23.6402078671253
-23.639975682620346
-23.639165179130536
-23.638854222065042
-23.634880308902652
-23.635478819019628
-23.631533398202873
-23.632259142457745
-23.632910064383072
-23.63610474581167
-23.63447267501346
-23.63750205107066
-23.636421990332472
-23.634539879322634
-23.63461198558544
-23.63787737664925
-23.640800209232328
-23.639080236773204
-23.636948292463337
-23.63828039976105
-23.634463796896448
-23.63660819525018
-23.641332717894
-23.640920624148823
-23.637930005817736
-23.638611669460616
-23.643113712399348
-23.643836059720556
-23.64842510097333
-23.644946094219392
-23.64070227885144
-23.636782153154694
-23.63853876475316
-23.639310511558413
-23.635178480553506
-23.633428716672732
-23.63390309550307
-23.637583117191845
-23.637358337983546
-23.632578903772337
-23.63286393466836
-23.62988404382923
-23.626214093357014
-23.62826378384344
-23.630148641497044
-23.632285171238696
-23.633367618749734
-23.631350787743962
-23.63030136374613
-23.638822923416043
-23.639796217899633
-23.637530850550185
-23.63619234028925
-23.633346813891574
-23.6358869864687
-23.635068527553774
-23.63540592874033
-23.632386801016523
-23.632974016055517
-23.628546048441535
-23.636466173400244
-23.63116793180963
-23.629827979759035
-23.63404901148807
-23.634814919663757
-23.633999080359573
-23.63223341785221
-23.629185068152886
-23.635373944548185
-23.637005879946198
-23.638396200652473
-23.639600988643156
-23.637677276288457
-23.632569644507797
-23.631110225089046
-23.627117795451177
-23.624894502465292
-23.62508964051829
-23.625627615102726
-23.625033104767336
-23.621519151038537
-23.62416840848948
-23.627170421141603
-23.62861804824376
-23.62712606267572
-23.62666829789214
-23.62490365364728
-23.62927107161564
-23.63116072391996
-23.637765150751292
-23.63838316838168
-23.636000178584215
-23.632530441121716
-23.628208407023674
-23.62506185238322
-23.62442848767049
-23.62860498568869
-23.628848753639808
-23.623002065290546
-23.62147084190607
-23.623122086549838
-23.62968768622813
-23.629637412952206
-23.626519069954426
-23.62572755735336
-23.62567979527889
-23.620817537516263
-23.619842578396767
-23.622853771761875
-23.62298260925539
-23.620878061564547
-23.621885630850105
-23.621343840490077
-23.625285742977148
-23.62259324697987
-23.62635612859554
-23.625728321251888
-23.625791244182867
-23.62441569038643
-23.624384929788363
-23.625063343896993
-23.624249362615423
-23.624678920629094
-23.62786651639941
-23.627846788089855
-23.630386233815162
-23.62769580805842
-23.626790584541446
-23.627549653051517
-23.629371549314488
-23.62642886138296
-23.62340797030218
-23.623719705430172
-23.625901725054348
-23.629221477662952
-23.626707399848833
-23.631473539559735
-23.631558581931365
-23.635031487406636
-23.634294993101037
-23.63318505400913
-23.633278746401878
-23.627954011915325
-23.62747753827684
-23.627320634394273
-23.630862643231232
-23.634793830789285
-23.63313891269216
-23.63017451840314
-23.6315927383847
-23.63504524245462
-23.63524957283655
-23.642012729910224
-23.64424779170833
-23.64346859491366
-23.642002409280984
-23.64073198799634
-23.64126306765311
-23.638020127926016
-23.635558088364963
-23.636530367848064
-23.635082683157577
-23.63663848944897
-23.638698421947595
-23.63541834263576
-23.633260109641153
-23.6341699487059
-23.63100363089953
-23.6343429136269
-23.629522725860337
-23.62942987771507
-23.62618965406383
-23.628023065439557
-23.622648871746776
-23.624328535580535
-23.619933011317517
-23.62608362628838
-23.628693547350398
-23.627195466127176
-23.63508708913051
-23.636967677638484
-23.635797306317173
-23.6343198166639
-23.634540299372095
-23.634084392877014
-23.63587770637297
-23.638758647906283
-23.635337430388542
-23.63547385633134
-23.63276521451975
-23.633484972272658
-23.637610469580018
-23.635847943515074
-23.63897070246201
-23.63835924268463
-23.635018055592667
-23.635376994024366
-23.632404727562772
-23.634288827720535
-23.63601173974407
-23.635720701526512
-23.634504566264944
-23.63643990374234
-23.637373049540606
-23.6356969182252
-23.63503672909805
-23.633899596021134
-23.629940771289846
-23.62947787605487
-23.628755729399842
-23.633060117640436
-23.634349322986175
-23.637875905649572
-23.63692346446546
-23.634543531907276
-23.634651222583503
-23.63184655210262
-23.63150735606647
-23.6308221523348
-23.630133689541818
-23.631977835376368
-23.627548597957276
-23.630449271820915
-23.62963191041772
-23.62967131789449
-23.628522724024823
-23.625366978720965
-23.626003710980214
-23.626071269399503
-23.626738824918917
-23.629473225741183
-23.62939375247793
-23.627547255109135
-23.629757369854396
-23.627910813133397
-23.630501710272934
-23.628254749775536
-23.628619038653238
-23.624137578711363
-23.62374237711181
-23.625874479905683
-23.625339844769655
-23.626135290909755
-23.62499573209976
-23.626261139969586
-23.62715145707079
-23.62824186792725
-23.626915157627067
-23.62596532683473
-23.626485120710846
-23.624779197812824
-23.627895114295104
-23.632404228774103
-23.63560161011458
-23.63425965028297
-23.635031874902364
-23.634212487309963
-23.63047652835306
-23.630628776564443
-23.625902225887778
-23.627693229341435
-23.625480057398743
-23.624966248900556
-23.6258155368766
-23.626272668381873
-23.62731798037369
-23.625297156164937
-23.62663600240797
-23.62608399974201
-23.623825783660752
-23.624435216673003
-23.624474349084537
-23.625277667635157
-23.629946691969188
-23.628262021836083
-23.626830220284035
-23.62605663215149
-23.63010972043232
-23.629179280182516
-23.62543471170946
-23.62302236159963
-23.619449047890328
-23.622311593714226
-23.620083329481865
-23.620595145340157
-23.623897599777777
-23.623708853251053
-23.628637742937173
-23.62546925021048
-23.62772837303983
-23.628677797924706
-23.629912357100608
-23.62825164480356
-23.627528193839304
-23.623530426717974
-23.62591994890254
-23.623810596320855
-23.625681115944282
-23.621170106324726
-23.616836820749505
-23.61752064560433
-23.6198779572409
-23.625102422123735
-23.62581264948614
-23.629123172284633
-23.63047709097764
-23.63237171446322
-23.629125624286456
-23.625108758214484
-23.623348860379068
-23.628071560574167
-23.630288531554463
-23.629864575245506
-23.627359603312136
-23.626649105576746
-23.62927316896594
-23.6284547359307
-23.628448197048687
-23.631175260221674
-23.63014166312603
-23.629830947359366
-23.627417130705908
-23.631443911106974
-23.630640366375022
-23.63178165657289
-23.628482253796655
-23.627765866115425
-23.628520218990488
-23.627868463728678
-23.63082242132986
-23.6311185633837
-23.628596415639997
-23.62850549295775
-23.625927095882517
-23.628828003865113
-23.6305863948712
-23.630587073138145
-23.62936570590488
-23.631120305433505
-23.628254370860727
-23.63006705591008
-23.631679168837213
-23.628861796675675
-23.62967887940336
-23.625360156513388
-23.629129647212963
-23.62817109525894
-23.622902931337702
-23.62647642455949
-23.6248696790143
-23.62667794855041
-23.63231862113437
-23.63327509469545
-23.635634235932304
-23.63551510271125
-23.633841282156258
-23.629785428522176
-23.62676467463572
-23.63067219741359
-23.632804086654524
-23.631985597942307
-23.632767782665578
-23.630390690616697
-23.62865909342223
-23.624899560408593
-23.62557922576329
-23.62472282479298
-23.62501246655752
-23.62571136304087
-23.62666418890513
-23.62662886411044
-23.63112554211863
-23.633280540863346
-23.632963830640293
-23.633659161176706
-23.632520416477103
-23.63756088174098
-23.635983680665298
-23.633877342728454
-23.635018226975635
-23.637535852790926
-23.636248333467453
-23.639090001036536
-23.63899343941919
-23.636446361314214
-23.64093221634429
-23.640462943846785
-23.64207032587496
-23.64188174750805
-23.641682851487925
-23.642100423616107
-23.64379323206298
-23.644084453831937
-23.643322101156432
-23.63961700375422
-23.637522988695675
-23.637601028410373
-23.6384863992526
-23.636711110554067
-23.642435983152158
-23.643094139917398
-23.64460385380066
-23.64488923732335
-23.645034769585585
-23.641375371962095
-23.643311461651468
-23.641211419349904
-23.64008363236727
-23.636701375950125
-23.63438814690275
-23.62901889983622
-23.62901878608386
-23.629389992353083
-23.62915778845184
-23.626539542807507
-23.62537099571202
-23.627957590415612
-23.626675583907492
-23.625970986800244
-23.62205483712088
-23.623829502670322
-23.62427308958641
-23.623306316285387
-23.627214372412706
-23.622356139965227
-23.623456263883686
-23.62137268934099
-23.621304727097847
-23.624531679922853
-23.623881313522258
-23.629142615810203
-23.62733681535553
-23.62579198256671
-23.62696609128813
-23.62781286852369
-23.628523408472464
-23.626511405680862
-23.630963298712047
-23.627448638397382
-23.624951383693322
-23.6281048840522
-23.622386413189613
-23.624672942188305
-23.62645934944012
-23.629827881612428
-23.629914176635513
-23.631996850952536
-23.630146078487876
-23.628939399129326
-23.626004054658313
-23.627698701027235
-23.625473793529604
-23.622899024881516
-23.628665810874946
-23.6299163824718
-23.629790884463453
-23.631699179806645
-23.631251355022123
-23.630730613349808
-23.632185109503666
-23.63462592324817
-23.633020346935798
-23.630289850238803
-23.629309988134615
-23.629000728877006
-23.627128021192025
-23.628109402727794
-23.629103493764948
-23.626929828958545
-23.626426318118906
-23.624364950183487
-23.62132927642101
-23.625269687626435
-23.627433700015082
-23.628471289702976
-23.630939210266195
-23.631707718047778
-23.625667489820795
-23.624899154283035
-23.626541668607047
-23.621845508880984
-23.61625517448193
