-17.093275716925223
-17.106801577295393
-17.122850272150995
-17.093706137768063
-17.109372181620866
-17.108170052473046
-17.087352289814074
-17.06900075451829
-17.06923974510186
-17.078786915170834
-17.04892483063232
-17.058693656787714
-17.08982936471306
-17.05188976842583
-17.041277095774102
-17.087007289990797
-17.08066072885496
-17.0494535561775
-17.053302396501152
-17.033027767554348
-17.026111582935155
-17.001258585917505
-17.021081129962326
-17.02570104019988
-17.022038007113004
-17.04826427858731
-17.045357791959788
-17.045910633046837
-17.02334824026146
-17.037080776158966
-17.07903887350662
-17.04653235007639
-17.03508216479393
-17.02770785024742
-17.039033065566493
-17.02714843358293
-17.017510936463335
-17.009488769491035
-17.002323441036857
-16.996322290382913
-16.998914639064672
-17.009130605926213
-16.987182226394754
-16.97454093815849
-16.966717349063146
-16.96259451080984
-16.97126028699447
-16.973326969617762
-16.964158634234835
-16.965986491515
-16.955262312657947
-16.953679812221825
-16.97646565439788
-16.956577474424364
-16.937346892494155
-16.96219248236539
-16.928778960730824
-16.948095577317616
-16.962820509559798
-16.95634648927119
-16.951514020006623
-16.981291483368807
-16.990367393567986
-16.998269947083184
-17.00882473260242
-16.982475469935206
-16.99502587298798
-16.967450460792644
-16.999967153922462
-16.99705528595721
-16.996158832422
-17.00291086261703
-17.02059358207681
-17.03049597039072
-17.025921606495594
-17.04320835834484
-17.03942611004267
-16.999028630975243
-16.974481758250903
-17.00512518275159
-17.002704656356077
-17.018516506342184
-17.029707253795305
-17.02851475201173
-17.061359107041728
-17.04380263520238
-17.026992186816624
-17.016845073778736
-16.996119665778103
-16.990203335176478
-16.981990011815952
-17.022457284026792
-17.007565688466183
-17.01318264375377
-17.015080766699153
-17.00756977333321
-16.97368917582264
-17.0192174098351
-17.022658527100408
-17.018749820686363
-17.022639864656718
-17.009694882819712
-17.009337586849053
-17.025276127490468
-17.025519119146942
-17.041359050332918
-17.065611794919445
-17.089043570001966
-17.08045950352196
-17.058636272225414
-17.07829374478437
-17.090246520977445
-17.065366257009043
-17.06837752937289
-17.043852249878544
-17.04002336760373
-17.040074170969994
-17.031421732113394
-17.031858463857677
-17.044588084003568
-17.030719883564377
-17.028971674580845
-17.01331231416618
-17.00049793951674
-17.014305918057143
-16.993493994528826
-16.976361987698585
-16.9581044953166
-16.975848751593144
-16.990683938406708
-17.00722383738108
-17.00032692426818
-17.00905770431207
-17.003795545207208
-16.988781810285758
-16.995426257682684
-17.000027815123563
-17.00428923351237
-16.982018165059127
-16.962343136925732
-16.944838863966098
-16.971697196543168
-16.984798846636284
-16.99619318646826
-16.97623059178756
-16.998507203060754
-16.960086172018855
-16.96643119543191
-16.94864170733464
-16.956378903260543
-16.958254316775758
-16.966131954657182
-16.99265957112999
-16.95762744528541
-16.95811151473563
-17.00134993097434
-17.010530199168915
-17.025713761706534
-16.99209307564679
-17.000127015027424
-17.009266793378067
-17.036462548534058
-17.063042409184714
-17.057288251793604
-17.037154680036203
-17.01122412708999
-16.989765005114297
-17.000010871000466
-17.016948498463872
-17.024293554186862
-17.028302352382934
-17.035328507559697
-17.008988913891372
-16.995587303629435
-17.028563998999164
-17.025686586241726
-17.017275641179783
-17.040430347589254
-17.04959438575072
-17.02501134443767
-17.009039317254246
-17.009377678772363
-16.96466194730632
-16.983102611973987
-17.005122218020542
-17.00093185730803
-17.007916541282533
-17.01344948578702
-17.036048004611242
-17.000623915076442
-17.009947465826357
-17.03120171146816
-17.034660917368097
-17.02802417790794
-17.052047738648533
-17.07423016363711
-17.052411406918228
-17.06233309987193
-17.075913596588418
-17.076802152358518
-17.064826223784138
-17.076281418881504
-17.08344344102255
-17.079668626273588
-17.076459992883414
-17.090613702274688
-17.05235501925842
-17.073528833277543
-17.080680186021294
-17.07270884628941
-17.046260630868684
-17.053568872775017
-17.049699636312745
-17.04402681711005
-17.020970028215466
-17.015985372101344
-17.027474274664335
-17.040943206648365
-17.021636464127297
-17.008703308402357
-16.99578132577288
-17.006520217765676
-16.98526163441767
-16.99591111955132
-17.009795336915346
-17.0114750810138
-16.997993218400428
-16.998361648646572
-17.00568612767139
-17.006270457640852
-16.976606935696182
-17.01345566937135
-16.99941493155664
-17.04834188072513
-17.017813534397863
-17.03236872759417
-17.007409706287554
-17.008132357824824
-16.988088348580575
-17.00147789699592
-16.99873762805601
-16.98439350778274
-16.994825886566865
-16.995029089111853
-16.96106788600232
-16.96659865124294
-16.9694955489952
-16.958966211125045
-16.950959701681835
-16.957555322265033
-16.93838777288386
-16.91241182776118
-16.905091863197423
-16.88964589221385
-16.88545509350137
-16.886623962484457
-16.8987904660096
-16.93749515982815
-16.93269841296352
-16.93749935383698
-16.94542650785794
-16.968208169750785
-16.96128782170007
-16.932082779561195
-16.970963666789974
-16.973791865450867
-16.93682077826926
-16.933674070204056
-16.91088516764853
-16.918471849775884
-16.90454981651655
-16.90068943975783
-16.923283497714007
-16.96119530809442
-16.919882644473756
-16.9246171962051
-16.914670673506556
-16.941508419351926
-16.93156611484855
-16.916214624066626
-16.924248934960982
-16.90451469544103
-16.909072482974327
-16.908845814302047
-16.89367018676508
-16.88818368934391
-16.891174902007183
-16.877631613422842
-16.891201299695005
-16.886941381720227
-16.878620192745757
-16.85137407635603
-16.850206401677468
-16.874611163008822
-16.871385379440643
-16.83627650547314
-16.828842507652812
-16.837158551388924
-16.80854164494377
-16.818961104345533
-16.848467440612502
-16.84581512691951
-16.8312989596872
-16.833162654469458
-16.829082326822817
-16.85395174413824
-16.84168865844998
-16.87826226172275
-16.87617956362488
-16.870590303636476
-16.86713155038028
-16.885399698263065
-16.855867805517327
-16.868063049189814
-16.81671682705538
-16.82653011371137
-16.82922170642943
-16.834017290350253
-16.833427894828077
-16.81621492541838
-16.82431973803638
-16.83162787455692
-16.828268126270604
-16.83494942308955
-16.85531879857658
-16.871049524631054
-16.866094672718795
-16.867665632071663
-16.862360118644663
-16.882423052295106
-16.878785331445737
-16.883665455820488
-16.87898290947685
-16.87807348637455
-16.88713788156139
-16.88043994234646
-16.852907406209376
-16.868133601159364
-16.916257690210198
-16.947224157031034
-16.938995584077617
-16.934840690202616
-16.920393004706025
-16.92687658706413
-16.941297269270112
-16.931796840512995
-16.930993183061783
-16.924022815707296
-16.920422620628056
-16.963840145858853
-16.96278072579133
-16.988004659812898
-17.00154249462607
-17.024834924024322
-17.023187646247862
-17.006696509123937
-17.00557303499987
-17.01049673854336
-16.980619851308994
-16.997436216294414
-17.001338508934793
-16.985963986504355
-16.991385241965524
-16.99708340658018
-16.986165525873062
-16.94533487440234
-16.945931956641104
-16.9595738608837
-16.943785229504524
-16.9213349096748
-16.935953745656864
-16.92785864250496
-16.94957656694141
-16.947053954330446
-16.95698288458057
-16.954513966454368
-16.944417864538757
-16.954258313465612
-16.96510127668325
-16.964087844111926
-16.93158223344738
-16.943301425001117
-16.970410692875912
-16.955419719365818
-16.976718912663586
-16.984809232998018
-17.01834998977315
-17.052045954008797
-17.050024649742436
-17.046961343780783
-17.023737938712518
-17.010326238190338
-17.01436584945189
-16.973527069161477
-16.98735506695121
-16.999399161722287
-16.964279783490554
-16.955010961348073
-16.963030143023335
-16.96077346789006
-16.96499848807507
-16.962450281550147
-16.93511869018827
-16.95655094258418
-16.94650521508931
-16.988971499147215
-16.984631098869638
-16.979523836280297
-16.951249820521756
-16.917451082781795
-16.921429990238853
-16.938348619678827
-16.908397934017213
-16.915378686613554
-16.90888769857502
-16.913945261360453
-16.886833687017525
-16.90084225452675
-16.900236122453283
-16.914958728602073
-16.890162817229587
-16.898432473251003
-16.887737146232062
-16.900933122146892
-16.889164997590733
-16.884959237078792
-16.918314730194975
-16.923122852492384
-16.915101471542606
-16.929493856611778
-16.980750673775844
-16.988353036118728
-17.00861683035475
-17.003498180445177
-17.026807262155177
-17.000724879989612
-17.004805976011543
-16.968127972967732
-16.96720371705742
-16.97400306854849
-17.0034699647582
-16.974155743564044
-16.953009609839754
-16.977231417624967
-17.01696174652329
-17.00664404973011
-16.982979450315653
-16.990718177842677
-17.00422767575512
-16.99925758727892
-16.98586285776999
-16.99490570065374
-16.98652420394466
-16.968204555075676
-16.946277782762134
-16.939089831370588
-16.92155007650497
-16.941061671105555
-16.95440116314881
-16.937348712353415
-16.937749336131898
-16.896169424110024
-16.883875202678478
-16.902433343072502
-16.91806239954922
-16.92131784153685
-16.906108477470507
-16.92447844251657
-16.907241130020527
-16.91487386143565
-16.907876680703666
-16.918876520818486
-16.90476693962802
-16.910094595605088
-16.906585783846015
-16.847346667723436
-16.862962448205494
-16.847208159475283
-16.880242487515055
-16.89867166695909
-16.904229581709096
-16.923220963834034
-16.91543200377342
-16.93673474307128
-16.939095467926816
-16.944996459720667
-16.974953070121465
-16.94997233329376
-16.951728760105592
-16.956077549476603
-16.951163534038823
-16.96716806365151
-16.94390038437195
-16.960701795616185
-16.95189277714395
-16.967034416834846
-16.970538228727026
-16.9643369865305
-16.944556411601646
-16.955069249389826
-16.952450056268063
-16.945802634208064
-16.939174770127654
-16.945823837619148
-16.977826449148523
-16.94798688069206
-16.94164366234147
-16.938397259569093
-16.9619586487474
-16.934326800925863
-16.93324123912218
-16.948682140726778
-16.94319993678884
-16.945593963813952
-16.97317529418174
-16.955159349371634
-16.933650993082377
-16.918034274452282
-16.89339964360074
-16.87512485812754
-16.848935440121064
-16.887910809123365
-16.884864238785322
-16.86017142476787
-16.926499161988556
-16.946620515450046
-16.939290725730885
-16.954217078389643
-16.93685106429262
-16.953070782910995
-16.95050210996118
-16.97290341784962
-16.99119075521419
-17.013323241449143
-17.041290185860742
-17.06037773418295
-17.049543278566347
-17.063230815560992
-17.052587358892648
-17.057609414448155
-17.087292995419784
-17.0742963234215
-17.065910478949387
-17.06398910481847
-17.094991419079303
-17.105014879549525
-17.11773241881386
-17.128892420543384
-17.14823790397783
-17.13568553021538
-17.157102072139296
-17.165180111172955
-17.135848372422114
-17.153728993051075
-17.12878301713366
-17.124816236631492
-17.118524536941784
-17.135026735405933
-17.157478333454595
-17.14181557391393
-17.12785337521783
-17.119431137154404
-17.117972932688794
-17.131948628554422
-17.148127795887714
-17.13323819380224
-17.14269482674772
-17.16377343096504
-17.127769449996357
-17.11368383908718
-17.111234927229976
-17.103562692946955
-17.10028675141131
-17.08982663492954
-17.08432703472978
-17.086579523207096
-17.077828736477798
-17.084189943917877
-17.075476436177894
-17.06472914456197
-17.028045342647445
-17.021974721366664
-17.024108553069073
-17.080143397972382
-17.05298685598611
-17.027012628951024
-17.013658306767887
-17.056208874084966
-17.030722329998724
-17.065246150056538
-17.08666103688653
-17.112910376591625
-17.10356217536914
-17.109086324646896
-17.1187170305209
-17.138719615061113
-17.10701464071877
-17.1442101533108
-17.144522639385972
-17.12871881829872
-17.112356742950045
-17.111687369915547
-17.107822995655045
-17.12533414510049
-17.095992637955252
-17.11072665700478
-17.082148594354443
-17.083448559441763
-17.09969505273877
-17.10751690326647
-17.121306177942127
-17.129718016579066
-17.139162119547553
-17.163389204792864
-17.15864608373331
-17.13470729040951
-17.153343111306846
-17.1793953373983
-17.161121608091545
-17.154088695128525
-17.102774937139547
-17.086391763567033
-17.09316959192942
-17.077593307624234
-17.0837621236589
-17.047854252643486
-17.036061533582508
-17.020899948747644
-17.025537653646857
-17.031195685870895
-17.027783058468064
-17.010671752363887
-17.02969716758965
-17.037875747879042
-17.056012188232692
-17.058361728338987
-17.03721838405111
-17.01868372040501
-17.032696563582874
-17.019774779352183
-16.988909605085322
-17.040741081528385
-17.045961251535932
-17.086059765312786
-17.065755229445394
-17.11770654398791
-17.08893070918635
-17.0909658019547
-17.075852633033286
-17.088100415799747
-17.05809961962647
-17.043180439683123
-17.07644252669651
-17.08869933499217
-17.106595585144625
-17.070185646901788
-17.083419366405664
-17.046677122832346
-17.006680867401137
-17.023275085650006
-17.011051591082303
-17.005406372494203
-16.967928381527297
-16.979882110643032
-16.978434916141417
-16.97137789287145
-16.981106331778342
-16.995097407379607
-16.977763874938663
-16.993431971602902
-17.027269720395655
-17.012030994081513
-16.998253590635066
-16.988515434976794
-16.980806854560495
-16.95609172832896
-16.950355660848647
-16.949962682074183
-16.964590031562153
-16.958190018146073
-16.970083842859847
-16.95626853742407
-16.97128019895265
-16.952244973072045
-16.942424693977188
-16.95730540448008
-16.964790019748815
-16.951482018200487
-16.937238669919314
-16.954091118689764
-16.962758116325585
-17.000080468331813
-16.972997376176522
-16.945561319016477
-16.94530416111258
-16.90408177420333
-16.883260344704862
-16.905665048602142
-16.89158487701372
-16.892753312229093
-16.90977189669826
-16.881734154561677
-16.90832861272973
-16.8973393555252
-16.925656435442992
-16.931503251396077
-16.930629119795835
-16.938436244007608
-16.969390811287393
-16.950406473571874
-16.940663498713697
-16.957304099138618
-16.952680392349485
-16.966707437128296
-16.935551419235612
-16.91224507972267
-16.967729638059723
-16.986404056908295
-16.98978775975143
-16.996214039287295
-16.984234991572492
-16.974486512204933
-16.963962769064484
-16.96354785786557
-16.951679141572974
-16.96595214005437
-16.96614094535375
-16.996583282995005
-16.997925772809182
-16.99263521202824
-17.015698438967114
-17.041557592846825
-17.010538601537267
-17.033968032659697
-17.021783273316604
-16.98599387339609
-16.98569487812573
-16.965638656049897
-16.94056534100343
-16.921776972336563
-16.957115915449716
-16.951408120106567
-16.9500527890692
-16.941134379114278
-16.92939114113361
-16.925783301613357
-16.91598447167816
-16.893256073854843
-16.890731357387903
-16.925135002246588
-16.950949166288822
-16.970228413933103
-16.96239615468329
-16.92160909364698
-16.93377587066302
-16.943590727117442
-16.92117705864129
-16.945212288896354
-16.94367210063854
-16.93263408361187
-16.96588400264708
-16.958280492988802
-16.978418230514198
-16.981754954852647
-16.99193606901565
-16.992601639452865
-16.98669663012229
-17.01335375737113
-17.016160505739208
-16.98421085846516
-16.970536026127647
-17.013377049148623
-16.99781704684011
-17.026905265387246
-17.048214341749517
-17.005802680202432
-16.994416479912577
-16.9839164622347
-16.99913483596316
-16.998514068922393
-16.972964736504416
-16.961675122304563
-16.96649700380596
-16.945612852588194
-16.98162989343259
-16.955468844648724
-16.96097136575385
-16.957856057329444
-16.952597818715365
-16.95942360235861
-16.95049351454565
-16.929671392477502
-16.975155655382597
-16.9660058784059
-16.967796984378786
-16.984376417885493
-16.975308776050813
-16.972403785605202
-16.97906328143037
-16.966151527606343
-16.984044705633735
-17.02253194053498
-17.026162369262106
-17.00785194823441
-17.042547875768005
-17.034600890119183
-17.0342745195273
-17.022290671715304
-17.036563965498683
-17.05264454233507
-17.037571244961313
-17.044244602275747
-17.05501941235453
-17.07354087734663
-17.096655194132648
-17.07920355599528
-17.078709787653143
-17.075547562458087
-17.065605912295148
-17.068745110412323
-17.08276836432019
-17.07515338552283
-17.07087834086335
-17.0679616641761
-17.05061343546925
-17.031819725248862
-17.048637982923793
-17.076521986683048
-17.059430825010455
-17.060873659876833
-17.08415123328978
-17.07520134474536
-17.038277709068595
-17.024860054786853
-17.015681839919594
-17.018585443720074
-16.998030737283532
-16.998410625915014
-16.97841110794081
-16.983273922708793
-16.970255860342302
-16.95508229619903
-16.944822578122434
-16.92732532370199
-16.950086066500315
-16.97177939554285
-16.963889766085963
-16.938740858880795
-16.95109116328683
-16.939804531839002
-16.96214821269467
-16.96559795430416
-16.984335227198354
-16.97996865006599
-16.99402219712603
-16.986157420448563
-16.987720560686412
-16.958441649038633
-16.927030486829803
-16.943592140955293
-16.915714960593892
-16.925222932818194
-16.925227565830976
-16.940759751524585
-16.95217882812422
-16.975628096784245
-17.001765358385786
-16.9714446576837
-16.95862365108213
-16.944457510764202
-16.969489598549355
-16.979514642008276
-16.989205132251634
-17.004069973881396
-16.988499360373595
-16.991327121963923
-16.990280008276507
-16.976834074280788
-16.9771686183159
-17.01495620301348
-16.99579132735113
-16.992414790574113
-16.96255459579055
-16.968384706581922
-16.928390412345895
-16.927791805574028
-16.949832174707417
-16.94450494668063
-16.968148903812992
-16.991434335985716
-16.987072937435126
-16.96931168141597
-16.957116891280315
-16.95561355701422
-16.981630175196926
-16.964421564283263
-17.021224885585884
-16.998777718606572
-17.01259063007478
-16.9976669204011
-16.952125962958405
-16.942626253091703
-16.966952733795303
-16.980299979072292
-16.96975260663018
-16.973761158214742
-16.977278590146124
-16.99172420789888
-16.9903400774395
-17.000597728417784
-17.020074925259124
-16.98602404962644
-16.989805657869233
-16.971645132442966
-16.97929567597445
-17.0003860060547
-16.97507140172534
-16.97289045433734
-16.95482639548427
-16.97894081807567
-16.999897004754605
-16.97221813547971
-16.983479429945064
-16.97526174213947
-17.000591502158183
-17.006405933492722
-17.04490580675387
-17.038357434937954
-17.012211123919272
-17.00928347437458
-17.011529170471352
-16.967945144228462
-16.9602209236035
-16.926579279731985
-16.89888751540383
-16.91294233637471
-16.911357576187083
-16.942886753963574
-16.96560715751422
-16.978851081079597
-16.93593315959278
-16.92422357758942
-16.924099821186857
-16.911403318808205
-16.9148958899328
-16.91905819430627
-16.939729257112894
-16.938906858196024
-16.927769962056065
-16.95915809185034
-16.97340884079502
-16.963978691915365
-16.985458138932067
-16.994868159094466
-16.99357250419414
-17.003901190639244
-17.02961867645632
-17.027998397752658
-17.00730831446598
-16.98215824518184
-16.959784516903998
-16.9397928256654
-16.944968137156067
-16.96781917199627
-16.958640299499816
-16.964744003901373
-16.962556278716338
-16.974091863082094
-16.966623796011387
-16.9591040884836
-17.000085614106933
-17.000697065552067
-17.00967669817303
-16.992808761574715
-16.98318783198998
-16.98982434898386
-16.998904063214702
-17.010678046028012
-17.025213664201885
-17.04961349517772
-17.031212234750083
-17.023515457763512
-17.026081026397513
-17.018528473178016
-17.030784930956667
-17.055664212678106
-17.083150248434293
-17.04869619583274
-17.022101801960133
-17.052359519622794
-17.057436833808595
-17.095321426086624
-17.11574132871669
-17.132455987435
-17.106471386697542
-17.118190719568826
-17.094565485558082
-17.099973014385036
-17.10592893275283
-17.07567807321136
-17.069014737637946
