-17.016600651493555
-16.965017712295886
-17.032798729277708
-17.017544939866227
-16.9815876736484
-16.971237193139817
-16.979486810535654
-16.931490850871956
-16.957274194614225
-16.954675023989846
-16.977941245482032
-16.970084666529672
-16.993956588513214
-16.941791292219055
-16.917196040355723
-16.903284537483838
-16.923668376128262
-16.936304485063317
-16.88699340786803
-16.944245657410406
-16.979738700838485
-16.970264254732367
-16.937678752861512
-16.930738745080422
-16.93047910369638
-16.906793284838365
-16.92272045673798
-16.93549611726393
-16.981487107328253
-17.01336708126568
-16.946498242732797
-16.980768519834594
-17.004351055543797
-16.926556335804246
-16.936729949749967
-16.94669113002546
-16.90850941546265
-16.939705122119427
-16.960201124727448
-16.920962384585685
-16.93401527865686
-16.90114307551285
-16.951028115775056
-16.889150316607914
-16.91661924698405
-16.889258771243263
-16.950595645814133
-16.960651062498744
-17.01716552973594
-16.938280798158896
-16.89831170784615
-16.958461994274785
-16.98333471610121
-16.94782468028833
-16.97908226959252
-16.906635564880343
-16.938239460823453
-16.967302413305795
-17.015491892712436
-16.964340927289584
-16.966795865893374
-16.976422989363222
-16.96139468507962
-16.96160999990092
-16.963503004694456
-17.003542510952222
-16.962031254909643
-16.969206247200972
-16.976004242567374
-16.99004749929745
-16.94535831217564
-16.949467335488748
-16.94949668468885
-16.954903255244847
-16.982544226436712
-16.934108606846994
-16.9765090247706
-17.017960255125644
-16.943328514933
-16.951132882473217
-16.943136364504948
-16.92013812623568
-16.977391493436247
-16.938276108706685
-16.940828844381944
-16.944651340808484
-16.94068169333968
-16.964372065103753
-16.926566596120832
-16.972133051751072
-16.92995029483342
-16.935515276982755
-16.926381477662563
-16.972268146313965
-16.973828988685028
-16.906436521199183
-16.943696841471066
-16.877314729297332
-16.97023712127297
-16.96488835828707
-16.93577289306329
