44.0
43.60066235604676
43.167710951087074
42.730060640363774
42.240836661243236
41.74234215099089
41.16818509525367
40.527374067364384
39.90494045261023
39.227571403001846
38.537070271979296
37.743728185966106
36.91894698137441
36.0759492968932
35.206704416439806
34.350301273427824
33.36495627997375
32.37078887299731
31.265777639322458
30.14668495323086
28.987088973190502
27.843339266670576
26.641462969673604
25.425425206988443
24.255139579419783
23.051882916468
21.858666516772058
20.560299874367345
19.340909120890846
18.146741630869897
16.864205910953874
15.579372751448629
14.392791339747456
13.153182406965026
11.99407827293965
10.799112752701703
9.62943159302284
8.539422234866459
7.454073356914432
6.382644175785477
5.389670432528464
4.448543715388875
3.4745811233558994
2.5691056026406534
1.7423194652308776
0.9208928115414078
0.15457254124374797
-0.608964159735783
-1.3322750001445698
-2.0763470800183774
-2.720151162577341
-3.3757965114731676
-4.002653114928696
-4.580529270083445
-5.149268965981208
-5.691258030642217
-6.154161278041573
-6.627713729045381
-7.06476606874435
-7.455171694306714
-7.845205130440281
-8.241811775598881
-8.566087653461725
-8.874459849303976
-9.17099877518517
-9.4802354189016
-9.760042607469535
-10.019057252158294
-10.297224283705635
-10.51799489272883
-10.783762610628923
-11.012710795873918
-11.263907950005402
-11.459080961474958
-11.624271408215431
-11.736689358176843
-11.882354518867666
-12.058435703751167
-12.234052858606443
-12.3597018523798
-12.519990162172794
-12.632271050199758
-12.755204118010779
-12.865567678934852
-12.980460302710506
-13.088033210463221
-13.19394202911001
-13.280901594969476
-13.386850144920583
-13.476542359744528
-13.586144920548913
-13.656933342652849
-13.749561062248251
-13.833012489224364
-13.913102783168595
-13.967845083258265
-14.065030444333619
-14.118803729496339
-14.182147347281395
-14.243692374048424
-14.307764728454444
-14.361889407999051
-14.417653440381933
-14.464431422868872
-14.506852954792372
-14.515598723010616
-14.575044576051035
-14.641510933890881
-14.66089786450562
-14.702004385350268
-14.744352578864177
-14.791835232856203
-14.839917847344914
-14.868587958503394
-14.912993657929615
-14.949278871316915
-14.968781340992614
-15.00146422991552
-15.0293846974996
-15.078653307437166
-15.085232915958393
-15.093701128283577
-15.105663934237068
-15.141871894442424
-15.176465542085579
-15.202420868152302
-15.214455083950746
-15.249377171024836
-15.262069827627483
-15.282004241242033
-15.307286822121453
-15.302472330268625
-15.32332493148175
-15.350886606031969
-15.364097242340058
-15.364462022093177
-15.393888533564231
-15.435726410988622
-15.460033634374449
-15.46396848615747
-15.466398314774235
-15.487829796237163
-15.48469102584699
-15.51015454272126
-15.52627327336304
-15.571599636860924
-15.599267511436272
-15.616369643231158
-15.63508320155957
-15.659737447058983
-15.674133189883625
-15.690976021576931
-15.703097180900013
-15.702872394706382
-15.696843556365806
-15.699220582768058
-15.69997724945787
-15.702813134456271
-15.716019869832513
-15.739443673482986
-15.761825065102403
-15.772983161674972
-15.771735585228642
-15.758719613600228
-15.769653757244257
-15.780291606951952
-15.784475358621364
-15.791096505196526
-15.80109134691187
-15.805563760960228
-15.818934983995314
-15.840808167866907
-15.85720456836894
-15.883740687456033
-15.85590612364054
-15.847644839881847
-15.87944232994264
-15.886860881265632
-15.911158434861774
-15.913747627668005
-15.921838549650587
-15.944462922650283
-15.970595951058542
-16.000749064535462
-16.032445249903056
-16.03787919034071
-16.08938450708381
-16.089480904162322
-16.112662022920404
-16.102185258565516
-16.11682501728182
-16.124132287738522
-16.147191131200387
-16.15272222163753
-16.143573944397765
-16.140934937649586
-16.148263865975608
-16.146934125719785
-16.149309838593744
-16.145871538717035
-16.136080430381764
-16.13210687212957
-16.129373032005656
-16.119801974832008
-16.121439121753124
-16.12379305409991
-16.15313511638192
-16.17258426288242
-16.179381682451396
-16.154878585288895
-16.15003547527966
-16.15781632920129
-16.180608855778694
-16.179860235900065
-16.17601431848867
-16.168665742544043
-16.18030482214808
-16.206431740131176
-16.223259171840066
-16.202303924873267
-16.204446426481528
-16.198317053200125
-16.201290729849802
-16.208303194720532
-16.219837980105552
-16.231677315030268
-16.259163242995903
-16.245518254426365
-16.239502337459403
-16.23046364092083
-16.240583676919076
-16.22999262488207
-16.233664338813867
-16.247492950019815
-16.247649985608344
-16.226184221334716
-16.229609042313992
-16.238951002596046
-16.24670272032596
-16.263206170007127
-16.25868141857262
-16.259018350962688
-16.279667015464394
-16.299456538234374
-16.30166269407691
-16.31538719961614
-16.307961505147553
-16.31650259377978
-16.308789521197436
-16.32143980889189
-16.31960758051317
-16.34230602714628
-16.3437964225258
-16.363700353111867
-16.364919245430876
-16.3547736338392
-16.377156474688434
-16.369850091236245
-16.365649090625297
-16.363256381856203
-16.35284871078692
-16.342163432785174
-16.35925062032766
-16.370200424449003
-16.382162855373906
-16.379613509904345
-16.378510630134784
-16.387572585210773
-16.382244177399663
-16.362549508652247
-16.35825087123458
-16.36511972882946
-16.387827428793827
-16.383506821395837
-16.370969366827254
-16.37780400512301
-16.370707822123265
-16.37557901301231
-16.390174846863896
-16.402437761729516
-16.394758712178852
-16.388828860594455
-16.3892902858254
-16.405465830499395
-16.414612110792856
-16.409268703016505
-16.420059198654297
-16.394813631986672
-16.387949271862702
-16.390156927678515
-16.390695279304925
-16.375190163386733
-16.395148037798183
-16.36489407119936
-16.388667292655533
-16.38799880330941
-16.381015063389945
-16.37532150501473
-16.39667182063294
-16.405301143465163
-16.391542115601542
-16.397483270608873
-16.398164697932913
-16.4111837209692
-16.43101531086708
-16.44768455289613
-16.459622968629045
-16.46253654762614
-16.47403410927262
-16.47597937344906
-16.47617975129966
-16.46375890649014
-16.46561978187238
-16.47954144923542
-16.47620675731876
-16.4546456249579
-16.450708403568797
-16.44944835623926
-16.428478488629246
-16.444059140307324
-16.439578606370727
-16.45258520396938
-16.45693635491897
-16.464188330264424
-16.45865876120931
-16.470691825459905
-16.45960074848688
-16.447595518223125
-16.44529433317361
-16.43180288593653
-16.4568431507088
-16.445607150186973
-16.443451398311208
-16.42528770530783
-16.4244736618958
-16.441739835125393
-16.437243476959065
-16.43226245866885
-16.418809374607754
-16.423066600346832
-16.400868682959434
-16.424911102875097
-16.41972920362082
-16.422660842052668
-16.431639233438673
-16.434511237943216
-16.44397509209048
-16.463426816268992
-16.467547616957994
-16.471386422856767
-16.4639037308125
-16.460829959021588
-16.476961246448404
-16.47536126584194
-16.491266333300278
-16.474192900607804
-16.472477626058062
-16.47871111062693
-16.48439629706084
-16.47797688354465
-16.475394348259396
-16.452927361781462
-16.466512706964146
-16.473740751812368
-16.48474248000804
-16.46802912026719
-16.489362998130606
-16.46455355773145
-16.4774751038936
-16.492109308700584
-16.486350073356792
-16.4839526307417
-16.48228603954855
-16.517214975037216
-16.50710399284053
-16.510028170666473
-16.51907658904574
-16.51396732898116
-16.49666174665823
-16.49208857279534
-16.471892714154254
-16.452578749887806
-16.40991360395633
-16.393974336053777
-16.403651069289968
-16.409403592745587
-16.408980688248068
-16.419467338235737
-16.456133938434125
-16.442104286185902
-16.451655383622366
-16.449248015994698
-16.44389645420234
-16.420838723436518
-16.430577256298843
-16.44253215045247
-16.441935690267467
-16.44969984979119
-16.43135715401749
-16.4488415850558
-16.411358744963255
-16.410218727427633
-16.414504640218652
-16.41697408934966
-16.428357417797766
-16.417810656325454
-16.40808792306891
-16.397999773080034
-16.413007614029137
-16.416214852579053
-16.423522349379404
-16.431001649503887
-16.440300196427884
-16.442999067531794
-16.446256107887525
-16.437851930746863
-16.433300297566753
-16.446655453420348
-16.430740277813495
-16.43474830169998
-16.444573153118885
-16.45713123569999
-16.457127862267996
-16.474442116150307
-16.48485509193091
-16.485513687291395
-16.494935117948973
-16.492668221800987
-16.48853083257645
-16.508287739019938
-16.49889415936714
-16.515574221661314
-16.51496610570413
-16.51730031801296
-16.51619591729619
-16.541005934377385
-16.539907212168853
-16.546383438530285
-16.554525392308424
-16.56123455722317
-16.54902798074729
-16.568458235512754
-16.57306228526832
-16.573588431088126
-16.57626744169002
-16.564903852850957
-16.534232724494057
-16.550856754290514
-16.558251496647312
-16.53769946454876
-16.557243162965637
-16.555206558193024
-16.54475092383027
-16.530586544269305
-16.5107134735336
-16.51625762761378
-16.52763561258468
-16.547665249767526
-16.55549995625631
-16.55599432911016
-16.550748492236888
-16.538244803422767
-16.554231513322463
-16.562757910287566
-16.588053689816896
-16.58621437908254
-16.572611384899314
-16.578664524732492
-16.564885152758396
-16.549122039133458
-16.559870312250524
-16.54262556896655
-16.52887585513332
-16.53795313966242
-16.557269089817297
-16.53832255308255
-16.559399593442958
-16.558709201258274
-16.53727847189143
-16.524490795017236
-16.55022195783381
-16.53239502901166
-16.548716386207936
-16.524999440079025
-16.521455752397994
-16.52834539436995
-16.536607862642587
-16.53231528846232
-16.540024882005746
-16.557342739934132
-16.553912998505318
-16.568525170886247
-16.5621908335532
-16.561215278468822
-16.5662289335832
-16.56936470031816
-16.570264158167664
-16.571368291831597
-16.550613091917114
-16.523539787128513
-16.539763614929313
-16.534393239139415
-16.514733773967702
-16.528280451694677
-16.515798433925568
-16.540585759244404
-16.516665020221993
-16.498840266411825
-16.49685258052116
-16.49593852923747
-16.503926506847527
-16.485891877634703
-16.483064684173367
-16.505771720107774
-16.52722279875127
-16.537081149419084
-16.53481617257398
-16.527949000854743
-16.532715496264068
-16.529274386153197
-16.52628075231538
-16.54406339706685
-16.546157267695047
-16.53333986068937
-16.51976689117777
-16.524359787912516
-16.53980358207229
-16.52925705893066
-16.53709050567292
-16.51569871433368
-16.511631380515816
-16.542276486315316
-16.55184836878991
-16.533259457455983
-16.53490805405101
-16.544959145054715
-16.538144968189993
-16.531958353502034
-16.528590683376066
-16.511496373315687
-16.515806976060418
-16.48967039218829
-16.469957477206062
-16.47383454574047
-16.45895425534688
-16.46875257635316
-16.478361657869122
-16.495352345339985
-16.48553217512463
-16.480465786805343
-16.472770783429965
-16.460011116036203
-16.47080592798041
-16.460508853617583
-16.476956324040458
-16.46540826678251
-16.463490937118955
-16.48216632420115
-16.504768502443852
-16.508855105674556
-16.528247853254104
-16.528636144898616
-16.52683040090965
-16.53291776276541
-16.551068605289235
-16.559353722009423
-16.54382357965874
-16.55709291913159
-16.535536983175962
-16.547065694958174
-16.548383473020852
-16.553013150117796
-16.543270584401274
-16.523013368680648
-16.516306841700118
-16.534397932759926
-16.541165380479136
-16.546991251221197
-16.551634024569562
-16.5421671730413
-16.543647386389306
-16.539249869237132
-16.51783321246597
-16.51177264476326
-16.552169256214956
-16.540285689370393
-16.544863094780872
-16.558086729182417
-16.543290531947157
-16.52413112653713
-16.524930569066687
-16.542628550361226
-16.545720918647728
-16.533154545847882
-16.53078689037917
-16.52657499184584
-16.52456518546949
-16.538462571127983
-16.496684279837286
-16.507873470265544
-16.506502325988976
-16.4894124610937
-16.490143060109137
-16.48301655689596
-16.475735445514402
-16.477145449848663
-16.474468197866422
-16.47543153336797
-16.469038484986704
-16.470016335685592
-16.477364830081772
-16.504276117672458
-16.53117490073024
-16.51979190001085
-16.53464070336733
-16.53159700657967
-16.519674655466435
-16.53304625675446
-16.5565769114905
-16.56708103508997
-16.557541352628444
-16.54910872629914
-16.53733247965176
-16.547348457610436
-16.573875116394696
-16.571343804374408
-16.558503821012085
-16.54600257198936
-16.55196378283959
-16.562120023643224
-16.58864091358043
-16.598462197522945
-16.60289177757251
-16.572333818779107
-16.578592549818005
-16.58857354421041
-16.57899205661917
-16.58932701667723
-16.592188083823313
-16.58254745917386
-16.588115427735488
-16.601755887876084
-16.598124375306398
-16.590067988543368
-16.58647214345401
-16.602759807604343
-16.61714285822733
-16.606232198119912
-16.61585964861974
-16.630243025952716
-16.628450175852702
-16.630713363257048
-16.645998623905662
-16.62318915811771
-16.62393592157306
-16.60852878975502
-16.586732745098853
-16.596251778563914
-16.579549572720826
-16.580938356442644
-16.5868589447457
-16.57787051978115
-16.556158271099928
-16.53720188079505
-16.532072760851502
-16.539850075725415
-16.541104708257283
-16.54488627192501
-16.56808975987415
-16.57649364511436
-16.60002668511039
-16.585705738378742
-16.588754001792385
-16.566769095408812
-16.55771766123007
-16.558423402621425
-16.559721201920734
-16.569556276071626
-16.585176569693733
-16.56831675023447
-16.5793328593215
-16.588823799980318
-16.577261823059594
-16.58202067819931
-16.602678885380058
-16.59145638864955
-16.582518216443763
-16.593010612543633
-16.591082810134868
-16.59565318990562
-16.605661306636037
-16.599334142693422
-16.61159055401342
-16.60138000904149
-16.603645042817455
-16.582920510227414
-16.619231352086416
-16.61893995420852
-16.61546658071213
-16.62328695929974
-16.62397183937703
-16.63216124554146
-16.646567856452627
-16.631409449181426
-16.63556935711453
-16.61950335004713
-16.601135276039926
-16.59357679828701
-16.577158177950714
-16.582221199775567
-16.582251446878818
-16.560832069758035
-16.572035091403727
-16.5768841713676
-16.539519167945578
-16.551529942902043
-16.543264543804277
-16.541516736748537
-16.532293213501575
-16.557645023809748
-16.564773512438034
-16.55788875935631
-16.549778076514226
-16.542903916112664
-16.52523823989426
-16.54081589975636
-16.532724664174992
-16.527005834913897
-16.531636696406323
-16.546450127007315
-16.542992899476786
-16.54188988166339
-16.53628660934295
-16.550988085684526
-16.5798602131525
-16.58370233946643
-16.57264393623619
-16.560612528529706
-16.57047372130231
-16.580475798279373
-16.56351915242046
-16.576853211025625
-16.563475549648448
-16.546960493076604
-16.556638119371442
-16.567093084760845
-16.567917753071647
-16.53986683182106
-16.533369161421476
-16.54998926710087
-16.545023513470966
-16.535857132423946
-16.524266984228607
-16.55186143931281
-16.55395269073447
-16.55202666776233
-16.53589297044886
-16.553938698540858
-16.57495588376496
-16.5642267612311
-16.567399596648812
-16.57492383223103
-16.59094172089478
-16.575541506590092
-16.584086602822957
-16.60181680842523
-16.603532646631034
-16.587253176434615
-16.578314022187413
-16.550884672680702
-16.56653507172425
-16.57866297739898
-16.580802455430046
-16.600880880752833
-16.591215021597648
-16.622389835066684
-16.593847842239832
-16.617627384235128
-16.614626504753254
-16.60036875498189
-16.614402585333632
-16.62607078579383
-16.625027652695387
-16.637663077895564
-16.64291754668335
-16.640729805283478
-16.64225242586996
-16.63961005205393
-16.614832664130645
-16.631603178580118
-16.642646495387638
-16.641259376399162
-16.66631198284114
-16.666257767289895
-16.648454386263168
-16.632161478971042
-16.637659453915226
-16.62458670610546
-16.626492628013775
-16.598152876032188
-16.60348629290708
-16.610726852705504
-16.612884469928137
-16.62194616777693
-16.632420700292503
-16.63137717861688
-16.662256836430505
-16.663202271708865
-16.657351928840157
-16.66143520381463
-16.672322466459416
-16.66592036494919
-16.683733078992766
-16.66175242279456
-16.661718572569143
-16.654911654404934
-16.641265871442837
-16.65599013631079
-16.651067677490666
-16.64913769193467
-16.64034399156762
-16.62239403289619
-16.61081652500686
-16.621878555429536
-16.62158756149777
-16.6062801601123
-16.62167647301602
-16.603697957430448
-16.593486194314618
-16.613227852866757
-16.59878213019252
-16.62977253897986
-16.647834448607593
-16.64606072107177
-16.64587464642184
-16.634003736715304
-16.64386029760038
-16.641235096421575
-16.663748685089764
-16.63027762692279
-16.645393998360113
-16.65403945616189
-16.637334268647923
-16.633702238692866
-16.599690820872237
-16.60351470553905
-16.598815324487127
-16.610909986211965
-16.633057088680363
-16.626546243851234
-16.619842922463445
-16.611370199871843
-16.61501339026649
-16.61345731115258
-16.6058922008152
-16.61702372412291
-16.57569335557405
-16.602575072915283
-16.622210321816624
-16.635353636567455
-16.642508550860228
-16.646178083454554
-16.649350707120913
-16.64432120648958
-16.661030937815752
-16.651281593427225
-16.647121836984446
-16.656007749798814
-16.652042971884303
-16.66113428362438
-16.651874748734553
-16.657231640604778
-16.635353732414988
-16.637418761343586
-16.63392088574271
-16.63627051220757
-16.612816484235818
-16.6381891332146
-16.62595855444737
-16.64575140203963
-16.664302321310565
-16.6731522918396
-16.668953170228622
-16.667805962504254
-16.677167545662986
-16.656886274704263
-16.67619277905877
-16.674001845780584
-16.6392052428424
-16.64844029903426
-16.647597600819086
-16.64011692908189
-16.624515189376975
-16.626776555557985
-16.628584403909276
-16.640206429749217
-16.64125744314369
-16.63711023949229
-16.659366995401196
-16.650818766124978
-16.67709765648988
-16.698658490213525
-16.693664386469564
-16.686552216741642
-16.674671878751063
-16.674885828330012
-16.68505326625067
-16.678916688144426
-16.67958189366374
-16.665662704125886
-16.63169513438167
-16.608144169590304
-16.608465447766466
-16.606091973925267
-16.61125041926951
-16.604262627275318
-16.620734840315013
-16.621351921406912
-16.63094584000471
-16.658930990347937
-16.671980350603196
-16.660923222420433
-16.653828497932214
-16.66279404584035
-16.667893659186507
-16.693754864239676
-16.662327435562705
-16.65425769688964
-16.661010261218372
-16.656908511743318
-16.66123278456043
-16.664870698713194
-16.66860979351426
-16.680330643873965
-16.688303658860402
-16.684684939218965
-16.715647800652338
-16.708013521997422
-16.7108315588623
-16.70122811232375
-16.708136630710634
-16.689579310090316
-16.711969342547977
-16.70075953226432
-16.7180116388955
-16.72425955400484
-16.71616043893771
-16.702320004578628
-16.742485338602677
-16.73018476662909
-16.702347333573243
-16.69782489263453
-16.697370097288808
-16.70780371446093
-16.700579526997604
-16.686646552204476
-16.719624299639626
-16.72786962678461
-16.74321659590977
-16.75372282523736
-16.757172260089597
-16.738985850819628
-16.757917565403396
-16.744326836881125
-16.736722955739303
-16.71289217021055
-16.708454087980986
-16.706078289578542
-16.693518913644777
-16.679624866070792
-16.678519674323613
-16.69414684590227
-16.682791595607362
-16.69685302105322
-16.71298984911703
-16.68762853583285
-16.68571809112077
-16.692212123323454
-16.692378806467232
-16.70547766690998
-16.686483331904252
-16.70358146271041
-16.69718841444161
-16.709572357507156
-16.73318945369778
-16.743418068958206
-16.736645524071843
-16.732430720087574
-16.720846375132556
-16.711745296875804
-16.71492783639456
-16.72607858561423
-16.727105405794603
-16.698107242060377
-16.703329837425155
-16.697433615206815
-16.715076713859762
-16.711549795868425
-16.707646006445554
-16.69306275202024
-16.69719231191474
-16.689977635075934
-16.685523875071496
-16.675099503873184
-16.687737855378213
-16.70049910338004
-16.702790336531827
-16.70944500896677
-16.70956226435056
-16.703485931140627
-16.70014936122912
-16.70124543710374
-16.71575435504829
-16.693869669864696
-16.69570602676448
-16.6991900060656
-16.710396360723283
-16.71475006133532
-16.72961287054548
-16.74128106261173
-16.75846845173325
-16.764417679957443
-16.76018484195923
-16.75439760775181
-16.731672219988624
-16.72379345682235
-16.714972535441873
-16.739675990880848
-16.706778440757947
-16.703295523892
-16.687896392736555
-16.693174811903205
-16.697161858188142
-16.697416271206006
-16.706033114197833
-16.695151288025976
-16.710838625022912
-16.719610172141252
-16.727675355778086
-16.728269745546907
-16.739415096544302
-16.738080118358344
-16.733622567840154
-16.743933779458818
-16.7573056476097
-16.741975295625277
-16.74327567812085
-16.723371682775596
-16.725485450492123
-16.745443856404016
-16.725379507944687
-16.723008296828954
-16.706819117554755
-16.698175400495856
-16.707470336003514
-16.71283210137467
-16.723003442160216
-16.712426948064845
-16.716635933465618
-16.718710319755598
-16.73384830191157
-16.723094509311547
-16.716199334917505
-16.73039208663351
-16.71058464253503
-16.71843838481558
-16.73580149655729
-16.73426365517438
-16.740178346433172
-16.714131242440846
-16.71332951710033
-16.699112214083495
-16.683944980968167
-16.681522612229617
-16.68322284107189
-16.70208364034493
-16.67979151475602
-16.684583084347253
-16.675813058445044
-16.65157955669582
-16.633602513488064
-16.627398018553276
-16.64065007904125
-16.64570617442572
-16.659874321607372
-16.671094420706897
-16.686297444571437
-16.69346026580852
-16.711078095030878
-16.735849540666482
-16.753362917361496
-16.740248292985353
-16.743837507747017
-16.719430773172103
-16.723509275370198
-16.720507578565694
-16.727925683618377
-16.716127950260514
-16.707643708879058
-16.72363692920086
-16.723837406817722
-16.72527422663609
-16.738487107506963
-16.73708319805804
-16.73454360392533
-16.727871861691877
-16.718961350662205
-16.714882885637024
-16.696891872550136
-16.688231081357607
-16.69660210636292
-16.698670823255576
-16.709713713475242
-16.708287813091953
-16.710769290213616
-16.701116633296007
-16.717045842561333
-16.69264831058146
-16.698491315468985
-16.69314882397299
-16.67353837431182
-16.679613905377074
-16.66411345681741
-16.66427947175365
-16.668886607779218
-16.663925124263397
-16.697113568874723
-16.704962025218588
-16.70346826537391
-16.70995934113235
-16.710434348049098
-16.698824693716947
-16.694296592748785
-16.685649314086746
-16.683996324134306
-16.705420037175486
-16.681240435218076
-16.677173079155896
-16.658216368343098
-16.658072299928286
-16.651749125614703
-16.66027370097176
-16.663949808500924
-16.65949629892477
-16.671574657928453
-16.669275482847812
-16.675576461326
-16.676363172772216
-16.682817964548683
-16.711385359652397
-16.71469899865858
-16.730589499502425
-16.699746519700696
-16.719776002304975
-16.715853149461672
-16.713081940136547
-16.716895107144612
-16.711753111674412
-16.70475274445053
-16.705685664364346
-16.706345557817407
-16.726624044970514
-16.743339849398918
-16.76548621768707
-16.7801589475076
-16.76665938838711
-16.77747732313891
-16.777749918034925
-16.742494783202158
-16.75543959967932
-16.750579839544336
-16.755767557130735
-16.768564566437757
-16.775487205172855
-16.762900714699676
-16.75882606180766
-16.74297993366528
-16.726813239573097
-16.719947236341387
-16.736377260272928
-16.740617431947136
-16.734508942512118
-16.760240352997887
-16.762064743581526
-16.749094033609286
-16.74811950185124
-16.752366589454436
-16.751197224837906
-16.740156748699636
-16.75536675476247
-16.739072392473968
-16.702617409911973
-16.681554615644682
-16.709125929021518
-16.706791650892708
-16.72273617193096
-16.709040995575403
-16.71098377427687
-16.711343693622126
-16.736343898831855
-16.746297740345014
-16.73973658978471
-16.737812707588535
-16.742954996383844
-16.722710301913512
-16.73425090387598
-16.737606793572418
-16.731798012942534
-16.74441692304171
-16.748745855255116
-16.744657605501637
-16.724116717653928
-16.743127807404235
-16.72838297871061
-16.75247010660151
-16.749364739311382
-16.73377684224308
-16.728895875156564
-16.729568822993713
-16.728138772301033
-16.72690676845158
-16.733213667173164
-16.742399025204847
-16.757865360148426
-16.77736209608249
-16.762814725713493
-16.755657524317307
-16.73789685285874
-16.73211012947193
-16.72019433513165
-16.726814361380697
-16.724532902568498
-16.702433255456988
-16.690110221350203
-16.695998723320994
-16.733476310965404
-16.717277290522635
-16.701680938601363
-16.69669653103711
-16.676237397031898
-16.690621783423026
-16.6914651127749
-16.701994090090807
-16.693094714037468
-16.686296711755798
-16.704741879460535
-16.708716102561553
-16.705074564713776
-16.71059399224871
-16.713733138703816
-16.719957266436868
-16.7162798714956
-16.73609215256946
-16.759333796129972
-16.766160783871985
-16.76506069850931
-16.789377487016555
-16.794391574688788
-16.79594065452488
-16.78121026517088
-16.7690816632178
-16.76425541837794
-16.743013728412134
-16.73255656527705
-16.732440970170938
-16.73514296298704
-16.70526199933721
-16.694717974082547
-16.69882041387411
-16.6832776663372
-16.687105310611212
-16.71185522206104
-16.730771277430982
-16.73328215264324
-16.712644386378106
-16.721449112554136
-16.717811517777214
-16.704099905805432
-16.69698948215832
-16.683912952610086
-16.69409698609632
-16.678581005439572
-16.69836499859888
-16.7033874757709
-16.716241136401788
-16.721127656397442
-16.723751450727
-16.72067465011531
-16.7279560843203
-16.745298713044804
-16.74019600238354
-16.75294093818227
-16.727141988204455
-16.723679058152715
-16.74427735021677
-16.758916036094817
-16.750814818443786
-16.747988449769828
-16.742231003123056
-16.7518801737289
-16.741825076423442
-16.718017192896042
-16.734266028997602
-16.73944953445489
-16.740072485219635
-16.751221170786952
-16.758879942786354
-16.74262716589266
-16.72205450345122
-16.739285519703493
-16.773238730900296
-16.777786695476916
-16.765164115671112
-16.763393640008566
-16.758354041461175
-16.76434370142786
-16.763356949230438
-16.781800539979876
-16.793601876109776
-16.797542882735055
-16.78708774035478
-16.80278738040054
-16.78009067327293
-16.780205233068457
-16.775266235563095
-16.769069100268407
-16.773865762206782
-16.7724571926225
-16.77818227622194
-16.77576605239709
-16.771636835657894
-16.761965128144382
-16.752901216006837
-16.76210721135559
-16.768981052434487
-16.76270577327166
-16.751868902420124
-16.75502731361692
-16.762417027814905
-16.778727061958573
-16.77722862192798
-16.753949226344158
-16.74409596774693
-16.774358924068654
-16.786763791359515
-16.813696866752565
-16.82215538264971
-16.82852675710051
-16.8296493243063
-16.82174385406342
-16.81942428319076
-16.8113739847792
-16.81435918423333
-16.82393631719043
-16.835799925206217
-16.824990330151127
-16.8333496933979
-16.843577422419088
-16.807507571592982
-16.800095062910543
-16.822130917882507
-16.80544808523334
-16.83605013328257
-16.838988117434845
-16.825280957894705
-16.822169057447855
-16.819558656159316
-16.823094404055183
-16.81406577298883
-16.818360514846304
-16.826491042721422
-16.817644983445845
-16.81895785897649
-16.847415085582586
-16.860324658536868
-16.85164477734673
-16.84784797383632
-16.853343656748645
-16.85654058369531
-16.848442215024658
-16.830119990148244
-16.841054379917704
-16.83348932798836
-16.832641159472573
-16.838181777969513
-16.833980570265776
-16.822952794122926
-16.834653021852855
-16.827214665857348
-16.83412429654434
-16.826418892065572
-16.843919920356793
-16.845452240266212
-16.835557248909396
-16.823857019080986
-16.83626314922798
-16.83518831717242
-16.835222020852164
-16.821699829026425
-16.79700461247109
-16.81314980661208
-16.805094673848238
-16.79944582534855
-16.792997262328758
-16.80006492713756
-16.8070486868387
-16.821000353374004
-16.830246211998418
-16.812725226263673
-16.80097211351402
-16.80363691177755
-16.787985863889986
-16.804054726152785
-16.81602881655042
-16.81572396725849
-16.828429043513545
-16.810566321773344
-16.79376410852421
-16.764756785479083
-16.77063512887111
-16.775377107490435
-16.791636038458847
-16.780575871630802
-16.779441089055833
-16.76869218831164
-16.764609827304234
-16.746541435854375
-16.76195461239508
-16.770171001464576
-16.755143819298443
-16.749626614902965
-16.779112816618767
-16.779768548364757
-16.772686040410253
-16.765677592433864
-16.777032043721476
-16.790840874021477
-16.795792076096323
-16.786143154938866
-16.782381617270477
-16.803632240189412
-16.795804681149328
-16.78937880345042
-16.78520852922435
-16.7920037042513
-16.749823903120244
-16.7762020975229
-16.778736594011033
-16.76957937825113
-16.77946887702737
-16.791712736041216
-16.78140898419527
-16.785969501693824
-16.789898156543682
-16.787043876013307
-16.7959082591864
-16.805188080776244
-16.792779389761435
-16.782599127641365
-16.785986901126208
-16.788494514632443
-16.797456796332018
-16.807400548653423
-16.82347975010759
-16.836936330003837
-16.846416182133506
-16.82334262158994
-16.803273246012107
-16.79210495058121
-16.784102771200487
-16.77646824453345
-16.773574846613517
-16.773506608043228
-16.742634185742514
-16.765720530541206
-16.782246260840722
-16.79189480981968
-16.784705797031968
-16.774778458647816
-16.776109540946358
-16.797176458061504
-16.785643070423344
-16.774578560536874
-16.786223890232936
-16.779569532971916
-16.78841922487908
-16.766109057252145
-16.73849477256239
-16.739004072459625
-16.745464939848762
-16.743422725330547
-16.745230878443223
-16.779432104076815
-16.777113336110563
-16.782715651231957
-16.793978128846692
-16.781075771786938
-16.76909107304122
-16.788623349103148
-16.806792901717287
-16.815398975532084
-16.835276871773054
-16.85417541625128
-16.858868729606026
-16.867966982629902
-16.84607815294433
-16.84384844748279
-16.85296383983894
-16.855457574503394
-16.858361328895842
-16.858322929659366
-16.862208822148297
-16.860716027805747
-16.85134368596774
-16.848106585479705
-16.844379559316817
-16.865915168680697
-16.856862145191794
-16.835679295188328
-16.843711310929883
-16.866952498172207
-16.874475133533643
-16.846985305804797
-16.81504750229394
-16.80698611009587
-16.799451484145806
-16.780732335409667
-16.795519852816646
-16.790051317162074
-16.790402686775344
-16.774713368961127
-16.781405778288004
-16.78675866509935
-16.79487477900518
-16.80624375756134
-16.793220339647863
-16.777594293367905
-16.786096230942363
-16.78665647409428
-16.785563859235502
-16.79745027019438
-16.78025046218537
-16.790993414735635
-16.792292429064776
-16.7931690019065
-16.79126722395246
-16.825807958338654
-16.82915340835379
-16.816844974585166
-16.82464846810415
-16.80749122201649
-16.808231448138045
-16.789927654724693
-16.793264656661933
-16.79882868020324
-16.809734387198965
-16.81971061942876
-16.83735357145801
-16.84497660605839
-16.831261967116887
-16.839903050112916
-16.86604280490932
-16.887401692138504
-16.867176835687157
-16.873556826342842
-16.87470986376597
-16.882693737367273
-16.891948196314452
-16.897385499010053
-16.911434363011526
-16.894803969696415
-16.879464612447777
-16.873684845323975
-16.862972626265087
-16.86582001277168
-16.83038280539424
-16.823338872396157
-16.81829570221078
-16.808203810639313
-16.81244374393073
-16.832435039023977
-16.85160672300763
-16.85714927310481
-16.856338108518255
-16.862843185908805
-16.868122079384666
-16.892173132765116
-16.878434633598207
-16.891573287967923
-16.899637817786253
-16.90940316034879
-16.916246438765
-16.90856760146253
-16.920950425143655
-16.92305810135734
-16.92036837422434
-16.914827252356684
-16.90278753890462
-16.8819282055877
-16.902814963303534
-16.90734579801145
-16.884168684388854
-16.889294780489422
-16.9095115728842
-16.89933034076589
-16.92818473229971
-16.93772028176957
-16.932572225946032
-16.938115630131236
-16.908122514653996
-16.920435621484206
-16.916405433850656
-16.945490179163126
-16.943756716452715
-16.921080013145094
-16.92123956624082
-16.90387347790349
-16.909703579140537
-16.891917577020497
-16.907955813095267
-16.902472022925675
-16.896804479809806
-16.871038651380932
-16.883898776639587
-16.893050698389715
-16.88371889843616
-16.893420864878845
-16.88218154821794
-16.89974697137214
-16.88903278539346
-16.90601487088341
-16.899405049737894
-16.88523358113679
-16.855529015847686
-16.862937783251205
-16.860890823684574
-16.8612936392236
-16.849857678523946
-16.86415070081866
-16.862261568571302
-16.86356688931003
-16.86791996681482
-16.846371754437047
-16.841110318462857
-16.86647670998049
-16.86196967291462
-16.88665265591629
-16.898979854068365
-16.88880472883923
-16.88772223052844
-16.88534266600827
-16.868386029647404
-16.881403072137953
-16.8904997293912
-16.88000430432959
-16.877493080021658
-16.883047316178477
-16.917308752615096
-16.919578390861574
-16.9404728241214
-16.93854686074012
-16.938470702632976
-16.94941487897464
-16.947552803593695
-16.933546805358812
-16.940015988002347
-16.93304940013658
-16.93734922698936
-16.937803228043517
-16.925676169178264
-16.925983570980762
-16.90655699919599
-16.901155923646286
-16.89337642955174
-16.88823699576118
-16.88493095623595
-16.893787478445187
-16.892702703402865
-16.880575220851327
-16.906751629499254
-16.896230172414338
-16.910425923112925
-16.898957718760432
-16.888215475493904
-16.868674766092113
-16.87539547995823
-16.87574772175983
-16.879266256736223
-16.890844695858952
-16.88355046169067
-16.887881698170606
-16.88403363079611
-16.875132536368447
-16.898743289799366
-16.88868631729468
-16.893712864243852
-16.882198842405455
-16.86305248523271
-16.88010133100012
-16.89640553413946
-16.889324036967434
-16.88129114731017
-16.87260688502893
-16.838371509319842
-16.830743457002338
-16.822267102055335
-16.813432902499994
-16.82230419869284
-16.84651692105743
-16.832139263941635
-16.834266018831
-16.82406000870107
-16.810516170224986
-16.841244933330884
-16.838903428196367
-16.857854894964024
-16.858234454705585
-16.878153033316057
-16.88918663327277
-16.911214325041026
-16.89792162046102
-16.884094230433416
-16.877711433180142
-16.88010256903123
-16.87473541147449
-16.849237500720996
-16.85689704442456
-16.857439096185022
-16.879644292899684
-16.887530861108292
-16.88535726993949
-16.897653730913028
-16.886214189632913
-16.878288514465122
-16.868449532999083
-16.854368539134363
-16.85703038023195
-16.86938561286528
-16.866389768242612
-16.851242541251843
-16.858781686867374
-16.846087108715874
-16.88361863106734
-16.87972617593674
-16.89706923224899
-16.910041721016913
-16.927041555476467
-16.925113400173792
-16.934655827773916
-16.921677136564202
-16.915944448312537
-16.90500077374518
-16.916645060182574
-16.90602050926823
-16.92322896327439
-16.919653842271764
-16.927903209778716
-16.92497649370098
-16.90297048949835
-16.90782977271952
-16.910709253056627
-16.909536239803135
-16.910735557669828
-16.90881435534245
-16.910132498559346
-16.902906147229043
-16.8983234456013
-16.916900667343302
-16.908249374413813
-16.911413894777994
-16.919577980891013
-16.92321043754476
-16.899371922694414
-16.916637945469816
-16.898149301650257
-16.907616327220126
-16.909454888466968
-16.906231745441115
-16.929628476502998
-16.90482620308197
-16.903814557582656
-16.902270678657395
-16.888374385496427
-16.875976257783528
-16.85126611416199
-16.837921120836093
-16.834518547919657
-16.848682464291148
-16.83813543718565
-16.83061077415664
-16.81423767445938
-16.81248055015483
-16.814651684511784
-16.83796881227079
-16.834247937031822
-16.845650298185138
-16.838736470191837
-16.839196575613375
-16.839121830223846
-16.828143235174334
-16.83579829423041
-16.83603531246544
-16.83312326538353
-16.855382921905097
-16.85580070443283
-16.858816111438372
-16.859096272290667
-16.841837760974983
-16.834375368541657
-16.834761841018793
-16.8240135910421
-16.79912936895112
-16.80346300947607
-16.80722683613136
-16.823014854582524
-16.818632526441263
-16.831333057982224
-16.827927939424466
-16.830139416877397
-16.83121713308731
-16.82382631182205
-16.841663068139443
-16.856682730437484
-16.84369747061071
-16.837764320377598
-16.827304887503626
-16.814914949591657
-16.846514009507263
-16.84547546390839
-16.887878480991905
-16.887082290078396
-16.888332772255016
-16.92330034666331
-16.917625724129394
-16.905211177310925
-16.883985248220878
-16.896180017634155
-16.91051742459305
-16.89718896616672
-16.896423358497092
-16.90023888960408
-16.88496005499816
-16.87775983462855
-16.90041057258019
-16.895480477116976
-16.886449488258194
-16.854234290005216
-16.853786334591067
-16.85536943951484
-16.858584155311792
-16.8449115833918
-16.836342028371714
-16.837220003332938
-16.828534503351467
-16.80966701801022
-16.836041923101785
-16.838823375906554
-16.836204743070184
-16.8337737844104
-16.84345781062518
-16.84166050472991
-16.841262961783432
-16.827242705045954
-16.829664280189974
-16.814631739412594
-16.81772288464344
-16.810742364019973
-16.828742189979014
-16.812854338831798
-16.8116795010799
-16.81307166561698
-16.826036921530093
-16.813013926492342
-16.814490678174597
-16.804307806991535
-16.82703568634695
-16.84704695928219
-16.866187826167845
-16.862409005054875
-16.847583195224143
-16.849119432806706
-16.88657951718441
-16.899474157316742
-16.87645254319296
-16.845016777851356
-16.85671307343401
-16.857741199726465
-16.842948244235906
-16.823897764659293
-16.806811820996217
-16.816116042625232
-16.83524926417547
-16.837224952460836
-16.839722142199477
-16.831474346029044
-16.84732880749142
-16.858444386248497
-16.858907263198304
-16.86239606902184
-16.866615655680736
-16.884078582758377
-16.864278022419068
-16.876521753234627
-16.883573049044355
-16.87629705796915
-16.8829150877441
-16.872618983065657
-16.878944763720163
-16.86057418904318
-16.845701327771213
-16.84476262782664
-16.8447995445482
-16.833668140966328
-16.838320114721103
-16.86059343611941
-16.86177361827347
-16.886704788832528
-16.877831056802826
-16.8979159415522
-16.899541648127567
-16.889924254142986
-16.881515854737927
-16.872483763525107
-16.855803132265024
-16.855482869164458
-16.841964329462048
-16.835613598685224
-16.823844535165982
-16.820794058579015
-16.804862456905916
-16.79613603692619
-16.788816785908942
-16.79220383725819
-16.796222587855222
-16.79491397094339
-16.808300391246615
-16.789554765813122
-16.806463667017585
-16.796458176365
-16.787892918210996
-16.783168457831017
-16.791533589591648
-16.79732484871402
-16.796042141210055
-16.77170406729526
-16.76265471622519
-16.793781318960896
-16.782122137326244
-16.766695452228205
-16.765355496281757
-16.778247313881568
-16.7967059497072
-16.77009387907656
-16.77626955393588
-16.796369824638138
-16.793795771173713
-16.801007880074966
-16.798824793119874
-16.800553902490968
-16.812445139698355
-16.82639006844464
-16.824520486436533
-16.804024969199155
-16.83025583999454
-16.83332348982033
-16.828113735473046
-16.823070219037717
-16.81630032936319
-16.8369025090743
-16.82710310496811
-16.838141820452847
-16.830312978012017
-16.85993204079974
-16.856637271746443
-16.85477189728814
-16.843124615035336
-16.85675316326476
-16.85402766767454
-16.833986656299107
-16.81812869961237
-16.82311860902497
-16.799835102988187
-16.796219516152846
-16.792797906350796
-16.8007224169953
-16.797626036098485
-16.803764669912738
-16.81007328861545
-16.795841871253117
-16.814863384696256
-16.820270964334448
-16.792366182618853
-16.789298655702293
-16.778811476171064
-16.784289412782677
-16.772944983211733
-16.76401339277699
-16.765973447100787
-16.784933684741517
-16.776942022395257
-16.7947442565175
-16.775851927197525
-16.776793323866762
-16.776479367034455
-16.76742653399407
-16.77328107772248
-16.782276637367424
-16.787229534898582
-16.795193776640424
-16.78937725812646
-16.805596723197137
-16.79769929832518
-16.78647897331812
-16.802074391320573
-16.78969175453836
-16.78137144932751
-16.77516638226975
-16.769607694705325
-16.774500947261917
-16.766457995019568
-16.764234886489817
-16.751501105316294
-16.766552829118552
-16.76969786645639
-16.76586357846041
-16.759427110707254
-16.764296902911024
-16.792322634029937
-16.755263312722718
-16.749672730971522
-16.77087053552855
-16.764804946673337
-16.75611447351848
-16.759280514364914
-16.758275833679534
-16.78484686134316
-16.787152626306156
-16.781034196926615
-16.79426089995636
-16.79498666962545
-16.810438601760712
-16.779318642679264
-16.777086328156898
-16.790798131759804
-16.78646875264596
-16.75947294024942
-16.770207708166478
-16.782035914026604
-16.795874134668416
-16.818302095732374
-16.79309075204346
-16.799319452865777
-16.795862753488066
-16.804611415582475
-16.81165607938867
-16.802323941193762
-16.81807700009303
-16.82168232496237
-16.817593861192538
-16.82036646527474
-16.80934373202752
-16.81463126671391
-16.813011844686116
-16.831081285731553
-16.84840756983819
-16.855155108793035
-16.84070491510933
-16.842380961590127
-16.853667464469655
-16.88341059749669
-16.879389877246616
-16.85845170184837
-16.86350247802157
-16.86314611341811
-16.870817989655038
-16.85065869418431
-16.84474909873221
-16.836200086259314
-16.84236989368593
-16.85903161631015
-16.839419422556624
-16.842631185551845
-16.83692170754434
-16.83741780136498
-16.84319502532454
-16.85416187349606
-16.8583768513365
-16.878854987234398
-16.890150092180797
-16.90099557770948
-16.89329567066259
-16.880004809044447
-16.892328581652006
-16.879794913268444
-16.905351208265476
-16.8821332384653
-16.872933916367465
-16.852481390700355
-16.855285728648415
-16.856200145240088
-16.855947402077994
-16.8789360584232
-16.878460685566424
-16.86719827581875
-16.86454259928421
-16.866187907328573
-16.874227043185936
-16.87834271809308
-16.88068486007342
-16.851427124149083
-16.855521259823913
-16.86433379029839
-16.849001158949502
-16.86310550120623
-16.86878649316867
-16.852112311380793
-16.84122063954474
-16.823369246615595
-16.842557113082343
-16.83772464478374
-16.84090841272426
-16.84440245219826
-16.82690209295394
-16.826485726519856
-16.810377124946307
-16.818443241824
-16.80634579215092
-16.809050801729004
-16.807132828358753
-16.804883705473525
-16.789472036665856
-16.750292094563164
-16.73251413584976
-16.760241347970947
-16.761112989371075
-16.787378820770392
-16.78382914962978
-16.762066180834495
-16.77199231373252
-16.775743833240217
-16.801048953857183
-16.81199770544693
-16.814239348747105
-16.796265209854933
-16.79588454653315
-16.81194551548928
-16.802396579570868
-16.798945718260686
-16.81374192593224
-16.83490166408036
-16.833686305357624
-16.826722814442373
-16.829275317776315
-16.819742322976214
-16.820982302176276
-16.805854965775847
-16.80028400578313
-16.807521224990555
-16.797899792541944
-16.785185918788454
-16.788602445030318
-16.791548824003975
-16.788754308358204
-16.770630900664468
-16.781928910929675
-16.790462350967108
-16.80336536672627
-16.829455900682653
-16.831530728681255
-16.821979550267585
-16.833079137143255
-16.832255414341294
-16.81756547851443
-16.814905492159614
-16.8136822415692
-16.80485436674651
-16.792366657028023
-16.76573939143441
-16.753512113713892
-16.732702336873388
-16.745721148718008
-16.76938966268566
-16.75569270268661
-16.769616404873425
-16.75288547164708
-16.75856402845111
-16.780293977861508
-16.77551231561232
-16.749478811680333
-16.75698232760745
-16.793526944677826
-16.792387717184535
-16.790783650867166
-16.797833458875825
-16.806079887401612
-16.79449079992321
-16.795085626814398
-16.803802837553853
-16.805861824955535
-16.802210794707516
-16.80348833307163
-16.81045967132441
-16.800482837946582
-16.82061175655667
-16.84322331220758
-16.856832112751132
-16.849745313024187
-16.862489619312303
-16.85337431288146
-16.836602286150328
-16.825582417617685
-16.823443397262267
-16.814794539147055
-16.802648514212212
-16.793776359260853
-16.795399341613162
-16.791899240887943
-16.79369719800958
-16.788301938788486
-16.786651474638475
-16.780364862185728
-16.793371531596723
-16.798684160831773
-16.77026907608569
-16.77463460522888
-16.78700952403448
-16.789875760754853
-16.811712162268513
-16.80658243457696
-16.836424967682476
-16.832243896401934
-16.842660125958318
-16.817258517048057
-16.79987396520316
-16.812489736155182
-16.798491799095714
-16.790704004712488
-16.792692415718037
-16.776230294322406
-16.78570172735309
-16.796567506246877
-16.80233129509924
-16.822248557519764
-16.833748220272128
-16.84474852115913
-16.837625634251108
-16.84528281608172
-16.8500538161314
-16.859014756426657
-16.848352401525833
-16.86194243637638
-16.86684696117623
-16.881478601897008
-16.90296722432788
-16.898529455630243
-16.899125808066707
-16.896666806315782
-16.862696692428642
-16.862708304316886
-16.88043602884001
-16.89323670538958
-16.86512369012799
-16.88558648568902
-16.889546015216744
-16.88139515836148
-16.88986295383947
-16.892719052995332
-16.901886687552448
-16.91659881661103
-16.89973013299263
-16.90700900385125
-16.899319553105865
-16.89512642896553
-16.88739196492963
-16.88636741231358
-16.870674962458356
-16.850851515968355
-16.855585781653726
-16.865016822885636
-16.877540309756533
-16.881372767510946
-16.893898764717385
-16.899095720019627
-16.90270165444706
-16.8990732369059
-16.89749170129445
-16.908380087797926
-16.879326892669873
-16.879383503225043
-16.88364213813213
-16.875312898902468
-16.88900582856403
-16.912607682870128
-16.894518342595287
-16.890646640560334
-16.88954657839243
-16.872968557858858
-16.869272002733453
-16.870898967323004
-16.867684868492685
-16.85038965670242
-16.819976504118685
-16.817532465313782
-16.80186852609436
-16.833495407073684
-16.840911878198654
-16.84450669012997
-16.84292289752624
-16.84995584516659
-16.83478200621708
-16.858278794358444
-16.85736617796805
-16.83821214847769
-16.831873174905144
-16.852221912363287
-16.848046445765743
-16.85149532782377
-16.85266801994019
-16.840031137548248
-16.85636874192896
-16.86178236090377
-16.869357613164205
-16.853451810441232
-16.856363138852842
-16.844404626804895
-16.840631019175945
-16.84468249362602
-16.831217808757696
-16.840416864303172
-16.841533636809945
-16.8345613002366
-16.8290655030534
-16.829855600524382
-16.83091238068096
-16.853723122682357
-16.85331023667621
-16.86530276932797
-16.86364249098344
-16.863866326645077
-16.850828893441417
-16.8475558350135
-16.863088251460194
-16.831782135219026
-16.844564787948748
-16.858614970544192
-16.85430486567893
-16.860804929188276
-16.837085771542167
-16.85734984218883
-16.820617351532803
-16.81275877195876
-16.816568740525344
-16.8015246608506
-16.801223925729097
-16.818829708768384
-16.805089283741708
-16.80815942789715
-16.817081756950735
-16.821466633334897
-16.835976096263334
-16.847415228836184
-16.84299895211193
-16.84895344539235
-16.83382302156298
-16.832377022839587
-16.840949357487858
-16.8547740053803
-16.838373136877674
-16.817075472813297
-16.819492316370344
-16.826722193503272
-16.85308069502937
-16.861059188606408
-16.86276258373732
-16.89803400155163
-16.90202174960972
-16.8801937882632
-16.90598126699054
-16.920041030702674
-16.88915224156831
-16.885179493812196
-16.869788956432302
-16.834823446907816
-16.829871318034403
-16.83550293260362
-16.831743066096646
-16.82956821092725
-16.833449832594635
-16.82690195934247
-16.813142799954
-16.819427818145023
-16.824299390261064
-16.82335466050924
-16.8365797750311
-16.839068577194244
-16.824177654687677
-16.83322447268902
-16.80577219805693
-16.797533630171287
-16.78852176126913
-16.782083963901986
-16.779294402105435
-16.751128754137245
-16.747628967899054
-16.74150084000984
-16.764095188905202
-16.766578703211824
-16.744673181867668
-16.748243036753163
-16.769780305029837
-16.747702561487767
-16.76214174545468
-16.76546061021863
-16.794255809542598
-16.790046368987028
-16.77818198966484
-16.776047854244162
-16.787432256689655
-16.786888765211838
-16.78026650799882
-16.79328114377879
-16.785906195916972
-16.783430894033536
-16.78499001251819
-16.804092459253177
-16.813292393148974
-16.798407986181306
-16.799942281402153
-16.796995855210866
-16.788063716558796
-16.78461335324544
-16.77182500053179
-16.76141884352145
-16.773459580325138
-16.748663240412135
-16.749310678340553
-16.76420446938549
-16.754663794913625
-16.74667406844736
-16.7399993157843
-16.733760729123333
-16.723995769602496
-16.714047408300935
-16.732170023787294
-16.744374904171956
-16.760488057894523
-16.749240072078177
-16.75628827616816
-16.733567143149685
-16.73539225171579
-16.760983168968377
-16.754807468014974
-16.74930733780986
-16.75871631663018
-16.77291347755953
-16.776054288279795
-16.79027947504989
-16.782474306627922
-16.797644477723885
-16.802385160822165
-16.81742843370475
-16.817144320481027
-16.82983576541316
-16.832857342312657
-16.846277207100933
-16.817018203994973
-16.828453717203306
-16.825912386107685
-16.835876804276715
-16.84654227747517
-16.86819298034602
-16.855389693077683
-16.854757901488117
-16.844567001531328
-16.84144960401058
-16.846780237342138
-16.845785394293998
-16.82409847088371
-16.792431566751713
-16.83944721268577
-16.865617183515198
-16.87259067429048
-16.86777896629705
-16.874045576088726
-16.854251480142317
-16.869252845881846
-16.863993854784415
-16.855153167336425
-16.837409452247236
-16.830539784019017
-16.831825859143102
-16.824474752349413
-16.850208079146356
-16.85106587352523
-16.826806326537955
-16.835882303306477
-16.823809765512387
-16.822535883552682
-16.82387011114436
-16.828494148878967
-16.81339842272055
-16.810616832976883
-16.796176074897023
-16.788859643242304
-16.7764152656864
-16.784194754447437
-16.77686821163641
-16.7823650754655
-16.780750744144008
-16.7902578489918
-16.84131970512874
-16.838395805794384
-16.845546122680187
-16.859840776179883
-16.882549871633895
-16.88052970986218
-16.879870770988322
-16.86313058603102
-16.893089614589005
-16.882939419523456
-16.859059480694953
-16.86431689752103
-16.888284975202055
-16.879906748039303
-16.863261438018412
-16.86615454921453
-16.854097265399226
-16.836804517498752
-16.83110447794666
-16.86340541197505
-16.86151687739771
-16.86679070502902
-16.868919055827067
-16.856646959047904
-16.87409913934052
-16.88224074471284
-16.87900873575257
-16.893711744575196
-16.890697098968598
-16.90614427843816
-16.902262674463604
-16.906094244315135
-16.944867470848127
-16.918689435293693
-16.88958615367012
-16.901797843071368
-16.921713057036595
-16.881595543242884
-16.90275028903809
-16.89556306883998
-16.894589221437762
-16.88028063995435
-16.85912614032983
-16.866897181125303
-16.85463098833252
-16.849084416917908
-16.85912493190691
-16.85045383116624
-16.869704678075085
-16.868326645731244
-16.865334010448976
-16.850454001926288
-16.846941680060038
-16.84619852568166
-16.867386983603783
-16.86026472762687
-16.85788766927924
-16.859940302095087
-16.890872184555192
-16.879560077399823
-16.863698518972818
-16.88163428526886
-16.88441445308874
-16.855542252762113
-16.8506547425226
-16.836992204572834
-16.81135813382882
-16.801276418989506
-16.833809590008602
-16.827003987090542
-16.834025851328985
-16.835880769529986
-16.85212733576254
-16.85578410039992
-16.84647913697421
-16.819216407220452
-16.797794107218536
-16.81407080564504
-16.812869153530638
-16.81488133979185
-16.781883935553207
-16.779934905694383
-16.771998159056476
-16.75962580322804
-16.77205672281368
-16.78977911937604
-16.809859277455363
-16.792953144246294
-16.789415523277984
-16.793492594724725
-16.806932520828266
-16.812483320910637
-16.83499873150595
-16.84720171030997
-16.869743068461123
-16.86146563700351
-16.84685528916368
-16.827715854410638
-16.81336912634644
-16.824477265523445
-16.85644560737956
-16.837743778661306
-16.841058897369376
-16.85165664191092
-16.87136747669051
-16.885995563795646
-16.875613449267476
-16.863263951904543
-16.86226960957162
-16.846794087882117
-16.86292301143618
-16.843585247001123
-16.825787749554515
-16.829574248256367
-16.83791140334369
-16.84219828901403
-16.849281792512052
-16.847975576198202
-16.83194283587739
-16.8199542800649
-16.802598467170416
-16.788794944950403
-16.821441019165537
-16.838558766452383
-16.83509128713465
-16.82398134843076
-16.819686371192784
-16.842843628243813
-16.846826004301505
-16.84656819059313
-16.8394657856742
-16.851934576180184
-16.845001437338347
-16.839969742966044
-16.822146216027956
-16.84448108997703
-16.849189456370265
-16.839812657263767
-16.850322202438416
-16.855107394226085
-16.85685932737756
-16.86891264330735
-16.866963971182283
-16.84641028124111
-16.86593511186126
-16.85385516732397
-16.856212869960036
-16.857974947003434
-16.85793514302203
-16.85192856178015
-16.84911531914572
-16.869887649661408
-16.86732824337091
-16.883080517791168
-16.882192104906856
-16.89415359552626
-16.8951700993732
-16.89431312202302
-16.873706725648304
-16.882086190080745
-16.890917373925063
-16.89183781855257
-16.908896952411574
-16.91097752062621
-16.9144415890844
-16.90922472631309
-16.90513158095548
-16.923654599976093
-16.907054738033203
-16.8891631373728
-16.884357082270935
-16.88926068650946
-16.885674844604672
-16.901829243687686
-16.87594060122549
-16.865468308956423
-16.84103185532064
-16.818227633301284
-16.82709487171113
-16.828243626123314
-16.832093468566462
-16.820719158591093
-16.841544139814577
-16.839138616888178
-16.8499642666263
-16.85940737849672
-16.846222869533868
-16.82559833380187
-16.814677716200297
-16.819423456986236
-16.808754213655423
-16.84286712964579
-16.854121219667135
-16.82032919516139
-16.819344071083314
-16.80519966574057
-16.807022721409552
-16.811443368573325
-16.804821814826145
-16.818485482409987
-16.79886877505633
-16.807724080762004
-16.825819720236453
-16.816788830066887
-16.794942164207356
-16.776527428126855
-16.807148147157836
-16.82417793461084
-16.83335525965813
-16.8372919917439
-16.85002385900339
-16.838032779384537
-16.842501882235588
-16.844385689198823
-16.82362756205447
-16.79546196625053
-16.77022651188374
-16.781717198115143
-16.77705219135832
-16.772813931204656
-16.775544782489956
-16.770914327947494
-16.768420917830344
-16.788069130436398
-16.80364970995934
-16.80247964210202
-16.791467647228117
-16.811705334232453
-16.799867810119782
-16.799199341779243
-16.81855075563525
-16.825191261591996
-16.822112692000985
-16.811796774386714
-16.815336852653335
-16.824024218093488
-16.831984569796468
-16.830930427717696
-16.8387938219895
-16.84238757709781
-16.841118599353806
-16.83873953407791
-16.85243303022909
-16.874666956855577
-16.85078154100369
-16.836431820399284
-16.838592767219783
-16.844742551793548
-16.85249024825764
-16.82387219931826
-16.818121655933158
-16.830396947957176
-16.828087319947123
-16.808296886933473
-16.803776098413067
-16.803687288887133
-16.805776766665875
-16.82237852325276
-16.82141561532249
-16.819002727518804
-16.837533394626657
-16.838634621124335
-16.849979761196202
-16.846969816198538
-16.840207215271857
-16.82802349998858
-16.844658204939055
-16.84858404678517
-16.840972445644294
-16.863920525446634
-16.856655706635983
-16.87262449698189
-16.875812673567992
-16.881930316377574
-16.894614847562767
-16.889953070129916
-16.86616863044556
-16.861995703889928
-16.876784140084958
-16.865511482670545
-16.883423491217595
-16.86233255590035
-16.87176585160582
-16.886373701181448
-16.883224543864994
-16.895795004204132
-16.8881229679302
-16.886985280385208
-16.89729072714579
-16.90493248570663
-16.895783991660448
-16.88990464106393
-16.896129746364238
-16.884995451856646
-16.883635088606134
-16.887964883111728
-16.887059002989307
-16.893052152759786
-16.899381195684544
-16.893485734645676
-16.91833659418358
-16.9038037393862
-16.871911914076307
-16.859423559032745
-16.853559421853806
-16.852848456730833
-16.844779855449428
-16.819365015268428
-16.818707799110445
-16.802870993512062
-16.785519511668486
-16.786439445518
-16.826434935131896
-16.830620638481207
-16.82080883646428
-16.80320248311367
-16.796102641698106
-16.810610033000106
-16.822215105655744
-16.806528882910985
-16.806575139215052
-16.7860466933454
-16.78029008535909
-16.8184061803526
-16.81653295887221
-16.812817158722428
-16.826300381465096
-16.80467338821914
-16.802383789328776
-16.80916121867554
-16.824393023429014
-16.84636534886252
-16.847390158357364
-16.865242845029726
-16.844142180667507
-16.848839137938246
-16.8660589382699
-16.866854461388783
-16.843264352841626
-16.831118125462282
-16.849567754993355
-16.857120123069343
-16.869453971721462
-16.890883617326768
-16.868379860259886
-16.890538381815432
-16.8988325171716
-16.90569572306433
-16.901764849922195
-16.89710142124091
-16.882070395971347
-16.88132835127902
-16.878770578505446
-16.876648645624645
-16.89037108239652
-16.894211624668426
-16.88407469071073
-16.85068511202043
-16.853246507801163
-16.840329670178928
-16.8101000547617
-16.82339127574064
-16.820471797694644
-16.83066937234252
-16.81682017759905
-16.83900493478771
-16.852945718980894
-16.840212459422805
-16.85425235018166
-16.85058021384855
-16.874632169382213
-16.84307223839241
-16.840026301499698
-16.864093838425468
-16.8479324695069
-16.823022702860484
-16.83416179025876
-16.817203754066767
-16.82777884988685
-16.804289019984815
-16.801674860727026
-16.788998271008598
-16.788225133444183
-16.797720003501663
-16.798015931913618
-16.810003200505978
-16.817455670247917
-16.816651162805677
-16.802491075179596
-16.796119643707573
-16.804595594277234
-16.82895831245868
-16.851853776638755
-16.828938123850207
-16.842637857891162
-16.83529263781748
-16.83069183928319
-16.8579143927272
-16.85307839508778
-16.83293352155401
-16.80166132972993
-16.805702450458135
-16.829784870933647
-16.838636427516658
-16.826471355588016
-16.819851715268644
-16.82113180145709
-16.837121377309906
-16.85051501421008
-16.83782673868442
-16.825382777476474
-16.822294857101276
-16.82224198341041
-16.83978939493378
-16.862115813987998
-16.86964428060309
-16.874032413091026
-16.873608932420016
-16.910254545454528
-16.910913065556507
-16.91752191981789
-16.920164548692913
-16.897174556961595
-16.895347532835192
-16.88742257801015
-16.895447078915325
-16.908347429113448
-16.898742366088946
-16.888981699801462
-16.88166595085838
-16.89593202669444
-16.91389095235556
-16.910383818413433
-16.927651455084305
-16.946927575072436
-16.96283299004975
-16.981630388723275
-16.989410909551587
-16.994366382199484
-16.980857826695026
-16.969692293304583
-16.956155448831627
-16.9664903812392
-16.969680189341755
-16.95398557549445
-16.956947838639394
-16.964567780790308
-16.976239980971535
-16.95350425249795
-16.943134365901273
-16.967496853182922
-16.981924404415793
-16.968447608339122
-16.958219097982965
-16.955194054895607
-16.944319481363003
-16.93562680772265
-16.914493027081132
-16.900092518894997
-16.897629830706954
-16.898832773415187
-16.898374021748424
-16.91046095100822
-16.901918275089088
-16.895808956267764
-16.888899978800065
-16.909179513021357
-16.90364714712706
-16.897189140588345
-16.89734865403342
-16.915487984326617
-16.91468649668476
-16.909406887117036
-16.910218692281763
-16.908059527951558
-16.88857943758616
-16.883172806158992
-16.888164295913544
-16.867182816974466
-16.879265525850638
-16.854071172962183
-16.834337090805672
-16.828374332487765
-16.82108452430753
-16.794070817198175
-16.765027055998676
-16.780307114740744
-16.79973923826826
-16.817211075295898
-16.815642131125053
-16.811489710098957
