-16.791500806849864
-16.802244054922284
-16.804097643104463
-16.818288455716722
-16.853553784243687
-16.856685906189334
-16.845898559161895
-16.817820462292886
-16.819595297008515
-16.831687180715114
-16.811018479122936
-16.8085122327473
-16.79896622636456
-16.795902328995318
-16.803069314549717
-16.83897788649349
-16.84383543079322
-16.859226375578316
-16.868324846687212
-16.830941356160682
-16.843298855623367
-16.822372237232468
-16.803303771231892
-16.80351109346213
-16.82177297383328
-16.79270327188596
-16.804505957200785
-16.77904740327761
-16.734359386831237
-16.740494338286044
-16.743728981103747
-16.738555560111575
-16.734682889862988
-16.725194597120325
-16.719544848536906
-16.732520805548702
-16.73723195853812
-16.75908955438248
-16.775405618379203
-16.766685963935206
-16.79027815540665
-16.809506733478816
-16.84018989536316
-16.85777300319009
-16.86722367992412
-16.86882538095623
-16.860182515499442
-16.83665021826177
-16.80830095547263
-16.78498137694369
-16.776304745710963
-16.71930104563881
-16.75834250872546
-16.729099863550157
-16.77367776071894
-16.761552594934198
-16.76929540938136
-16.778742926366586
-16.809137938708457
-16.80139697502135
-16.78278116607502
-16.768420708222322
-16.776482708420925
-16.747946399626645
-16.72056958753239
-16.714817028840272
-16.753306723740494
-16.741870303795615
-16.75695103795087
-16.749163157378035
-16.7876591939197
-16.76710086873885
-16.76530433750226
-16.752223758476493
-16.742025039048634
-16.81058789616477
-16.792034478126844
-16.81877076050984
-16.822862735125273
-16.81885324150634
-16.80684919150892
-16.819471674998958
-16.803432117442323
-16.790161413415234
-16.780062714407567
-16.80870491695645
-16.801815751450135
-16.784636386322155
-16.801729254450752
-16.80767452733423
-16.811690498091455
-16.772554683727385
-16.7405801257282
-16.728620578921216
-16.721215159611628
-16.707615255883777
-16.72972618517289
-16.69880892827938
-16.712627872442503
-16.723091265602633
-16.747594848331165
-16.76086509512205
-16.777786094224837
-16.799429519401645
-16.78636861429553
-16.815855865661877
-16.768410533449433
-16.734093949775612
-16.768685521795895
-16.760194403630283
-16.74556567528045
-16.747506379551
-16.72240093257223
-16.738357067985014
-16.746860235687905
-16.72791725447754
-16.721591311812986
-16.74996115855129
-16.73881685452745
-16.751073180158972
-16.757933384526012
-16.751453448015216
-16.752810250477847
-16.759345557317566
-16.763586762382914
-16.747948093239504
-16.77380211374583
-16.766332487827615
-16.76193820880199
-16.735901642918066
-16.727486930736173
-16.742762341013538
-16.705659933935465
-16.73570668460233
-16.750691818599982
-16.75340459963015
-16.708942903727422
-16.714031951326596
-16.716412234010196
-16.727891962128805
-16.740007497327873
-16.747951422858883
-16.779150388155468
-16.76301694487702
-16.719145713384208
-16.717409508539653
-16.712976089111883
-16.730566810108503
-16.752684864431266
-16.71912183371744
-16.701842210363345
-16.688194251791455
-16.692879832610156
-16.68149493968849
-16.719473680622993
-16.6869957089791
-16.67026385270003
-16.702592769036936
-16.690914832206065
-16.657966224375723
-16.6773682501646
-16.689684354150238
-16.67935901538207
-16.682157564121823
-16.664100171150665
-16.679523999233663
-16.706254728833503
-16.70713808323579
-16.704781282986794
-16.693793262524263
-16.673059728718233
-16.63216765984374
-16.61737305930348
-16.621829422787282
-16.624441237806657
-16.59768516363826
-16.65299264583672
-16.653372305432477
-16.67912931354594
-16.68686235042383
-16.705962089460133
-16.70828838514795
-16.7308308268056
-16.72132608032494
-16.71882479620658
-16.712276584774795
-16.723589520310302
-16.73735472700626
-16.726223495042937
-16.732469772776604
-16.74630787530518
-16.756275987245417
-16.76769207331695
-16.796826901354088
-16.776609110566316
-16.79857264139285
-16.780475263410576
-16.773989118311658
-16.75627500558112
-16.78028265076162
-16.78893388087915
-16.79825269514797
-16.758659049169218
-16.733150661537366
-16.717338071321535
-16.73615283765955
-16.758646135461294
-16.742638015145822
-16.706079130292565
-16.67305933216824
-16.700393722579292
-16.68570560461614
-16.70812270445766
-16.6798739337249
-16.706200003167005
-16.72022215400336
-16.681463278480887
-16.687782318203677
-16.679907552525698
-16.66323186969257
-16.68311929760198
-16.710429696555835
-16.70798180747463
-16.712477704362698
-16.73268681867692
-16.72947156867697
-16.72019695995149
-16.72551677549108
-16.696785684111422
-16.685840599090483
-16.668518735515594
-16.679594298344686
-16.67985161678363
-16.6667888009186
-16.669305828934412
-16.66244259428212
-16.69043907602296
-16.682154890375532
-16.684327192369512
-16.69338596256077
-16.679067629325974
-16.667984947884687
-16.681745322676004
-16.67729496640143
-16.677944006788366
-16.659734819661267
-16.65773132123007
-16.633994326402895
-16.672015981668764
-16.69835010887295
-16.686952534308592
-16.72129089875694
-16.696585984973876
-16.711517439623343
-16.707194412942997
-16.710105528747068
-16.71259062528482
-16.697188493088472
-16.710195490343217
-16.69857109054275
-16.74329258691719
-16.751265559574072
-16.79061248166762
-16.748307477677095
-16.774532076687855
-16.76700511251737
-16.75883696039812
-16.746165667877676
-16.753858656987198
-16.715057132584057
-16.70418168590037
-16.714957972103488
-16.724140484722994
-16.730120440124303
-16.74890011884478
-16.76789222916481
-16.812347632668992
-16.814883921612758
-16.83616777866799
-16.851169425708974
-16.88551886846491
-16.86440208983033
-16.854050514447806
-16.80476175090194
-16.805199416507126
-16.795689628026626
-16.775000206584
-16.761264735984273
-16.733496789627402
-16.766234705161253
-16.769897467574197
-16.755700135549674
-16.793608534378112
-16.826664928666485
-16.854063170413383
-16.851732505033635
-16.853653171608222
-16.859759290968235
-16.856671324822138
-16.83585253950659
-16.823260351156296
-16.85313416843408
-16.844489718292802
-16.807322000228854
-16.769610698778017
-16.804578902467835
-16.78104186564209
-16.77496267312557
-16.78128767476073
-16.78402546604522
-16.76331207894157
-16.76093763098771
-16.78732233064046
-16.79775722580848
-16.816743518247208
-16.818796623519262
-16.816889461891407
-16.839582449488177
-16.835733359945632
-16.805425167648227
-16.818724226594128
-16.82269237700686
-16.816394631616895
-16.835508713163943
-16.795241689788355
-16.80228321475109
-16.793235425315768
-16.80298396090158
-16.792055000863527
-16.785619695485238
-16.794684610079507
-16.81413109254827
-16.814960691352844
-16.837077653488635
-16.832184696413723
-16.82968758888182
-16.82894342716321
-16.84910790772209
-16.874856798726533
-16.84388111505704
-16.826718072182818
-16.809691179865368
-16.772052109871883
-16.78537808573769
-16.808093677151458
-16.78826671777785
-16.807086700296505
-16.797745869163233
-16.777152669218992
-16.753716644892076
-16.739153110676373
-16.726058140912883
-16.74125712343859
-16.740497973253188
-16.744747012575722
-16.751627330912616
-16.765936931137283
-16.790989102006225
-16.815248504749952
-16.809934835204732
-16.818010084268398
-16.848497033339566
-16.8407163885937
-16.840703946882932
-16.83109369618157
-16.815134062662956
-16.820512040013792
-16.775212082282042
-16.788861646635194
-16.789228869582903
-16.79575110568715
-16.787744992343278
-16.752673611748467
-16.749015098890705
-16.752380723953358
-16.750625766932473
-16.772004279749613
-16.804362236199918
-16.80929029656598
-16.797421974442464
-16.780518708283736
-16.75325576708816
-16.74640498247737
-16.766527503359175
-16.769543961382563
-16.748203691331405
-16.74607587749725
-16.717094641858267
-16.715572761895423
-16.72387545933301
-16.70903561686361
-16.722607659714882
-16.71986780475599
-16.71595069190514
-16.69061952479052
-16.697286352831952
-16.704291799097856
-16.710237188230405
-16.73088443394539
-16.716610915477098
-16.723398139026365
-16.692916484357692
-16.69701437730063
-16.685990668571982
-16.65726881164392
-16.64361820256546
-16.657486129295325
-16.67578947922966
-16.674762259368954
-16.709402506103743
-16.72034127183396
-16.723049446568723
-16.71956289190237
-16.732331293770685
-16.73183820777623
-16.710717722435003
-16.689981134849248
-16.713038299934624
-16.739541412203092
-16.75794350634572
-16.73401408916863
-16.71348447339636
-16.717196319295564
-16.702089436213672
-16.67326525670922
-16.680347455283734
-16.68285570289867
-16.64563623316665
-16.651525256527034
-16.650536967267982
-16.698118892712504
-16.702497533599704
-16.711102168612175
-16.6854685290607
-16.686992378712528
-16.676526393346563
-16.706191609211423
-16.721244093818214
-16.689096276424106
-16.680285354242134
-16.655822550142055
-16.682106838259337
-16.71797879155986
-16.705761567668905
-16.696239049558486
-16.656625294436903
-16.6523421461712
-16.604550348042917
-16.613186918410154
-16.591805506891085
-16.607809257920746
-16.62543106359866
-16.6289955819672
-16.629712904442332
-16.652594933107142
-16.637583290994094
-16.602930001225882
-16.635223334133755
-16.6208729607998
-16.653784352084532
-16.643645214419806
-16.651124669989752
-16.63540363232718
-16.61212824785708
-16.614378793453756
-16.60818091269634
-16.585502190484448
-16.566604576842334
-16.572652953938864
-16.563938675537155
-16.561139780502593
-16.572956466611796
-16.576346649167846
-16.630743270224578
-16.655111069925994
-16.65528781567622
-16.644455514883315
-16.64761564424217
-16.59372349819139
-16.65707690599529
-16.620398941417314
-16.64536276514696
-16.649737830905288
-16.643351164903002
-16.656169112816443
-16.590604223295635
-16.59596108818924
-16.604596296822756
-16.573888159214135
-16.574025086228698
-16.596483052841716
-16.62127169243316
-16.64885595175403
-16.607861423403442
-16.62997371877933
-16.623297714411454
-16.63340018212969
-16.607301335630922
-16.61268088919852
-16.60785262327633
-16.58116106108407
-16.599860872498493
-16.567048769059674
-16.6000169541673
-16.58985974631858
-16.58394936581704
-16.589640081431984
-16.603849888155843
-16.592474775262684
-16.59163513397405
-16.561231360185023
-16.556489008591086
-16.551858491700354
-16.540449772435462
-16.55962173836588
-16.5914100822382
-16.589669392301804
-16.608349114242976
-16.595745899886445
-16.570430340079337
-16.534033327735884
-16.520599283961765
-16.553061466579425
-16.543811324045922
-16.548464988196212
-16.555185856549237
-16.573542635258068
-16.596590930976856
-16.571786360671698
-16.58938919057677
-16.619718484327393
-16.623844227331027
-16.61000309814518
-16.626121751587227
-16.633767287737562
-16.607883487175712
-16.639800486600258
-16.621887388023595
-16.613008110520035
-16.60899895051104
-16.58470947969606
-16.597355683192514
-16.6153353849714
-16.599249699382355
-16.60602150552209
-16.613018714470517
-16.65010345292507
-16.669797918034718
-16.68761038407145
-16.670606860353402
-16.651989692554693
-16.6744721302839
-16.67296413893836
-16.671707085235095
-16.687484619010107
-16.716782134583685
-16.720647472791413
-16.761526967018778
-16.735763585953944
-16.732307934836353
-16.7303243430449
-16.7689162392476
-16.730572770012717
-16.74267613653418
-16.68029388052786
-16.67267309552321
-16.67738860803378
-16.668307969644406
-16.627174654307428
-16.637801031133016
-16.626934338679824
-16.646248753344388
-16.658858725242148
-16.63701785471768
-16.650666990038776
-16.64790420833384
-16.625559210453815
-16.636712445862678
-16.627313904852265
-16.623983319617256
-16.620299984981923
-16.618977204697174
-16.608006814926586
-16.618608028383317
-16.63632218437083
-16.608484827232495
-16.627643158449104
-16.60722089963482
-16.580257567448704
-16.56192279167466
-16.587552998484412
-16.64149226249319
-16.607720112491947
-16.60546299209483
-16.616618968529828
-16.632213577370237
-16.65245502080388
-16.6476882574137
-16.66054174289196
-16.643843728127145
-16.67902475485976
-16.677037341812305
-16.675973365345502
-16.657830343915062
-16.65611541657905
-16.650806053560817
-16.631869457823655
-16.639394341377624
-16.643579551609058
-16.667328333249344
-16.680618780651585
-16.6592423463742
-16.647379618997114
-16.677895100605557
-16.670633776771723
-16.66366992584553
-16.679235947733332
-16.675053775985518
-16.698064313596966
-16.693449934691177
-16.66622612323408
-16.63254575920546
-16.631302124717624
-16.60991661252605
-16.595348651376998
-16.602855863666566
-16.59539816131858
-16.57623812262963
-16.567581706225205
-16.583052031080488
-16.55283793533026
-16.563341700763875
-16.588450135056355
-16.64991579433435
-16.640401023634556
-16.6423373383563
-16.647007885768424
-16.647237411515565
-16.645746676749415
-16.645575911519426
-16.645286624063026
-16.619257492315064
-16.60140886582268
-16.632528214158366
-16.633178338803187
-16.633615458222906
-16.598036764899767
-16.588141110439516
-16.59243365971586
-16.605048573817374
-16.554751806047197
-16.561847377669103
-16.58921690099411
-16.607703250839037
-16.590626231907773
-16.61569896034231
-16.611604794329544
-16.62070739711885
-16.619821480253087
-16.625941754601588
-16.62975605839725
-16.645401313128392
-16.603327789673664
-16.61024375675563
-16.655382698237815
-16.625508094528016
-16.62594985806582
-16.66048289118651
-16.631953436555207
-16.623980671694284
-16.657817627008935
-16.666606340108338
-16.647098403160353
-16.632455450215176
-16.65693801778718
-16.62837778996473
-16.62226980212065
-16.589300031811177
-16.605704718112495
-16.619666202022447
-16.597282721428364
-16.602757123673932
-16.642179009670713
-16.638247537614312
-16.666640440688816
-16.647513735692282
-16.675009492765877
-16.635475718146353
-16.596335059487853
-16.575291911417995
-16.582382377856373
-16.579639344096428
-16.57567042688796
-16.61689982174184
-16.643411956159323
-16.632882025607255
-16.642153657921064
-16.648303835298726
-16.65631928475142
-16.642946826382094
-16.66891283530575
-16.68069627737056
-16.66011515537627
-16.631434628082037
-16.641956787690873
-16.64822377750567
-16.616560384591853
-16.62124908852356
-16.61285623456566
-16.59736792222047
-16.58869615160555
-16.58338421631615
-16.586594055024708
-16.62566716996153
-16.624261989158825
-16.651901366149062
-16.69066965741798
-16.693958592956513
-16.695165472655024
-16.703491996813444
-16.714515364039467
-16.702739274184882
-16.71501788712652
-16.701281997580892
-16.675627134080475
-16.70525870477763
-16.688500986698372
-16.660475312895457
-16.670886752406567
-16.665132078150645
-16.678501881572938
-16.66124541669608
-16.688547318346917
-16.70321547074944
-16.6776927442806
-16.701458599313607
-16.725973401487323
-16.70927688421818
-16.688280200109197
-16.681177427682176
-16.66002725078131
-16.663671046653427
-16.673045482165247
-16.683775971223085
-16.66964790903775
-16.65713181054405
-16.634317278384938
-16.63231570906499
-16.64238858903219
-16.6568637800472
-16.653000239570407
-16.690188912329265
-16.671539684084642
-16.643180682792817
-16.647680286587654
-16.679540262236003
-16.678589219501855
-16.673433135546627
-16.65918307665
-16.64630935929673
-16.6245877096302
-16.633620967181113
-16.60193248500546
-16.58771866974
-16.57938009394135
-16.57941605978596
-16.56238152655779
-16.60104475256469
-16.57032523253733
-16.558824832201534
-16.541759239321195
-16.554646631961432
-16.577533742829186
-16.5793974677843
-16.597747792196134
-16.601749117900702
-16.618127909887082
-16.605877722991075
-16.60982487488576
-16.603143676782008
-16.598933794294044
-16.56628934931131
-16.56707913264819
-16.564141717814213
-16.599339935602693
-16.626989297473177
-16.667617179693615
-16.681220857497173
-16.6648447452708
-16.659199959991504
-16.64275832420664
-16.62799561162028
-16.62457902798543
-16.667188213389306
-16.64325804020526
-16.61550588812759
-16.610002553078292
-16.607460780467814
-16.607422155398034
-16.65032879168944
-16.616813171276956
-16.635782850664473
-16.634351371026565
-16.662797624127272
-16.66553333321461
-16.665213166856688
-16.697740634740594
-16.70635142726873
-16.691380522250142
-16.70751049642859
-16.692102010753235
-16.65814488036065
-16.66407285690173
-16.661866753774255
-16.642358692644788
-16.666601857314376
-16.680225110856572
-16.706097728615326
-16.681205534135497
-16.676444512470525
-16.70173488773531
-16.71153786983674
-16.726649156199482
-16.679671522796998
-16.695564176481106
-16.706627778244016
-16.69527579370041
-16.668836990144808
-16.70804786733968
-16.70902604382211
-16.707870694455988
-16.693840271021593
-16.721082165466694
-16.719988191341233
-16.719680581172163
-16.702140634836372
-16.72295949927691
-16.743844766137958
-16.74178588802534
-16.746319863308475
-16.766845315611185
-16.762203659429563
-16.737163241746618
-16.746271108800983
-16.727846708933306
-16.707076715409382
-16.687376319683597
-16.699363801313932
-16.68361818655937
-16.68613084543289
-16.66970330427891
-16.680810447545593
-16.67889114726628
-16.72742125625819
-16.73430828785897
-16.754725031501447
-16.74400015104738
-16.74902797224877
-16.740034268563218
-16.750018738470942
-16.74650987321886
-16.716670379193562
-16.727823637952355
-16.78378991631487
-16.759691186872455
-16.723650175104325
-16.721077853749055
-16.7371383353033
-16.705434037060574
-16.727879614398624
-16.737606278067453
-16.69712707924832
-16.715317654509985
-16.715853390830386
-16.705156352146922
-16.75611051393889
-16.756353954289352
-16.766102460938384
-16.805190755171147
-16.790550376238357
-16.765116013458893
-16.781720412032406
-16.754421860755617
-16.713935339375034
-16.728246537970524
-16.7343530375356
-16.72984988961427
-16.706015833329882
-16.720728377230827
-16.729443407447754
-16.690403683327595
-16.68304451681174
-16.66110439134046
-16.656359557894326
-16.713094309798116
-16.710936339651575
-16.70164794797806
-16.69292488341039
-16.700191106045803
-16.729448918941653
-16.751840799210893
-16.727350134706064
-16.73534457838474
-16.753193426965968
-16.75284410517951
-16.74882582726888
-16.788288185468783
-16.777509979194026
-16.778782049342194
-16.76854010408235
-16.799144159564282
-16.800572252078656
-16.791243816367615
-16.81783601398052
-16.835270324759076
-16.822621335647057
-16.817964181961433
-16.763601203757183
-16.76125283691207
-16.77895720465672
-16.751497865811757
-16.763502877667534
-16.778287754653146
-16.771544677793738
-16.783580160924068
-16.77553112028044
-16.781921020655687
-16.775840967974233
-16.75062231726186
-16.72341242617811
-16.711721643121518
-16.73990948541816
-16.738386744614576
-16.741354109709647
-16.726074359094497
-16.73786152354644
-16.711685776291294
-16.71864949057303
-16.722631806881648
-16.7127041036577
-16.72173727880554
-16.712469973771782
-16.713277493665597
-16.700149547735816
-16.692417090555043
-16.69743272669895
-16.670516942800266
-16.690670530322862
-16.676364512955054
-16.691626818346084
-16.671953561973336
-16.666582286564694
-16.698455421115153
-16.708837285042105
-16.687062542150244
-16.715454871052565
-16.708179971499533
-16.71041986781989
-16.672116782354166
-16.687496921605742
-16.70402797765869
-16.71992417659497
-16.718557896104507
-16.699511979487017
-16.70189789611996
-16.68488687425334
-16.70304579516188
-16.714174400262095
-16.736855589414315
-16.71150475256666
-16.703003541219836
-16.65464260513303
-16.628984742062524
-16.647195032903472
-16.664500169259878
-16.651011161813088
-16.605287292290413
-16.60989951526506
-16.60314143108657
-16.58817644048952
-16.608339164863597
-16.639689969863092
-16.64817992612559
-16.673918589256722
-16.668864210435945
-16.656969440912146
-16.65909490261788
-16.657932412561657
-16.673046877600555
-16.684867755949764
-16.661441749778195
-16.656071469272636
-16.665035076527705
-16.64061561962487
-16.605635854671174
-16.593208023253105
-16.62806830808056
-16.651135002715115
-16.643596153946056
-16.661265053918235
-16.67259088336698
