44.0
43.60941781617517
43.15587417748304
42.68958510406414
42.203248548918374
41.667625156197104
41.09617417172907
40.46705708453918
39.789661606511025
39.09371860154016
38.39761456535807
37.60149183933682
36.77677083137015
35.986736975841865
35.109046388316926
34.163174867689605
33.17850758322272
32.18719498178288
31.113415403780394
29.99662509320705
28.916642192336845
27.7073742051153
26.54170657689023
25.249390084345666
24.096204461613766
22.82285600369904
21.587577457004507
20.293250788645103
18.987675247864527
17.735918066958803
16.492530546825463
15.252233417672041
14.013428336752483
12.839435710611957
11.639867818003271
10.453804256253079
9.355013519774587
8.293937808935592
7.229250095409822
6.180066441774678
5.163146010748342
4.224895288045144
3.3097944332557603
2.4443407564971262
1.5778671556750608
0.7514456980753201
-0.002625286406321376
-0.7269434815657339
-1.4538374614681673
-2.1155168512266602
-2.745981025260542
-3.3939852078132464
-3.9917412851028695
-4.5817174255531015
-5.104450471658749
-5.643534803092875
-6.0966830403383545
-6.533595628541628
-7.001911163243161
-7.399384312966399
-7.799814629437734
-8.181237431991114
-8.541636304962758
-8.839841246183987
-9.169486695396358
-9.442886314387522
-9.72902364127264
-10.01676850790721
-10.278464311586355
-10.53024054229202
-10.729119551014723
-10.933340416700558
-11.127506488362917
-11.326700933670951
-11.489825337948758
-11.634360339082669
-11.81342938880265
-11.975855549419284
-12.155792946135985
-12.294728116149045
-12.439250301228718
-12.544893790028906
-12.68019077190561
-12.800467538041678
-12.920058954619153
-12.990820891059693
-13.085086653321017
-13.174040716830882
-13.285690240703737
-13.369804169917064
-13.445477812974504
-13.55028705836468
-13.641668768757812
-13.71045004053985
-13.7941464412281
-13.888806513355611
-13.93488942691725
-14.019203100800455
-14.067237937960387
-14.111716292595643
-14.15248692110284
-14.232421943015929
-14.287955139582634
-14.351729306052526
-14.406335737008058
-14.456866108424332
-14.490709004511311
-14.528029589796102
-14.581322750827034
-14.624933872834083
-14.667732638246402
-14.685515594561299
-14.725262238762548
-14.766141059422088
-14.795427235711792
-14.83096045519959
-14.871725582918852
-14.892751532099808
-14.916831262263393
-14.925789661757923
-14.966036606893846
-14.97135220576212
-15.019817585593678
-15.040602381063183
-15.077603605705015
-15.11374346935411
-15.123009563007287
-15.12023765204767
-15.155727787879714
-15.198056709833013
-15.244235900328434
-15.267614706443752
-15.277852275919338
-15.266512753084504
-15.314699301412617
-15.36720304201009
-15.3918091593474
-15.398175118237512
-15.403272357806157
-15.436030076710933
-15.440436134832032
-15.486615440100227
-15.482393225053677
-15.496667627014006
-15.51372518004789
-15.53862101780633
-15.519425281306383
-15.525297723134361
-15.541398853216048
-15.573278308373258
-15.603554156796132
-15.614664087614095
-15.61414251533146
-15.619130498219311
-15.633452277799014
-15.663267657864509
-15.695345894344085
-15.707569448074523
-15.731701925976504
-15.745047124213379
-15.765420574237726
-15.774744997829911
-15.76893787736408
-15.792635410748643
-15.8170610223795
-15.798288037830412
-15.807771529283501
-15.812420562356786
-15.817524093291082
-15.837154847266186
-15.820021429826234
-15.794652227020824
-15.807473770604041
-15.81305626043513
-15.808385337466312
-15.83186762747625
-15.822751344760773
-15.817117450629603
-15.842755243392038
-15.84075044684892
-15.833526817504906
-15.829375531190019
-15.841600513461833
-15.869018611814212
-15.88512999354788
-15.886486730296284
-15.890352047520535
-15.88682298909818
-15.868611489089977
-15.85105523140076
-15.881546635982508
-15.884534187671266
-15.882966223431799
-15.895122879736265
-15.92145046351602
-15.931850959219052
-15.952604549376261
-15.981891670089086
-15.976665540345852
-15.98590891260319
-15.991690916140257
-16.003307479334538
-16.01229427317773
-16.031387081655772
-16.06252687042809
-16.087225636502993
-16.08929206764662
-16.083810569138876
-16.080268391564488
-16.075207052827746
-16.070484089493842
-16.091902467074014
-16.090539878958445
-16.097072576406894
-16.106219960545175
-16.097790648499927
-16.116878706760065
-16.124235679834705
-16.105612718362643
-16.095468889797406
-16.1009768202253
-16.1063843894327
-16.106348656858966
-16.11405941341737
-16.11284513047969
-16.118906929228043
-16.13976399695324
-16.125269894048817
-16.10102330447322
-16.107273362582653
-16.11944670258057
-16.106481161633234
-16.113555286240544
-16.133951600499675
-16.142318114943553
-16.15582388776491
-16.174404433371603
-16.156631719238558
-16.156612951778644
-16.169422326633804
-16.182146158711234
-16.198709707084685
-16.19158067924796
-16.204354288698863
-16.227140699742943
-16.22543049832501
-16.22526733444888
-16.219927444309796
-16.206625131017617
-16.219965483070446
-16.237865402966978
-16.243090818336963
-16.229257592137465
-16.237930411536947
-16.25907573460872
-16.275653012908787
-16.27943280439454
-16.27874800778187
-16.264345452325276
-16.268496489260457
-16.274163501792327
-16.274424118948495
-16.287296193860534
-16.26857863630178
-16.257081342845275
-16.249958455481725
-16.249757927676857
-16.257303686905505
-16.253500517376878
-16.248430689381756
-16.249703130093835
-16.262593037950978
-16.286870504377333
-16.277531513448064
-16.289941874559496
-16.290904078294396
-16.30802018265036
-16.31777115203308
-16.317620426893374
-16.311652534715904
-16.308391167262993
-16.2940711015847
-16.302032111189128
-16.314787375521
-16.295761595929523
-16.291689369182382
-16.30254816187271
-16.326290440168766
-16.3328274945322
-16.329519053663457
-16.332838328244748
-16.329959894904118
-16.324789104314434
-16.347432995987788
-16.34563172599476
-16.377696945893877
-16.367033002208682
-16.3685699854468
-16.36788176226251
-16.387287454919683
-16.37383732632608
-16.370732504999424
-16.377920493502238
-16.373757948687196
-16.36827169481881
-16.353778474063105
-16.33185755368916
-16.328586140402976
-16.31140091896674
-16.30296131591251
-16.29988310015087
-16.28425882652829
-16.319637101566652
-16.310890591118337
-16.321048741194673
-16.320485913297368
-16.309668381746995
-16.325324436529154
-16.340533695387045
-16.344520595138462
-16.354325884302487
-16.347131590626958
-16.352001230266126
-16.352841268393178
-16.34573011978567
-16.326422359127484
-16.316931150941087
-16.336064278461993
-16.340851374594372
-16.34427874928587
-16.330543081790033
-16.327718069079744
-16.353329034952054
-16.348931610262397
-16.366020920994014
-16.372085648835608
-16.391010761395062
-16.40876154613986
-16.389552439521424
-16.384326564435774
-16.387334956121208
-16.399482469303074
-16.410107600065935
-16.40814270979696
-16.419963478139646
-16.43494410058712
-16.41705804072201
-16.427440210694577
-16.43360259804696
-16.464158797419387
-16.48446778865437
-16.480638172347348
-16.471691080133123
-16.48368351057052
-16.477110806808014
-16.517367671625248
-16.502350720289595
-16.50020006020076
-16.507346951169907
-16.498141751274776
-16.494008798270755
-16.49180505357938
-16.49242498661289
-16.505149525280682
-16.494721533177888
-16.469794858153747
-16.46008700587154
-16.480331286734273
-16.474721948748613
-16.473445135865347
-16.448210309616584
-16.466225431297847
-16.449501495795776
-16.463727016000227
-16.4604321661941
-16.451463500555462
-16.450579423208367
-16.434164326357767
-16.428993513343304
-16.400899804423908
-16.38225304798022
-16.387800380652614
-16.38444133233009
-16.395290771948712
-16.404269796247217
-16.401914445423262
-16.39250724473099
-16.406249251544008
-16.39677173108438
-16.413709484706573
-16.415696758089922
-16.411034404653464
-16.41353038335383
-16.402570232598457
-16.38656720985184
-16.386235839372354
-16.42161738486744
-16.40127730660545
-16.417040109607345
-16.422023722070605
-16.42465663745149
-16.413127082595278
-16.408284151739913
-16.41950928984343
-16.41504866220974
-16.407788908489756
-16.394392177801745
-16.370669643901778
-16.3562380208796
-16.361928536255505
-16.35505997278867
-16.33849473029943
-16.363015360828644
-16.35821450935693
-16.361154215350854
-16.364005840792736
-16.38804325044729
-16.38509920583785
-16.40643866838541
-16.421832246109965
-16.40077420625678
-16.421217552776547
-16.41676042039801
-16.417698404739316
-16.43332731878787
-16.452863627314688
-16.468918445193903
-16.462039163087873
-16.46475051482097
-16.46651977880268
-16.447660032847956
-16.489159151140175
-16.49669561414674
-16.50750892541813
-16.506577629619837
-16.47479962333039
-16.474286336181166
-16.47744821180499
-16.468904417011277
-16.47543405863876
-16.505128715324453
-16.500513860770493
-16.507522809418976
-16.491627040050357
-16.44247160115811
-16.461758368460842
-16.463870755428545
-16.466263704688025
-16.464988917961943
-16.43428660936565
-16.440971857029847
-16.455746183115465
-16.424116666734374
-16.41616977955777
-16.420078284170337
-16.405333485926388
-16.413325768821927
-16.411854414485575
-16.423184016255423
-16.41551044368649
-16.423660364248086
-16.41717156470522
-16.415026901662007
-16.422532493023727
-16.430713736213654
-16.412029838731314
-16.404631162651008
-16.390082925933367
-16.386984452684167
-16.39695593272594
-16.412747092033765
-16.4178473898694
-16.416717732830072
-16.417182818536318
-16.42379726397811
-16.429006366091176
-16.428953295067007
-16.44439296911419
-16.43049713748839
-16.41177844046964
-16.435497525840912
-16.44660585313287
-16.446536796539213
-16.435973268230757
-16.43337999504327
-16.435181014795855
-16.424448278591775
-16.43125374616028
-16.459302218201973
-16.438054958499524
-16.438347304833442
-16.467027975300464
-16.460470589623675
-16.44872002226941
-16.449691337330243
-16.447980564708583
-16.42991117219491
-16.41918136034836
-16.413589361514056
-16.381639035824286
-16.386541160441197
-16.399249508660947
-16.393347184792656
-16.37755964858071
-16.388826240278526
-16.410658292694105
-16.404086353668497
-16.416502858051963
-16.413907491417927
-16.43147788529572
-16.429027364098054
-16.42991381771285
-16.41558116690496
-16.395294942625576
-16.412588828111307
-16.433366228718416
-16.448421293047573
-16.4392629801089
-16.46733407993106
-16.46765286660674
-16.44741132023919
-16.471517720936905
-16.456890443848376
-16.44475757090983
-16.449572313416255
-16.445709662011925
-16.444670018262606
-16.424326411072595
-16.427246655459474
-16.430370406973246
-16.43672995357706
-16.423438486813215
-16.438332479769905
-16.448873695850082
-16.467953531802163
-16.46637935840755
-16.47040754234032
-16.467940926750867
-16.45062659026478
-16.47571930894761
-16.484976537906395
-16.494276490516786
-16.468618975634616
-16.46518735314661
-16.47454226661117
-16.461173099134705
-16.46835145290683
-16.468331421594666
-16.45218053288032
-16.469696547286727
-16.4835533724825
-16.47965564532132
-16.48158157809633
-16.479198481972375
-16.491768797617627
-16.47456045883095
-16.478068448914733
-16.46866688903822
-16.477927025148354
-16.484882039599796
-16.489379389986095
-16.48738125611851
-16.48522592817859
-16.474736608921035
-16.4887719385051
-16.486655328008872
-16.486177083623076
-16.48500261267185
-16.488512328407356
-16.50049603963891
-16.504490144678314
-16.471254159160313
-16.473767242791393
-16.47470340184752
-16.48586540418464
-16.48504290098164
-16.47315886373491
-16.486968586344386
-16.481511078673627
-16.469349160174893
-16.47465862866314
-16.47128128351738
-16.466713793604505
-16.490097776069916
-16.508074500860467
-16.531979441136496
-16.515628996226386
-16.49841021601406
-16.51306083925325
-16.49021484695103
-16.504031262191166
-16.502984730318527
-16.50778252807549
-16.492772483867714
-16.501749246538857
-16.49977220292905
-16.510131589546152
-16.512729176051955
-16.5034616663847
-16.512580695197922
-16.486366084182478
-16.481298080864963
-16.487242190183448
-16.48751568640225
-16.48054892493853
-16.49143738590722
-16.49113842191331
-16.47841562282838
-16.495846311251846
-16.512739779415725
-16.491287343788496
-16.492371289859538
-16.47581752069285
-16.459906327381468
-16.450419667730216
-16.492865140401054
-16.490367023659484
-16.500883949398702
-16.48276772747264
-16.492760293237264
-16.496118071256667
-16.484497656164027
-16.491754060572884
-16.474290686059756
-16.45435843693107
-16.443092967018696
-16.413040375062973
-16.404526478563294
-16.432294364803404
-16.431658853605846
-16.429749214631222
-16.450522205264537
-16.43123483656005
-16.41857705291769
-16.423549436859805
-16.405821818360007
-16.41195953982578
-16.385589974558922
-16.37532929784647
-16.37805952686179
-16.372352653824723
-16.361718583562876
-16.369387150116193
-16.378473891201885
-16.38991830347597
-16.398696185598038
-16.401340294258
-16.40728990480186
-16.413648573628137
-16.397960681054002
-16.391226952366928
-16.3953259623875
-16.40376955112282
-16.410363007645387
-16.43003800288066
-16.44898847705504
-16.459424918204956
-16.444313808907904
-16.445533636263168
-16.442989325383667
-16.438485631166408
-16.454327234876203
-16.459758559689558
-16.447317801152803
-16.456470353458563
-16.459397536577487
-16.447974073275006
-16.438878548114115
-16.421005775234043
-16.408376908711677
-16.42129597006725
-16.411511450989064
-16.40471292880862
-16.396790907071473
-16.39228827441683
-16.38933171347657
-16.390249010674047
-16.37502558331263
-16.417690978895205
-16.4373453461962
-16.44223318376129
-16.443321133513592
-16.4345031807107
-16.447905846274285
-16.467781945846177
-16.45625502900991
-16.475837624266255
-16.47254709044772
-16.467545194322202
-16.478122852697734
-16.459224761422366
-16.472881988736216
-16.45210814398381
-16.442810588675048
-16.454988140241078
-16.452223625297332
-16.4594669374857
-16.440563802164124
-16.44125331317184
-16.483155088101434
-16.49867249006974
-16.48538009585745
-16.484221204483845
-16.489316686400908
-16.521699873245975
-16.52276941611584
-16.51410866810577
-16.5262925107891
-16.549893580043626
-16.53069582373997
-16.546590942784025
-16.54251020917546
-16.557476187425515
-16.538781170946937
-16.542538368041946
-16.521357309086817
-16.53623160993372
-16.530068639215212
-16.520338341723566
-16.52533304099846
-16.522211795392362
-16.530048646772844
-16.54532833653119
-16.526115897786152
-16.528490719298432
-16.53132176741979
-16.533623584117347
-16.54233260904914
-16.552174161149093
-16.53739510266403
-16.536640496869605
-16.553160384520275
-16.565314634786652
-16.556266944254105
-16.554714510010534
-16.551397327565812
-16.53243085314521
-16.548998786054966
-16.52457456064711
-16.49870022840617
-16.491136765266774
-16.4798853086687
-16.48949039002565
-16.49983408070764
-16.509120923322733
-16.49878475729237
-16.500800822371925
-16.490971404605183
-16.483628315304845
-16.480177719690328
-16.4897246840391
-16.461343191219285
-16.458184207451904
-16.451014039452218
-16.475646818871535
-16.47448481150812
-16.482195310059478
-16.48776245421922
-16.50807031307662
-16.509047210070314
-16.517034000471767
-16.516508622723162
-16.502813189000094
-16.48700666944649
-16.49027366269657
-16.512608763966465
-16.547025106137212
-16.535314654752163
-16.565287972036504
-16.564388410977354
-16.564483619607273
-16.578282257422853
-16.592109695079504
-16.59732671488116
-16.597149694785646
-16.594910828680657
-16.586741581006194
-16.586504533202458
-16.597318640562786
-16.587066211214882
-16.58815007745159
-16.59606788253339
-16.58672023250667
-16.58636977843303
-16.602487931895627
-16.59469965038928
-16.58575486820596
-16.58300596928898
-16.590072477739103
-16.596493319558668
-16.613507530239517
-16.62113617994196
-16.632737966007806
-16.620992337923628
-16.623317078742208
-16.646570095748096
-16.643147251982107
-16.643440543481834
-16.6435883263802
-16.627005945777423
-16.60486284161042
-16.586289376546176
-16.576501627256917
-16.567853625230722
-16.563732413160096
-16.56724936944625
-16.560171333346315
-16.55085305494837
-16.556338060999828
-16.56549084579737
-16.530109600531176
-16.542535453010775
-16.565919883172977
-16.572180901133716
-16.567000053853196
-16.55524308329406
-16.554198779223295
-16.5630950910903
-16.57644844386006
-16.568496324553223
-16.577380600523977
-16.57835346094352
-16.58057262684535
-16.57561421698947
-16.562473213982475
-16.556091873509434
-16.553033169297223
-16.536624820650587
-16.538548397156227
-16.53885495717799
-16.558246123669754
-16.555924532500025
-16.551889213457173
-16.557394437587423
-16.56032978621482
-16.56933679587292
-16.56718343708699
-16.56459471452163
-16.55708371734698
-16.542691731140714
-16.54428917360929
-16.550472773699152
-16.55092167186645
-16.557738373875804
-16.557145246975026
-16.58516659415958
-16.59448423860175
-16.586745486994
-16.601161921197182
-16.621508056808878
-16.619942699438383
-16.634991085870308
-16.639783951596243
-16.655218949237547
-16.658682482196166
-16.645258991750712
-16.641037569449374
-16.613460167307085
-16.616737037694477
-16.61754916160141
-16.619206054835573
-16.589255436094746
-16.590129753167403
-16.600208325469634
-16.620158753596524
-16.601762912912264
-16.603543118628032
-16.596661534750393
-16.57245390834871
-16.5940087380721
-16.600645187747133
-16.59388156347461
-16.584775665138924
-16.583699257689407
-16.55932692823495
-16.578617588191147
-16.58334085591756
-16.585094665987647
-16.59549874392727
-16.59875175779307
-16.585812609693434
-16.6048550229033
-16.61864818240839
-16.61816932733283
-16.625469430117512
-16.61623608341451
-16.625289590219545
-16.624294642438507
-16.623759972732632
-16.6303152183002
-16.639881132683602
-16.63811498630498
-16.62288691794276
-16.619916411624484
-16.631084613428957
-16.60327971614591
-16.614805168851824
-16.60648921172352
-16.610734293890363
-16.61877427567666
-16.634097669613357
-16.614278096415525
-16.588183125427726
-16.5853764854339
-16.58191444492771
-16.592934338848895
-16.60434809279073
-16.617876244017044
-16.62380251037469
-16.617428674499482
-16.654272157163728
-16.650348849942507
-16.620912946957063
-16.60103228974969
-16.58860825580642
-16.591742611446232
-16.594999497748145
-16.586825111932008
-16.602976354886486
-16.614696052225913
-16.62139861281367
-16.602482898537115
-16.59983835039741
-16.60856333765437
-16.575372352005054
-16.59279516275155
-16.602999681630866
-16.623969783456367
-16.617772154661203
-16.59003908582911
-16.588980547514378
-16.60665658889404
-16.58834776607355
-16.58441245047177
-16.59051944983358
-16.608410303160333
-16.60776637350151
-16.61487459438584
-16.61484885125454
-16.599832671003323
-16.588516861173
-16.592476355823923
-16.582184835834614
-16.587311021709155
-16.60010719259621
-16.60174885274938
-16.61470398665435
-16.596773020191435
-16.613816582704757
-16.602148596333343
-16.582071477215614
-16.5574471387769
-16.57903159076443
-16.57279740335149
-16.55833127753961
-16.554097477380232
-16.545462064525765
-16.575924677651184
-16.5806921355193
-16.578351577926703
-16.589038464029638
-16.592954928918704
-16.587115509191495
-16.575413559444172
-16.55183783980658
-16.53183330377153
-16.549387834914505
-16.559026839190135
-16.560795067817974
-16.552235068840176
-16.557668493916722
-16.572019239501667
-16.591012592985507
-16.597878532757935
-16.57951118063967
-16.574755578653747
-16.554254549799122
-16.56030461581464
-16.561448080453488
-16.545903385562394
-16.530183018349675
-16.55692497099089
-16.53942479811622
-16.544461878175312
-16.533743125665552
-16.528617422397755
-16.5187835891261
-16.51616955576534
-16.52112557761711
-16.51665260496351
-16.534900367953508
-16.555868419488778
-16.563823741950763
-16.567131986008253
-16.564199249983545
-16.59127345726914
-16.606961542715247
-16.60012125553172
-16.581605007463033
-16.565826097456817
-16.585518334345895
-16.586515795364242
-16.573834241839876
-16.570376526200512
-16.56736830489228
-16.580722163373515
-16.57346341926447
-16.578273166661184
-16.59368180392435
-16.585161466758475
-16.583513031726262
-16.578744825745055
-16.574689073980583
-16.55525268178736
-16.53906429678693
-16.530915906915347
-16.528399853396138
-16.527927416846595
-16.540522932329964
-16.536675864203115
-16.519692278721863
-16.533223278925988
-16.535357278423533
-16.52153602894524
-16.512999050889974
-16.531020025011586
-16.527584891334985
-16.52924857150265
-16.532759810322066
-16.538162319264707
-16.54975872228065
-16.550490729202654
-16.55560974077505
-16.59090171989023
-16.600406157045985
-16.620124802650484
-16.621176047234602
-16.60349446054076
-16.638365343151815
-16.63746758072467
-16.64451333173574
-16.64928714208227
-16.649951913254046
-16.66423135529641
-16.660589033215743
-16.653220745900317
-16.673692909148944
-16.68473337445628
-16.683618918127546
-16.697528038857087
-16.70089205859565
-16.712360923613787
-16.687026598156493
-16.70880373503617
-16.70739367671664
-16.712058684708005
-16.73765032255838
-16.740176744834333
-16.74935155340633
-16.731206021061723
-16.7407816398946
-16.711832306582792
-16.70051814476826
-16.716874786457105
-16.70744804024019
-16.719569580203927
-16.714746288502074
-16.722195482933664
-16.71479411698029
-16.732733156506953
-16.727166440297296
-16.7107933087546
-16.712757921517976
-16.704956111063773
-16.683182453094556
-16.682011595285932
-16.678935831563894
-16.695387024816466
-16.683221857534562
-16.6835732678746
-16.687239928936563
-16.669897322041315
-16.661917653717836
-16.64375399789107
-16.660844952267947
-16.67386581194621
-16.676663052128887
-16.665030754735728
-16.67532000744643
-16.679794274183127
-16.684302545209622
-16.67264892862733
-16.68715024321756
-16.694383569480525
-16.68568115959566
-16.693886602195903
-16.70186744009425
-16.726857302765218
-16.738136997211605
-16.735501444905047
-16.73675151386419
-16.754040736148937
-16.74726460759635
-16.738425609153595
-16.73668321757492
-16.719503425491524
-16.717087086556532
-16.69716181763315
-16.68991996109732
-16.722355240901184
-16.70199887752986
-16.723299241244245
-16.72773594939908
-16.71932081543431
-16.708216843828694
-16.695489047434133
-16.66234437087022
-16.67232669260298
-16.678315025532502
-16.68198400648025
-16.720980611111727
-16.721407717976994
-16.738995908661103
-16.739516481165282
-16.73044710880124
-16.742737403183256
-16.751111537059405
-16.738908286863147
-16.729467534433276
-16.724658424362946
-16.708338470213523
-16.70755595710072
-16.718474802879506
-16.723329665940067
-16.702363622282995
-16.70564273934309
-16.695205794560643
-16.688202287704907
-16.68916670109101
-16.657704466282855
-16.639176112903524
-16.627212848457557
-16.62486627665343
-16.629788867242564
-16.636430725808673
-16.659335980640904
-16.64475226536227
-16.640865578606064
-16.63510557584462
-16.65194348023229
-16.681061134839407
-16.67570285307123
-16.65692896658161
-16.65038822163945
-16.657464841302502
-16.6583332247659
-16.666236095507145
-16.656079650296373
-16.663894615422464
-16.665373692715676
-16.66553627633357
-16.683950631662714
-16.680695519187545
-16.67319982986466
-16.684709083974987
-16.68687368006828
-16.693255696093857
-16.698668940851718
-16.701903288226536
-16.66678704777268
-16.661786039516496
-16.654993050350726
-16.644872965429865
-16.64219545425105
-16.64916558985788
-16.6526665930889
-16.64292252365452
-16.64951910960953
-16.650699855438237
-16.64527141056529
-16.65001676183172
-16.652833439549177
-16.649080850449664
-16.656496155854423
-16.66011318994285
-16.636017527670038
-16.619236716303266
-16.639053542656747
-16.649645539718595
-16.65520019314515
-16.655512140382307
-16.67753637383789
-16.70194150670938
-16.694722287451697
-16.700168675036235
-16.698148499376096
-16.683415088594874
-16.670148796129748
-16.673329137733525
-16.67689018603099
-16.678298580739927
-16.66943994951555
-16.673886808991035
-16.67919469609978
-16.687545219847966
-16.684667988015924
-16.68471642152433
-16.68938104233024
-16.692827296850623
-16.664821442780042
-16.67251141945473
-16.663730292757677
-16.65873779662054
-16.650197612004817
-16.653689455711707
-16.673072179119885
-16.667349099040973
-16.6683981265981
-16.647574671261278
-16.672142968752524
-16.67708297411854
-16.68085234948038
-16.690754305533517
-16.698591733265925
-16.711714736099722
-16.71820448834705
-16.708309004144084
-16.720437499539475
-16.721823572708594
-16.703593832166153
-16.686086248467408
-16.667504939519038
-16.672108375487223
-16.69119057925533
-16.696238360040883
-16.714964121088585
-16.718813664863106
-16.720836194582574
-16.719376917605334
-16.73259802170382
-16.7454536675871
-16.742604712485544
-16.715211598621934
-16.736903159568726
-16.738646513735596
-16.730891333776686
-16.738089938126866
-16.7247217515047
-16.737110839408427
-16.754561396753452
-16.751276405565374
-16.741740342141973
-16.738810677522075
-16.737843069423626
-16.740273890346266
-16.760162943399195
-16.752107464157486
-16.74711966694821
-16.767055069905965
-16.80059974863396
-16.799414985492426
-16.782619839086887
-16.791428209484046
-16.774271132668428
-16.812353709415664
-16.793400249728887
-16.785292976639465
-16.78322358036533
-16.781338859380202
-16.767907290343338
-16.748157385254686
-16.737575289550723
-16.741295824764006
-16.73049574420006
-16.738462889762477
-16.744820141360062
-16.75658325866953
-16.74656605859839
-16.72953058238572
-16.720238901993916
-16.717949671979706
-16.711755459626968
-16.726097053997005
-16.731530842547684
-16.729806913957148
-16.736419040208368
-16.737184377014405
-16.756752136124458
-16.74449720201797
-16.73488241473165
-16.74494711909159
-16.712793345275138
-16.69092587400864
-16.69126856788075
-16.69654141073434
-16.697672737247363
-16.697416599599805
-16.68747909847768
-16.69251391175598
-16.67881863007309
-16.68841099737998
-16.67508086290107
-16.693812747672887
-16.70329284599498
-16.68490099994891
-16.68127920150504
-16.673542411858815
-16.677979536624672
-16.693033169761826
-16.717420766465235
-16.707826592775362
-16.708166297870783
-16.68141321278474
-16.691425297474836
-16.685395938818683
-16.657269401157514
-16.657332323195547
-16.63304377639926
-16.632168688301626
-16.636289174199195
-16.637169413870172
-16.64955250370784
-16.64972548179237
-16.632165917032996
-16.619952442475668
-16.643188411173693
-16.62057032091603
-16.620337708413466
-16.616423383619047
-16.60816355203131
-16.61373938481688
-16.626419063083798
-16.608691848913722
-16.586037717162853
-16.59051551590243
-16.592007973403998
-16.59364826806017
-16.608287135393077
-16.61939200245438
-16.6048293256628
-16.596796763221345
-16.61960217169128
-16.65578595355868
-16.676270136826567
-16.67600223157661
-16.68772047241067
-16.69536903307704
-16.712630192135652
-16.716880517358394
-16.702729301100167
-16.718627785903553
-16.730263898644186
-16.717949809074106
-16.718595258186145
-16.709723515309044
-16.704928047050238
-16.692561461090225
-16.686181893956093
-16.679424555620425
-16.68981196293455
-16.677459371417434
-16.65333493178179
-16.68471217607685
-16.67707725039803
-16.686187860140002
-16.6865603572773
-16.710646067152524
-16.718634083553656
-16.71819251112604
-16.73236751997827
-16.70580211520799
-16.69064669330617
-16.68949937520351
-16.652288670884435
-16.636595006055533
-16.63230847793534
-16.664279880725804
-16.639990769402754
-16.64259963576689
-16.652636429569842
-16.64795671435064
-16.63219793873507
-16.63435008899511
-16.640912539749472
-16.640289989271583
-16.64629968162406
-16.65173947294004
-16.67898533466495
-16.68033080827396
-16.69431823450887
-16.697945622141354
-16.690914032461322
-16.69590111423194
-16.69538958645702
-16.699162945495704
-16.67811571854767
-16.665017209698355
-16.672538993244178
-16.672022421303193
-16.672921184849148
-16.689032705605864
-16.684089844514716
-16.697766318137568
-16.705284060435808
-16.695596671374
-16.675861150110766
-16.697943286552725
-16.704371758118466
-16.722135512287704
-16.73088495191827
-16.728251652516963
-16.732779156127815
-16.732890162143327
-16.72979140650024
-16.729452401194806
-16.70183348592306
-16.71783371941668
-16.722932163322966
-16.72448376306055
-16.74561162560622
-16.734941168134608
-16.74233963875679
-16.720644473629307
-16.734388905924714
-16.708342756350874
-16.72031590562647
-16.730616149263636
-16.740661339754347
-16.74361749877918
-16.754434811428702
-16.744085718044452
-16.755244797325926
-16.756680470841566
-16.756074898684876
-16.7505075695538
-16.72158820663964
-16.735397844608777
-16.73960356580442
-16.72533538970727
-16.721838591743445
-16.73644349546333
-16.730742217458122
-16.71379510020843
-16.710475740379785
-16.693427883755017
-16.716428659920403
-16.758154698511863
-16.774308661128494
-16.763593216983207
-16.77668186629543
-16.776665065860083
-16.785097549476724
-16.758045885308995
-16.743963519210478
-16.751240384220573
-16.74202692818304
-16.73946075559637
-16.72927301515861
-16.738631222646777
-16.749073748811394
-16.758329220051262
-16.763966902829047
-16.75168062243586
-16.74564784527682
-16.718478902856297
-16.703124176071242
-16.713629676131234
-16.719603720398716
-16.735598478179003
-16.746729584076498
-16.748520954487145
-16.719149055267067
-16.699725053825055
-16.705347101040857
-16.708830619152312
-16.7184111107795
-16.708799273399773
-16.693619301708544
-16.693486467256047
-16.69329950172814
-16.698002356919762
-16.683540828090297
-16.68428137691497
-16.685685220545388
-16.67243015941289
-16.690709074413707
-16.685631032112695
-16.67905431176018
-16.66415352042123
-16.688352606252927
-16.6900863978766
-16.69016415348145
-16.671610518704224
-16.67211258239749
-16.668029681130474
-16.67656125590238
-16.695793221041196
-16.689147636082026
-16.698700931176557
-16.711319082496917
-16.722369727148067
-16.73875794669149
-16.716939909280093
-16.70601257781968
-16.690002952646743
-16.689658180146036
-16.682639687035454
-16.69608168168893
-16.695928154268973
-16.693592968323866
-16.69827185449731
-16.687386057832338
-16.671932224929353
-16.678162892015205
-16.67622912581995
-16.686521784402995
-16.672374650400958
-16.68384302959988
-16.70953969499411
-16.697723108413708
-16.685980945495686
-16.6977672002608
-16.68195192477518
-16.6659978990993
-16.67483265420243
-16.69194249846539
-16.676853025082178
-16.670307418311225
-16.69242520572617
-16.70807835842765
-16.71336268254973
-16.716388860514666
-16.730819275898895
-16.74610382281431
-16.75133008136765
-16.74446131441175
-16.74861739950576
-16.744452670510825
-16.762480171862283
-16.760048482313927
-16.761428802476882
-16.773116321958224
-16.783377077805582
-16.762296350047006
-16.761605047234113
-16.7753207446869
-16.774297250308265
-16.778715392008323
-16.759158351928654
-16.754704486301186
-16.7567286423471
-16.753792862011405
-16.75240881201555
-16.7571720401452
-16.73556048687128
-16.742313405786753
-16.74595791798918
-16.74671693001009
-16.763605370822475
-16.77109261439971
-16.802245369842403
-16.802059712774923
-16.820350528332472
-16.802556075619638
-16.79972481699739
-16.808377152942377
-16.789138034116963
-16.77133703191592
-16.79400608257409
-16.77764579986506
-16.76977632967021
-16.75938166083561
-16.771811109616426
-16.777628421778694
-16.77662018416885
-16.762804610115854
-16.756459717397238
-16.763648873107154
-16.774155533440364
-16.75620778819697
-16.768143318329404
-16.77234528232526
-16.787488521415963
-16.778716340701834
-16.785127091318923
-16.76985150896962
-16.773468549646363
-16.786773311150274
-16.791284050696248
-16.780358884353383
-16.76056411134448
-16.757296233983563
-16.754515914055446
-16.74910976773069
-16.721447856195883
-16.71222514253519
-16.70664802629822
-16.684687289342538
-16.679667732682837
-16.67022111713511
-16.666573106097292
-16.66073575881384
-16.65986587880731
-16.67686396481153
-16.658622948139318
-16.669808214099582
-16.649685238859888
-16.641565847618487
-16.673832112807116
-16.673127185508427
-16.678876077004
-16.664009981417262
-16.68079878327329
-16.710141603921105
-16.72857284089014
-16.732669206216126
-16.737582916089124
-16.718126562149468
-16.70851790323238
-16.724711395632845
-16.72241149276826
-16.7319083719373
-16.71534092380011
-16.748675535447678
-16.76670411344183
-16.756687167821973
-16.763991698635
-16.77798765329083
-16.756485343240207
-16.748765547447366
-16.738157683985506
-16.726815998108183
-16.728090783399125
-16.73213420948316
-16.720890568813253
-16.71641066576001
-16.713979306536416
-16.731904958769395
-16.725611652543243
-16.709459337311234
-16.706150283146115
-16.712036237069217
-16.739140040257045
-16.752302563717063
-16.740161396806485
-16.74769220490303
-16.73446252159304
-16.732490696878724
-16.747772792424325
-16.742783556113213
-16.763268380820286
-16.774254249169438
-16.791202037325377
-16.809370845344393
-16.797587297605798
-16.81607060084078
-16.823141251916272
-16.811010913134027
-16.780651591089576
-16.7936235261847
-16.79045031369384
-16.79284624076975
-16.778539293862508
-16.78377012980491
-16.792274531844207
-16.800765992707845
-16.798508433924766
-16.79918092254032
-16.803063111032507
-16.79130551842701
-16.80150046826689
-16.801617658933566
-16.781054497189576
-16.78372372962849
-16.777499177968185
-16.780736003455896
-16.778289914331182
-16.77893896594858
-16.797657038627893
-16.80970688162306
-16.827833987048315
-16.840409014235114
-16.852925479517367
-16.84381541945228
-16.840993034054847
-16.83717511927117
-16.82755296184339
-16.81171848639187
-16.800718320864444
-16.816616596791256
-16.81596347678488
-16.812645564285706
-16.799140056678038
-16.809921547163736
-16.80471612204702
-16.80375830017947
-16.800028643101037
-16.777680389600178
-16.76115949991281
-16.737421433215534
-16.744556338338587
-16.7243629873874
-16.719717262975728
-16.717672386580112
-16.704952339721448
-16.69636742057218
-16.703513700504367
-16.68798219882107
-16.703133602382533
-16.70544394554482
-16.703228865351285
-16.708491836227356
-16.708382800045865
-16.71199991246383
-16.714191965385545
-16.673181202048266
-16.65983864911485
-16.67179583573372
-16.675323847325025
-16.691451746257457
-16.681421528229208
-16.70034869444962
-16.725812903215107
-16.714240236624907
-16.714101528061057
-16.702730968458344
-16.685728685888975
-16.70076929623212
-16.68723834596062
-16.69933487572777
-16.714114783034255
-16.71009270434443
-16.70954101752288
-16.725524182493693
-16.706860186438863
-16.710481777707532
-16.71338054430013
-16.739889455888
-16.74103228981371
-16.71054538635262
-16.72130488656276
-16.731431619091655
-16.715491423538396
-16.70355515993876
-16.720777960509416
-16.734439369254307
-16.717031834913573
-16.735599046550508
-16.73931419548676
-16.74039313207657
-16.73294428264807
-16.728315237639123
-16.74501835849998
-16.742988630715146
-16.741396567388684
-16.743250092084114
-16.735052533111233
-16.722891403306335
-16.711101012167493
-16.72235660293813
-16.73618280431658
-16.72963772714149
-16.733500876447156
-16.754895590268404
-16.773158505856433
-16.772768392065895
-16.785303230871353
-16.769545785700117
-16.768653138926123
-16.763224459712426
-16.748491302067812
-16.749077814293525
-16.779130001071582
-16.796132741462717
-16.79054534822582
-16.798932407682518
-16.793725240327063
-16.786851893497115
-16.777129861810625
-16.756165367636868
-16.765268970232427
-16.754397534894192
-16.757934216477622
-16.736889076471922
-16.757761329658603
-16.766657717026714
-16.78389831160002
-16.774648801411157
-16.7705773204423
-16.789706407701676
-16.782759306529698
-16.79741056683854
-16.782738174739624
-16.756724215044123
-16.762711224609582
-16.74979779481896
-16.745621587978658
-16.733348106385403
-16.724769301146594
-16.7250505117269
-16.722003147600947
-16.696327655773235
-16.693170728691506
-16.712852518343446
-16.721366890536054
-16.74526191213515
-16.759189626034082
-16.770165453552362
-16.7598615773389
-16.76818435492177
-16.778971296249082
-16.77897375802086
-16.76437719108799
-16.76070812908274
-16.761765302841432
-16.762119609055848
-16.75984493266819
-16.762955629119507
-16.766114230599367
-16.74707443753394
-16.748636092305247
-16.71655870072777
-16.73374997675965
-16.75350540460477
-16.741894314433825
-16.764534338800633
-16.75054572680888
-16.739794798747877
-16.772584050563832
-16.769503145533847
-16.76599961010362
-16.758022321703024
-16.75267028690675
-16.742329557316893
-16.758546340270616
-16.753228092492265
-16.758398993086026
-16.745266868939705
-16.77741292730272
-16.798144641985967
-16.78436817328831
-16.77120903888593
-16.775847513909316
-16.78606732571821
-16.79487514950119
-16.77229569547913
-16.754278090022176
-16.740459275187476
-16.75299789933982
-16.756701742652275
-16.767434915418203
-16.76365441522797
-16.776460905038054
-16.763291746872923
-16.74686118193547
-16.774543038052055
-16.782549235287426
-16.80918897190327
-16.812640373494276
-16.79423044492073
-16.790136395264355
-16.780786279074402
-16.788830499880138
-16.783733317995836
-16.807109353097484
-16.82196659944346
-16.813375606174887
-16.843528011026375
-16.82865365437886
-16.823573854028318
-16.820081399712674
-16.813394967691714
-16.802185517506818
-16.785612171754337
-16.80551146713362
-16.79249321748119
-16.79590452753182
-16.78416673969287
-16.755562324719346
-16.7578491607745
-16.75990382979067
-16.765788732885746
-16.774166959173485
-16.771809857030483
-16.790060412004948
-16.78879508322816
-16.78146034166012
-16.777187204591797
-16.76699511780686
-16.787606009531746
-16.77433958291534
-16.765450342349563
-16.750114570969483
-16.77388262067313
-16.759633665921715
-16.7634636375068
-16.758049770497706
-16.770607279746674
-16.772392436853732
-16.78772163034013
-16.79679355629278
-16.78796817880282
-16.80001773434164
-16.784550712920957
-16.778130939623264
-16.77765980154048
-16.788016890448652
-16.784464797412905
-16.76383068878387
-16.781715379193
-16.784057951116676
-16.77694246440115
-16.770081402609094
-16.787648637983025
-16.773926454235507
-16.782736348999286
-16.780318692101645
-16.800400031436848
-16.807385188398968
-16.79179598866031
-16.79562676652308
-16.801014273551985
-16.820897004955174
-16.821275763953164
-16.815951228080987
-16.815974948683916
-16.83496714963047
-16.786756045286833
-16.790123343971004
-16.785771619374422
-16.811324288037788
-16.800309461238818
-16.793452720750278
-16.78706736995003
-16.81191994334731
-16.812764782864726
-16.815627300208497
-16.840037791010175
-16.852727881359506
-16.845059362858454
-16.826205136481004
-16.820462901827366
-16.833966494454828
-16.830546260995757
-16.811134826471296
-16.813401089549824
-16.80555129233595
-16.792487958120198
-16.796331089060274
-16.774396836152512
-16.74810951307078
-16.760305741763748
-16.742237190646836
-16.730466748146323
-16.72686539300145
-16.733214715502136
-16.750406076632338
-16.74264896158574
-16.753862091076844
-16.735007051312113
-16.739766988744393
-16.729338056642565
-16.721138055708828
-16.731243184348333
-16.706973021550187
-16.702423717988772
-16.678040557090974
-16.673356164208695
-16.68259758402136
-16.67989549810911
-16.68212050825309
-16.67643621409761
-16.659666626951037
-16.664541472386787
-16.640015123166638
-16.624317494367183
-16.609940379662756
-16.621322298778
-16.632055128160115
-16.615494609502935
-16.615237351541275
-16.62414797542729
-16.61177399658243
-16.6002049931091
-16.579498840166757
-16.58440365403785
-16.61995123622724
-16.62231935278331
-16.625600845990217
-16.608971080741494
-16.613543791838435
-16.5962049565265
-16.5910677325647
-16.61294019833717
-16.617018581479517
-16.617109770591036
-16.636792857237605
-16.614861518368652
-16.63612292301486
-16.650393937444104
-16.64915554909421
-16.671081194377134
-16.687124261798154
-16.671675911243927
-16.680026946317287
-16.677449641835715
-16.68425403866967
-16.694127352176793
-16.686184977655756
-16.68442694839579
-16.69197871960244
-16.68312465773281
-16.692716274268566
-16.69139400789915
-16.72396871929136
-16.697983347527174
-16.696357262311867
-16.699878445462602
-16.675739894523087
-16.683167107168103
-16.685813471470006
-16.68692586132738
-16.68586933784198
-16.672045653168315
-16.676361375602003
-16.692878533953873
-16.672284132088837
-16.658935534583065
-16.664668102028664
-16.689141502138984
-16.696142685311404
-16.710795537003527
-16.702889936247658
-16.678722677783227
-16.660848826405093
-16.650779736508603
-16.66927201644755
-16.68378817627504
-16.680797932147424
-16.675351192855818
-16.687696089095585
-16.684271336459766
-16.662773719591492
-16.667185018999387
-16.66259316415264
-16.673828353717127
-16.65903873516456
-16.656644943942958
-16.624317239681023
-16.62606549286562
-16.635696849053687
-16.62624179804686
-16.636373411745645
-16.635460486560298
-16.616572183413822
-16.611970970677252
-16.599169323792378
-16.596260382817647
-16.605593206873348
-16.625471987440207
-16.65413605407364
-16.66521427495351
-16.667970340871854
-16.675596733110385
-16.672760131726825
-16.699140442252848
-16.69998829943806
-16.67989563067534
-16.66752314900374
-16.656913647555587
-16.663622959418095
-16.67541945416326
-16.692064500633546
-16.69996404884172
-16.7045591740628
-16.708595685880432
-16.698359259418734
-16.66676068011392
-16.674537692261193
-16.6589195862401
-16.690876549941304
-16.708885796709666
-16.728977078249407
-16.7230192539635
-16.72932825966349
-16.729865552313484
-16.73798971136039
-16.731586711885637
-16.726937913931067
-16.72909905341258
-16.70326014909619
-16.693980351840366
-16.72869304044502
-16.733499224032077
-16.746968674914363
-16.758695215080525
-16.748068670040936
-16.763327364114975
-16.74458283988907
-16.729310693700764
-16.701953157131324
-16.692178932711357
-16.72009589420578
-16.724526195780317
-16.717221059360266
-16.722962731022914
-16.72347908989949
-16.72409302717944
-16.72096316971425
-16.71832799075502
-16.722940441333524
-16.717650577841773
-16.734910115053417
-16.744698286265237
-16.750430311589135
-16.742199615786525
-16.754011835919464
-16.759150938978124
-16.79169707494998
-16.800240605009545
-16.78800756434489
-16.786111497578577
-16.7730277354079
-16.76586085876452
-16.74730612250636
-16.750243916579073
-16.735057850991925
-16.74503799210186
-16.753495312404574
-16.772598845402197
-16.770904426874612
-16.788740511209177
-16.761377614682168
-16.778688321474593
-16.79054212200769
-16.815046503154555
-16.79839109406781
-16.79349162442473
-16.800422067188983
-16.808288489190286
-16.803369077022257
-16.813199852806065
-16.81094274290472
-16.807659782516758
-16.83152985207157
-16.808222582087375
-16.81997356775788
-16.800058180706404
-16.834954723756574
-16.817064747120767
-16.823818566614648
-16.84311212424942
-16.83652260300052
-16.821030253923404
-16.810610368333617
-16.83105024529217
-16.82200568363076
-16.81963986555519
-16.81345859835728
-16.815589383789515
-16.813099347678087
-16.810183601466726
-16.78773125358309
-16.788026146750752
-16.762455171792336
-16.74551571976513
-16.756602555434444
-16.759623865161604
-16.749282198650338
-16.759796559691647
-16.763573948839223
-16.758131706433975
-16.75580065429161
-16.756852751732463
-16.76372501565639
-16.76490420802936
-16.753949529689482
-16.779227503780845
-16.78742399281626
-16.785633989364577
-16.806547485431388
-16.803805132476697
-16.799001311645316
-16.796606844247254
-16.797688069954777
-16.78880315682805
-16.78357200743506
-16.78593249349916
-16.804783249246444
-16.771528884318432
-16.78521756950212
-16.78598419204282
-16.781911921236038
-16.783939200118628
-16.79449059449033
-16.816802910411102
-16.81843044843234
-16.822176224829757
-16.8259279618872
-16.82753631441074
-16.849042486557973
-16.85392303320492
-16.863908831958383
-16.853195542635746
-16.838952817927314
-16.797295501873393
-16.82293359413444
-16.836079091508708
-16.84581802848919
-16.821879651404828
-16.808773271255745
-16.83125375063756
-16.830801867280407
-16.831642956983387
-16.817089153786483
-16.813612262721637
-16.82530786125002
-16.832931298417574
-16.84173595573871
-16.836167739702606
-16.83215538801175
-16.82207227289705
-16.80633594751334
-16.814977467634666
-16.79284410013225
-16.79578143070363
-16.79725053268704
-16.804614737341094
-16.810955036661063
-16.817444776272303
-16.809291572013965
-16.824733240378702
-16.816879784652915
-16.831044771557103
-16.8175292378642
-16.827291642430243
-16.82766641448078
-16.80379981729183
-16.78717022695245
-16.78212079624172
-16.76423552755894
-16.77000475507152
-16.75547220844143
-16.747844671872475
-16.76002497077945
-16.729823375262203
-16.747416660591256
-16.741522431402224
-16.727142151088096
-16.715713593251547
-16.71796729490492
-16.735609938315058
-16.72359379763431
-16.725784654046866
-16.718323484831085
-16.73092132218057
-16.734171730993722
-16.741960281589
-16.747355029914367
-16.728945557323573
-16.69517711062883
-16.671745695327758
-16.640605111944918
-16.630214117165988
-16.648116469976838
-16.6591291481689
-16.668871034107763
-16.66130524610868
-16.674687400244693
-16.673234626098314
-16.680428877265204
-16.678475950045442
-16.678718433291845
-16.69277962326719
-16.68776321888212
-16.698511909848207
-16.681608068453112
-16.657947070846266
-16.657683348992187
-16.666324257660836
-16.6626608979857
-16.695868092876964
-16.680116695144953
-16.661010366815788
-16.675402512993674
-16.666863627040073
-16.674050058048863
-16.670424935688857
-16.654398167234508
-16.650214465698422
-16.65653075663436
-16.638826951473778
-16.629983602818772
-16.64664560941817
-16.65258165093283
-16.64464389643204
-16.650683832321743
-16.649932730801016
-16.653456562263905
-16.634933946305004
-16.616338743320817
-16.62980732172164
-16.650634408888696
-16.64512583007253
-16.635667066710464
-16.6494704243042
-16.6343598520229
-16.638402098089568
-16.684797475120888
-16.67822404228058
-16.674256818736133
-16.67733631276385
-16.68898854025271
-16.67235675236182
-16.673755945979607
-16.688614775517706
-16.684047688681705
-16.671589057533144
-16.66633374057251
-16.675068569157908
-16.701895298785313
-16.699116360746462
-16.688902728186132
-16.699052507645384
-16.70476920167772
-16.717460609678753
-16.71082599183352
-16.668203794323784
-16.679304431682304
-16.6724435592789
-16.66763088047423
-16.661846742600833
-16.65687624054814
-16.65907864755253
-16.684368280935917
-16.702707765853066
-16.714435006703493
-16.71019651992764
-16.699896187451966
-16.727909906862124
-16.719931837369444
-16.716818831357305
-16.718312075848615
-16.70685430284964
-16.691845211079343
-16.68116625256702
-16.68004576976658
-16.693078585766628
-16.693810031313852
-16.689051363364946
-16.677085720679898
-16.66934805650229
-16.654831424641163
-16.645640044945587
-16.649984550902417
-16.669742980907493
-16.65982947724422
-16.652978423771412
-16.680553745617456
-16.676754109731856
-16.691817505217156
-16.714051320764494
-16.700289376152494
-16.678571376107524
-16.68540832913853
-16.698402309494462
-16.68559599416002
-16.675573368970657
-16.691600232577848
-16.681434617161955
-16.68798057730489
-16.667175624855492
-16.671584003855102
-16.659239350394962
-16.650839971308596
-16.66852276024586
-16.67321300680196
-16.67406662872175
-16.682438026479645
-16.70125203589896
-16.706607290661445
-16.710085319242875
-16.7126418767958
-16.731382258121677
-16.714230135191062
-16.717922503504784
-16.727283526484904
-16.72930202018689
-16.742469180536713
-16.739455715269084
-16.751206001699376
-16.74675760859452
-16.741738067960124
-16.733003636067043
-16.734400744086564
-16.74632953874135
-16.740100751042434
-16.754878454593918
-16.75871831763924
-16.758440561520217
-16.734098842322425
-16.7361365171392
-16.72013677867426
-16.739998728151246
-16.749409790268263
-16.754229849946093
-16.760901607319628
-16.755959351722254
-16.759365789474803
-16.77926884922658
-16.7859855128157
-16.78723792332215
-16.780759234498024
-16.770841024142957
-16.732962845383327
-16.731181798991884
-16.729934872114313
-16.720894759144283
-16.731282659145624
-16.710997240773334
-16.71787102844933
-16.70668570255567
-16.69389327773423
-16.700026739693037
-16.69496349914482
-16.695208283871715
-16.723679042429957
-16.729628866386623
-16.732605751987165
-16.70765415021703
-16.6919853479673
-16.69029675891857
-16.68071580435923
-16.650351033335777
-16.636144095043846
-16.6620231740775
-16.685814939926626
-16.70942029468841
-16.703894639957785
-16.71769836677702
-16.71668586070698
-16.67949927253409
-16.704810554847956
-16.692446739066796
-16.684264453211483
-16.666296004329848
-16.69826369289418
-16.70534623966461
-16.70033868254513
-16.704688968139955
-16.705111733491346
-16.69463485760295
-16.709972774348376
-16.72194711452891
-16.722395064379718
-16.72943536318051
-16.714738290708816
-16.707282503252227
-16.725462776088303
-16.746006817543243
-16.7508611359047
-16.749569225522304
-16.752526636138057
-16.759425001202754
-16.73331165473255
-16.747546430527844
-16.751105460235955
-16.76967105130567
-16.770519705019257
-16.75964461412574
-16.76756792541836
-16.758342469445978
-16.75062568793594
-16.73074204663839
-16.721226546536176
-16.728608893840054
-16.712907231036237
-16.689981398536432
-16.694193071590263
-16.713875447149604
-16.73230848804716
-16.757095770671352
-16.74027420407411
-16.737879789780777
-16.74220685097684
-16.739002432581614
-16.745334424010732
-16.748762166751263
-16.757647263103827
-16.753786670205933
-16.74906753702503
-16.71198009581951
-16.721756162533854
-16.74396637222132
-16.741515101371945
-16.759028973274102
-16.74821606461208
-16.762138094803152
-16.767459464810422
-16.765418876846063
-16.765292367651767
-16.73213989805889
-16.734791981629563
-16.733389524240224
-16.752497875296218
-16.75327917618668
-16.76125603250126
-16.757369809855366
-16.768800354619955
-16.767584612376567
-16.774079308992903
-16.759205302063187
-16.7467732389342
-16.742602753979757
-16.74637781118696
-16.744473293774956
-16.737155349962254
-16.73950747041621
-16.737757044326152
-16.725459005551773
-16.737072991947127
-16.72651632456433
-16.74353502557941
-16.71199107150174
-16.70488195824593
-16.70948409754205
-16.705354476251536
-16.71251553774585
-16.716078539371136
-16.693986209621784
-16.696999325293763
-16.69923305835188
-16.690389887799473
-16.687023162430375
-16.670251396003753
-16.694282939954228
-16.725068881202084
-16.738566210703844
-16.723606276293946
-16.719581380918363
-16.731744253414057
-16.71538742407395
-16.72902428389986
-16.753041913571074
-16.764831620403015
-16.771348617924946
-16.760262623573357
-16.768196700441916
-16.75403417557485
-16.758574353054897
-16.766320906769852
-16.745491372835893
-16.725913910301966
-16.732294232340955
-16.749982039750233
-16.756073919340228
-16.740253844740415
-16.716590410760766
-16.713079257306976
-16.710620698450825
-16.734563638797567
-16.723327921498598
-16.70837730010434
-16.7231884794263
-16.725953143315156
-16.725609504468583
-16.71633770946646
-16.713029820114087
-16.717348463353495
-16.70723234172969
-16.702725684093753
-16.706651668627536
-16.70483189424661
-16.690420958482804
-16.68466754137684
-16.69005939403538
-16.690489253734853
-16.697725958473843
-16.691646649473675
-16.690568827192916
-16.690750240088665
-16.687317254295966
-16.707744747627366
-16.704011697149326
-16.700569424671997
-16.68516290792353
-16.66805184667367
-16.662975644333542
-16.669900757661566
-16.666571852533764
-16.66502330213812
-16.64368634270745
-16.65688255032689
-16.671078400181756
-16.650048040479177
-16.678825479396167
-16.671622733362998
-16.686437063532157
-16.68354524599706
-16.6675703485083
-16.68113573015677
-16.689487027712104
-16.686809522315677
-16.700226557858297
-16.662160794534735
-16.655494333929504
-16.645639737747402
-16.6278137157321
-16.656968460166876
-16.64522820352327
-16.65261894863875
-16.663882477685604
-16.670629377169853
-16.68030064795483
-16.66894205586052
-16.663756611894282
-16.65105467639942
-16.663393777555953
-16.66110356332685
-16.688793195095297
-16.665672538358592
-16.683800096002166
-16.67008707207411
-16.67785536542905
-16.678844970880398
-16.68978052964775
-16.689231732823398
-16.67774670478571
-16.691800896437503
-16.678730086612862
-16.67572227618367
-16.664164032170994
-16.680894559651005
-16.67433252871566
-16.654779124429645
-16.65682907970116
-16.66466519861339
-16.678634520725858
-16.669095988678663
-16.693835542876887
-16.69261176480593
-16.703331466989926
-16.72402066179173
-16.727432111401185
-16.71550057512714
-16.72509334806581
-16.728108058819462
-16.721475823953867
-16.7297035262702
-16.731623706503427
-16.72286198828613
-16.724795117274493
-16.721869434821212
-16.734994787412088
-16.736455717289523
-16.747368044855005
-16.744376265680202
-16.734091056158082
-16.72712174956907
-16.72324355467211
-16.71397157849873
-16.715854703739097
-16.706383416453452
-16.70230985844357
-16.697767355245862
-16.702466475419758
-16.699606744131774
-16.708881761267534
-16.718997084108594
-16.704516396662125
-16.694871852768753
-16.687969565607457
-16.693192251317072
-16.668179358567667
-16.674344636495082
-16.659236054340578
-16.633960341389713
-16.615357181110145
-16.614795448378608
-16.63443530956241
-16.644687498166768
-16.65813080657787
-16.655270601377104
-16.659370663759876
-16.659223154890494
-16.67149410939905
-16.681278725089868
-16.67176433422213
-16.663211892401403
-16.654968510169546
-16.624762578303955
-16.60967503637607
-16.593568364906897
-16.60161944438984
-16.621902758681507
-16.63800072372243
-16.663108179242048
-16.65428718684182
-16.650549466198033
-16.663808753566247
-16.65618024149767
-16.665899514623604
-16.653540483258272
-16.65954095513584
-16.667558913111606
-16.667997126672212
-16.680472616847133
-16.68549081798097
-16.684774420105644
-16.711265654581805
-16.69812648113272
-16.698804264315307
-16.692646360091807
-16.692952952833714
-16.69178177655537
-16.68618370999464
-16.68456834189932
-16.694811117265765
-16.703301857515616
-16.69738603911955
-16.687921922301125
-16.68956175818283
-16.669526757129393
-16.64915412824875
-16.664203555814396
-16.657300937033348
-16.641925327060047
-16.654289314358156
-16.646524132302538
-16.650680114073342
-16.64740806759194
-16.675456149530127
-16.68052968840888
-16.67082486438644
-16.670066728748886
-16.673858082985713
-16.684310417164305
-16.669918976184107
-16.659871372065357
-16.668746755417025
-16.65671067963104
-16.647229875981715
-16.632206656375402
-16.621902445104208
-16.62868988436735
-16.61276499998826
-16.60715220694676
-16.59791322009489
-16.60013522917568
-16.61856144402896
-16.60636171562438
-16.624965229281447
-16.65465424096289
-16.67243068359919
-16.65327814394414
-16.66292278846108
-16.660323880280103
-16.665085447192258
-16.671523553547125
-16.677424096959225
-16.690661333608194
-16.70535573918205
-16.68984020999177
-16.691007677163594
-16.67691037938776
-16.706804501573732
-16.703283230039368
-16.70507025983797
-16.696353096938022
-16.698975286556017
-16.698317732576143
-16.69810636914134
-16.690053642393657
-16.676671867014306
-16.66360405073887
-16.65838876892763
-16.668787504777715
-16.662610882520532
-16.665520151407897
-16.65404033603966
-16.64721672513566
-16.63960053100669
-16.64018286708424
-16.63366539503985
-16.645707786982562
-16.631361340611107
-16.66453904412718
-16.663904488632014
-16.646211396957096
-16.65436364226214
-16.66245730702299
-16.642019829253062
-16.63220424666753
-16.630957260437672
-16.621456125563277
-16.654584716308985
-16.648716323000254
-16.657271679653228
-16.664465498258753
-16.670091648331333
-16.687946697268735
-16.67117380898718
-16.679787864362034
-16.684774349982817
-16.70049146251614
-16.677522851356677
-16.69379855046005
-16.69934584031719
-16.695895647908383
-16.70430398177442
-16.7307244748573
-16.738732660057185
-16.7490985192644
-16.744365045684305
-16.74093510265258
-16.74153656603331
-16.733905983372058
-16.733074939173537
-16.72274405883168
-16.736280223334326
-16.737187778925982
-16.73066111138645
-16.72533949138548
-16.73571375580064
-16.71592754362572
-16.698816476864984
-16.706578980350205
-16.70576943675644
-16.71449392079726
-16.721389659946556
-16.693755364021882
-16.67898325844534
-16.677933223678803
-16.676378930093325
-16.685072001275813
-16.669084767438594
-16.69080124904342
-16.69707424772379
-16.683059528189798
-16.693427642209134
-16.704912484346107
-16.72259014842598
-16.706714525743216
-16.71721051658591
-16.716616780881623
-16.730283568673595
-16.698302051870684
-16.693949467101923
-16.670108739205233
-16.674946640963814
-16.669654412489905
-16.6643108170982
-16.663264209801824
-16.662782816753047
-16.66938250233961
-16.695293902767848
-16.691001531705986
-16.694111117409072
-16.702143101486158
-16.694527970896033
-16.700142582924336
-16.699991317249257
-16.71622968699305
-16.73965447680893
-16.72374850274531
-16.713956991322476
-16.73936702205407
-16.748630111938354
-16.765698499928543
-16.761167602955293
-16.74869948054919
-16.75538514382114
-16.724717520302377
-16.70940467008153
-16.704006471861412
-16.705021618247677
-16.708162899199703
-16.713514040340346
-16.711287035332646
-16.695811396858183
-16.690778283258254
-16.695837993416102
-16.689852954848757
-16.66358464317834
-16.669163873042603
-16.709829731231693
-16.70674991921972
-16.685908026275587
-16.691044879868524
-16.69820291930725
-16.683314261845034
-16.691482319411747
-16.684681349679888
-16.656278347621594
-16.65318632907314
-16.634550874940796
-16.64240977185713
-16.641647366960928
-16.64471351819066
-16.66667367349251
-16.674931869683014
-16.680219075267182
-16.686800141807463
-16.679631400585983
-16.693254080621774
-16.709657935400042
-16.712587592472495
-16.727503591740906
-16.70243091397196
-16.708095765997548
-16.69618970704129
-16.699453229896466
-16.683989606177114
-16.707712654473276
-16.712927887283396
-16.69842410914058
-16.729150553619363
-16.726823797021506
-16.71229302180029
-16.7264868169075
-16.757531227738085
-16.743282335462535
-16.74835671377884
-16.743952263863267
-16.7306433356186
-16.735066887943294
-16.735999723709277
-16.704545874529853
-16.731151928855457
-16.73841192891948
-16.732907081180258
-16.726012477128656
-16.69530512522099
-16.704285660178257
-16.69364378482676
-16.674502933832116
-16.67601997795285
-16.685542109739924
-16.72780722260169
-16.743820432010562
-16.73268159248662
-16.744531708705875
-16.73663929239503
-16.73558586677142
-16.728482168266787
-16.705467032536756
-16.698105946375637
-16.703226207476774
-16.712393207538142
-16.713145189850113
-16.703291657718005
-16.698307041417216
-16.720700932352617
-16.707604766796415
-16.716388455486797
-16.72046839113792
-16.72590455235748
-16.751733723019544
-16.73510356272132
-16.751113077561968
-16.749219354441717
-16.7505200313026
-16.74893129294506
-16.761156167496917
-16.745446728233553
-16.748820110536975
-16.72947632316386
-16.70863782620259
-16.702500900474774
-16.700574570591254
-16.70647455662275
-16.70844737029235
-16.675356380459014
-16.687836717445574
-16.680039198804785
-16.677851130782244
-16.67744491750247
-16.678802468081063
-16.68118491651732
-16.695656103191745
-16.68368193596692
-16.670581579396067
-16.666959366366353
-16.659886875104423
-16.659812883710153
-16.653648561098983
-16.646157562800948
-16.65469365323481
-16.658775265922955
-16.678992882934573
-16.688076637385628
-16.697434562139208
-16.682329207568035
-16.710494643132176
-16.725772150705087
-16.74403863838883
-16.75289288412316
-16.738642468572678
-16.713433053782268
-16.710252367013357
-16.703611168360293
