-16.67259088336698
-16.656040311163526
-16.61976465133298
-16.61595405933677
-16.615971455874124
-16.610501834230053
-16.59632374508097
-16.5940169031292
-16.612377568000806
-16.56759675764277
-16.559999167912913
-16.57515263461805
-16.585591761369546
-16.58672978380149
-16.609469453701134
-16.60125498106273
-16.647675008431857
-16.652749653719624
-16.642345377127075
-16.645172534232774
-16.64678844706152
-16.655712620016356
-16.658105915949506
-16.65555170007119
-16.630017686474062
-16.64515687332959
-16.6197093011259
-16.638309066807764
-16.607853417923582
-16.620159602664327
-16.60023487565562
-16.561097748018774
-16.569115641011386
-16.573225128822102
-16.60176029722825
-16.61179132755099
-16.629100758012168
-16.634176446528734
-16.654844987130225
-16.604241697643218
-16.641286540096367
-16.66584281819996
-16.647691847859832
-16.646114015193078
-16.64586156840822
-16.669725652386923
-16.677044954465728
-16.670823277485912
-16.680701048761176
-16.69000397228638
-16.683979653090894
-16.691843984884272
-16.687623198175757
-16.71360535884596
-16.656947503210972
-16.655326017194728
-16.621310266563558
-16.617134029228218
-16.63962209308032
-16.644402426703426
-16.618040479902678
-16.627514779686628
-16.595554107226885
-16.590777729717917
-16.61605047145561
-16.592294310540524
-16.626892273953857
-16.65094515283129
-16.63751859840757
-16.61730353778684
-16.611686248268924
-16.620118510041323
-16.60945813900532
-16.613774284491516
-16.64398487943006
-16.62663403300934
-16.622267912280666
-16.661565663187254
-16.652005409510686
-16.672150068263825
-16.681596297963505
-16.680685696094795
-16.70781245170008
-16.695523163593485
-16.672763174235705
-16.715822276120257
-16.72133706921545
-16.69617622908774
-16.66137947059626
-16.643915319039948
-16.62115161692853
-16.630181756495414
-16.65287867850918
-16.648869168150817
-16.66257430430843
-16.67133587464934
-16.702181873004875
-16.713898568724222
-16.70774506191021
-16.70884712555368
-16.708627970513486
-16.71623404176593
-16.727192047500917
-16.733496291165036
-16.70653647114567
-16.70039786158432
-16.714586837720912
-16.69126628389102
-16.67842889611499
-16.685719191575785
-16.666540042224174
-16.683319045199177
-16.67462658696509
-16.673583764410168
-16.63430452455642
-16.62995459282955
-16.678740112506453
-16.707014368134573
-16.667812147797264
-16.696931183154245
-16.69341315309558
-16.673024207285703
-16.687977042779668
-16.706180332905905
-16.68305964103572
-16.670663085361774
-16.657760275038907
-16.658004985824512
-16.660763509573727
-16.715146191139613
-16.71958423592142
-16.670078837902036
-16.68445673766227
-16.68631213246342
-16.699145638320484
-16.716059360613027
-16.708013873448547
-16.699304847474497
-16.660536008861637
-16.663752554059503
-16.64884224953021
-16.642182002603256
-16.637152261167593
-16.63604862805428
-16.65257469743816
-16.659644831972695
-16.68638319595106
-16.689317700458172
-16.642047677775356
-16.636778159794762
-16.6722035310073
-16.632787258282466
-16.654426173823516
-16.639271601877997
-16.65118031393055
-16.640029414703086
-16.63529342092423
-16.65631663043435
-16.666938960987462
-16.704404818986994
-16.703489558129043
-16.66632077852614
-16.683226855106973
-16.71545702594615
-16.76572509031727
-16.757107106225874
-16.732504855964127
-16.699761529307942
-16.713793483981547
-16.713635237687566
-16.7088704686909
-16.699165646817836
-16.701945465500053
-16.66142484392788
-16.658483663557472
-16.696946214665047
-16.70808585398614
-16.686013854259535
-16.690605591239933
-16.69345203293113
-16.666008885927138
-16.66410019427918
-16.63048181930154
-16.68220547137568
-16.647555961520343
-16.682502583712964
-16.693067223507217
-16.73940577711985
-16.75825808454322
-16.789678177234023
-16.798645496620768
-16.769583316656476
-16.77448330767172
-16.764012706657642
-16.782567113546
-16.785600889920218
-16.75498052208816
-16.73798414044631
-16.735526592491865
-16.72912203779334
-16.707552487066437
-16.6616640853154
-16.670230655455743
-16.691308987494608
-16.692919186359767
-16.702402607132264
-16.750863901429174
-16.75294614761599
-16.760878433800308
-16.72035674700669
-16.707177444203598
-16.69308007834454
-16.70745589613906
-16.694097919056393
-16.719363428189567
-16.739723458209912
-16.72973038076203
-16.73650638260277
-16.730277514023054
-16.75236785847746
-16.77381459017037
-16.77799333857352
-16.78929246337259
-16.752230086024618
-16.743781736765015
-16.723649146607503
-16.771338743829716
-16.76292482662722
-16.735578071360912
-16.718223167451907
-16.710708541622715
-16.691551326765396
-16.736834740983554
-16.725341850650462
-16.715669902211832
-16.70440362809048
-16.705446057660357
-16.713241397656695
-16.691501759382156
-16.738579690026352
-16.755131859115483
-16.79623487277956
-16.734299683201478
-16.702185626053097
-16.678130608832603
-16.668264140358126
-16.66676569265124
-16.68501526499736
-16.67457210559279
-16.692402182445942
-16.70825998973152
-16.698112731451445
-16.667083941883135
-16.643041119103273
-16.634301068389185
-16.631633399624192
-16.674975855788993
-16.673699614153318
-16.661390868474584
-16.66369585211972
-16.66256986677217
-16.638294098263245
-16.668932457254275
-16.67989546368845
-16.682916467508868
-16.675587946339185
-16.676579745180792
-16.651369698580652
-16.64150799812816
-16.64289417653331
-16.64287403573147
-16.648305641326807
-16.643926764224197
-16.62690810011727
-16.664811585390616
-16.693762331970337
-16.686579135514897
-16.648709396390785
-16.645326913469614
-16.659692304818
-16.651682822238
-16.644095918201742
-16.6409279912032
-16.63303038975529
-16.6011579831509
-16.565868265032524
-16.602562477919268
-16.60298518679844
-16.612553184175603
-16.627066806542853
-16.614657850881105
-16.627556770438883
-16.639177090412915
-16.660518292512926
-16.67714687463061
-16.65678238733116
-16.614550793318678
-16.633338533622048
-16.638161203737177
-16.656951284920957
-16.63066426970701
-16.60238855682605
-16.596807871461227
-16.643441025180916
-16.650593419533166
-16.65010636012733
-16.656412961119017
-16.69524844040839
-16.70977228486339
-16.721131485100386
-16.716582106604978
-16.710621780344233
-16.711346966323752
-16.732688786842097
-16.745767507082547
-16.76438854403936
-16.78086524747319
-16.749269343265958
-16.733142643746913
-16.72953902959072
-16.722008203945407
-16.729684518677246
-16.74460511287605
-16.716085436695977
-16.746206615180938
-16.706839456143882
-16.684710887345183
-16.652464770727327
-16.640320869449145
-16.666654576431615
-16.64596802197349
-16.64957599625968
-16.674860742975856
-16.672184291104447
-16.650085718589207
-16.635200748364937
-16.625934130882673
-16.632232661978644
-16.644494070685933
-16.622069041431452
-16.655988425745605
-16.646074055510898
-16.664903402480157
-16.659948357850993
-16.65762065749131
-16.67725137416586
-16.687548522046104
-16.698212525528177
-16.70644229075815
-16.67852414705563
-16.703297153792942
-16.71229944879912
-16.701966153290748
-16.709335250912915
-16.70542840846666
-16.737211243492286
-16.719341449548157
-16.738220577385217
-16.763825544409347
-16.766224475500255
-16.751593537383947
-16.699612459067346
-16.704838189887198
-16.69416809051851
-16.692766946634652
-16.6514331345767
-16.617982795702805
-16.626728563571106
-16.61218471774268
-16.630724475538724
-16.633166543360872
-16.64784544534627
-16.651969893651824
-16.649006419697688
-16.6312682761309
-16.66123939710946
-16.67247999984777
-16.66697465947016
-16.634419028286572
-16.63344695444896
-16.698287162657998
-16.680979372326444
-16.701749993450015
-16.688624595429314
-16.685259405667463
-16.684219989449904
-16.668481571094954
-16.672763317141413
-16.644702511302565
-16.69401514989304
-16.690751702507338
-16.7086629731817
-16.681535836113124
-16.683907229041875
-16.670476225092177
-16.670981314655837
-16.668053213964704
-16.65352886095624
-16.650692689093365
-16.646669990335507
-16.67457089725731
-16.683489413413213
-16.707587773123027
-16.71519392406966
-16.717779645998196
-16.721796533900875
-16.692814516178192
-16.71349011148355
-16.692051534058038
-16.68593051796152
-16.69034097818043
-16.69672446101605
-16.686925550087174
-16.65510331643625
-16.669525832153134
-16.677945869990346
-16.68625691847047
-16.68975189050247
-16.66187866338143
-16.69285101651222
-16.673624863425964
-16.648868259771472
-16.651696874519796
-16.645237124219616
-16.648895102532464
-16.640711100397713
-16.647839132332614
-16.667763176578823
-16.669314524548966
-16.66975748520139
-16.687988987127245
-16.699496079138736
-16.68952712094997
-16.7021980945886
-16.714480292984433
-16.70010673338163
-16.70264131193633
-16.714849799501867
-16.702379805370708
-16.709111583748104
-16.69141437246202
-16.668965507478934
-16.658557532403755
-16.6841838754933
-16.690928120299162
-16.712607932797773
-16.731741691918266
-16.70456869215742
-16.726099094335165
-16.735591080162713
-16.73531499424402
-16.7324738687848
-16.696728740514306
-16.647724262268632
-16.64723314783694
-16.663114897173546
-16.6335877190783
-16.647424813050037
-16.64446547771074
-16.665285873008163
-16.698978328383202
-16.684689697385792
-16.70761296066836
-16.685252639314587
-16.6989669713515
-16.679704974391598
-16.66563821788768
-16.675416376152683
-16.677940862316184
-16.664520335641814
-16.67669303193261
-16.682760064450836
-16.65819164166191
-16.68354689376981
-16.686543926875974
-16.67304494692052
-16.664978185727854
-16.642950497626114
-16.631666507007917
-16.661683452611648
-16.650006760330673
-16.65154598717134
-16.646112071804097
-16.611907269854466
-16.600402210755295
-16.590964642645936
-16.584473961739526
-16.575509736128183
-16.621230599748436
-16.63341597518415
-16.614546466829747
-16.608456682376488
-16.601734962404326
-16.60643182454829
-16.596794912611056
-16.5970276059925
-16.61676660453853
-16.61849111733992
-16.62569885395517
-16.63953448376516
-16.650400923250235
-16.648369320813377
-16.659649092991483
-16.656022951635087
-16.655707956963656
-16.688331687244034
-16.67154390103445
-16.65973428845435
-16.647189964834535
-16.635977328269306
-16.653697157606867
-16.68073452548663
-16.68377416822715
-16.65864260193934
-16.65008092768257
-16.67304437138138
-16.656480516609573
-16.665526911297206
-16.628256259807905
-16.628457085875066
-16.62333079060316
-16.654314897784584
-16.674539078495954
-16.68133352221347
-16.67691286318222
-16.669785455553136
-16.631863966794146
-16.671411384744708
-16.69660466282174
-16.706102156071367
-16.647823822180587
-16.64789162895364
-16.6680427550422
-16.655357511549862
-16.663394995215732
-16.66916817217622
-16.65213230665182
-16.64388298828142
-16.61511122336964
-16.63192128717067
-16.638727408219154
-16.641399027663823
-16.6596051692463
-16.623615425471066
-16.64640198333148
-16.687003613305
-16.70408667158225
-16.683142282910055
-16.69678553970996
-16.656171022379485
-16.6783022161141
-16.668124139126686
-16.650493180275664
-16.667757591472096
-16.662373586149045
-16.678193554704738
-16.657068317211355
-16.623029908407585
-16.603916746949704
-16.611219162630686
-16.604402470816353
-16.598253530933217
-16.586632577993328
-16.603047319879366
-16.642202188169204
-16.665019431215384
-16.6634315743116
-16.669531607845457
-16.697302146426292
-16.69542344618593
-16.685622273131866
-16.712977385432026
-16.70069721479959
-16.686151820210775
-16.66631049568223
-16.672816237507913
-16.69424507112425
-16.69706265489582
-16.73073232091556
-16.728413077150524
-16.755763260097627
-16.71826517592216
-16.73235365938127
-16.72927976948809
-16.724808052324164
-16.746347135302614
-16.77174718489873
-16.761404299907785
-16.747700058925332
-16.7529502808005
-16.753095426090624
-16.77120799642489
-16.760210415023966
-16.790853326486953
-16.746938302272586
-16.74260878675163
-16.738449946309654
-16.721308307080296
-16.67367600072191
-16.62729712468915
-16.62487851243452
-16.62386859556623
-16.636768904524317
-16.63713368735158
-16.640508614758357
-16.642744074637278
-16.697768017789752
-16.693874677744557
-16.71982080834643
-16.704763049061896
-16.713616324857835
-16.71673790654683
-16.669330613517474
-16.665424155925102
-16.683518164187447
-16.698965136579158
-16.6906579726663
-16.6862714756813
-16.6606289348277
-16.651238439413767
-16.67158385066149
-16.653094644430993
-16.674058809298792
-16.69506868328085
-16.70622227798261
-16.72206104810026
-16.727978882043196
-16.704101929689006
-16.72672662370251
-16.711464588398435
-16.702088282724016
-16.702953687860564
-16.694011112606436
-16.695201828426434
-16.68454215645673
-16.698731464736223
-16.700577774155914
-16.692452652472756
-16.687888588710855
-16.67140331664703
-16.68518111535406
-16.643904203770308
-16.628906842435487
-16.64070528404681
-16.6213861659469
-16.619337273319346
-16.63782395919095
-16.628301755801637
-16.650145817373634
-16.675827835393868
-16.63655030842997
-16.620715405993906
-16.636435223618065
-16.59895028791083
-16.61783513413091
-16.656551259478352
-16.66986801169877
-16.709015063147408
-16.681675455304298
-16.677652942630004
-16.65588058009004
-16.68783996484226
-16.664940171905332
-16.66274102206448
-16.68748787838997
-16.702010895260848
-16.72757724236883
-16.70864203884134
-16.712189438412764
-16.719323037642635
-16.73071840675078
-16.743541023045243
-16.705796570286928
-16.713557715257064
-16.733097840718756
-16.74162700813929
-16.774765781948346
-16.754001519277114
-16.765224733662983
-16.80413292858743
-16.81673563950101
-16.804467500403515
-16.77708028493377
-16.763915155731045
-16.708537117120468
-16.70579601983308
-16.731131852121294
-16.716601933488953
-16.73015220699634
-16.7161605204258
-16.67780823250368
-16.700330386645962
-16.668380158233397
-16.714678801608795
-16.708841251586165
-16.742543393724144
-16.733915109933143
-16.77351064818587
-16.765919951537846
-16.75361583527605
-16.736810075032277
-16.713213052572513
-16.695105118325127
-16.733616770132663
-16.70782299488825
-16.717063218021917
-16.713160884587687
-16.72326935911061
-16.713844769471013
-16.717618494605954
-16.7162025030635
-16.71552562466548
-16.704326072247774
-16.701081706269306
-16.691593315903688
-16.714232800476697
-16.738719276333377
-16.740295711285654
-16.743100321448598
-16.703068636134685
-16.7373832523073
-16.708198359655785
-16.69089540410644
-16.68780376164642
-16.677310279853003
-16.69882660414131
-16.70484969335236
-16.735797084756904
-16.75178911263177
-16.729825547925493
-16.714654961303044
-16.722243041041395
-16.68360075036256
-16.677094577307876
-16.673440952462514
-16.67886977688251
-16.683914544012662
-16.70776486084543
-16.69732600681744
-16.717934548299528
-16.71874456981098
-16.71758016890899
-16.68693861084307
-16.66196183561928
-16.619429285749295
-16.615550213338167
-16.61179698680013
-16.597197752887894
-16.570907378034743
-16.593710613957125
-16.583249656058147
-16.58375518493231
-16.594986705452946
-16.618544324921128
-16.564762255238442
-16.599596641167643
-16.64562102970161
-16.647626321050044
-16.656708587203152
-16.608304284458033
-16.61313561338883
-16.630504195465267
-16.624998208863634
-16.629120240514705
-16.662207199204715
-16.648162268050868
-16.65294524942858
-16.670826884104205
-16.68935212361383
-16.66563505858392
-16.657840806763947
-16.659240985995975
-16.646017801747163
-16.66784848260337
-16.64783793178172
-16.63598567513926
-16.601360684820605
-16.63253778158627
-16.64235943895276
-16.67121665414179
-16.675203031985475
-16.693101955718987
-16.710861437223247
-16.696108383598844
-16.660000327889072
-16.661524221736478
-16.657812611588493
-16.6641597289265
-16.635349362409297
-16.656621022274706
-16.63512466998588
-16.63930222790465
-16.628627801504727
-16.632560272276923
-16.59804054193559
-16.57820769685456
-16.591391308910428
-16.568957490325403
-16.567462951383597
-16.58155024113904
-16.582473443417843
-16.601311994995157
-16.616862640873872
-16.59455120389188
-16.59853686961665
-16.582261060885234
-16.575199080550377
-16.5772297154945
-16.588767713380168
-16.591892666266432
-16.64058033954925
-16.64506642281873
-16.652140421145194
-16.66391785024755
-16.676340979291478
-16.6926945606117
-16.66716355088504
-16.722813979194225
-16.718129254390842
-16.690036205332582
-16.65833624635788
-16.63451537686551
-16.665311045694818
-16.664416920437983
-16.678627892488826
-16.659769020887538
-16.680266445362825
-16.671647527607643
-16.679275156201467
-16.6576007041907
-16.632619021794635
-16.638674133678002
-16.624703204727197
-16.600501546273026
-16.596252796032744
-16.624817425088178
-16.637523260079735
-16.646704743564985
-16.666214970268726
-16.673725120693206
-16.6469121661606
-16.645881645403986
-16.612469732910302
-16.61151243850501
-16.584772025789814
-16.566042523639943
-16.596977195757106
-16.63404853112543
-16.644876861947253
-16.6126099838376
-16.594437606656975
-16.60278287670744
-16.63437262365013
-16.63801656808498
-16.632004896160694
-16.600179136816685
-16.59147584744867
-16.635420490546473
-16.618898457335106
-16.594304158757062
-16.589066799046275
-16.629098972052464
-16.625280422562557
-16.64217866245828
-16.65637947834117
-16.64553274979293
-16.6627684059047
-16.66519485687375
-16.659583879321964
-16.691813811936495
-16.68353006065748
-16.71458535085578
-16.702015758394108
-16.67764245435895
-16.640114919090912
-16.608597401074462
-16.66495640155716
-16.652635896410253
-16.65770045669761
-16.6745590565719
-16.645330375251156
-16.621401906633498
-16.649464067589225
-16.62900914735161
-16.66132031100455
-16.679365421032198
-16.670478387394727
-16.67443298282805
-16.65483459056833
-16.639141040286766
-16.643996503633122
-16.645809404423094
-16.674005660809495
-16.67227392952442
-16.703854368516577
-16.72725870440426
-16.7207057377971
-16.714965513328107
-16.698241788977093
-16.70840306992745
-16.658673860511836
-16.628159618784906
-16.660785287496275
-16.671715050158067
-16.674446222512508
-16.670421082408996
-16.66553530519067
-16.64479518518034
-16.66378513469737
-16.675490664064228
-16.656335867710357
-16.64180723235591
-16.651897836544958
-16.654871968620746
-16.662484330231027
-16.61678990847934
-16.654212192835384
-16.683753137246544
-16.65143230795703
-16.595530463884295
-16.61713446480521
-16.60387793703819
-16.56970790749156
-16.579256764070237
-16.58375824454399
-16.545403861227644
-16.552491218969788
-16.56837243036712
-16.571730120242723
-16.562116367808784
-16.57423864569577
-16.593333495238557
-16.58550738619489
-16.5961908258015
-16.64117639532008
-16.598342395574512
-16.553521649223526
-16.589790182324354
-16.613379859776366
-16.60867450020378
-16.592765997605767
-16.59892388102447
-16.605121657461282
-16.644293582705316
-16.66537173294342
-16.651331610223853
-16.6490251174452
-16.63693225172436
-16.616384843659894
-16.623972900482006
-16.63904864015979
-16.673897895923854
-16.641022931492678
-16.69142828469388
-16.69379641061991
-16.714670414686587
-16.687235161015554
-16.689987855632634
-16.708170926806833
-16.6970730342976
-16.678194211282754
-16.68587481124193
-16.654833462346033
-16.643670599903142
-16.664347150611974
-16.67984972001114
-16.66582059366669
-16.653182014183244
-16.606227764715275
-16.59742310111793
-16.607957916588504
-16.618353628770507
-16.56863733900282
-16.594898802666116
-16.574855934301514
-16.56278476277766
-16.58349954097166
-16.588222119307982
-16.62600404688717
-16.618743375531732
-16.639506820286883
-16.638276437093513
-16.637180512675442
-16.64050435098383
-16.647127087021854
-16.638940028833083
-16.647011003291052
-16.66591901736468
-16.669255815437673
-16.64779650585773
-16.620907461647725
-16.60562258861802
-16.617324922643267
-16.618257801353785
-16.620958308059482
-16.649640922462762
-16.637697270805802
-16.643603782018484
-16.64690222812134
-16.658473931321584
-16.667233229314704
