-16.614744644882933
-16.609385919232796
-16.56768336629044
-16.543739061437098
-16.560647233050457
-16.549559142816218
-16.595054585739426
-16.55032518749056
-16.556382789365628
-16.560505312327475
-16.535948329968672
-16.54503366062112
-16.556406764010266
-16.555869335949147
-16.53564600376777
-16.578992887471987
-16.537612736022993
-16.538045924595753
-16.524288724898124
-16.498485192073286
-16.516171558311136
-16.508786935200703
-16.59034939073957
-16.534201280510775
-16.521127787122715
-16.54035175027651
-16.547135944840612
-16.52781276087249
-16.503170951542053
-16.537639725359355
-16.522406406395636
-16.547213450085046
-16.56857332310951
-16.55245089039549
-16.5432998971232
-16.586882741674263
-16.596739706527618
-16.60451048615533
-16.575764921642403
-16.52982300886649
-16.546726307532513
-16.606392955957507
-16.578162185448207
-16.556873147243017
-16.48292298505775
-16.566867944734657
-16.556919288873768
-16.551881538828876
-16.534079649173965
-16.542895762274295
-16.562901278955238
-16.583240036803957
-16.5563371573431
-16.489566105970237
-16.5136464013528
-16.542358224561315
-16.558061929721074
-16.55406280011618
-16.516760133235817
-16.55962235891479
-16.50759448310818
-16.527586041878493
-16.535242101687587
-16.519873954156143
-16.53919664501047
-16.560542966496545
-16.515874223859665
-16.54097008387034
-16.56513022997388
-16.56360742043354
-16.541994934683768
-16.584488812306464
-16.52346768318902
-16.541159051448485
-16.564790989016767
-16.57632008006481
-16.54171021806712
-16.509763460338
-16.501388290544792
-16.527295909317655
-16.563873323588073
-16.581412347144845
-16.579153607300757
-16.568834901228
-16.55928551900534
-16.59240531981048
-16.58575797458404
-16.573363965084877
-16.580318595149524
-16.543086112272633
-16.510676193646685
-16.55405111718629
-16.603575287571193
-16.588104064964817
-16.56261973065135
-16.5655419170039
-16.571183351839874
-16.502599242875757
-16.57791044260711
-16.56866865636453
-16.543503144132874
