-16.612388826994074
-16.602536795047026
-16.623518485315653
-16.592615438710265
-16.621232536957454
-16.61660027438224
-16.627526681066616
-16.632552781539566
-16.66892683815534
-16.672927968690505
-16.63587737349284
-16.61010478155548
-16.562389248405452
-16.53624313697538
-16.535298285253305
-16.561939132857308
-16.573757970093055
-16.58109021778773
-16.602475508240772
-16.57742152437402
-16.575053325547955
-16.636603336321983
-16.63656123039677
-16.647570304995895
-16.636116282990823
-16.639664179873556
-16.635988056145326
-16.618461733379707
-16.567236648635117
-16.534674667869655
-16.544900858380824
-16.543702884921228
-16.537771470249652
-16.555629857561208
-16.523830461358152
-16.544304098169217
-16.544833748246084
-16.60510350866013
-16.59267031186932
-16.58028920153848
-16.563737769443573
-16.53120396154227
-16.53344440812839
-16.526370685682448
-16.522584733423283
-16.489276235087495
-16.52436365763729
-16.478088091983505
-16.44200010134826
-16.407767282197423
-16.437011839857878
-16.46640325000134
-16.438765288807485
-16.477113874018475
-16.491275541967287
-16.52555336547897
-16.534880947730553
-16.55578602958225
-16.551481533391613
-16.522954001609275
-16.544374094902548
-16.5281845572372
-16.49479221954102
-16.530720399150095
-16.522799928355987
-16.549240441918013
-16.52757230194981
-16.533468673204013
-16.503937782761664
-16.525302669360414
-16.513047796753845
-16.512443319099997
-16.52308465906401
-16.53043063224334
-16.542720405620877
-16.535179135520263
-16.57181671587637
-16.54429783768887
-16.4923707856824
-16.434180069610385
-16.399957232669507
-16.38562147098841
-16.388286632435292
-16.386861723258697
-16.439005515021915
-16.41577787057561
-16.4290754263143
-16.424768906902447
-16.425056892485596
-16.43578689932898
-16.448388065974093
-16.461012614249587
-16.43836686780629
-16.425963798572603
-16.442746832813498
-16.467402604258567
-16.46859768707938
-16.454692318157907
-16.472024474219523
-16.471636201305387
-16.452643370955634
-16.46242927049058
-16.443717295154986
-16.420140340886434
-16.431127943557428
-16.40062227383556
-16.39547307714315
-16.4323494881588
-16.39932953308163
-16.41930367988108
-16.460155855380286
-16.410016221343817
-16.422516935600108
-16.392775058287633
-16.410491889285797
-16.420002212533753
-16.42406881674963
-16.446332371657235
-16.45570883455318
-16.447681059913954
-16.46698037462933
-16.499799831650247
-16.492405250495302
-16.486397248225508
-16.464743095546556
-16.46504969957701
-16.499561834246233
-16.48239772170649
-16.49771725053498
-16.512243106291994
-16.49489687309843
-16.469893442815938
-16.472542393463883
-16.452957918702218
-16.45208199292715
-16.38462244649248
-16.375934248174655
-16.382985484317892
-16.368409101128886
-16.394740776454647
-16.401671428415405
-16.410665924467423
-16.42022137381178
-16.418663930959404
-16.408362448636904
-16.42491943234346
-16.431546445618597
-16.426618335268248
-16.419435956511183
-16.396186349253203
-16.4335563777558
-16.434840116413657
-16.451217434852413
-16.44959070783287
-16.496969886712453
-16.484401071062702
-16.478168630935055
-16.48165653596591
-16.450117489573255
-16.451229227315466
-16.436093687366352
-16.408531692301295
-16.40943241228529
-16.383588691008487
-16.367177809227066
-16.375534377589513
-16.415131000172504
-16.440211718604193
-16.39879970175533
-16.37740544822696
-16.397655174745903
-16.372969296898695
-16.379250878052407
-16.39311186224527
-16.360562669569457
-16.38555478850819
-16.377221711242687
-16.402133009308116
-16.40513818925735
-16.39212733441548
-16.374894516989567
-16.41003706524367
-16.402045619447684
-16.400416653062933
-16.408673371793558
-16.420341684289145
-16.464410575460747
-16.43982387370803
-16.424060708926483
-16.427673519425504
-16.41854410885914
-16.421392631030738
-16.432809707298233
-16.472511948744405
-16.451404957731654
-16.49273976294924
-16.524354437876525
-16.53720062418768
-16.53006768442726
-16.504104643106505
-16.518019191863576
-16.530311831202848
-16.530524977552982
-16.52356706690225
-16.525022320928883
-16.523958345807475
-16.488765218515105
-16.516303797000187
-16.47038095579687
-16.468973763581296
-16.48710977313482
-16.490815145307906
-16.497522136658656
-16.468280037510926
-16.472660308525874
-16.474502419642384
-16.467799443871947
-16.44176084877152
-16.429251654958378
-16.415659451362984
-16.458327666430105
-16.511431222673664
-16.527666667271234
-16.513328763817267
-16.50181281175257
-16.517332934410383
-16.520726024803892
-16.514360368752328
-16.531119355431606
-16.532126857656134
-16.524608983178286
-16.51975196991039
-16.508403130699435
-16.481016398488375
-16.5017099454057
-16.51474153951299
-16.50876678556853
-16.49002520299908
-16.48988504833739
-16.48681854573619
-16.502040979764736
-16.479487785237087
-16.48279142859983
-16.501915844289673
-16.492723469198193
-16.488368641169945
-16.50726738987073
-16.503495582722216
-16.462329965118034
-16.456619627093872
-16.441742365673033
-16.449841775885027
-16.431853384470777
-16.443455173457803
-16.46147360034303
-16.460977018465464
-16.436292796752525
-16.423099121097138
-16.423723111876985
-16.43816042657202
-16.45823811951954
-16.472582552775744
-16.49122626884729
-16.517120053167503
-16.550523211587166
-16.526735243777278
-16.53829078393151
-16.536196335721108
-16.56454919994777
-16.54205098310056
-16.499645211438335
-16.533595170992978
-16.51581627128813
-16.46794703780233
-16.485789685535423
-16.493672008070522
-16.50489259532472
-16.495942485588685
-16.475377493154596
-16.43044192273505
-16.439301398920904
-16.463290957525402
-16.416522248978676
-16.427843434335145
-16.472937332476242
-16.445905544500167
-16.444517069257625
-16.445470364874474
-16.421440034953687
-16.41974632386178
-16.33059720479604
-16.343145391934723
-16.348548744722365
-16.339099036283265
-16.33673788186627
-16.371566857559998
-16.395189149600334
-16.399787699895388
-16.39465578020817
-16.398161819138213
-16.423485701070586
-16.428519461022784
-16.42617561330246
-16.43610391610688
-16.432342761241912
-16.40486197180208
-16.4257593851877
-16.40213730648035
-16.438678362816347
-16.433517506059776
-16.435544121231427
-16.44120853212034
-16.409728834553167
-16.40136684845357
-16.421904945845323
-16.43426623148077
-16.41583273654512
-16.419082835719745
-16.413920685936663
-16.39972740293555
-16.38819989905784
-16.411776382857383
-16.424309382571316
-16.466266426976752
-16.459353844243992
-16.483439114160138
-16.50995220498737
-16.516078486388327
-16.548629290228753
-16.513731872705414
-16.50788596885535
-16.549664347569255
-16.549280725140424
-16.519421576998354
-16.514302684641034
-16.46800916438664
-16.42386901255366
-16.403995645212554
-16.42730445143424
-16.43273417261142
-16.449947470792512
-16.43084954718272
-16.473034373304746
-16.480930643610677
-16.48303554702133
-16.47221874576761
-16.45727166619528
-16.438284522133806
-16.438930995317
-16.44780568386456
-16.439534579468408
-16.442191619574718
-16.456126358090962
-16.465180740450617
-16.4613183808138
-16.463069624359175
-16.443829307747464
-16.45248765641402
-16.441997200222893
-16.434281534874096
-16.401712718644696
-16.420336280063907
-16.418943801696415
-16.387838973957642
-16.385545717908123
-16.40862722454579
-16.409171301400914
-16.390601017518605
-16.425030324338273
-16.439108906774642
-16.42607538940996
-16.430100872423566
-16.426662160329563
-16.43455906755136
-16.45286313809635
-16.437723944498998
-16.42564819183223
-16.424611092037907
-16.422679524645396
-16.363195010924873
-16.37411672534301
-16.381364904109585
-16.386482130945733
-16.365734360613516
-16.373157458300085
-16.36285213777106
-16.37074007963232
-16.348246712129242
-16.39928013332145
-16.413076432667317
-16.416685957523175
-16.431616992273277
-16.41623223009121
-16.41628787698212
-16.40444939633549
-16.393377477883547
-16.430760207650383
-16.44967895334556
-16.46010674619955
-16.49213372788351
-16.46589853080441
-16.43863394966233
-16.414271889275682
-16.445619438932972
-16.436630074149736
-16.4376973243811
-16.43013130901574
-16.423719659491443
-16.437620344750655
-16.415581180188532
-16.419424378102097
-16.424286999018996
-16.400692098525127
-16.40895342739409
-16.448577460799395
-16.484735225380373
-16.468004680848434
-16.47483737485817
-16.475319794847444
-16.451788460190382
-16.442756991263668
-16.42427081287528
-16.437749695101054
-16.447511840402026
-16.414319630022188
-16.454011712371642
-16.44638232875875
-16.480146108654534
-16.455846164266138
-16.457353835911658
-16.45322478615791
-16.447336791401533
-16.439922591732863
-16.44536564989467
-16.463339020306137
-16.429385618582618
-16.45589189211301
-16.509914583164704
-16.491675927430844
-16.476303085420444
-16.470286682433667
-16.470096808418067
-16.46157427041332
-16.47761671270531
-16.44455874055514
-16.44312098925221
-16.456591633278077
-16.458644493544
-16.448082284160392
-16.446318240099355
-16.47711125368441
-16.489984460805967
-16.51957001189307
-16.51570778218105
-16.507281749228966
-16.50357744063392
-16.484314720994362
-16.47823917021545
-16.482535160334212
-16.503895446518847
-16.499965547583205
-16.514663058120984
-16.50591081433324
-16.471490980510893
-16.47641231824476
-16.43531192490803
-16.443131640318978
-16.461417388515205
-16.472894569278424
-16.500684661024405
-16.51708199558997
-16.533307210885663
-16.527157901557654
-16.503291147218967
-16.508604393025664
-16.47415028394519
-16.48694755436872
-16.460801414035654
-16.446492450465918
-16.4667474898816
-16.451222037996363
-16.40863024177626
-16.41287614105192
-16.43302630348113
-16.43834453965536
-16.41871446679745
-16.44842220853145
-16.47473914535534
-16.476271887297397
-16.486744385316108
-16.46286793179096
-16.453854362840996
-16.412131290587926
-16.419627430847044
-16.43121239692901
-16.455130797654906
-16.459445597847495
-16.43040034731881
-16.456397880020997
-16.44294155865765
-16.473770123565902
-16.475785238277343
-16.494735370954675
-16.504200545873395
-16.48428730226665
-16.49614804214353
-16.476612829923333
-16.4880511600388
-16.489535329620285
-16.46180822808222
-16.444761930859965
-16.43424927804208
-16.440854197042874
-16.438548300995436
-16.447601965104226
-16.42821181269527
-16.423267666298212
-16.437727751351282
-16.405044503590855
-16.429434749911273
-16.478696355637204
-16.49073246024403
-16.48963037748518
-16.49982531001807
-16.450633801797327
-16.467116941380795
-16.46360795911601
-16.468865762031438
-16.499465719780563
-16.516126181282324
-16.49106958697535
-16.479298285565456
-16.523541429020472
-16.493073769030676
-16.500093693610996
-16.467656756501437
-16.43788019979031
-16.453627385132528
-16.47015598472118
-16.475121932164633
-16.481367288398754
-16.46546537927134
-16.44189176255662
-16.481990498661688
-16.506158646482774
-16.49968092868446
-16.459165491306553
-16.440132241005188
-16.42083418907643
-16.469482662888407
-16.460620499975562
-16.464825241256484
-16.51253139212192
-16.479259570660634
-16.456357743700856
-16.434403781974396
-16.443380006392747
-16.423464383253176
-16.4433251225638
-16.430593208551493
-16.42153207715069
-16.409701250713145
-16.40670515563389
-16.388489387158227
-16.342708718417736
-16.409153541105482
-16.446699017006935
-16.45328550985511
-16.442412937518114
-16.42463113264705
-16.41229921150852
-16.392976856647536
-16.395789131067634
-16.411448119182943
-16.404754768225363
-16.377553948949046
-16.369888054201507
-16.360103883019672
-16.358954987837976
-16.352514066157905
-16.387436480062984
-16.400132971918385
-16.398261880504787
-16.381323488070777
-16.341232856810134
-16.312943720673104
-16.340196531961922
-16.373842142262333
-16.3659286146316
-16.414007637275166
-16.41900173932507
-16.414035225054608
-16.41815756963162
-16.40127718349332
-16.411963534774582
-16.38376926597212
-16.40060698250155
-16.386487993147608
-16.385503652288687
-16.384120330756915
-16.33347312972268
-16.347547491485535
-16.343806093387286
-16.347829086532744
-16.32556530450447
-16.353584303670996
-16.347557488289457
-16.30978415078747
-16.32353638745678
-16.308336953965828
-16.32298373185555
-16.302937263753336
-16.292154061463926
-16.308541301694806
-16.29396840046186
-16.272675073914137
-16.27524031661258
-16.304220984385722
-16.315301819360922
-16.319657509658832
-16.31137749914474
-16.345303902479287
-16.36120661720943
-16.365391594913444
-16.306287039265285
-16.315592838191826
-16.293029991887845
-16.308735314077378
-16.32492942950622
-16.29805548560857
-16.298767170325654
-16.289707286548996
-16.277857437732898
-16.27973228967012
-16.296795997551044
-16.276631452985516
-16.261862734444488
-16.281923419557998
-16.280039557064033
-16.285485108552948
-16.336325715685334
-16.37912278137364
-16.403278830326578
-16.416113797258785
-16.404800929466766
-16.422027073443186
-16.392444310092007
-16.386819255531748
-16.37369287123143
-16.390820320382186
-16.407797030175484
-16.3868425579363
-16.367989263009974
-16.378989239547533
-16.37441377821047
-16.4045792938042
-16.434933834762692
-16.425046613868947
-16.38900144135909
-16.39090206678639
-16.367099909560373
-16.32604511024641
-16.376701678994543
-16.373254536172887
-16.37455147478266
-16.377753672877354
-16.384431465792964
-16.35700162597689
-16.382549645008474
-16.388284169828076
-16.394054608113674
-16.41616955036225
-16.41898237616434
-16.418654478677404
-16.406671612637282
-16.404653054372694
-16.408277717339026
-16.37932686905214
-16.39287614771751
-16.39332167353056
-16.400277070662852
-16.39211253851989
-16.40520066574055
-16.389932130718996
-16.370879378457946
-16.373580544284305
-16.391599737375614
-16.38093259548223
-16.403538856131412
-16.409571597077527
-16.40592974120052
-16.382951843741047
-16.378255780288374
-16.363633641342723
-16.342138678163945
-16.335222953202685
-16.34002793743072
-16.353846601111965
-16.348316091934716
-16.328802814398934
-16.33295904865954
-16.368892174369023
-16.390039679623793
-16.39029970442682
-16.36517898569394
-16.34292015941783
-16.323597533283625
-16.331704501181008
-16.349163458116898
-16.355894521536275
-16.33153132324243
-16.32225318380216
-16.313007503669517
-16.313247604417292
-16.29607939783082
-16.311709521875937
-16.310663821523217
-16.300834623586294
-16.313837087366498
-16.3229782143473
-16.3180557216783
-16.312209921274825
-16.295573550141988
-16.289172665142562
-16.31244205847238
-16.317688877560528
-16.301638280296757
-16.313260228963756
-16.286853060027273
-16.271840514038956
-16.2987230952704
-16.33156948585034
-16.345071692524694
-16.350707590498047
-16.386729749542543
-16.3745803316576
-16.338581647188278
-16.348872396975175
-16.356321390967434
-16.345145439180964
-16.312413164499876
-16.315230797104586
-16.293098105162677
-16.312658449364793
-16.332293580446922
-16.32010857144584
-16.321379101331846
-16.298260439889965
-16.314546860843265
-16.28270751740535
-16.28380351777715
-16.296913754399053
-16.296513517218244
-16.274560663410636
-16.31632299945684
-16.319124364368978
-16.333959121733926
-16.301347359087202
-16.32821431754855
-16.3337213285536
-16.341375625064273
-16.331357751419077
-16.329867358293765
-16.334362964164516
-16.297173775137015
-16.315554194035844
-16.332079516296783
-16.3108762069131
-16.289678931058393
-16.268162836796517
-16.269984142609356
-16.279893846172072
-16.246802774073757
-16.234051778339236
-16.241304523490722
-16.249356108333036
-16.223059999682167
-16.288069174095817
-16.28230856094798
-16.286632747349067
-16.282729141543182
-16.275524098455833
-16.299426846911707
-16.304529190789445
-16.29802412454969
-16.272727171291127
-16.241970584405543
-16.223339480748688
-16.210203198505162
-16.217720207042984
-16.266764815139954
-16.257261100501378
-16.279825949626705
-16.27731255790183
-16.29966702793758
-16.29676929255203
-16.315521298992017
-16.344025540367216
-16.370026166302736
-16.40741719512662
-16.42338849266606
-16.410171174633945
-16.42070559148267
-16.384116759623463
-16.39448208240951
-16.43098745036244
-16.44229341434848
-16.411133475900108
-16.398922193419263
-16.39612040741542
-16.38781535653603
-16.40081213942988
-16.418483047203825
-16.42271705344908
-16.435271402446386
-16.44290751571134
-16.469304851492435
-16.458485079263035
-16.446734990281186
-16.471855475909646
-16.480544645606518
-16.482803447113525
-16.473975788382976
-16.486719685035478
-16.489437544455644
-16.47256308841654
-16.463376263335764
-16.49288280379076
-16.47581029999521
-16.481095176842924
-16.473626596029476
-16.403323142217552
-16.40038352194809
-16.37736910990627
-16.39727228018434
-16.368514974152543
-16.350479072655457
-16.383095695302792
-16.393846334393324
-16.399079432624593
-16.370952092411528
-16.37742362372292
-16.358624022357418
-16.373079269085988
-16.412606836470793
-16.435272309326827
-16.43096551551875
-16.417964590472423
-16.416917067441766
-16.44256616041854
-16.474420060342798
-16.488178251154736
-16.48901693622526
-16.474409702603733
-16.46058254828612
-16.435504220451957
-16.396018334044335
-16.396451769493815
-16.39972701292416
-16.38151988021931
-16.36592133017013
-16.364303862089024
-16.357972948061867
-16.367341797533847
-16.388183579272493
-16.36502542158109
-16.382921344357772
-16.372339258701082
-16.37805085826512
-16.40563988997193
-16.375898348896495
-16.405860686961535
-16.401397471449727
-16.407672211301918
-16.38542400595996
-16.391788169111237
-16.376739298711723
-16.360776326048097
-16.366050830056917
-16.36187865956218
-16.3649946497088
-16.40400249384686
-16.40366698717608
-16.41685765611827
-16.415671570042814
-16.412114949290572
-16.39597355922105
-16.393164578517318
-16.4139289355666
-16.438376581367066
-16.467837274197105
-16.43280811817719
-16.447391514418076
-16.41291690101801
-16.436078047759064
-16.454384736408716
-16.46672297287451
-16.438550510541845
-16.44323155732518
-16.4178352751149
-16.386764181592408
-16.411322060150397
-16.387340837641094
-16.399201584766033
-16.401738586846804
-16.40308706680417
-16.387288851953926
-16.420126824430717
-16.41894239965557
-16.44721516136266
-16.464654386428897
-16.460211397101578
-16.44822973854355
-16.456266197030573
-16.465430546255124
-16.381825029936028
-16.375326877555324
-16.396452323293
-16.410453487611637
-16.404442923963302
-16.39115165056067
-16.35642401624442
-16.355357477244848
-16.368051344206947
-16.33865272129058
-16.386424994341382
-16.40369167159137
-16.401613044127345
-16.41188452926263
-16.422890796625584
-16.423232340914623
-16.42626320438568
-16.40510539030022
-16.41880947939473
-16.389713265204243
-16.358324880676054
-16.385700082649077
-16.380035518468716
-16.36108271063171
-16.377061556718235
-16.397267894446934
-16.39892676261804
-16.38662478815839
-16.34274678514764
-16.304607131063573
-16.329561922917346
-16.306525483074992
-16.320912592944477
-16.357091445038765
-16.346699168733306
-16.3450296279576
-16.3133961757073
-16.31881860109714
-16.314989199260054
-16.323248719679547
-16.342583160055923
-16.32721907940071
-16.285075222861842
-16.277213943316706
-16.299923214302805
-16.304922762469158
-16.323515782833642
-16.33830228373941
-16.300504054532254
-16.288441044069348
-16.28986702315646
-16.353335006262608
-16.348341255329345
-16.346111959179947
-16.327778824180175
-16.33369784364414
-16.3345452323877
-16.34971942519824
-16.320761548976687
-16.302107136129155
-16.318793261477875
-16.28968099833671
-16.26710520593765
-16.27729830429351
-16.28912393122398
-16.29602861305558
-16.314892712362564
-16.300046356405545
-16.31320822631792
-16.320123515683864
-16.32211487198929
-16.329532114693066
-16.349224560861114
-16.33178824408491
-16.34447564328077
-16.337942577050903
-16.334937519852474
-16.363608698659817
-16.38232985762262
-16.402194199885624
-16.397938096809625
-16.39836373305595
-16.40391883145053
-16.36360557369511
-16.347573260017896
-16.369872359233252
