-16.541993430999685
-16.404613069100964
-16.439676836847894
-16.433792640785008
-16.463121823245906
-16.429966911127256
-16.4204509871682
-16.44019194332905
-16.47974613067508
-16.496088264978447
-16.48514881042333
-16.50466648868849
-16.4598076741046
-16.453424212590264
-16.451773082774306
-16.45853134841794
-16.396953135483358
-16.476869252418382
-16.461878972097868
-16.45042492468161
-16.445881217054655
-16.462779668344776
-16.49472390687094
-16.47173212150417
-16.484463968466464
-16.501164021232956
-16.45460449720173
-16.435668987105984
-16.462748575854622
-16.47631927678812
-16.451587477798842
-16.50702939162044
-16.435696401654273
-16.477514875258144
-16.435198509767186
-16.4749234694651
-16.44181515944653
-16.43180032628983
-16.471693837946905
-16.459198950806364
-16.42972513145404
-16.431607412868512
-16.42120742078371
-16.46178305986828
-16.423896487016222
-16.453333440124233
-16.464480174599657
-16.431894942958312
-16.419642570831563
-16.40781104528502
-16.480282279422376
-16.4693263222135
-16.491126357926245
-16.409078753267618
-16.43140544543951
-16.44672749965151
-16.478242726313127
-16.444798371771306
-16.42987542163142
-16.419279210478035
-16.437822783091924
-16.44754239681827
-16.5126526464726
-16.47571651745608
-16.451263286904197
-16.441763321712546
-16.486743565744366
-16.462461812170947
-16.427957888445682
-16.484262096559583
-16.47847705150606
-16.46108037946856
-16.433865479008013
-16.469358113363615
-16.45372561452996
-16.49844888254672
-16.511005597398988
-16.45356517955436
-16.51962638972556
-16.489895304175622
-16.504618021356293
-16.508110756522694
-16.432612127192105
-16.479509917532994
-16.465353645926182
-16.459882680914877
-16.51191592134033
-16.467547405137267
-16.507272826228583
-16.511213941236843
-16.454314522896123
-16.450773138945248
-16.457289582044805
-16.493966124791328
-16.44690206181156
-16.455111105611312
-16.478374813087992
-16.486540920155996
-16.490168814882754
-16.487966698211647
-16.48613670285197
