44.0
43.94836414724165
43.89306521582921
43.831267055682154
43.766297576768466
43.693450401955424
43.61402718353851
43.525523498215904
43.43151643146247
43.32804962437733
43.21982578806953
43.095819936014834
42.95645226668536
42.80774578685574
42.643474559519944
42.465808386302406
42.27322694571528
42.0591061964844
41.81799437164647
41.561093587095186
41.277740520865166
40.9685757077461
40.632514417770494
40.27779049362655
39.88722168664349
39.46616954469128
39.01871444125558
38.52989373051801
38.002161130037976
37.42814434680329
36.81451591807784
36.167015717907624
35.45894698880585
34.70091581412518
33.901526563622056
33.08736623634185
32.201295543367834
31.258709945243783
30.28319348425997
29.243456286515336
28.171357861802726
27.068301252992075
25.924268736940927
24.7635556815326
23.553273705750023
22.321571587563476
21.071167125110897
19.805201498758997
18.502291082795217
17.22611769703945
15.903477790373453
14.626495276675394
13.317436675456829
12.01386495665701
10.727216339156831
9.451169932437049
8.204467202228834
6.973883358700632
5.786334091607173
4.595765818349127
3.4468572640449047
2.3325051960405
1.2341567260671118
0.17566772808138226
-0.8326472849593543
-1.8067812936407657
-2.710825223753391
-3.60488915141575
-4.44822580545333
-5.27185894110653
-6.018639047354454
-6.750541070609623
-7.4432332455801005
-8.106508330156807
-8.735395370498567
-9.339052846402089
-9.912475002050657
-10.443973412974474
-10.932781379615555
-11.403746074290739
-11.835912124310026
-12.25918836482366
-12.646640335827758
-13.03303265196152
-13.373617586857987
-13.692933704460334
-14.008715646780823
-14.310064596257211
-14.588392174296528
-14.849026838201155
-15.084228469510299
-15.308045363271603
-15.522856940182287
-15.738109307740965
-15.932232634208482
-16.117787348093728
-16.28950204224355
-16.448550053942114
-16.597785085761565
-16.741950327355273
-16.888791168375022
-17.028607549115172
-17.1420332545329
-17.253735518132803
-17.36405650292509
-17.46256127226686
-17.56108368480288
-17.658101538787136
-17.753330753110742
-17.848522560186108
-17.9255107260844
-18.01210803361158
-18.088877530481255
-18.16482703643676
-18.23523425911471
-18.30512895330158
-18.377084662645828
-18.44075356858003
-18.501787595513985
-18.5594233487328
-18.62010413770533
-18.67543884629415
-18.72962002027837
-18.78273796401304
-18.834614058856577
-18.87790788908896
-18.919929128417305
-18.969304161384077
-19.015817544854794
-19.060506024783685
-19.10836856606098
-19.151838265825642
-19.188878244449626
-19.223633651195573
-19.26099402337769
-19.2980958249415
-19.333280806680637
-19.368537329083935
-19.40156502615382
-19.433398368403537
-19.472613017567785
-19.507489136242675
-19.539573309982515
-19.57051111613789
-19.602332380046096
-19.63317716042735
-19.65884802573748
-19.685658590043502
-19.710299532675688
-19.740608426004883
-19.768975040518868
-19.798771036428917
-19.82469196444234
-19.851450020656603
-19.881253332021704
-19.902544568371454
-19.934622965280163
-19.9532055390111
-19.979363873615245
-20.002850460108395
-20.023838422283454
-20.049160166375135
-20.074148674900687
-20.098425410864095
-20.118848509707774
-20.139802270580432
-20.162434681916892
-20.18859963609898
-20.209145069887295
-20.23407548943459
-20.256070357618487
-20.274687168885762
-20.293858606504983
-20.31366026132659
-20.3343016386801
-20.350811279812234
-20.36766085160555
-20.38538564889231
-20.404072655499633
-20.42239605247361
-20.440619575127325
-20.45954483343582
-20.474790623881578
-20.490619134362785
-20.50956813858904
-20.52926696242157
-20.548517250167205
-20.5659479009021
-20.583654474447652
-20.60166918984911
-20.618761848974028
-20.63411924071114
-20.650718138405654
-20.665381190616916
-20.680598278729615
-20.70608937048939
-20.72239892895629
-20.741361165893736
-20.761188542403954
-20.776829920083404
-20.79099853543858
-20.80612991538305
-20.819331403608306
-20.833634896761833
-20.851662783464597
-20.864904039451247
-20.879730070041596
-20.897322744055934
-20.913468289453334
-20.930115697890226
-20.94710254291963
-20.965233307046404
-20.97812161468064
-20.990621530780807
-21.002340051693523
-21.016796387055727
-21.03022461632648
-21.044673973598197
-21.05998922117968
-21.074053121491612
-21.085949016687973
-21.102192844516964
-21.114467273899066
-21.12517499915422
-21.139602691430316
-21.153611829290277
-21.16569149816497
-21.180448256587056
-21.194184094444932
-21.20902192765308
-21.220984268692035
-21.234466855052062
-21.245777210857813
-21.257048568655605
-21.270258741347046
-21.279774901560373
-21.291030179958746
-21.300073940450297
-21.314015481296845
-21.32390863971886
-21.334512057926304
-21.34609334356481
-21.35913562750712
-21.368702464303258
-21.37774846280741
-21.38457941536821
-21.396906506343388
-21.41124474327354
-21.422582327280857
-21.43395920874861
-21.447294725917207
-21.463159812610535
-21.47712319345246
-21.49037185522579
-21.501623886100795
-21.512043934747453
-21.52260491474115
-21.53424065475293
-21.550359959160303
-21.561803996921117
-21.56968940471555
-21.580744741444335
-21.591376655829013
-21.603733903160872
-21.611851350441885
-21.62506076096218
-21.63424642242091
-21.645249839726173
-21.65188847166714
-21.658531240330152
-21.66403507893641
-21.67692478792771
-21.685645986951677
-21.69449826254588
-21.705852233093815
-21.718144348309576
-21.7255665147788
-21.73514081487401
-21.74343214137723
-21.755905894725473
-21.764280074661045
-21.77295958238407
-21.784868256637356
-21.797823040048435
-21.806361371190047
-21.814056539729254
-21.82336488100493
-21.833307291512984
-21.84185057713213
-21.847502090139574
-21.85736600756651
-21.862762907325788
-21.872675748815073
-21.880434188275984
-21.889351198718618
-21.898038736921198
-21.906294690087577
-21.916516703931695
-21.925463739989965
-21.933885162668126
-21.942965016934345
-21.949535515050318
-21.95803953741038
-21.96715709926723
-21.976815094339674
-21.987804638615362
-21.99500526459474
-22.003803858479976
-22.01350364691818
-22.020257457464016
-22.033309628292116
-22.041983741313782
-22.04776362831559
-22.057074380361467
-22.065819541240902
-22.07338770015529
-22.0842499452771
-22.09142898259241
-22.098093551553646
-22.107231888560396
-22.115086817730134
-22.123924077478904
-22.128972768901722
-22.135706304310574
-22.14472185136585
-22.14864974509198
-22.15517087735014
-22.16533437966308
-22.17473945038019
-22.180335871251913
-22.187817632604023
-22.19771159853521
-22.207859478727993
-22.21608249226704
-22.223446894190438
-22.230584636575216
-22.23635674335974
-22.24308079604861
-22.24955647617855
-22.25494661760051
-22.261156519164924
-22.270774241762954
-22.28022669682561
-22.286048485364176
-22.293865329602326
-22.30410234097352
-22.309614443843817
-22.317057180571428
-22.32448051119088
-22.333888866717544
-22.33827028672738
-22.347410441161824
-22.35470395020904
-22.363633874888574
-22.367961550302823
-22.375220903432446
-22.382933542853806
-22.3876103601412
-22.396278304872858
-22.402889581809248
-22.412124341302555
-22.41673157682802
-22.42478017401027
-22.43317038968755
-22.44062642000217
-22.44463332109003
-22.452347557958102
-22.459096909609443
-22.46714677419033
-22.470816006090512
-22.476217644878766
-22.482712639933926
-22.49207327515753
-22.493797354836072
-22.502870147052032
-22.512526853626323
-22.519171442431794
-22.52489578792367
-22.53119502959408
-22.53851092628729
-22.544410126325886
-22.550611220837663
-22.554894286205187
-22.56034664797747
-22.56571741044942
-22.570750197889964
-22.57769912592975
-22.584163690424166
-22.58778151313231
-22.594330186583313
-22.601072460033283
-22.608510871694534
-22.611219855303414
-22.614117143714534
-22.61609795989583
-22.621431044869716
-22.62588562281536
-22.63224513338626
-22.641333488815416
-22.647902161416596
-22.651880118770077
-22.66047215245307
-22.666318149883047
-22.669861100008646
-22.675174934099392
-22.68523207461594
-22.690057903884938
-22.697709782515638
-22.704811815634972
-22.710585173175396
-22.718124153604606
-22.722681757843514
-22.724571929000234
-22.73171008936941
-22.734246488659682
-22.74022408691496
-22.746036230917266
-22.748954530066896
-22.75511826935245
-22.760244984725922
-22.76455494763434
-22.770252089412036
-22.774977653757205
-22.77860957648393
-22.783561791971266
-22.787776273553188
-22.794315195967457
-22.796021707349354
-22.79674003024884
-22.801455052376767
-22.80906498384301
-22.815653599412272
-22.819700835507646
-22.82466123293462
-22.828585669533958
-22.8317126147464
-22.8390738990133
-22.844270051691527
-22.8460891710234
-22.852181430551767
-22.8563354061774
-22.861435766525513
-22.86579931923117
-22.866272118686748
-22.869727926676685
-22.872667398610876
-22.877726152159262
-22.87865954266544
-22.882074677559604
-22.88533561715617
-22.889251339559777
-22.894329044952894
-22.900874696963683
-22.908131253305225
-22.912411772011126
-22.915837744967305
-22.92038883092553
-22.929918813206726
-22.935636297028246
-22.938455675186965
-22.942519687524854
-22.948210369660668
-22.949448079977902
-22.954744045630438
-22.961677312021116
-22.96782560457466
-22.970180927519184
-22.97340769689217
-22.97908807925437
-22.983418718930604
-22.98801636341059
-22.992869167365036
-22.996434228213737
-22.99987734754257
-23.004976162158414
-23.006546430252808
-23.006077375529035
-23.01048591911072
-23.017112873555618
-23.021148907376386
-23.02456528167695
-23.024507302931923
-23.028846509631993
-23.02985163038484
-23.034106257617886
-23.03410935051097
-23.036198908205566
-23.041399510655626
-23.040612364335804
-23.04529171477679
-23.044858775698366
-23.04894296977966
-23.05058987886052
-23.053093766060485
-23.0532371708864
-23.057043849037264
-23.058874298370153
-23.06263277876532
-23.065928044475395
-23.06874623826641
-23.073979872714364
-23.076311922771787
-23.078327388880183
-23.08229879944412
-23.084774563203233
-23.0882413294984
-23.094251552622634
-23.094710267362338
-23.100541208174732
-23.10100083532998
-23.104736672156772
-23.109769056216493
-23.111880590784434
-23.11666234563559
-23.120843425139856
-23.126073870517256
-23.125978912132783
-23.128065022648723
-23.128750064251896
-23.13477896999483
-23.13647142048481
-23.139351853938184
-23.145445938467727
-23.151931027925865
-23.15471003255927
-23.15806008527469
-23.164661501056127
-23.169838630785225
-23.17291533086233
-23.176596296592788
-23.17730010737046
-23.17827836145647
-23.18355843622018
-23.185062884233982
-23.187913038386828
-23.190197791346133
-23.190030093934183
-23.191070342038405
-23.19400261596788
-23.197714588685187
-23.199848842336323
-23.19700441970159
-23.20068720333207
-23.204512528786022
-23.208791374176165
-23.211447263794785
-23.216600723775255
-23.219506222005872
-23.221599894517222
-23.223345827627995
-23.226783406982296
-23.22835987593843
-23.23000754861892
-23.23443242983795
-23.2362218233685
-23.23860438203878
-23.240912702594972
-23.242747769153834
-23.244471215340933
-23.243199714144325
-23.24469592644527
-23.249151801808342
-23.253643088000683
-23.257721467835356
-23.259361640262906
-23.26045131957063
-23.263595389798173
-23.264289851191602
-23.266960251600157
-23.270206259661087
-23.27436315983069
-23.276405819333068
-23.274467164867378
-23.275702120713603
-23.27765060094589
-23.27920691543953
-23.280906655033068
-23.28210055610068
-23.283491939378088
-23.286011611023447
-23.287868924757777
-23.289837316849617
-23.29239823451058
-23.29655393964805
-23.30023538168582
-23.302486371859164
-23.306443260341023
-23.306900499442843
-23.306172178958306
-23.307485222392664
-23.305951802859585
-23.30733024341248
-23.309228120224486
-23.313760991875316
-23.31589616199046
-23.322426530524236
-23.324830176832403
-23.32572907099472
-23.328145110859513
-23.32904768642601
-23.33107498932138
-23.331904180673924
-23.332742960378358
-23.33396688404441
-23.336248527512627
-23.33916500506738
-23.34213589724909
-23.344220645871502
-23.3441744369895
-23.348219306033922
-23.350612052122113
-23.351524201240036
-23.351695928305563
-23.35405488194926
-23.354460651599695
-23.356217194662772
-23.356424059908452
-23.35839799972265
-23.359411297161092
-23.361189286711696
-23.36294269027569
-23.366012667098815
-23.365293854183044
-23.366851721479136
-23.36943958961374
-23.370164007509302
-23.37172093596306
-23.371293184500882
-23.373581025168374
-23.37530615606396
-23.37538589991966
-23.379974934199538
-23.381859267958784
-23.38249119284186
-23.383960179861887
-23.381584367722443
-23.38502997422498
-23.387656547360756
-23.388685704679894
-23.390148460390034
-23.390746912805522
-23.392425934383557
-23.392821047257026
-23.395451455647574
-23.396507532439987
-23.398036460991253
-23.39778954296876
-23.39745292047945
-23.400446552882038
-23.403366752914387
-23.404493511888017
-23.406006420561265
-23.40647282144522
-23.409497585400892
-23.411257037077217
-23.412438330153503
-23.41423583096924
-23.41577067454615
-23.419834705338758
-23.423700044429946
-23.427437600505517
-23.426539466844975
-23.430095851613217
-23.43440715039705
-23.436409720816204
-23.44283855326178
-23.443235210330826
-23.443682826771916
-23.44443045107042
-23.441562504958405
-23.440684229754382
-23.439257313215183
-23.4383360438949
-23.436727183328703
-23.436739708235198
-23.43774864149669
-23.439285990428157
-23.4389416075896
-23.441227262097744
-23.444694335243142
-23.44736397800108
-23.449850676081
-23.452507695243224
-23.455599062348398
-23.45654714326644
-23.456676597773534
-23.45841885749167
-23.45989338304993
-23.4634083224341
-23.465289412828728
-23.464595271743338
-23.463564800353026
-23.464585119865713
-23.46607906610633
-23.468645528207713
-23.468686561390513
-23.470874345293847
-23.471526480264185
-23.468830279324997
-23.46969433944378
-23.471737968099994
-23.47440666878683
-23.473610965302896
-23.473776724129543
-23.476810553996607
-23.477320956753754
-23.478564537479503
-23.478667658889062
-23.476899450937147
-23.476499021215528
-23.479099456666372
-23.480749524951744
-23.48320778716392
-23.481444699034544
-23.480042267504558
-23.47933964951433
-23.481865093050033
-23.483140206784327
-23.48393820385841
-23.488219485470744
-23.48812754726232
-23.488142175955613
-23.486899373534367
-23.486230607998273
-23.48877640551666
-23.48953427911034
-23.487534711320027
-23.487906684676904
-23.488963965400526
-23.490327099433067
-23.489017091241585
-23.492754586755993
-23.493438028524643
-23.495455164691524
-23.494351565946726
-23.496384668279447
-23.494142076430602
-23.495013627033334
-23.49661053070799
-23.493545292652524
-23.49394556991058
-23.49442415245715
-23.493502874714984
-23.492596360651792
-23.49693308881742
-23.49676780199676
-23.497019343495463
-23.499062243310316
-23.49842832602319
-23.49738537407824
-23.499153997316817
-23.502389866006606
-23.50372151298957
-23.5041955728345
-23.505846707591445
-23.505959403579205
-23.500429464069857
-23.498371200073453
-23.498376849108755
-23.501302926430792
-23.504162543903107
-23.505509376736985
-23.504827292287114
-23.507286305488027
-23.50833308586857
-23.511977909623266
-23.513347287540554
-23.5158624492189
-23.51585391260246
-23.51973396090759
-23.51830900934139
-23.519008579184263
-23.517163146780263
-23.51623655652091
-23.519592918884197
-23.520665528621308
-23.520004458619603
-23.518087102361573
-23.519693795396126
-23.51961286117863
-23.520397055495774
-23.523322721927084
-23.523668184401632
-23.52618108080855
-23.527678283355286
-23.526803969629178
-23.528261048497978
-23.52795070325073
-23.529978235706846
-23.531706507383138
-23.531230558242903
-23.533576146631713
-23.5353630418299
-23.535469731421284
-23.537612363233386
-23.53512974965604
-23.535965609900057
-23.53297297347606
-23.535101742755643
-23.533586435790657
-23.532582532522166
-23.533905231091627
-23.531735911546203
-23.531206760514042
-23.529980341482947
-23.52874982181682
-23.53285385073377
-23.53073805516713
-23.528852690158406
-23.532130196106024
-23.529659684874854
-23.529057850422536
-23.529499344744167
-23.528427562634114
-23.5283675432019
-23.52628947871301
-23.530599827447116
-23.53103412031166
-23.532701332585386
-23.535872228583333
-23.535504318249277
-23.535499873624474
-23.534288391716576
-23.537500017326312
-23.53955198796038
-23.537378599273342
-23.540384667137147
-23.540581391273083
-23.543256951994177
-23.54158325388867
-23.541983260320837
-23.541998602911143
-23.544937866796744
-23.541637304290113
-23.542050032988147
-23.53923804097802
-23.540761191759234
-23.542024411991807
-23.543722786627708
-23.544346422211504
-23.544277052594225
-23.543604834668233
-23.54343723263309
-23.54323781005237
-23.545088115940636
-23.546741940914472
-23.543760040271597
-23.54302500394907
-23.543062419662537
-23.543671009709303
-23.544371154779785
-23.54562543272235
-23.54741445538605
-23.545592526710447
-23.544922244051445
-23.5464692026081
-23.548179819221286
-23.549613024004984
-23.548007191527553
-23.54650842581513
-23.544983919824816
-23.54561281837943
-23.546502414785305
-23.548236307161673
-23.54916221085506
-23.548768897806376
-23.54877674626024
-23.54917189616557
-23.552764908978666
-23.552044560931833
-23.5536514194702
-23.55162721314309
-23.550021248585573
-23.549991812972824
-23.55187097828456
-23.556504967316595
-23.555952992371132
-23.558533475430412
-23.556504211349775
-23.556088995875125
-23.553832860063125
-23.553242556856457
-23.552886218270476
-23.55341603309244
-23.555512614700596
-23.553083122192227
-23.555655118318246
-23.555303785146236
-23.555234790772985
-23.55495760977153
-23.55492367614986
-23.554798130232644
-23.55585011976522
-23.558653306565045
-23.556939574256024
-23.558562143591445
-23.556973817868286
-23.559259528387326
-23.556969538056713
-23.5585432649822
-23.559469902882494
-23.559718000061693
-23.559673509811642
-23.560855508315537
-23.56061924741951
-23.55796949728483
-23.56128565424371
-23.562118606361473
-23.560867418619242
-23.559458133300005
-23.56218495309259
-23.562607477974417
-23.56334128733945
-23.564119505910206
-23.56504706859113
-23.56834232640303
-23.56691737966381
-23.567661887729013
-23.567651201098098
-23.568769537250084
-23.56714351669214
-23.566245343430808
-23.568969975823784
-23.567558797307402
-23.567946912104926
-23.5669279477872
-23.568745325086923
-23.567737356924308
-23.568875597539897
-23.567717119960516
-23.568897862370207
-23.567859176773776
-23.564752882894968
-23.56610454439514
-23.566467948406263
-23.568475314691266
-23.56567262897423
-23.56603546146
-23.567143061949245
-23.56707493506871
-23.57130098194754
-23.567396391223305
-23.565553386232153
-23.565472375037167
-23.567071037902444
-23.565915367271685
-23.56496933998055
-23.5622903596238
-23.56191490065376
-23.564437727439532
-23.565896007878848
-23.566946183729996
-23.568762872197965
-23.569853053173325
-23.568539570524443
-23.567678915860377
-23.56797015921284
-23.56816056285364
-23.568358061678808
-23.566257848875793
-23.564060174656444
-23.564229045397028
-23.56419223720338
-23.56675472307204
-23.56994304414476
-23.571206380274635
-23.57450201785974
-23.574187628673307
-23.575051988543613
-23.575263282827557
-23.575821829848863
-23.57532623285558
-23.5732674986298
-23.57448976217919
-23.57513866544106
-23.574053958263537
-23.574283861497964
-23.574162035052876
-23.574498920173003
-23.57608355715893
-23.577177328864277
-23.581082937204012
-23.579774709440194
-23.580830883582724
-23.581540280061986
-23.580873976506325
-23.581997929829043
-23.58340887821973
-23.581167650686425
-23.58491797270459
-23.583319111204787
-23.580710525025275
-23.582524802286063
-23.580778514370234
-23.583500306732596
-23.58403092792104
-23.58475190137371
-23.58235427019928
-23.58089483545591
-23.580325833732164
-23.58131435407731
-23.579620557512694
-23.582076367140875
-23.581780109411852
-23.581764551953803
-23.580842837767808
-23.58121185684078
-23.578671705996875
-23.57725540718034
-23.574424009235585
-23.571885885631907
-23.569895410658994
-23.568074800835884
-23.568266139833323
-23.568308360844554
-23.570254771039426
-23.57346553709339
-23.572035386731528
-23.571034927187444
-23.571118040947336
-23.569847293368678
-23.569465288289855
-23.568913297558407
-23.569530538805772
-23.567160684208243
-23.565061030142328
-23.5669305564148
-23.567352108615875
-23.56945174624507
-23.570000376423472
-23.571245515331835
-23.570741458089884
-23.571059090585496
-23.573347288034014
-23.57403994996363
-23.57389735375609
-23.573300533059744
-23.574289106807417
-23.57671575947271
-23.57558539018486
-23.577870935054566
-23.57594004389129
-23.575530691526588
-23.57388950689655
-23.573695620071238
-23.573961541746336
-23.57398860656441
-23.572581713468953
-23.574714082270468
-23.575751387977796
-23.574206098208837
-23.57445516993959
-23.575861194631482
-23.576278494230987
-23.574505172469646
-23.57514591599478
-23.576257773436634
-23.577822786187323
-23.576264544479397
-23.577326956658442
-23.575803676197513
-23.574033063372976
-23.57416212181624
-23.575685865379143
-23.573744536058065
-23.57246083910914
-23.571093909287097
-23.57203562325
-23.573183034610125
-23.571750172191752
-23.574208165411275
-23.570015191781803
-23.57199358109913
-23.57526767488883
-23.5768471841882
-23.575048160707496
-23.573191926509836
-23.57298730150725
-23.570431834610154
-23.571238202814083
-23.57080920559259
-23.57017537556331
-23.570298003674793
-23.56794259299997
-23.56661222629867
-23.56835577303441
-23.56891151459457
-23.566301258515967
-23.56359427115912
-23.565012157629948
-23.566693326194972
-23.567520616237296
-23.568557189860698
-23.571281708389577
-23.57005009018556
-23.571304063392013
-23.572113891900802
-23.57093850588314
-23.571973585851936
-23.572671799423375
-23.57785612844377
-23.580221347308584
-23.57957779403924
-23.57867912396159
-23.57817763953747
-23.579403107599553
-23.58081047380498
-23.582375249739393
-23.580331551703257
-23.57945732336751
-23.58011613155278
-23.57987126682374
-23.5791059322377
-23.580245768452365
-23.577251948850854
-23.57695790444566
-23.576686663576275
-23.57513100511292
-23.576099592838894
-23.57460851634587
-23.575062942111916
-23.57684154189474
-23.577818263682772
-23.573824733012973
-23.576023357885116
-23.57637700520397
-23.57760779207973
-23.577201060114014
-23.57731773573897
-23.576050875041666
-23.577139992471945
-23.577384869177134
-23.577850178109337
-23.57797027421763
-23.575909264684498
-23.576327616028504
-23.575517305454404
-23.573107993326126
-23.57341791193654
-23.570746059201337
-23.57161279165774
-23.573062828949038
-23.571085462114723
-23.570406097619383
-23.571671043117217
-23.573687690162032
-23.572348714518043
-23.57098084174222
-23.569312284254487
-23.56958121554539
-23.56875761220447
-23.57125889186478
-23.570391099484524
-23.571453595813928
-23.574279336966054
-23.572703852457053
-23.570656969544803
-23.571427642379657
-23.57084518217775
-23.572193442515527
-23.572538703052494
-23.573372705731824
-23.57546736586471
-23.578220945946303
-23.57805712616217
-23.58056584038563
-23.582106533547837
-23.580027136136295
-23.580570700882983
-23.583086350343297
-23.581632556098153
-23.583791337893405
-23.58290530084058
-23.579325907045856
-23.576969273883687
-23.57495867111787
-23.57277501186367
-23.573300800042624
-23.573900893705524
-23.572358960244294
-23.573814047300335
-23.57574448356932
-23.575892625230974
-23.57341894956232
-23.57466511604147
-23.573898763326564
-23.574725344246755
-23.574674947713284
-23.574982026309915
-23.575272540368548
-23.575891809087263
-23.577938497094255
-23.578455851690748
-23.57591144034297
-23.575674026523913
-23.577025701504812
-23.57624175857256
-23.580534347309477
-23.57773814537312
-23.57839242028598
-23.577484834675207
-23.58039210847198
-23.578056030864467
-23.58025731119228
-23.57981623898725
-23.578620078823228
-23.578290838074313
-23.58190524804225
-23.582140229961993
-23.582053471809044
-23.58086743655015
-23.580910064129743
-23.58141687735744
-23.579465461152868
-23.58025543653396
-23.579824686718567
-23.578781262844917
-23.580320547074358
-23.582077234885197
-23.582435650063648
-23.580848102305996
-23.58239081122843
-23.58119917688745
-23.581870319964114
-23.58121533838608
-23.580517807230667
-23.57895644047807
-23.577593042057774
-23.57974983384027
-23.580528191264353
-23.57943421306111
-23.579662104181818
-23.57961595474486
-23.5806778926889
-23.579741793518863
-23.581579352135677
-23.5784190597122
-23.57834424995012
-23.579253196547455
-23.57839404775184
-23.576073017117626
-23.57745236903935
-23.574372660478826
-23.576020775336364
-23.575388764166554
-23.57396812183252
-23.5740214973855
-23.57463131741525
-23.575985031588452
-23.57802084479499
-23.575011131805788
-23.578386932994068
-23.578334840328445
-23.579388805499384
-23.57945532709556
-23.579977043064382
-23.580389653956573
-23.5792302951142
-23.581463608946247
-23.579044265790962
-23.58096853858992
-23.58007191785242
-23.58022374183008
-23.58106701043643
-23.578870064896122
-23.57599488824345
-23.575480401350028
-23.574116661371455
-23.57531099910817
-23.572566915887815
-23.57129791133127
-23.572143483706828
-23.571411667779923
-23.571037314464025
-23.57048233144549
-23.573343849366676
-23.572265756059174
-23.569243043442295
-23.56779446220669
-23.569288841275082
-23.570638923650773
-23.57026388603519
-23.568358237914033
-23.567922196437703
-23.568890741585736
-23.569971574883446
-23.569258692427212
-23.56882375939972
-23.569050094821208
-23.569975068480677
-23.567719955750192
-23.5671268978475
-23.56874326506664
-23.57042594604796
-23.571919829184946
-23.572327143068154
-23.57425797625127
-23.574163542427737
-23.572793646578507
-23.573512615171385
-23.57523586974042
-23.574231198567382
-23.576201564122492
-23.5749856248881
-23.573668448182808
-23.57395777983212
-23.573402352117153
-23.577008705087586
-23.57801689198408
-23.5774973912905
-23.57654017910996
-23.57705085051042
-23.578535316043897
-23.577235372729163
-23.577703513875694
-23.57849462832752
-23.579065642711413
-23.580518176886873
-23.57894925607626
-23.578461416479346
-23.578024483149655
-23.581638453633843
-23.578642589832963
-23.581654894101703
-23.578876676266525
-23.579947914992403
-23.579630579443656
-23.575175822748818
-23.578572734720982
-23.579923100376657
-23.578827559368573
-23.58044709058386
-23.578314225548016
-23.57709011506134
-23.578941771114742
-23.58054800564445
-23.579214497422395
-23.581178777673323
-23.582309228217003
-23.582088313268294
-23.581501209960425
-23.581704665688655
-23.583388898722774
-23.583023226473596
-23.581861415568188
-23.579048511109388
-23.57797513805745
-23.580034139670214
-23.580637385101785
-23.58207246322435
-23.58102943825607
-23.583662315143485
-23.585341288328152
-23.58552364608926
-23.584921947129775
-23.5847447073909
-23.58294124834106
-23.584012460298826
-23.58233086322539
-23.580871065310866
-23.58397148000109
-23.58197336721986
-23.581403785446387
-23.58411023664397
-23.5825366530241
-23.584150018298633
-23.582726268532443
-23.585964818733483
-23.58612965935143
-23.587659779820026
-23.58813404752586
-23.58741306459995
-23.58586373412211
-23.585523495357943
-23.58723543216217
-23.588243332798527
-23.586082339745683
-23.585798060758215
-23.585489844324627
-23.582450494887706
-23.583378352412826
-23.58073652041539
-23.58172719703091
-23.582585331396633
-23.581779061503216
-23.57970717924114
-23.574934435740673
-23.572228697048573
-23.575394905007805
-23.576565216996833
-23.577048944933384
-23.57393411291129
-23.5730354706697
-23.573545055251167
-23.572133572853453
-23.571107828863642
-23.57328416965674
-23.57282575445234
-23.572903277058074
-23.5727186663706
-23.573703993542647
-23.575483293803206
-23.576649760452288
-23.578440931141884
-23.577954984331857
-23.579969348749533
-23.578782234025155
-23.580607518023818
-23.57945081637184
-23.577503315031407
-23.574885399253468
-23.574945451557763
-23.576404033485048
-23.5755269903368
-23.5746445876823
-23.57236544522739
-23.571453376528112
-23.568819389642485
-23.57041855838131
-23.569653821881317
-23.571966607773106
-23.570409719119663
-23.571532839950248
-23.571799929942355
-23.573243339705865
-23.570087281371606
-23.572772331383035
-23.57203897821485
-23.569705238693302
-23.56666343037741
-23.5664971942802
-23.563444275884013
-23.563372306560815
-23.56349906021987
-23.56278959672653
-23.564977954831758
-23.56286908522685
-23.561545073667464
-23.56222338405601
-23.561808235169536
-23.559515564810248
-23.561592769252094
-23.562767656094973
-23.567106643445477
-23.566321752380475
-23.566228113802595
-23.566769644590234
-23.563530834081742
-23.565664947670857
-23.564573844170727
-23.566198880212408
-23.567493568587658
-23.56666114911881
-23.566244106484806
-23.562128319227273
-23.565355123654257
-23.565007370298712
-23.56857095355933
-23.565071143783772
-23.567555683644944
-23.56477441777678
-23.565863600590774
-23.563704622699106
-23.564919611613647
-23.567261653057436
-23.568015572462727
-23.567544090724006
-23.569586065140935
-23.570266126133603
-23.57384037898381
-23.573533705034876
-23.57405170288468
-23.57488043614115
-23.574050380723346
-23.574763285396273
-23.57535199070796
-23.572936703426194
-23.570431989507124
-23.568967876500302
-23.567563567264695
-23.566214694684906
-23.56380464106949
-23.56060261365207
-23.55893673622578
-23.560635052213815
-23.557314506100642
-23.561919731493536
-23.56180438754062
-23.56386903066885
-23.56366813900777
-23.563497728068484
-23.564105990844553
-23.5599186716667
-23.557715607405783
-23.559898636754742
-23.5586721604466
-23.558545588031443
-23.562632318256366
-23.561530664102065
-23.561082688243832
-23.55898413515564
-23.560033737408315
-23.55916584829252
-23.557665383687908
-23.55942291673692
-23.55991154470238
-23.560154975230553
-23.5584235056694
-23.561141946314933
-23.561695576464036
-23.56247986959706
-23.56288627585785
-23.56488553758632
-23.56564712938173
-23.56503294081319
-23.567218587171972
-23.568195991366803
-23.568003722663907
-23.567124922404965
-23.56479064133718
-23.567254616351082
-23.56625892064132
-23.56132390193098
-23.561233407081456
-23.558673792356306
-23.561666706783928
-23.56103192500663
-23.559895347451324
-23.56080435467223
-23.557856595824568
-23.55457374443067
-23.555821673971092
-23.557739716078014
-23.557835307203163
-23.559627424728358
-23.56093387864591
-23.563175582401893
-23.565771488402508
-23.56610096270708
-23.566392773869865
-23.566749332364644
-23.566833870742197
-23.569965173549335
-23.568721011892393
-23.569514197533405
-23.57063667156505
-23.572925430052422
-23.572938873120172
-23.571806595577502
-23.57276593840067
-23.570731158043152
-23.569847396498044
-23.567950203827486
-23.567748037496962
-23.567438240991162
-23.56652143286185
-23.565094828068112
-23.56327563490935
-23.564058284795998
-23.56242847001956
-23.561875494077313
-23.56473030745321
-23.56630731966775
-23.566113704960923
-23.564004489008425
-23.56342169810728
-23.562741152729945
-23.56606055334647
-23.566238718045486
-23.566230096575516
-23.5673666447043
-23.566816192259008
-23.567969399694224
-23.570945507808034
-23.570280194123185
-23.57043099789937
-23.57294870662968
-23.574926845605336
-23.577990004976947
-23.573394778561116
-23.57252618219499
-23.57275514488676
-23.572981669903363
-23.573533251196594
-23.57647767378128
-23.574633088508364
-23.57272121013063
-23.570561147806913
-23.56730219775728
-23.566633630675735
-23.56889440132082
-23.567743885569723
-23.566034984815236
-23.566615531649767
-23.565931924965422
-23.56672850355298
-23.56663549816838
-23.56539543649593
-23.56571470876684
-23.566115109852074
-23.568785403925194
-23.569825390417282
-23.56941772215362
-23.570470841997388
-23.56987200121636
-23.569810595611116
-23.569441470161664
-23.569010792646544
-23.568549635387463
-23.572238472788417
-23.5723573227209
-23.575778017412414
-23.57453913694105
-23.572705128403836
-23.572481159613442
-23.573679234241894
-23.575012605408194
-23.57517963677542
-23.573184465599347
-23.573732054531188
-23.573750567075795
-23.575762959265777
-23.573795894379472
-23.57375652119633
-23.57425396770624
-23.572440929323363
-23.572926553860604
-23.572515299730966
-23.57103021162744
-23.569992399013554
-23.570646222983367
-23.57167680287383
-23.57196644790243
-23.5739703511087
-23.573348697205653
-23.57466418278953
-23.574114369902677
-23.57238029017811
-23.573150714959628
-23.57532106315971
-23.57533703065808
-23.578711167050766
-23.57738439912639
-23.57921314776965
-23.578733775912905
-23.581011976108677
-23.582655772424467
-23.581051395889098
-23.580836250967863
-23.581000643592358
-23.580580480221617
-23.579478106152948
-23.578488454093304
-23.57770038343917
-23.578237758790365
-23.577875375034214
-23.57634799059598
-23.581379533788127
-23.581069271907456
-23.58080487906697
-23.582764068541508
-23.58342236931637
-23.58135400490244
-23.58056283060745
-23.580734316465385
-23.579870673857155
-23.57924986585998
-23.579432678044576
-23.57639742257663
-23.575688993199083
-23.573754208320942
-23.575194049014506
-23.575478479177125
-23.575658879911252
-23.573651785463927
-23.574772011165905
-23.57394062753742
-23.57305557261469
-23.574984047251128
-23.572600364483435
-23.572558855076814
-23.572647973464974
-23.5730537022415
-23.575499133811196
-23.57326891052436
-23.570695478872928
-23.572940378973247
-23.57105206869586
-23.567211050695224
-23.568433052029064
-23.57070282808182
-23.568394275103238
-23.56851118380993
-23.56797878521026
-23.568586197906917
-23.569568276241416
-23.568795241771138
-23.571149608329005
-23.572425936228846
-23.572803989087195
-23.571734003558685
-23.568639912073092
-23.568569802646493
-23.569911211431933
-23.571211182144467
-23.571097802304973
-23.570430558754673
-23.569259588133622
-23.570840242824644
-23.569850470519814
-23.569224698974924
-23.56915253886322
-23.570747323161743
-23.573390314713546
-23.57255682952022
-23.571227211429413
-23.572792351448353
-23.57204162916109
-23.574072303846286
-23.573342776688662
-23.57445840971726
-23.573228836282293
-23.574194004919367
-23.573226994079793
-23.57445807277805
-23.574844526780456
-23.573423396163115
-23.57538036549057
-23.57462622161935
-23.57588796940287
-23.571380616013872
-23.574445404550588
-23.57380024369441
-23.574157844461684
-23.572298666247573
-23.574167703326772
-23.573640443291527
-23.57455796658894
-23.57503570323154
-23.572631854369888
-23.56964370282642
-23.56941145230455
-23.567596995320674
-23.56743440048246
-23.567429147115252
-23.56622203845456
-23.565004216529672
-23.564968052382834
-23.564542309399997
-23.563739647323427
-23.564515173644295
-23.56826336357342
-23.569305070847225
-23.567921173653378
-23.56858846154
-23.566899451257758
-23.56458366704988
-23.56454963085686
-23.56767784907764
-23.569342427254618
-23.56811498974881
-23.564967705960413
-23.5631776828822
-23.562079372648498
-23.56309366516823
-23.564888724998088
-23.56607561520631
-23.567687296221912
-23.56569186815835
-23.565500665062498
-23.56559275779905
-23.565516642926898
-23.564330259100313
-23.56495747619496
-23.563327191920646
-23.564130207610493
-23.5629599403535
-23.56628546182167
-23.56829526825786
-23.569910787848027
-23.569024619462354
-23.568088108576355
-23.57043211354826
-23.571172039283258
-23.57270100213312
-23.574437590894256
-23.571370581912255
-23.569893737633276
-23.567727996820807
-23.56895804018532
-23.571326220526885
-23.571424985698346
-23.57521699859614
-23.57519738135221
-23.57577016494291
-23.576681757243584
-23.576462133045545
-23.577777971689315
-23.57587535836175
-23.574794307968617
-23.575866388100053
-23.576959507968482
-23.578918278930434
-23.579926236848934
-23.579826014810795
-23.580274044437285
-23.582545788371366
-23.582083797134107
-23.582686200675685
-23.584610989140952
-23.584568928403257
-23.586984047256138
-23.586808115353943
-23.586333532269645
-23.586681290886713
-23.58835570906817
-23.58722460778116
-23.586854203384327
-23.586670917177337
-23.587905266027175
-23.588552270688286
-23.587360060447885
-23.58734595414657
-23.58814640941097
-23.58687157941422
-23.583220916064644
-23.584668547732832
-23.58408131024452
-23.58606749749467
-23.58527401047988
-23.584602730058524
-23.584314566557982
-23.58366296988383
-23.581426962126123
-23.581882763813475
-23.58347685035334
-23.581333618202528
-23.58119558272284
-23.581790262344054
-23.58442176412006
-23.585019431592205
-23.583629963637183
-23.584771387475815
-23.585667231817133
-23.583901806430102
-23.580869946882988
-23.58182715514548
-23.581004939094456
-23.585501630628766
-23.586646803329813
-23.586080106118875
-23.582106772302012
-23.579941428065585
-23.58198332894487
-23.579124351177732
-23.578295743557756
-23.579729326374782
-23.57972477797209
-23.581723788713283
-23.58366393674893
-23.582582497429634
-23.586164799243477
-23.58622959704568
-23.582769438468247
-23.58263919671876
-23.58217526654667
-23.58578917021019
-23.58505463302739
-23.58547426073051
-23.58572573482138
-23.58653022079675
-23.58434254859834
-23.581784369939385
-23.5838042982847
-23.583670598502948
-23.583031043713643
-23.582688906546267
-23.580310946506525
-23.580983168107956
-23.58252109100481
-23.585023135654907
-23.583920335208976
-23.583567350388012
-23.58331492295276
-23.58399142199757
-23.585210437777683
-23.580808398813108
-23.57667862132299
-23.577780816105015
-23.57876975180656
-23.57708496409116
-23.576337912382062
-23.57762094898015
-23.578931119186663
-23.579106474139525
-23.57918483291529
-23.580477118309968
-23.57674458108864
-23.580106666069476
-23.58249182542629
-23.582429724991503
-23.582098982669173
-23.583469573828808
-23.582486935112527
-23.58606452409958
-23.587608871264692
-23.587190722232563
-23.586253349933592
-23.584921479513426
-23.585921837070668
-23.585116236900337
-23.585094777886916
-23.588250192362587
-23.58603128157892
-23.583210130057275
-23.58032970737414
-23.582953226101427
-23.585435230277557
-23.584927892561005
-23.585313529439862
-23.58463391686433
-23.58427237381996
-23.584009644119718
-23.586205448088545
-23.586032254475818
-23.584524143245932
-23.58199747132721
-23.585311135470985
-23.58535021421817
-23.58878516208781
-23.58898618699447
-23.58999079328745
-23.59057192335953
-23.5908292276154
-23.589241892306422
-23.59005683114095
-23.58984078036329
-23.58438842973911
-23.584048425503312
-23.581979258477073
-23.581964564710695
-23.584423838405424
-23.581957505158247
-23.58058194669659
-23.580782338235636
-23.582068350383686
-23.582300045561503
-23.58168554412381
-23.579520091965637
-23.578593358509647
-23.57951169881054
-23.576495498577987
-23.575701993313167
-23.571008438996493
-23.569299270250834
-23.5700449274757
-23.5693887090901
-23.56796373113385
-23.568927244285263
-23.56761281419627
-23.566709337351874
-23.570200316413537
-23.571207113064624
-23.56861102605824
-23.568425641128975
-23.568914863372818
-23.568084891089686
-23.566828028565517
-23.56556832580912
-23.563470812305553
-23.563981020022545
-23.564365216137066
-23.56734048795731
-23.56910806996112
-23.570446508682874
-23.57411728718007
-23.573362779296907
-23.5743811537993
-23.575167795890536
-23.577853517687178
-23.579662915195733
-23.578957923180116
-23.580446394037626
-23.580420768300947
-23.581408635146243
-23.577798242652992
-23.57765088501395
-23.58112871937131
-23.58115371619105
-23.583492523083706
-23.58316092291566
-23.584148339246163
-23.580692111296678
-23.57788007445806
-23.57851399518542
-23.577500979640707
-23.5759336319373
-23.57817311828619
-23.57749561930907
-23.57863463328619
-23.57772894932718
-23.582792673344567
-23.58186844313163
-23.579090155333194
-23.578761510157356
-23.57941222705577
-23.578770612148173
-23.57813982414587
-23.579860306125685
-23.57759479154304
-23.57824544477322
-23.577176293164623
-23.575542095996592
-23.575026399959487
-23.577200589778275
-23.57868448959117
-23.57805422419341
-23.577552866900568
-23.571783789458653
-23.57446851957572
-23.576627255978508
-23.574153525788244
-23.57523442355151
-23.57672931131495
-23.57484298621919
-23.57940828741885
-23.57988272375065
-23.5787695440343
-23.576849325367704
-23.57429204584253
-23.574921597398912
-23.575746641449616
-23.577929155243094
-23.57688905174044
-23.578225502581866
-23.57423166321373
-23.57418621259056
-23.573534007270233
-23.573946692831292
-23.57266326811525
-23.57554941188177
-23.57600093150302
-23.574492291144388
-23.57437161340253
-23.57536571809314
-23.574045728168926
-23.576374225085743
-23.575966756228777
-23.57784478717342
-23.57875809649815
-23.575329912496784
-23.578333739540565
-23.580120485345134
-23.578871645455084
-23.580043720236425
-23.580237831354843
-23.57874570450073
-23.577653913143482
-23.57568065494431
-23.573192533088374
-23.57446391247644
-23.57462010035544
-23.57485383375381
-23.57384383976629
-23.57533570552195
-23.574134858716356
-23.574798804497565
-23.574210975419277
-23.572240427423626
-23.573738568081755
-23.571218243156142
-23.571266089466846
-23.57089870366629
-23.57233405591901
-23.570780966488197
-23.566996645207904
-23.567147873441304
-23.565984540432048
-23.564824409172868
-23.566516750763675
-23.570091786887573
-23.57138893310206
-23.571261260849393
-23.567378209232196
-23.56463526244517
-23.56636083939646
-23.56407687225013
-23.562834699977632
-23.563198620845725
-23.565166425844446
-23.56331280399656
-23.56205067788733
-23.56200286943322
-23.563558222166783
-23.562012576393066
-23.563752794676244
-23.56536501502383
-23.56493380333661
-23.565348481873233
-23.56334830002138
-23.563111208087456
-23.56162842422264
-23.563465299782454
-23.564692319048195
-23.564657470610396
-23.569189292946398
-23.567310770593178
-23.56650432620594
-23.566487373789034
-23.56802684121642
-23.56987156640826
-23.57020248405381
-23.57064823346776
-23.5703502697344
-23.57141762433571
-23.576621438691966
-23.576428472983185
-23.57522209909001
-23.57389088563413
-23.57433265988296
-23.574010813380426
-23.579383794008923
-23.581464252605475
-23.580376327158262
-23.580299181741335
-23.58134529053071
-23.581797244294496
-23.57988173259463
-23.581336668281228
-23.577730112930894
-23.577263719918157
-23.57788142314059
-23.580195056408105
-23.579184724411597
-23.578163764495677
-23.5783040362165
-23.580087107517013
-23.58262564517092
-23.581290345502957
-23.580572563287
-23.57945920182839
-23.581694254311603
-23.582456737411277
-23.57927407892695
-23.578637592859078
-23.580214452669075
-23.578848633484153
-23.578155013078923
-23.577118409310142
-23.578617750561033
-23.57863029253183
-23.575755910832036
-23.57638106854891
-23.575471997000424
-23.57619957627348
-23.574595192158803
-23.57358746392352
-23.573482374137182
-23.577759532538447
-23.579198321674802
-23.576851560347585
-23.57610717484316
-23.577737816038226
-23.577729095363047
-23.577098903537237
-23.57669342002293
-23.576342841096714
-23.57499786995626
-23.575516593330335
-23.580406414453005
-23.58171903621647
-23.583457518976008
-23.583974538460822
-23.58562973168367
-23.586424363846604
-23.586682241896494
-23.58998232332074
-23.588819721407244
-23.587068889980863
-23.586184349074543
-23.58559081920502
-23.584701275546973
-23.58626753266201
-23.58645996405122
-23.585430342922013
-23.58623326123738
-23.58715214193287
-23.58850597656852
-23.58800364768584
-23.588571142506606
-23.58740181021879
-23.584291339052562
-23.584047750366455
-23.584491219433154
-23.58207903677408
-23.581345426343624
-23.582420119938433
-23.58449141644339
-23.58583124039248
-23.58755837144736
-23.5897383704346
-23.589875262393903
-23.589885299005456
-23.589295751227688
-23.58741441766181
-23.58726112282427
-23.58796878892069
-23.584831576862733
-23.589038953852135
-23.585689483388858
-23.587420183758706
-23.58676277265369
-23.585847949600186
-23.58507726456565
-23.586456880260613
-23.58802574278167
-23.586973019044976
-23.585172046399453
-23.585153065354003
-23.585652806617762
-23.586443852601427
-23.586606060089537
-23.58554896463246
-23.58455757280244
-23.586413494952435
-23.587244953595146
-23.58444960645557
-23.58370915452043
-23.584218792926535
-23.58296199927205
-23.58071449327131
-23.580636629432707
-23.579433446115317
-23.57951356611633
-23.58133384067819
-23.581109762194444
-23.58247628860879
-23.583992581872582
-23.58548532996057
-23.585020418114215
-23.585907248684638
-23.587512246606583
-23.586375626520578
-23.589147642628046
-23.58510036476637
-23.584955428149847
-23.584183076594005
-23.58363071375499
-23.585242805355545
-23.584422255181035
-23.58330777962696
-23.58383047999229
-23.58288083783986
-23.584512850710105
-23.58524896319765
-23.588231950199113
-23.588282227362065
-23.591947686421538
-23.591428161659763
-23.59167487995464
-23.591039766234186
-23.59460816238294
-23.59574000376728
-23.59460266275412
-23.595044227417393
-23.592849710249737
-23.593284870794626
-23.59073800902912
-23.59137457173391
-23.59060941483846
-23.593146355458973
-23.59215347270126
-23.58987830768694
-23.58891926007979
-23.59101981440483
-23.59081782558733
-23.592120173612948
-23.592678485409195
-23.591163329126587
-23.591165800739034
-23.589310786221706
-23.58914152405388
-23.587678749654625
-23.587523561066053
-23.58632491752261
-23.588496695392394
-23.590305052739797
-23.592277956419277
-23.593903802193587
-23.594233238204865
-23.59498437094912
-23.59400725268128
-23.595777434923082
-23.59415518524901
-23.592723845667113
-23.593997476921515
-23.592723974339897
-23.59244400885196
-23.591741396652232
-23.592798947227397
-23.595613055082037
-23.594562308137387
-23.594826010865322
-23.59420691634252
-23.59185887154612
-23.5926844903727
-23.590977081886443
-23.592260659095693
-23.5912491754393
-23.58947285404132
-23.587869627236238
-23.588828618743616
-23.586255974538282
-23.586941239172422
-23.585447644879046
-23.586514689388363
-23.586742244929724
-23.58722833105474
-23.58727119345512
-23.589503174402427
-23.588410921888368
-23.58774785012121
-23.58836243813548
-23.58884085191821
-23.59208616892654
-23.591176756590528
-23.59049555660888
-23.591483335700374
-23.59131378396486
-23.592890594086775
-23.594374598412347
-23.591201701882696
-23.589879892446003
-23.587521478519502
-23.588573617707784
-23.588567762233332
-23.591766989986493
-23.588172517055416
-23.588949912216403
-23.58927273530135
-23.59038685658594
-23.590736725478713
-23.58977693479004
-23.592770887855416
-23.590634768114256
-23.593133514650237
-23.593781671437615
-23.595090420062157
-23.596008665034663
-23.59540488200608
-23.59517256159439
-23.595250103158087
-23.597778500696446
-23.596221738191307
-23.595939638635965
-23.594029589552616
-23.593234038296327
-23.593806060631845
-23.592312218056932
-23.59262768444758
-23.59227340480888
-23.591522056720702
-23.5901122914934
-23.591488206415665
-23.590911853374195
-23.59044624954176
-23.590436439765693
-23.58794744463796
-23.58759647274205
-23.589400434818817
-23.585154027097964
-23.583547306247766
-23.583953114264528
-23.58021442162326
-23.58172203989405
-23.58266143543938
-23.583389820220614
-23.584798750714032
-23.587475312926955
-23.58933980195818
-23.589051630801716
-23.587619132455846
-23.58377914997257
-23.585027600905896
-23.582997491590262
-23.5834411872225
-23.5842339487881
-23.586441898262922
-23.586975614762938
-23.58590965636905
-23.583681991665177
-23.586083733477953
-23.587799249856346
-23.588245755030837
-23.587917032882963
-23.587242371216817
-23.58721745265765
-23.588746326059262
-23.58732031772981
-23.589581946908925
-23.586614670970345
-23.585847706354105
-23.590711297590964
-23.588853068081217
-23.588801866232796
-23.587607213325686
-23.58835134180963
-23.59031507446482
-23.590486874363098
-23.588797319978614
-23.587432127162696
-23.586752152229163
-23.588419971597666
-23.58563710467432
-23.586275451149465
-23.586475948005827
-23.584950517991917
-23.58267922608696
-23.581646538391677
-23.581992906285286
-23.58137826415549
-23.58645687143615
-23.58813066469536
-23.589254114948613
-23.58375754555885
-23.582413533601336
-23.583360718622213
-23.58294189492406
-23.583403109722305
-23.58356062603957
-23.582820324312827
-23.584328318111574
-23.582959676706626
-23.58239195993936
-23.5845134305471
-23.584881001924604
-23.584330334116135
-23.585651926727373
-23.585011765866494
-23.585281007499642
-23.583529645972703
-23.58618925798998
-23.58362262998557
-23.581802943191647
-23.57992242572387
-23.579520355984364
-23.57815191214704
-23.576980900304036
-23.57850172449567
-23.579773951153136
-23.581954829696247
-23.58097882461253
-23.578852328153033
-23.579127964765497
-23.580361756562873
-23.579761747914958
-23.577468771660467
-23.57776951426135
-23.57597795258437
-23.578840912755183
-23.579926486011697
-23.57913582336389
-23.576664522486993
-23.57498435285833
-23.57471110605963
-23.5767512070505
-23.579940241698196
-23.58019180008986
-23.57923294815447
-23.580049236397542
-23.57780612648726
-23.579013866427573
-23.57901192185994
-23.581365380053644
-23.580511482473902
-23.583206231576106
-23.584945471336752
-23.585522670483996
-23.583252819488422
-23.58367151919679
-23.58542721182902
-23.58512490981361
-23.590685465482846
-23.591813465500145
-23.59433309852046
-23.59448641108007
-23.595913361610894
-23.596652493024493
-23.59599719486095
-23.598326741523742
-23.597710062831894
-23.595596834817464
-23.5945111829701
-23.5950327674266
-23.59694305723177
-23.592473574588176
-23.587968500190062
-23.59070824948674
-23.58946825733639
-23.59271502044857
-23.5922112337064
-23.59217089886089
-23.591388373849593
-23.59243554225928
-23.59230078378172
-23.590950530077087
-23.590685955427567
-23.590775376330193
-23.59353213692106
-23.592808657105262
-23.58851035673574
-23.58648355649573
-23.58810168677752
-23.5901564955654
-23.590527467924584
-23.589817154610635
-23.58768347635426
-23.587320093972078
-23.588452663891175
-23.590742655286608
-23.587287106257378
-23.585566961047576
-23.583581401916863
-23.581681324045203
-23.580451649394153
-23.578977694051755
-23.581413965732747
-23.581490878461715
-23.582406290939517
-23.58187632270737
-23.5826860201766
-23.583990264172165
-23.5839199427881
-23.58273863880925
-23.58397782494294
-23.583402753843295
-23.583825729704657
-23.58241678589123
-23.580660805526133
-23.585297728009575
-23.58251622437301
-23.582012238644978
-23.583585156825226
-23.58507343900767
-23.583654868880252
-23.584147579905128
-23.582797832204186
-23.583084252770842
-23.582545509007424
-23.584196087795576
-23.585288203638402
-23.585574991503726
-23.58450894023939
-23.586202759380065
-23.588053082101396
-23.58442042717005
-23.585554820681324
-23.58696103454405
-23.585392305533368
-23.586901006476385
-23.587370374982015
-23.587873514170727
-23.587095687198673
-23.587690429961153
-23.587305060948605
-23.58663747444311
-23.58967381763351
-23.59174764090757
-23.590899800831124
-23.58956672016551
-23.58977236187798
-23.588930729176617
-23.58612445692261
-23.585834682126304
-23.584307820969507
-23.584143514603998
-23.5872056060058
-23.588787010334542
-23.58747855520154
-23.586824879149688
-23.58675758485384
-23.58840949837758
-23.584909586890802
-23.587982331152425
-23.589122353829442
-23.58833171678749
-23.58749108396304
-23.58678167950574
-23.586218642352648
-23.585838956239613
-23.58390064781537
-23.584426294763894
-23.585231821255945
-23.5852316915032
-23.586113989157163
-23.588482735678674
-23.588660973396824
-23.587788363588757
-23.588549155467195
-23.59056182161497
-23.5919168084477
-23.590953759779378
-23.589835025198816
-23.59098503455882
-23.5896065262587
-23.59257449771064
-23.59123929330296
-23.59135379581309
-23.59169430737759
-23.588621567397187
-23.589632014216107
-23.5894943832261
-23.590102399514457
-23.59295448592825
-23.592013211674995
-23.594075143942888
-23.59260589424482
-23.593752991948136
-23.590214376959977
-23.592637941975973
-23.592870879717097
-23.59547539787923
-23.59506911960862
-23.59339934036224
-23.591172783873322
-23.59005277457167
-23.590277875174944
-23.59023705619488
-23.58833857547619
-23.58728726165428
-23.58892266992682
-23.59010230722758
-23.59199152584529
-23.58820566176996
-23.58840217489624
-23.588290020415215
-23.58536257742304
-23.58437634683465
-23.583243678777137
-23.585557475346185
-23.588725872019594
-23.59068263443483
-23.591288848863275
-23.590435376128376
-23.587833907266962
-23.588413485685532
-23.58413090602608
-23.585073054334597
-23.584137734914457
-23.582179778071243
-23.582911917364502
-23.5814387705601
-23.58185979440767
-23.582800942508893
-23.582219390458345
-23.580164569833606
-23.579909229785773
-23.581672347709492
-23.57982508592902
-23.5824561049925
-23.581519495311927
-23.58115060067865
-23.581138655902762
-23.580739337758015
-23.577810790281575
-23.57595434682565
-23.57820815859261
-23.581493114208982
-23.581481502630897
-23.58331565178064
-23.581911981968485
-23.57787306180333
-23.5793782390155
-23.57805509153802
-23.579463992415103
-23.58201580453653
-23.58469105501568
-23.58340537263612
-23.584138833305452
-23.585574316364443
-23.583871162813963
-23.583921105324997
-23.584266487201646
-23.58413246454348
-23.58985019848995
-23.58948782316856
-23.588623026915318
-23.58926173326949
-23.589090437074102
-23.589272582933003
-23.587935122035475
-23.586848388654793
-23.586202685990273
-23.58842969178589
-23.5881189983679
-23.59044844832486
-23.590528534081848
-23.588488839050648
-23.592098575387407
-23.594874139375992
-23.59283299304293
-23.5930464340886
-23.594212017438085
-23.593393150526804
-23.596162474573987
-23.595553790388994
-23.59805770806499
-23.596426415689777
-23.598515363423292
-23.5983156561654
-23.59877609983151
-23.600559234959157
-23.600650095865756
-23.59934187669778
-23.598400257527807
-23.596434990644674
-23.59371975841304
-23.593262750637663
-23.59251285391929
-23.58916368074035
-23.589982288290155
-23.591727960575767
-23.591570977576545
-23.590894071352835
-23.5902978359597
-23.589266888963465
-23.591195213570575
-23.594294789016622
-23.59438067898562
-23.590461423864333
-23.59128230332328
-23.59020312187519
-23.59229439084805
-23.592154657371516
-23.593916904010204
-23.593899981640917
-23.594577973470557
-23.59397734548757
-23.59364109329114
-23.593345914328275
-23.593202155005162
-23.5934935734601
-23.596568957698754
-23.596049451324756
-23.594250943210916
-23.59374889525304
-23.592035619972084
-23.593645130387895
-23.59608454393752
-23.594025346619976
-23.596985886803846
-23.596428638330107
-23.594922161807915
-23.597587279632968
-23.599604545873596
-23.595070471551644
-23.59562774664736
-23.598123767424802
-23.597374470049797
-23.60107726320586
-23.599797875918508
-23.598663452573984
-23.596294796527012
-23.595743089564397
-23.592728025838632
-23.592903708323444
-23.59252630569399
-23.590285344822828
-23.592466029399723
-23.59280827053261
-23.592854574334282
-23.593693810713212
-23.596507351278778
-23.59572775813665
-23.596546147994783
-23.59946262523641
-23.598864100401155
-23.6001361091629
-23.597515105224446
-23.597870391896073
-23.599266502461376
-23.598203450721446
-23.599031105893076
-23.60122891666682
-23.599969379014386
-23.598824905630842
-23.59800277942322
-23.60094110988872
-23.60110900817326
-23.602011775535512
-23.598896020424384
-23.60059704709944
-23.601197887921014
-23.599481488707838
-23.594308913139088
-23.59345177860976
-23.590610755751396
-23.59216379939253
-23.592032650332843
-23.597092832789063
-23.600514519927966
-23.602257097317185
-23.602553403760787
-23.60108682318762
-23.599451935902582
-23.601828283321133
-23.601252456260067
-23.600936492932284
-23.600743389688297
-23.599010185531117
-23.598486660463728
-23.600623908427682
-23.60440595227131
-23.60024130915674
-23.600983573310877
-23.60089069790618
-23.601987057361576
-23.600756711306694
-23.601173065234683
-23.601841652895136
-23.600935837902956
-23.59704911140924
-23.596694253040656
-23.593682131734468
-23.59309308782128
-23.592176365146702
-23.590354461565717
-23.591246613105014
-23.592095198073185
-23.59473145929341
-23.593136633195673
-23.59236831588412
-23.592982257447343
-23.591854685863435
-23.59206801480987
-23.59355692574653
-23.591307265655683
-23.592327839422754
-23.594529532706478
-23.5917356198835
-23.594384914584825
-23.591436525472734
-23.590960607104662
-23.590539050539206
-23.590159683637513
-23.58984603103936
-23.592237590685993
-23.594816955790257
-23.599822583228306
-23.602361626664816
-23.60053704188883
-23.599394894437587
-23.600186232193575
-23.60087917625229
-23.599910310413655
-23.59686716130915
-23.598762970178587
-23.59842639818342
-23.602070764262933
-23.603942811358003
-23.60244993288978
-23.602164252067414
-23.600099841914407
-23.600018077342597
-23.599666707527135
-23.59755935880956
-23.598461085968726
-23.59657397453806
-23.594773527373953
-23.597352098792612
-23.599121779035134
-23.598500518831283
-23.598397884378137
-23.59764335469538
-23.59873018968042
-23.596984268794838
-23.59788956964733
-23.59359289585611
-23.591282615351577
-23.59126569218071
-23.58902308929333
-23.58624599694526
-23.585554920765272
-23.58691422490534
-23.587344675907566
-23.588754960147725
-23.587661146788165
-23.588932399111254
-23.58700965298667
-23.58598471796829
-23.585084172928887
-23.585908108057705
-23.583957181567545
-23.584887535450484
-23.583720264881553
-23.585414845186886
-23.585308887041464
-23.584635081322446
-23.58425180773375
-23.584080781054123
-23.58581902701522
-23.588469889042315
-23.59042677170072
-23.590772317853283
-23.588958110781206
-23.590093548644063
-23.59179116361397
-23.589869170887507
-23.590252171937273
-23.592269078747364
-23.58766103907893
-23.590158131971084
-23.591841243030736
-23.590263903643994
-23.588271339637974
-23.590048651649457
-23.589934376885886
-23.589081924057968
-23.587813054735644
-23.58983383361756
-23.58872600303827
-23.589961268634344
-23.593242302137213
-23.59250774089565
-23.59354396817929
-23.593329856352568
-23.593751751984737
-23.59477089475536
-23.59211822060597
-23.591105401876778
-23.592862414634162
-23.592531900095498
-23.590547822130127
-23.590649084706317
-23.59356065764827
-23.59426018623452
-23.592042606050118
-23.591989983759103
-23.591970431426613
-23.590670092425846
-23.5886500846134
-23.589683197507206
-23.586701694967893
-23.585636084813654
-23.585467383132737
-23.58778645672492
-23.591342334422077
-23.59080373436107
-23.5923450630012
-23.593502544329738
-23.59159150012596
-23.59209783295244
-23.593372194402445
-23.58966274268574
-23.590026327040707
-23.592546395554553
-23.592341113574694
-23.59344943307468
-23.59387187838375
-23.590817111727258
-23.58941185643017
-23.58955738491349
-23.590536893991175
-23.591367953635057
-23.589612073399767
-23.58912335401427
-23.59034878835134
-23.589726131587906
-23.591181706373792
-23.593276187202854
-23.593481208248107
-23.594702607779105
-23.594061853667196
-23.594954010584438
-23.594781780510488
-23.59515073754556
-23.593022540177678
-23.591570400246887
-23.590707701908148
-23.589629528908237
-23.589612472632147
-23.589249149181484
-23.588592667691646
-23.5879214483749
-23.587607299177975
-23.586402575612052
-23.587203033039795
-23.588191067122004
-23.587315450740984
-23.587593037866153
-23.58831417799689
-23.58879503199699
-23.588903351904015
-23.58618843253483
-23.58671362757121
-23.585095938406234
-23.58711644403578
-23.584654367153536
-23.584999578602513
-23.58666365921999
-23.586942297064855
