44.0
43.57953368033443
43.13598178426114
42.6426007126962
42.10558482607969
41.53573012635553
40.93729968324387
40.273119844374996
39.56275184280224
38.82760625433673
38.08090091188603
37.27981292146681
36.41267876302765
35.528041484864055
34.57048850130451
33.53483334478211
32.50650427221399
31.41546845007468
30.327079511800335
29.224714405391513
28.03973285753362
26.835388228189778
25.590344342901894
24.32039234523626
23.021456764099867
21.779369146128506
20.546653268881986
19.297184916537024
18.011443176187566
16.731614162360934
15.578064790315839
14.317040413552144
13.095312853797658
11.91836930671667
10.800454734319892
9.652902491625717
8.478330796897264
7.420469010805342
6.366913480085441
5.378143832573146
4.425327344607598
3.5327103767473633
2.624055297760636
1.8030588269898702
0.9837467132680546
0.19920370196627335
-0.5413108365367373
-1.2515207637700594
-1.9581064554875443
-2.596497590208729
-3.2724676956706817
-3.8875319273766964
-4.436987394404009
-4.953381634601782
-5.442822833597944
-5.92961590254224
-6.344944617230814
-6.778834173341799
-7.205203356330262
-7.629778334477683
-7.987575700743923
-8.340068599159931
-8.650382354048121
-9.003631454584236
-9.289056537013758
-9.53269874620868
-9.803627339786539
-10.065734831660471
-10.301581765570187
-10.528075149753988
-10.788071499091759
-11.017737669281653
-11.242061287368617
-11.42856587053282
-11.616951350490252
-11.7811449126286
-11.936901525132571
-12.085441840305409
-12.241254049669742
-12.375453648070215
-12.494064454003238
-12.611003206550459
-12.71353283504873
-12.864798459823618
-12.98495663944827
-13.094895187215263
-13.182767054468432
-13.30306484636872
-13.372584994419217
-13.43629476577402
-13.50383968878387
-13.585820186969118
-13.672774444599327
-13.74658012972705
-13.834434973310819
-13.898918683794593
-13.961198291314261
-14.00114016470681
-14.039386500167826
-14.07476381057504
-14.167066738912943
-14.227709882286153
-14.292891039467925
-14.33350441818668
-14.384445942389023
-14.454327562893466
-14.491554595421942
-14.523995382409359
-14.564282900158664
-14.57149225702854
-14.616892071936538
-14.653173618834261
-14.660382833617495
-14.721927280390801
-14.773100611506555
-14.809327294742731
-14.834881262751034
-14.836573017914509
-14.877303516932393
-14.91282896795673
-14.948927748179885
-14.98315445754765
-15.012360163443605
-15.027862089789767
-15.074940811952706
-15.093601126084831
-15.128043989561737
-15.137432926097002
-15.147423564773995
-15.153774776715178
-15.17610111499859
-15.195206568256872
-15.209170141269162
-15.209452984839075
-15.203099788433558
-15.239805197848325
-15.254118262650662
-15.276049522016741
-15.296530406610714
-15.309673471477538
-15.34080572309028
-15.31630678743096
-15.308933201593518
-15.31462030560254
-15.329815721017118
-15.348103445055768
-15.351415192346927
-15.37457089411343
-15.396116253103312
-15.397983474168797
-15.407856721356719
-15.406593937503146
-15.450890963522236
-15.45544071011302
-15.468848883547283
-15.460911056524619
-15.462227885286127
-15.473762729485408
-15.506174125166154
-15.518925903704545
-15.555762154950294
-15.549056543393963
-15.563552746078066
-15.561133010442543
-15.590865052378138
-15.594307544282822
-15.608227506044877
-15.61692782962934
-15.614662995823531
-15.636985277143083
-15.647324128038454
-15.6477695921029
-15.66429522084564
-15.66321383464268
-15.689397397806191
-15.679017317414786
-15.688902579194737
-15.696355934175433
-15.700997998002583
-15.726502648706282
-15.73209919509634
-15.757339876529091
-15.752764005488359
-15.735963103155735
-15.763927508974813
-15.752931952344614
-15.764688286964697
-15.78278837203273
-15.800566950395126
-15.812854896271586
-15.795835541603848
-15.823707839834375
-15.831250898434917
-15.822556928700978
-15.811299445991017
-15.815627139169331
-15.824830354260369
-15.844259518865018
-15.872247340120882
-15.86542137722137
-15.862903410958753
-15.875392672693645
-15.876150720514522
-15.869906390711282
-15.862649749032816
-15.865861794919727
-15.858711291164301
-15.870530640904818
-15.903837584929441
-15.905168517265416
-15.906498408756459
-15.92282045336586
-15.908987920770489
-15.918311865065123
-15.908562029678738
-15.90137766867347
-15.891537723797851
-15.898025198592334
-15.917244161108615
-15.92334524451876
-15.927800380753725
-15.947122112367643
-15.944758644350026
-15.960730597574903
-15.980425885920432
-15.967076902229303
-15.9762470856352
-15.973139295919315
-15.983046803630387
-16.01260068918796
-15.997720521497383
-15.993382418438724
-15.972555499715362
-15.965102618792493
-15.980508271154225
-15.975665034982816
-15.983577565486785
-16.031454179563276
-16.0269863045852
-16.042329381704896
-16.048658686819568
-16.033911842326134
-16.035029365496083
-16.007382409665695
-16.01917459743384
-16.011138951070926
-16.00105314941896
-15.977101247194902
-15.960332380834057
-15.957697887139757
-15.958275427947656
-15.95729202083027
-15.966434091360027
-15.97674925057706
-15.96007328824875
-15.969418609528384
-15.971543469908235
-15.95592307135858
-15.967761196945265
-15.985617218870905
-15.98668299128801
-15.994209611319365
-15.975924694820547
-15.950008325549325
-15.9861810563511
-15.977930349472063
-15.966245995184483
-15.958389486096566
-15.979801977404641
-15.970791648447562
-15.97098970525539
-15.983606618347084
-16.006344227482664
-16.0172527760181
-16.034856083505144
-16.032780216741646
-16.052768628007094
-16.039200278182967
-16.048080478826034
-16.047751698068435
-16.036009204184104
-16.026183333740274
-16.025579156893112
-16.02917289780282
-16.038231659811025
-16.042950891626862
-16.072754226555112
-16.085135601784007
-16.1017668682557
-16.110574051464926
-16.107569864615606
-16.11484612527444
-16.108062189462185
-16.09665537791881
-16.08868805899492
-16.07913872066831
-16.096550887205307
-16.0972260160779
-16.095615846911176
-16.120318877547682
-16.125639079175354
-16.147576883569748
-16.15748095051898
-16.15941356944024
-16.142614908299418
-16.141457199141552
-16.160930403178742
-16.167145615955928
-16.156957683216472
-16.167352355588644
-16.13770798347988
-16.11253524342885
-16.12684786130477
-16.123158823575327
-16.11227432483991
-16.116706677242075
-16.127360313922008
-16.13878760611879
-16.12826980717993
-16.14309496013717
-16.14415765722387
-16.144417709603108
-16.17303740188678
-16.163175854517235
-16.18333739953978
-16.176709726692792
-16.178599002203924
-16.164458930954947
-16.142857641012338
-16.154738318215216
-16.15714510953574
-16.17047880311977
-16.187768811016344
-16.186826840904303
-16.181733911397206
-16.174295387865527
-16.174661257886335
-16.190054305971568
-16.176314968971777
-16.169676204425627
-16.17382765716001
-16.197178521850873
-16.181551579595748
-16.197104201555167
-16.18793337578617
-16.178112951430503
-16.192434107804843
-16.180171917330224
-16.152749139361266
-16.131353861931366
-16.128701410071322
-16.14474077199748
-16.1428382062803
-16.1461626698542
-16.16106499935326
-16.156203749321133
-16.170514562150004
-16.168114783035712
-16.173308840765227
-16.174638629552845
-16.173455848789228
-16.16662997358011
-16.172278964711435
-16.183321389286185
-16.189167191153516
-16.19156367452511
-16.191704603954392
-16.198752475214885
-16.207424756600044
-16.203389942616813
-16.19421550069237
-16.20537994869414
-16.215152915567803
-16.203873638456585
-16.178003976938296
-16.20777415234179
-16.23280632896475
-16.2367697579519
-16.21328446571114
-16.18190977474763
-16.208912242102322
-16.212140799901388
-16.236590455556648
-16.235745122011995
-16.228948279914793
-16.22770868572053
-16.231009905986713
-16.249980388590828
-16.22377069041389
-16.23788271027046
-16.23968313687918
-16.237709910427917
-16.22425099166733
-16.209686200267004
-16.207483200238336
-16.204727234752998
-16.1904022222815
-16.18186543854969
-16.17521883211144
-16.17756168958313
-16.18404731478387
-16.18522142454846
-16.193591604218106
-16.20981931733596
-16.201353901893164
-16.21875392433616
-16.191346306621803
-16.1691573015554
-16.223082063430912
-16.236409576503153
-16.21767890640463
-16.211533696658886
-16.224846223367667
-16.231672670175445
-16.238243819655754
-16.240531071537987
-16.23674905950398
-16.24224192412824
-16.262636119381497
-16.258714996004205
-16.263675425171183
-16.2633590050662
-16.286677318059134
-16.290290878983164
-16.287488586191444
-16.28382456517375
-16.277989999558322
-16.290219953253995
-16.27967118732656
-16.28189516740223
-16.313849345240442
-16.314078607661717
-16.30341271616855
-16.311041858172402
-16.319500086229965
-16.323594534874985
-16.33215239858338
-16.327468903011447
-16.314668706927527
-16.300215437210394
-16.293663215735748
-16.30503893482168
-16.29018956748725
-16.289836448952528
-16.26720216098738
-16.283526013096626
-16.30421816359664
-16.31892152453893
-16.305028579481768
-16.27500134265273
-16.280695891017757
-16.29163037308066
-16.28191587706466
-16.278977995912673
-16.29038838948862
-16.311233615632528
-16.315943007047025
-16.329648507207068
-16.327439476428378
-16.344006023506324
-16.35141442143498
-16.347929497817255
-16.34475913695514
-16.337685376124213
-16.32190234571993
-16.317122024112674
-16.317747952036036
-16.330911601634963
-16.344384173055737
-16.35698320283468
-16.355283278243572
-16.372596660922447
-16.366249635684177
-16.34653984743421
-16.330713159802727
-16.336787811950742
-16.335390486312406
-16.347175522455583
-16.357090736242256
-16.35301318541158
-16.37504966951366
-16.368894583796983
-16.398897369322018
-16.406867610037434
-16.420101395926697
-16.43773974848786
-16.44923136037303
-16.43692890919881
-16.434347327691228
-16.424322782125763
-16.43346157269838
-16.420275628304555
-16.41915896968542
-16.415547189255317
-16.419632294756486
-16.414210714106332
-16.418318484008854
-16.40006196994443
-16.38685630473384
-16.414130821459587
-16.42183684559931
-16.427114708558374
-16.410451307457436
-16.388472549774207
-16.3584293397617
-16.35649657981378
-16.34271532330088
-16.33515365222997
-16.333390727290997
-16.313248055516993
-16.333577949914876
-16.336371397156334
-16.337095147407055
-16.351252615261895
-16.366797780935048
-16.380123111942936
-16.374381524251834
-16.348052816108712
-16.336607160498517
-16.32008563060939
-16.324385691217326
-16.340061668366438
-16.341232281381135
-16.343743551453148
-16.31992784208949
-16.305364144174227
-16.299156395624294
-16.302767955691138
-16.306525285069235
-16.292401375268888
-16.27197860124105
-16.25194895172886
-16.229193254499133
-16.247779758780148
-16.24362661039711
-16.276575788514
-16.256012055267036
-16.27644399717136
-16.310836656273082
-16.30743599832573
-16.300126701207084
-16.306961654021165
-16.30425445153006
-16.290738992277554
-16.29206737149706
-16.298201077799433
-16.308333006279387
-16.31033199784449
-16.310525260928017
-16.30822903475204
-16.31698929963157
-16.31828818450579
-16.326134220775362
-16.315583958660937
-16.316117464427812
-16.311126450533518
-16.308810225221137
-16.310484173934594
-16.34118703765744
-16.341658128650774
-16.323669025063346
-16.335193109833412
-16.3362804533093
-16.34125625757797
-16.33780989829049
-16.350921222039343
-16.352392495911744
-16.373661288445607
-16.384460660371023
-16.386820992439194
-16.385167605337934
-16.375876285385882
-16.365645258458947
-16.38244208333886
-16.39391372731159
-16.373396163232083
-16.38553182194857
-16.390051950839716
-16.39082521254677
-16.378752694087122
-16.40886400906959
-16.412800013764922
-16.417683362272758
-16.41646172972245
-16.42583908113207
-16.447092556548856
-16.4639866643368
-16.45526340129245
-16.45637970365812
-16.482392514696265
-16.454734227149274
-16.45610330826779
-16.453613204163435
-16.428310574284293
-16.412351080772147
-16.42282009863238
-16.42001962599337
-16.428909861391357
-16.410632639404376
-16.409956296756484
-16.429761136820133
-16.411021222972778
-16.424646395406413
-16.447055402859032
-16.4296863988332
-16.42159216806074
-16.407789194322003
-16.385315642209324
-16.381812817902976
-16.396755611137
-16.411822092043227
-16.40943846324141
-16.421890583915765
-16.425409509201486
-16.424234792783363
-16.393193129363368
-16.40871903221513
-16.405420184095565
-16.434759872173963
-16.411275731488303
-16.430976689033685
-16.41634161159084
-16.394412819030112
-16.397045489134648
-16.36706878452297
-16.371361908608375
-16.3632087774318
-16.341902842163506
-16.339147755293947
-16.35770630969935
-16.35243973966455
-16.35015157880735
-16.353413222105747
-16.33703957019049
-16.33090606838619
-16.316674513767506
-16.310666881513843
-16.315029413300117
-16.31498305403266
-16.324628782581705
-16.30810452063064
-16.330365865249952
-16.333574151047912
-16.347074515986456
-16.36265353961614
-16.379485314828766
-16.396265568256197
-16.395424945959466
-16.391183376523763
-16.400622153640718
-16.380196222659375
-16.380888921371152
-16.36807099067402
-16.38528322421126
-16.379200380571376
-16.365630263540066
-16.390093666704548
-16.39415195276751
-16.398764198030005
-16.390648189077698
-16.405857284254413
-16.413800819216345
-16.426434467926796
-16.43203130806158
-16.46014824902489
-16.431618939965713
-16.42765317747469
-16.41637919071454
-16.419766700870493
-16.405254368669006
-16.41835039844127
-16.394709473442333
-16.38597662344051
-16.409678781051113
-16.382750052677615
-16.382840086571395
-16.34085350045187
-16.33593929715997
-16.348477069694678
-16.348187243343325
-16.337854663804674
-16.307316389954526
-16.314351392978683
-16.31471773413083
-16.304693143490514
-16.29803103990399
-16.299101001822937
-16.294881501944303
-16.311742137918802
-16.334437805860002
-16.33747521578681
-16.321786248527268
-16.311372720979698
-16.300499018074934
-16.28922062813337
-16.326946207663763
-16.326320005356624
-16.31505554713051
-16.292546907203743
-16.287096200455096
-16.279603684289555
-16.275279308800386
-16.28147922404243
-16.27050271007465
-16.2429285157426
-16.26774454893619
-16.26784279074429
-16.273133282155435
-16.286123120830226
-16.283340593437256
-16.314378336235674
-16.325580491687724
-16.351257098450688
-16.380419356490908
-16.364648860170018
-16.362631532836957
-16.367805282379905
-16.365464965168098
-16.34616580290277
-16.370799716075027
-16.33194781616893
-16.344571196137185
-16.322518158024813
-16.329557413548198
-16.344452289740413
-16.32757356744053
-16.31625616848534
-16.344628786502533
-16.360571008681383
-16.331878718123228
-16.333009314290873
-16.336885131931304
-16.349267915744505
-16.339032943119904
-16.34155517111854
-16.360305673854977
-16.372224644459177
-16.366381591907444
-16.345019255994796
-16.34499669229453
-16.32469417255546
-16.338372877668622
-16.344585649758404
-16.330204329259832
-16.34138718265145
-16.34793926164983
-16.337825993037796
-16.33322875080397
-16.335320576973718
-16.32861648417301
-16.335116569910564
-16.350422917960746
-16.344101650608586
-16.33127067413542
-16.323874036343554
-16.345884155713957
-16.342608704199925
-16.3141529473738
-16.32083621800732
-16.346104855448313
-16.35089799919259
-16.364413637698764
-16.380022406204457
-16.388983915549517
-16.38781618582426
-16.378481017249612
-16.376023817307374
-16.355828547804837
-16.35791210037972
-16.36168944393727
-16.3681156649517
-16.3377012263476
-16.320146576182086
-16.34697924063439
-16.364950621431788
-16.371010208818266
-16.38462284051971
-16.39471361699622
-16.39586378708877
-16.401271663050007
-16.391268192304903
-16.390272432150255
-16.354586757444498
-16.356839116372665
-16.380459152612072
-16.37274469143412
-16.398964644255297
-16.41353274200799
-16.41508907501
-16.41122890646624
-16.40344480656217
-16.397704482797803
-16.4011077782345
-16.392044111153137
-16.382965290282563
-16.383185987637816
-16.379152745093748
-16.403903068763988
-16.404721055251247
-16.384664619226356
-16.391307682023005
-16.385919157612335
-16.38177403440184
-16.39253642473774
-16.415063467558554
-16.384215338449916
-16.364317433195737
-16.362248664129453
-16.38078925975388
-16.39970511224279
-16.42116065808595
-16.408229529486434
-16.42219106101858
-16.450220170021822
-16.43611937698203
-16.426872875593457
-16.406764175391046
-16.439535629325917
-16.415436084043932
-16.383030396329044
-16.37883798113637
-16.352864767945544
-16.353277556456383
-16.36687923257572
-16.350354313760153
-16.35225763959024
-16.360036369921357
-16.384604132973166
-16.357666839329834
-16.395312894791118
-16.40648198698698
-16.453693220839295
-16.461612147930214
-16.464480329095952
-16.45108649185256
-16.42550543637252
-16.434912496796873
-16.449338942193506
-16.44001376875175
-16.459690973821402
-16.448640258780888
-16.446437593889836
-16.45044739891399
-16.45525842128853
-16.481782909551313
-16.47039175389528
-16.500699881355523
-16.480387352657612
-16.48381137760405
-16.4699218764316
-16.48149020967154
-16.48541647150278
-16.461638803068492
-16.48039779560664
-16.461941915410556
-16.434939755745475
-16.42887072668235
-16.450265394008916
-16.43361417724457
-16.459775031246156
-16.481500778523614
-16.48166145965067
-16.480947823078733
-16.488931093275443
-16.479850569812175
-16.475818817249348
-16.464130406864975
-16.45607680743871
-16.431793712912402
-16.446198755886154
-16.46046415998888
-16.463365139093362
-16.46292075437019
-16.466317276707823
-16.456217349759985
-16.45508869374197
-16.470456031193244
-16.50790381156598
-16.502563725783006
-16.502401390975983
-16.484956543323946
-16.483923416342734
-16.48817420106852
-16.484705293786106
-16.475151979027565
-16.455738620252777
-16.457011538642814
-16.453648754348134
-16.4517730122712
-16.4594667073189
-16.46038848710648
-16.45277082163811
-16.437701588544144
-16.43305676006369
-16.42706457487957
-16.418820194672232
-16.413876616756003
-16.411661878102453
-16.407989434885646
-16.41008456533338
-16.426852536302107
-16.42237675305478
-16.429980965838226
-16.45061892018117
-16.46244400869249
-16.466418601595805
-16.461669196072176
-16.468791279129064
-16.475595640948647
-16.50616358913612
-16.51934144192024
-16.501754687123952
-16.501371648040145
-16.523427821099045
-16.508911284111242
-16.522072065241396
-16.520709016251217
-16.526301042255007
-16.534510185825393
-16.512948817447946
-16.484440866686665
-16.47654549535897
-16.473179227593448
-16.496041806085543
-16.484962897710073
-16.46761681058788
-16.471118194557533
-16.462335411577108
-16.47063710494877
-16.47944744313543
-16.47623902917444
-16.489569349917577
-16.481722013195075
-16.459213377463644
-16.47030681420814
-16.451103718078254
-16.466788098146527
-16.47127404726919
-16.470505293749348
-16.463764528128625
-16.467937280511507
-16.474441113413885
-16.464463009509004
-16.47322871060584
-16.500626429957475
-16.498301827346697
-16.4726087816472
-16.465204664434292
-16.45666605757573
-16.438876282232343
-16.430385286448242
-16.42923163230618
-16.42829081902358
-16.41113384698118
-16.410724150679552
-16.41357414019776
-16.423398441197488
-16.441816657116803
-16.44063219154396
-16.456241284018933
-16.449763514701207
-16.438463321777803
-16.448222334016947
-16.440005894468666
-16.45231777440642
-16.483150677804538
-16.496335279386425
-16.491329235820068
-16.471270315063535
-16.466649913728368
-16.464048454882143
-16.45187108500567
-16.47496501260287
-16.480507040908567
-16.486549293921243
-16.50153142620728
-16.5026799566862
-16.482435735919942
-16.46331498718608
-16.450120802625325
-16.441994379762722
-16.44963383821752
-16.44294615563257
-16.442275545175757
-16.444742000910527
-16.43884641089201
-16.42387439513973
-16.402956039703607
-16.41138092900822
-16.395454371520835
-16.4159889857624
-16.41189492740298
-16.401530566815143
-16.41790070190446
-16.410814621436046
-16.41129734912587
-16.40498630842009
-16.428213937927843
-16.457746778123717
-16.463632734674814
-16.453674279669617
-16.486982023655482
-16.48698436844134
-16.48927339340957
-16.48620029757711
-16.484210870672324
-16.493777945290347
-16.492648654441105
-16.50824099993297
-16.48790925547201
-16.463872116336276
-16.490608683726208
-16.499492514694683
-16.483948256741538
-16.478164196052955
-16.49068497711681
-16.49058905559556
-16.503056756203733
-16.486536615973634
-16.503485720637794
-16.50267428155213
-16.505602397593297
-16.515916710938654
-16.507231243876866
-16.504189814290125
-16.521806144322934
-16.5128493820547
-16.519029674381738
-16.509601298875364
-16.50289655075109
-16.51046562210064
-16.508993370216107
-16.496734696993805
-16.458884419952323
-16.44768274492229
-16.46485020777137
-16.472360471946224
-16.478614177758413
-16.481030345430174
-16.480004121338652
-16.469177015721826
-16.474177515075063
-16.471371299925167
-16.434656161118173
-16.435245212596733
-16.431533585628767
-16.42191975466904
-16.413743628371083
-16.401689485892483
-16.406317169928762
-16.385625621989913
-16.394857062724924
-16.38405478734306
-16.386772558303036
-16.388746230123854
-16.367463434196235
-16.37467497044036
-16.373176307667777
-16.373763993362417
-16.40001976076901
-16.402870422072187
-16.3947793860944
-16.397345772433983
-16.41527377782374
-16.414199891967826
-16.411339059559786
-16.403692955023782
-16.400172270015283
-16.39625263959889
-16.418085003518833
-16.41184849156583
-16.406426356509048
-16.42628968975218
-16.40667929713517
-16.412809867742208
-16.398950801738632
-16.394829947810074
-16.387728399152362
-16.373112484084043
-16.36631783202117
-16.33716676443776
-16.35041520850729
-16.368428827730128
-16.35064023009134
-16.35362783078334
-16.350875261348317
-16.342151965351107
-16.34301550406437
-16.351534461379533
-16.325009535850754
-16.329650903640605
-16.318067682586182
-16.347519296876687
-16.345082102792176
-16.36528540935739
-16.361227557327645
-16.369657262068348
-16.35948167745348
-16.356531673821102
-16.35293237315504
-16.331386930267076
-16.325947673043164
-16.32471258351262
-16.315206506510012
-16.328945909483036
-16.341676410880545
-16.352427600781514
-16.348287475068826
-16.346522636872766
-16.351670684300096
-16.330709887366407
-16.299916258237555
-16.3169903391181
-16.307766984117894
-16.330988564187926
-16.318649132436445
-16.32008362680298
-16.321549302732254
-16.34221321095723
-16.36734424855157
-16.36501036153858
-16.34447511764914
-16.358406049475267
-16.342806643277417
-16.346466429304407
-16.357657979760315
-16.3598124166524
-16.37750598824844
-16.371003467490045
-16.36884928723097
-16.36725520620895
-16.370835106730862
-16.35720550372737
-16.34260015986338
-16.350682027088585
-16.354572000041582
-16.325081396888162
-16.33167373442542
-16.34668803275743
-16.34641864461017
-16.361358079117313
-16.378013970525796
-16.383171067431764
-16.38097309397237
-16.37998008636703
-16.372411143666554
-16.383807955849896
-16.382734303060847
-16.392275601893513
-16.39026589166956
-16.39247105807713
-16.38389579243164
-16.381090318810514
-16.36309775529484
-16.356195197723707
-16.31885527202008
-16.317968003272235
-16.316953241193865
-16.32344472568047
-16.328329454873494
-16.36820942454672
-16.386596893603866
-16.397006429079216
-16.37882500267157
-16.374914389455622
-16.36477149903714
-16.350469892581618
-16.34298765144702
-16.33414618870047
-16.325249549038432
-16.320884364873525
-16.31355699800013
-16.33196242072866
-16.344719907625837
-16.325319828434754
-16.326730668547626
-16.316321168745915
-16.329320951758348
-16.31720898250677
-16.317572913726597
-16.31219382464519
-16.341130080017635
-16.338327208301997
-16.357086424826733
-16.34422871808586
-16.352243602839632
-16.3597382778192
-16.362996520983504
-16.351051458502184
-16.33432669163748
-16.328462257295747
-16.309785682242545
-16.318572608514845
-16.322985152654955
-16.343074081933786
-16.349723819505634
-16.36150462989082
-16.360496871450543
-16.372487341444764
-16.378301647547445
-16.396852833068
-16.3898844722469
-16.394336031325373
-16.37201304963384
-16.39420223778577
-16.40890377713452
-16.407954524961717
-16.4046851543626
-16.37804238660987
-16.366155941524433
-16.365357443974244
-16.362038666163496
-16.362390354967133
-16.35438762371693
-16.343200140306273
-16.35746121100735
-16.352103058273077
-16.346073958396794
-16.356432339460465
-16.337345612977
-16.373052909138494
-16.385031471464703
-16.380144706533144
-16.385830268436138
-16.385323095957002
-16.388438621048863
-16.372745732804653
-16.372751191263276
-16.352431611821483
-16.34957387153313
-16.35506888733354
-16.35099462412764
-16.337078200018215
-16.329665482438656
-16.32250357363115
-16.30790403398882
-16.303728893006557
-16.30407506682216
-16.281702319715148
-16.29382782653057
-16.277927611463394
-16.298141909815417
-16.30691042942286
-16.334948171745896
-16.30740415855218
-16.32052078675939
-16.318558618697242
-16.32899042600423
-16.322198431909765
-16.334092923064105
-16.351123108604984
-16.354374197179258
-16.35467997174119
-16.34330754570371
-16.335985518310615
-16.345525737842078
-16.350458039580655
-16.363643477088527
-16.365743863610433
-16.377223912204812
-16.380588152886546
-16.389580786988862
-16.386777390131822
-16.376228065489453
-16.393196239192992
-16.41498395457246
-16.369916093873112
-16.36565096454172
-16.388055205734116
-16.36015862502739
-16.356502513920226
-16.346007095703758
-16.36254450241073
-16.365017271906346
-16.340625160122986
-16.35839207476284
-16.34048912872254
-16.32525163031415
-16.331049197781095
-16.35274911326067
-16.346909305804296
-16.3567025107719
-16.35113856528403
-16.36607447587647
-16.355454719019388
-16.379776093981686
-16.394759598764114
-16.395328208210096
-16.409678368140455
-16.410315197001466
-16.410545320361045
-16.39345041365617
-16.38099092007949
-16.365712032005668
-16.365849014701435
-16.349938044833067
-16.349565344590815
-16.373162725158455
-16.35231452403066
-16.351350761945426
-16.354549650712187
-16.3385873972902
-16.343222264424625
-16.34763580376558
-16.37845836698394
-16.368123158418975
-16.359447487961052
-16.36568892932785
-16.364624723300484
-16.391196575992073
-16.389724020075253
-16.3808429042919
-16.39635475265947
-16.423960919103457
-16.385364013590667
-16.4193010446933
-16.443430712670416
-16.464783970268304
-16.454268010171493
-16.43880028321412
-16.458018266755197
-16.48830596119262
-16.490910066630576
-16.483366130660812
-16.451090199865455
-16.439130413706387
-16.44272658877527
-16.437445284762898
-16.437256491930462
-16.4526021828278
-16.42815316275903
-16.41804309469142
-16.41609574837494
-16.410328315391475
-16.434190228210078
-16.421831348707205
-16.417538608001756
-16.429328357673178
-16.39944330765441
-16.397042530280828
-16.40406658497234
-16.39422672399234
-16.41708695918159
-16.411826028296836
-16.418166387239637
-16.407709435596356
-16.39328734076304
-16.424064366129702
-16.445303688235793
-16.4542098655165
-16.47459789552854
-16.449625916731883
-16.432707131256404
-16.42208513556544
-16.41088779878997
-16.40728757826983
-16.422267473163906
-16.422969931131508
-16.435379141323004
-16.443731584804635
-16.443612706822805
-16.43184225915856
-16.43443316551238
-16.45972116310221
-16.441806947939572
-16.423155684927327
-16.44255042931565
-16.43544761645042
-16.44675970140128
-16.44884583847043
-16.438133401580636
-16.435701209266952
-16.437316827290037
-16.450517198390408
-16.4569925532254
-16.455626781766085
-16.43089744873582
-16.416568660036617
-16.383863916988172
-16.382147419021063
-16.385961578563514
-16.364217438984774
-16.35625516169668
-16.371764783179067
-16.37742156421131
-16.364780337334103
-16.368768294737286
-16.378085853954143
-16.355987167677885
-16.3656469259594
-16.386428927674636
-16.3819997679524
-16.393170513673855
-16.40658976833653
-16.392656696576648
-16.40422190354676
-16.38293540400163
-16.39393430405554
-16.387974769970686
-16.37863898178058
-16.359610281608838
-16.360007242406052
-16.378506292784568
-16.374338635821243
-16.363874841888112
-16.3638455243818
-16.371184799409548
-16.380790367530576
-16.380555047904593
-16.386675774910753
-16.37874927046367
-16.3864245565933
-16.39102449302259
-16.366416843340076
-16.372981936938128
-16.398611369158775
-16.38180149699567
-16.40283995627029
-16.418313804009376
-16.419664523230576
-16.440225508127583
-16.465780711451433
-16.468081721020955
-16.43726631177428
-16.43198734917036
-16.431638159158616
-16.410027128016164
-16.42406088276928
-16.425137243446446
-16.421822877489763
-16.419368915195296
-16.39954142049137
-16.419185304514
-16.408466589283737
-16.402217408111365
-16.40124582473546
-16.411106488087995
-16.399349310200463
-16.396104508806445
-16.408261479852854
-16.42428380598295
-16.407766804140145
-16.38408604465329
-16.378875010869457
-16.369825770627624
-16.368973611790903
-16.36288726748056
-16.354096383356303
-16.38581719579057
-16.40611355540491
-16.423127859792658
-16.422978929490434
-16.433568581734615
-16.437387702133762
-16.447671930251772
-16.438067569817356
-16.43620764788067
-16.462091866960467
-16.46617831667128
-16.47293575952898
-16.47461225495407
-16.485434909497954
-16.505680624964835
-16.488782498018768
-16.4889122498055
-16.494388680627992
-16.504942903356756
-16.492315886944738
-16.500787938612206
-16.482716164018452
-16.467150925672364
-16.465733326867248
-16.46000150979165
-16.475111337198356
-16.470314618891756
-16.480093984987384
-16.469289424907625
-16.47949566850516
-16.48312454911928
-16.463487521172684
-16.46409087348963
-16.48451985841621
-16.462414040836652
-16.472291889294652
-16.499175560974162
-16.491642816582306
-16.476440785890272
-16.49640194046547
-16.51112144155687
-16.512549473663835
-16.513310805552415
-16.519749689181623
-16.500386051722298
-16.47773096920892
-16.47786000744919
-16.50871983261632
-16.494444302206617
-16.491502673304236
-16.472907445922008
-16.49932423987034
-16.52672954408901
-16.54527246989034
-16.550719532898583
-16.54688623032904
-16.52060091325785
-16.522926536436938
-16.503140500261154
-16.51906003966932
-16.501497219768666
-16.50888629369443
-16.52794286479352
-16.512281481875412
-16.501949742988938
-16.486611166292853
-16.506547771609203
-16.511538559057716
-16.486115914338026
-16.48257939725011
-16.476548381825843
-16.473443386991484
-16.477356357970415
-16.476615667610783
-16.500699077874142
-16.47957473900952
-16.485089319326644
-16.48164171504146
-16.500308507603584
-16.523391218678604
-16.539344754382196
-16.52368286432195
-16.525140505281076
-16.527574313519043
-16.498115582070934
-16.483975597626088
-16.48646241022102
-16.507551756958126
-16.513718069182456
-16.509508558666955
-16.50961233547717
-16.502115905982212
-16.483244801372056
-16.47393912689516
-16.479516234405107
-16.467985047350485
-16.447588169128956
-16.45680204063198
-16.452569073494555
-16.45929916628518
-16.47420426138184
-16.463327970413335
-16.467050863828415
-16.472701353237568
-16.465887525026897
-16.462884063263147
-16.458089361649115
-16.449844325468817
-16.45604600420719
-16.46497211517597
-16.45874796967407
-16.450925777388115
-16.457422591653494
-16.458553477134306
-16.448784282123764
-16.46121070618055
-16.46137732746021
-16.458099386455284
-16.455932868593006
-16.4429154289769
-16.437780631952688
-16.45335050468729
-16.44789120583164
-16.433699659716325
-16.45012078745329
-16.44920307054297
-16.430160058411367
-16.431375315394412
-16.433175941547592
-16.454575148851898
-16.457157236988294
-16.436266671850305
-16.431189582693776
-16.440511519420696
-16.4385070832524
-16.43813295644712
-16.452700730062503
-16.461640382171552
-16.469901920333395
-16.454112130619617
-16.45071540184557
-16.44241760946306
-16.44658187207547
-16.45299233087682
-16.452458336033278
-16.461402330958883
-16.44544756563745
-16.41869541803304
-16.44562777593868
-16.459246608695217
-16.451801227408087
-16.44490772055205
-16.43010248819895
-16.41741158377643
-16.415187774840007
-16.417236938060178
-16.417905566657655
-16.441224998693997
-16.435177236117266
-16.430132174697345
-16.420872661641503
-16.41277767937997
-16.415188402700835
-16.403723429264648
-16.39752258738728
-16.402859537349553
-16.385750792344517
-16.404400666438107
-16.414600821240448
-16.38242442506608
-16.40349831679836
-16.41646793089749
-16.438093394661504
-16.43083537908418
-16.44720080490738
-16.442003337487847
-16.44086147205437
-16.431530153287582
-16.42901355249521
-16.39963024822575
-16.387995348283535
-16.398077796353178
-16.403571770888707
-16.396731263518415
-16.391170626417505
-16.375414518064535
-16.38431997889675
-16.380685971855453
-16.37541244731769
-16.36668473394038
-16.368671837355357
-16.37440396682458
-16.39540683670879
-16.41678064494728
-16.401894680572507
-16.377851612829314
-16.383661184895146
-16.373025924662063
-16.36857872825373
-16.380657874691895
-16.377970431699673
-16.38577916598956
-16.36071963354438
-16.36723210734603
-16.36789852049207
-16.35447406748915
-16.386696570401543
-16.40116652917562
-16.387614333337048
-16.404817609064953
-16.375877696804256
-16.400715707746848
-16.394573132331562
-16.389601006615123
-16.388877253408584
-16.396808352798455
-16.412700971540563
-16.41697883943418
-16.449871129299414
-16.47035278984627
-16.455187292465144
-16.436772835506442
-16.42122288173955
-16.43197359640015
-16.450469972526466
-16.449407811457615
-16.459200124103596
-16.466287884542467
-16.447236128127475
-16.430127433571904
-16.427151047986982
-16.415078159778044
-16.39972621159214
-16.398533938013543
-16.37775431343541
-16.396272595902484
-16.40850068335127
-16.411767778915475
-16.39983427370854
-16.402248525233137
-16.395820759812395
-16.41811157051972
-16.42549343800492
-16.444749144384808
-16.44818674720651
-16.4401838153055
-16.436717653032094
-16.443626589206293
-16.451422192784136
-16.468268132512858
-16.476522440033754
-16.475334196640656
-16.46229081129439
-16.446575505412692
-16.434921653608544
-16.425522155574626
-16.416165332759242
-16.42522215696412
-16.43178651415732
-16.445631954370086
-16.44902088196832
-16.45415099911568
-16.430526993889455
-16.43425142560917
-16.449638219671034
-16.4235425184546
-16.42428837362863
-16.434142733769328
-16.45959782309321
-16.4856100693469
-16.46194456369007
-16.459686274327748
-16.466426779192307
-16.48824303467036
-16.500348467356
-16.504383004361703
-16.499795808708654
-16.478085308759862
-16.468712892380694
-16.473380223252864
-16.476616242901958
-16.46575898417764
-16.431555174596767
-16.4282300153947
-16.416959730222548
-16.419776015346983
-16.428217962897396
-16.436206612646227
-16.430153252236575
-16.439228168354695
-16.44364090491335
-16.44600176095641
-16.462637249778275
-16.457461588459687
-16.442849568076277
-16.43630161639219
-16.427261027375035
-16.43095931896133
-16.40795061728651
-16.413350721689202
-16.408532753705824
-16.40735595773232
-16.417116285752027
-16.43540485252136
-16.42715367386825
-16.411826998452
-16.399086576077433
-16.399594291529013
-16.400701405551075
-16.403035287864505
-16.414601555599642
-16.434976817945365
-16.443607112559953
-16.466893709789293
-16.47005197253637
-16.468108601999703
-16.46570526407274
-16.459411123036237
-16.463579212528117
-16.458451355649
-16.46510468119356
-16.457118149649595
-16.466433714378628
-16.472364186547388
-16.461324677358338
-16.45563675424691
-16.476451606820472
-16.46220758426323
-16.48158299441859
-16.48507447013711
-16.49560589897115
-16.51572919994785
-16.47747728162643
-16.46462408855631
-16.44936122755324
-16.45923871875849
-16.47373381325394
-16.441843057578357
-16.425298252314104
-16.422295818326525
-16.417648689193356
-16.387507762630186
-16.407964186653967
-16.39628986287771
-16.388133978121264
-16.37710869755544
-16.377333215772865
-16.404877306060488
-16.424320868610916
-16.459129553232064
-16.456094493525995
-16.47510601523511
-16.471926573461115
-16.465920585171894
-16.452720714416643
-16.449205703468753
-16.44871916011733
-16.448549957801898
-16.477571244330438
-16.49411968862053
-16.483649704074047
-16.49060353241448
-16.466231221931306
-16.475185242501237
-16.467207301527527
-16.483088008831068
-16.478095800541446
-16.474186761710584
-16.49364803983111
-16.49954642766197
-16.486848047135876
-16.50247542220544
-16.507962472202898
-16.502005236812813
-16.48662730822642
-16.47805388489899
-16.477989563022206
-16.49257604385367
-16.498412125391667
-16.496248178510736
-16.513524592135543
-16.504774086677486
-16.508504887736606
-16.515714565357747
-16.525276874769574
-16.497242105811065
-16.48893989355953
-16.50565582515351
-16.509401000157506
-16.529005755138645
-16.52571323799591
-16.535557389935292
-16.54467397226913
-16.53407453763192
-16.525205172380943
-16.517289978575327
-16.511325822940382
-16.508388602026987
-16.482625529214037
-16.47664204780812
-16.487868925494894
-16.5063669184601
-16.48569773624995
-16.453431928386212
-16.439863224956657
-16.426333078519665
-16.433161949157505
-16.439887215884607
-16.443893550976096
-16.457706031369582
-16.444807632935984
-16.44064464686063
-16.45772498781655
-16.45419927990599
-16.43992053207626
-16.45947963964817
-16.445517531764015
-16.431728916211558
-16.430961164167936
-16.433687762663727
-16.43722564877044
-16.449124515703517
-16.44977815222825
-16.450628900193788
-16.44506344086068
-16.4550934166534
-16.442816138770052
-16.424975106088514
-16.4099504618403
-16.37348930956668
-16.35289369237185
-16.38027553204797
-16.37605580243522
-16.38914171227324
-16.396077719801795
-16.390919849690754
-16.37328307281196
-16.3871820403854
-16.394306079969656
-16.39513889014527
-16.404972722020357
-16.40887725810251
-16.4108186622691
-16.411665415228885
-16.3993612028538
-16.383368810301786
-16.371374655331795
-16.38996690498418
-16.374480688081896
-16.39641219590471
-16.412084082200163
-16.402229777277324
-16.403721337996995
-16.390250540828333
-16.37533445375496
-16.366103000425102
-16.36032429174199
-16.363387646257692
-16.355932780671303
-16.381473948940666
-16.392892416522375
-16.38174758885965
-16.370096342022155
-16.346529368718212
-16.342183038754587
-16.370529064867174
-16.366297682883776
-16.340622044995325
-16.348674928678754
-16.340213609259077
-16.340201454194506
-16.33495701469246
-16.330277236416837
-16.337599128373807
-16.354786002178276
-16.374460858585405
-16.365755704818113
-16.390393160153522
-16.37875118876762
-16.374465464473698
-16.35381743173914
-16.3499744187216
-16.37520172513189
-16.3664508888885
-16.377556061144354
-16.36597114356953
-16.357523531492667
-16.34603093746986
-16.34323999253386
-16.33132728013628
-16.333001034522376
-16.335300366220714
-16.30783595287071
-16.32372664004393
-16.333778813958848
-16.3393837549063
-16.36671112328495
-16.378258282079212
-16.379713624468554
-16.380369029509954
-16.38666032448917
-16.387433881364817
-16.37237445767682
-16.367674633219472
-16.369579092171648
-16.371481039296963
-16.36668709844705
-16.350224798545995
-16.323985207269654
-16.335853846900527
-16.320559291398517
-16.34710111146176
-16.344884853067565
-16.327818859831044
-16.33616594835384
-16.332731675886684
-16.329825670932664
-16.323133459782728
-16.32608530900137
-16.323815895789604
-16.330437058060554
-16.314808018242044
-16.315888660679825
-16.312129207962624
-16.33970671886979
-16.32096957627142
-16.32252572964842
-16.340676443949302
-16.358053262894995
-16.35965638120034
-16.366779942209515
-16.354866635585562
-16.370782333319017
-16.360958130356817
-16.376784238182218
-16.401972518129536
-16.40401624474462
-16.369267167672295
-16.372098508970737
-16.388798925550784
-16.41035011456225
-16.381353826651242
-16.387987346148616
-16.38144351326777
-16.398119115313907
-16.401094891360074
-16.388743749527663
-16.389350634441218
-16.3865490786582
-16.40092683395134
-16.408433709155158
-16.37442659346144
-16.372026461849348
-16.380282781357916
-16.408091980402265
-16.42362381953292
-16.413240923596682
-16.43726681609834
-16.445215079169287
-16.443770766530452
-16.463964317682752
-16.475052433979798
-16.45860698156785
-16.456113568001495
-16.43742063167825
-16.465638579270312
-16.45261095094766
-16.459734142753454
-16.429608326410595
-16.416972281858634
-16.41271627804512
-16.414985899757532
-16.432974930531095
-16.43112998631085
-16.442294565391137
-16.469896024158686
-16.469924787475883
-16.458796997200324
-16.44481254364556
-16.444242103934553
-16.443603782324537
-16.442564681613007
-16.45607113851911
-16.4412871429298
-16.44979028676395
-16.422748910912464
-16.413801252634293
-16.420923649727772
-16.402186697142934
-16.379334127443027
-16.395454181487352
-16.404848200697668
-16.40557378657251
-16.409156436327326
-16.411390506677215
-16.400514605620895
-16.364268781318415
-16.371485876472416
-16.356430565114998
-16.347472212425437
-16.352845054550954
-16.363365787081534
-16.351481949311424
-16.36313736685787
-16.379700004164775
-16.39241893295807
-16.395358792026038
-16.390722983381643
-16.361483013131668
-16.35752790784383
-16.355455165745493
-16.344452939400007
-16.370644739442216
-16.369282420640644
-16.358350886850022
-16.388324697933992
-16.369852709106695
-16.37730364307409
-16.37008291525155
-16.35635722026005
-16.34892287441459
-16.345922705676518
-16.339929474739613
-16.33637359704021
-16.319616896450146
-16.343208348278207
-16.328241618980613
-16.33555229663296
-16.33879834065966
-16.365207215136476
-16.344047134269932
-16.335783761551202
-16.31667070898553
-16.309410207235914
-16.303925004692786
-16.311008031117147
-16.312577492266303
-16.312191923517123
-16.327574803671094
-16.318345733005
-16.32731208034859
-16.317914017984787
-16.3164980877613
-16.332283512122252
-16.34413605014897
-16.354754410637437
-16.35246401816593
-16.373779476184215
-16.373207096564766
-16.392812509059553
-16.3908085118296
-16.358445981969254
-16.366385670979145
-16.34902751165199
-16.3305358240292
-16.33445103065582
-16.368580895619733
-16.36594667317075
-16.365327564279802
-16.372068804809984
-16.387546269638506
-16.401518639352815
-16.41226269029323
-16.421330973798558
-16.420802357848224
-16.406221779698917
-16.432140845525975
-16.433643118540026
-16.427492098691726
-16.452823749903317
-16.47982726411138
-16.473094402549595
-16.484704274505066
-16.478233164037153
-16.464366141010853
-16.47311183941568
-16.490499941049197
-16.481381755175693
-16.514359237772997
-16.52033549771702
-16.52192699286933
-16.51953915449968
-16.517331169916343
-16.505447769094392
-16.49798524622462
-16.47709476117784
-16.459277256380016
-16.44191138539608
-16.430342854762888
-16.389406386461882
-16.396842642674194
-16.414118275585825
-16.41611503216615
-16.42002378718632
-16.417053300191075
-16.427050778837486
-16.416910612261425
-16.427264215522573
-16.396437316646782
-16.401689509766317
-16.3857594947908
-16.378323394070023
-16.361162827388014
-16.374756185581212
-16.352623069443236
-16.35063988837257
-16.35285649257404
-16.343990684959603
-16.341773928349003
-16.364993831684952
-16.36579805286061
-16.376090529054224
-16.37405012725219
-16.392844467149967
-16.39792559764706
-16.388332061119264
-16.3776436598495
-16.380927692980485
-16.391198596801043
-16.40510098685716
-16.40194284233922
-16.385130967189614
-16.36898595496857
-16.40133890729306
-16.41083156464752
-16.407310693205297
-16.419126210807907
-16.399824648354503
-16.424044183635747
-16.412411391216956
-16.40197187689997
-16.39865323352601
-16.403868178192884
-16.392800992325327
-16.403793724963485
-16.40577773687751
-16.40854496211586
-16.40638015377494
-16.4154833385475
-16.43979778300656
-16.41470966717336
-16.404099760130006
-16.42254631694924
-16.42438148122452
-16.429636381148537
-16.427661230351156
-16.434424621920133
-16.437592532369433
-16.45279386682399
-16.438791396498566
-16.45972923042016
-16.457985264476477
-16.45607036818338
-16.45305930453532
-16.44835249092672
-16.453462766801596
-16.450921794341188
-16.46454950186725
-16.450051316701735
-16.45743327453326
-16.466261678624015
-16.48560239254761
-16.46688786316394
-16.452266295904266
-16.46129170437566
-16.455984599099505
-16.472127869211832
-16.47259972654766
-16.44648582098442
-16.459262372315145
-16.48647280846266
-16.481201253430395
-16.43654663328583
-16.425031252076078
-16.424632949625703
-16.442383161465226
-16.44766455253327
-16.46891622655656
-16.46066423512462
-16.450062679420007
-16.462831490872784
-16.463613258919583
-16.444721206108404
-16.461126951050357
-16.47090221316031
-16.473787672366157
-16.49534633988206
-16.49976427787235
-16.522962773250956
-16.514940102807287
-16.52808995991113
-16.52139886665664
-16.513186434682556
-16.523379627591375
-16.520001799413286
-16.526972252075236
-16.530332943342415
-16.51765633375622
-16.50973013979941
-16.52649999399884
-16.52924227397559
-16.52674147313656
-16.53677883749807
-16.538553411981262
-16.537844909641773
-16.518951426111585
-16.51728838832579
-16.5367444109218
-16.516982700952852
-16.526664840327026
-16.55621260086085
-16.550858538031925
-16.518007076511502
-16.53805255068456
-16.52229898888848
-16.529497398746898
-16.52617629874322
-16.509582365973717
-16.50327631152632
-16.517511350484376
-16.527694306122484
-16.52829465649827
-16.495877179811362
-16.498169088678704
-16.49969106575701
-16.517531684905766
-16.515948264993153
-16.50610579667099
-16.489909674833346
-16.47926524603932
-16.470008425485556
-16.46163872985469
-16.470717365529012
-16.4569703167343
-16.439085447810054
-16.43346909775053
-16.441193645960695
-16.460900607706613
-16.463745626881323
-16.46611173066169
-16.50122989533607
-16.503745634889803
-16.50003478565177
-16.49339880574423
-16.483457267360464
-16.48989767690337
-16.503260870473728
-16.4989031876707
-16.521068515099838
-16.497051331586636
-16.479619418519235
-16.488962781186544
-16.48496012883809
-16.504736135932102
-16.5044243162032
-16.502693924765673
-16.503604391835164
-16.504054937473157
-16.500590864697784
-16.493899375278417
-16.493687399085356
-16.459811284460454
-16.45498376575236
-16.466074014642114
-16.468099510700625
-16.47010269030306
-16.44999146227563
-16.458426979248163
-16.450740792296806
-16.452624830190544
-16.439156652261342
-16.443723203223886
-16.434758510888507
-16.43129773891172
-16.417035476987785
-16.401559025712576
-16.399123188671716
-16.389161891467353
-16.397476881315523
-16.41462164882968
-16.40949527053309
-16.42604037264282
-16.42897274767199
-16.432486469765617
-16.432100522031263
-16.45027543471338
-16.471358261747156
-16.483945595394726
-16.484628784827528
-16.496017564677725
-16.47452093019699
-16.43515290753925
-16.440521503008956
-16.440900853210703
-16.45227678870752
-16.44673537606861
-16.468427177491805
-16.470231258872722
-16.472143312775955
-16.45317782958032
-16.441327479058103
-16.436942939502984
-16.4349246259923
-16.448465125374714
-16.459936593664928
-16.43995603893143
-16.44240748226649
-16.446778982553756
-16.469515217823876
-16.507557687328106
-16.51261307057786
-16.508033256992167
-16.49440588548782
-16.498055860170012
-16.497304449921852
-16.4904041533028
-16.489672627144284
-16.500452500976742
-16.50627199976697
-16.51817419426713
-16.512609628241254
-16.520655374674565
-16.517044349165666
-16.486150730112698
-16.505605619162818
-16.47854973057511
-16.47727183638036
-16.500185471484055
-16.490170034235852
-16.485418984004227
-16.50178452095706
-16.486039519167623
-16.489313352035442
-16.493465434419782
-16.48152968257721
-16.456954177309782
-16.47352711076489
-16.480894586185645
-16.50086486691763
-16.475478284348185
-16.4653097824372
-16.45343753045119
-16.434315079334652
-16.462183805644948
-16.459993683143818
-16.43781158718002
-16.433594965263477
-16.449934716172006
-16.449731516490463
-16.4376049634486
-16.442018304583932
-16.44797284407966
-16.458154915687942
-16.478275105467382
-16.464112524176098
-16.45475266540111
-16.447557474986546
-16.41292494620846
-16.402737078224117
-16.411250087078443
-16.41845577470129
-16.409263471055457
-16.422978433054404
-16.411167552913078
-16.402463693300597
-16.413904720235223
-16.421634737703926
-16.431869456038832
-16.42207614820445
-16.399074774456835
-16.381103413542913
-16.384483950834326
-16.402321068865618
-16.398632031619577
-16.409130723898333
-16.390698000744823
-16.394844690738406
-16.397881519363686
-16.381770212603964
-16.371552466167483
-16.39453916179447
-16.382301961014676
-16.376697936207318
-16.377771728096928
-16.391332937659396
-16.384270437468068
-16.374343461575364
-16.35892055258488
-16.376284379626803
-16.351786105532558
-16.360208190991493
-16.37779140252985
-16.409835914497332
-16.421007213521914
-16.42075853047105
-16.426973387033758
-16.43232046453569
-16.41829711353562
-16.416188707711616
-16.408871501072944
-16.418477819770306
-16.424435391269693
-16.44848726654771
-16.433331218271267
-16.418302889834962
-16.400686272871322
-16.40842444378976
-16.421397920332222
-16.404143951400396
-16.389080619865517
-16.378975922376544
-16.374390531824325
-16.35907987788925
-16.360086590588597
-16.342564364634242
-16.351103371125948
-16.366287382974384
-16.35590024290368
-16.338803013163606
-16.38372860489888
-16.37054431365122
-16.383609057793763
-16.37638406045341
-16.344485768293364
-16.335665072297157
-16.33669117683231
-16.340017758972387
-16.359225381420863
-16.334537325187277
-16.339150712745052
-16.317709759988016
-16.304381122722493
-16.31073915494616
-16.30768019549139
-16.319065718326282
-16.32053344564802
-16.30132237018069
-16.286355579321597
-16.286151874528908
-16.280525245370377
-16.270041874046605
-16.26112385227155
-16.23716683698921
-16.254984877514357
-16.297911352076625
-16.291913556383808
-16.30302192316361
-16.303481151201883
-16.309812416379867
-16.319813312773316
-16.314017798538945
-16.335475518520028
-16.333736373935135
-16.32820242577758
-16.30909060084456
-16.300176025394663
-16.316124889568677
-16.313245946763786
-16.311700259555824
-16.31635799306332
-16.316175641830732
-16.305074350982704
-16.282270142360915
-16.284725328583647
-16.267744341207223
-16.268464226802642
-16.2845523051973
-16.284074973758457
-16.281743556395487
-16.278502037466804
-16.28715440823529
-16.280705091538184
-16.299229599084462
-16.29612397798417
-16.30728995523411
-16.310058042688688
-16.306666381866716
-16.288372180739533
-16.274117475821367
-16.269452698237664
-16.258730619759074
-16.255588583810702
-16.259093828728506
-16.260645617656614
-16.2649199033407
-16.267169883609444
-16.262715572992207
-16.285599832528597
-16.288298745609456
-16.27798372579456
-16.2565819145004
-16.281362989480087
-16.29599246760774
-16.29600944900821
-16.291135247330732
-16.309929710225653
-16.31742213790717
-16.3159928412687
-16.293977255069052
-16.309411737240612
-16.266095106344768
-16.27627341921443
-16.246253372398673
-16.247577656901
-16.224324818988958
-16.25051273509121
-16.24473271199495
-16.23849362528636
-16.24857501987792
-16.250635207534412
-16.228059802025495
-16.204915565989236
-16.220010487707675
-16.198745927690595
-16.21089540098575
-16.219821891692572
-16.20549684652132
-16.204408095918538
-16.20274500672541
-16.212959250744216
-16.225741290737048
-16.229329264321578
-16.234085531301755
-16.234909519210117
-16.247556089360966
-16.25532569345668
-16.231905513014024
-16.242613523967893
-16.22795789055634
-16.21540932057189
-16.258843832613632
-16.250229434623268
-16.244769082855527
-16.21978812670933
-16.229224057573788
-16.237033560803273
-16.234215109812318
-16.248919456492896
-16.249869254327656
-16.266051417433406
-16.29925520511087
-16.287721377149424
-16.283956166330285
-16.292244685795364
-16.302637327773624
-16.28597072555003
-16.281086268028936
-16.2900073639604
-16.27997515842833
-16.261650028934426
-16.2590451535932
-16.2504601341417
-16.246593313876936
-16.247923887966877
-16.259091035550014
-16.253472564090355
-16.271761185462232
-16.26459300509426
-16.270140779085914
-16.24749933218212
-16.226295145045786
-16.234303706076595
-16.21206286576516
-16.210050926212165
-16.221433005938877
-16.226934528607853
-16.203426759523882
-16.183752891125057
-16.171542230351463
-16.165764045583536
-16.17216749071756
-16.174847553656846
-16.189785749879924
-16.193094055001822
-16.173205025549322
-16.19454280798424
-16.213886397762728
-16.21621837707387
-16.2349502285113
-16.258987174905528
-16.279771142812212
-16.287097260588187
-16.287562572613208
-16.317709015347212
-16.322698060975004
-16.318962916435538
-16.33191141395313
-16.33413423238252
-16.301705725881444
-16.29392715785047
-16.319913530680086
-16.322177067203345
-16.328938367775816
-16.31292169985913
-16.29665775284518
-16.264310296692614
-16.265416454094044
-16.2588292893138
-16.271635089181473
-16.289916388965512
-16.313072685289665
-16.309156085013637
-16.306612717740368
-16.326738788368303
-16.342774655751406
-16.337856766396012
-16.331060033414143
-16.330640713272352
-16.358707969926073
-16.354043662003484
-16.358859356610534
-16.371006043223804
-16.360643817883663
-16.332306576769202
-16.32513775341755
-16.312670978117712
-16.304638129612865
-16.29391885579458
-16.285814039881792
-16.322782264520253
-16.33686334689937
-16.318782821604692
-16.322722447299302
-16.300879236388557
-16.302949113775735
-16.317386522218303
-16.31115450595127
-16.328029354202855
-16.333778814366777
-16.354028887317288
-16.358595831166934
-16.384608496973435
-16.371041430822086
-16.37106940980312
-16.382836883675722
-16.379427456871475
-16.380689295635413
-16.388907439870394
-16.37996514219481
-16.385126285199192
-16.387463471154852
-16.374806004592287
-16.353299115101297
-16.35638961100518
-16.373329337171672
-16.36549116328244
-16.35844526184214
-16.361427371515806
-16.37134147814369
-16.355671100028527
-16.36822170402894
-16.364337968971892
-16.36311403184842
-16.38442411168159
-16.365690616566646
-16.35597807840172
-16.335831364368296
-16.308536146484585
-16.29962294433797
-16.30779998577168
-16.29886760549848
-16.297502050655524
-16.269271364032335
-16.25372818574519
-16.25632127882109
-16.283830478833504
-16.28475620817432
-16.30851740881064
-16.32019898796365
-16.29976545441665
-16.305868398321437
-16.325885053783217
-16.32530729902114
-16.318057425811016
-16.311263469027377
-16.32264695171902
-16.30748896245649
-16.298624629976594
-16.30243522628008
-16.29147170065721
-16.304409261272145
-16.318821866455853
-16.33835546568423
-16.336166242403653
-16.319977172842314
-16.344001028328254
-16.320910911761327
-16.3435514331895
-16.36023953398233
-16.38076352599918
-16.38577985959626
-16.37728692838026
-16.366223722389453
-16.369289700916667
-16.359529664621405
-16.341300039263732
-16.328678873264924
-16.32527074740143
-16.32155640254764
-16.31450259129893
-16.317923553000146
-16.323818351921243
-16.324573512999272
-16.296013098033917
-16.268274026605948
-16.287152001779237
-16.276470447747574
-16.290418919615586
-16.300454531597865
-16.294508383920046
-16.299110369653565
-16.293588083542527
-16.311828444408143
-16.32261348970792
-16.29710443295746
-16.308334227845084
-16.29517261514013
-16.28186506657454
-16.277125189408046
-16.28613176107296
-16.296790719111158
-16.295036162791746
-16.27969278939208
-16.30467273393187
-16.25845976454358
-16.242322240145374
-16.25025378884487
-16.245573812625004
-16.264145125002294
-16.248095007753996
-16.25589403514426
-16.261270807927797
-16.250806221222742
-16.24383619575894
-16.24503963826456
-16.23057777412415
-16.190378622220653
-16.196670313464864
-16.19471957783081
-16.2016581541721
-16.226891732855766
-16.2251938976821
-16.240801107133052
-16.249031867616882
-16.26783975652469
-16.273853626650784
-16.257088696037073
-16.25533704654873
-16.242027270049967
-16.244952819509262
-16.252636313597222
-16.282575693125224
-16.266568450974017
-16.279155946125915
-16.294102049801694
-16.28847911092755
-16.28408929005306
-16.275310252518494
-16.261808967962846
-16.277443887420766
-16.28056610006726
-16.28217641694838
-16.31818884445647
-16.31525216217855
-16.30791335077432
-16.287237029641275
-16.285400463758688
-16.286282474953474
-16.332463353373846
-16.351335503073802
-16.34752363757036
-16.35898508795865
-16.366132265965945
-16.365924864027384
-16.36687252506332
-16.362875127570028
-16.370786286498202
-16.352716817087995
-16.35466698879484
-16.3637214085011
-16.367731312026805
-16.367590405115138
-16.384182053767613
-16.38407551949247
-16.387124906614904
-16.38904107155021
-16.370908560644107
-16.349994306622882
-16.35867820099112
-16.3949489722725
-16.371496812703654
-16.361083772612982
-16.339364858670184
-16.338280083301427
-16.35334819014918
-16.37571197205689
-16.350879492566026
-16.35525115517086
-16.32829071820114
-16.337441995661422
-16.350147534005885
-16.36290509342427
-16.34489396822219
-16.329925170104413
-16.322766361197694
-16.334447899444548
-16.32528069925317
-16.330524649399965
-16.32180687573263
-16.32854389809491
-16.320284052148395
-16.31985258877751
-16.3475160857288
-16.346135932986442
-16.326881264472984
-16.345830980179407
-16.362312719321643
-16.37923528912118
-16.374304125309454
-16.361813374228102
-16.360541545525756
-16.34211908017803
-16.34183448593337
-16.331785907981903
-16.319370793329927
-16.327916605743653
-16.31344109059833
-16.304679671712517
-16.294208312966077
-16.279766246093065
-16.285400776154262
-16.28386882364798
-16.28154775259904
-16.297395994620622
-16.295428065938836
-16.294138676354866
-16.305878090392522
-16.30447335664479
-16.292290569674527
-16.30452985705467
-16.275870542386198
-16.285539231365643
-16.294626607529867
-16.312862555281832
-16.328399035873055
-16.307059504074566
-16.300479803238737
-16.27606142521054
-16.2478779969229
-16.253716411250906
-16.21953013588008
-16.23966627076535
-16.24611139120379
-16.265190578003082
-16.276648012733734
-16.26767666277638
-16.277501932892264
-16.282926012173096
-16.316341792988805
-16.313101604024332
-16.323418760527172
-16.310094160011293
-16.312161153888987
-16.330920285863012
-16.311945074316316
-16.29085240961384
-16.289554209898846
-16.292328109272404
-16.28304029654872
-16.282184098203828
-16.274124498224573
-16.254234343303057
-16.288881481012393
-16.285827074632245
-16.318725938990795
-16.321997624210535
-16.337169887413815
-16.33198235068401
-16.337074458334392
-16.33982306641238
-16.330509851563225
-16.338871427952892
-16.326536308630384
-16.341123153609345
-16.333992608738303
-16.34774464430899
-16.339940045559725
-16.329101483103923
-16.331051381783155
-16.34302911200819
-16.336484226263646
-16.32167427746497
-16.31397590320901
-16.333158291083947
-16.330523441703374
-16.332205456083916
-16.327869871535064
-16.3251818452528
-16.33532427863954
-16.341883504970685
-16.352633319287683
-16.371743830732566
-16.357962092516335
-16.348690107234457
-16.35617890527135
-16.343630111415223
-16.327112690137508
-16.297209757218795
-16.29153443664762
-16.29043479873601
-16.289300607309134
-16.29676037471369
-16.3176894145022
-16.333530220426482
-16.32613441201282
-16.331699726002515
-16.346268037755816
-16.339958945656537
-16.356364906887542
-16.369481181485735
-16.347662634262594
-16.32323428067994
-16.333824657540095
-16.332173827112317
-16.30805374080829
-16.30528124673949
-16.293557700557095
-16.3096335271862
-16.329179990023285
-16.338703351127364
-16.325425332860164
-16.314977458106203
-16.32879016960983
-16.31154950366008
-16.328087718932473
-16.332762539005614
-16.32659253184669
-16.348116490326603
-16.374356777977233
-16.38671924496053
-16.376131323362465
-16.361071271325915
-16.365176036511894
-16.354131020045717
-16.350808275797654
-16.3496257512408
-16.365206648637024
-16.37282085993705
-16.37921021583639
-16.392605614030515
-16.393825670705684
-16.397727310184084
-16.398941291835637
