-16.43973119691868
-16.37941949107695
-16.390458244165966
-16.37938559498322
-16.37579549670823
-16.301493403805168
-16.3451653689253
-16.360004583997224
-16.33245406538463
-16.33354181387989
-16.405088753789517
-16.411673553295714
-16.406570351117004
-16.407620607480915
-16.38526292962136
-16.402957087830256
-16.34663165227179
-16.32067631106509
-16.35868377512244
-16.34166228131671
-16.38776884207232
-16.397948697560693
-16.40178820676728
-16.360575218179815
-16.37523868772344
-16.360577561108137
-16.392551226730742
-16.34124556884529
-16.366148828398664
-16.393606005840162
-16.33166744926674
-16.324367102680934
-16.370305571594336
-16.34343361898801
-16.328388020957505
-16.369373141866312
-16.358980474563477
-16.381136880797122
-16.40866594854744
-16.355689064774797
-16.340841677570705
-16.397867296257836
-16.37808274076793
-16.327364043820772
-16.35022108122912
-16.38265238513807
-16.343286819353573
-16.388367163963533
-16.3889387942463
-16.363211335398375
-16.362649437306878
-16.361859756563394
-16.375153141675234
-16.395096091502612
-16.374699771783213
-16.323560086338983
-16.375049525306906
-16.34218294083344
-16.343160137830008
-16.3494059732021
-16.412800370168227
-16.3874885758757
-16.366165708604427
-16.365624298907814
-16.366577731674514
-16.29501464791085
-16.37239823769407
-16.358874433767205
-16.36952120730978
-16.339744182488015
-16.30084232729045
-16.352218853708283
-16.317165909301956
-16.386201971674417
-16.370678571146343
-16.319358148033594
-16.35393263513552
-16.379795310529786
-16.370334994379142
-16.402235319221575
-16.40862704604968
-16.37254349876507
-16.42346926135333
-16.336215349212324
-16.375869714015362
-16.35489478591196
-16.349052014718882
-16.37955043899057
-16.38579828777636
-16.410371620174743
-16.38434580089912
-16.392939992150527
-16.313816731577784
-16.382094273763737
-16.31852970816271
-16.335136990668666
-16.348276850624323
-16.40512473732834
-16.404524078085995
-16.36845257863173
-16.342532063721038
