-16.292886270523887
-16.305768549640423
-16.306376163586034
-16.289054482118026
-16.29552977142115
-16.32308641311709
-16.310650431150506
-16.305832526145377
-16.302995425387586
-16.2869159111244
-16.28179834524966
-16.23982240542834
-16.25826564092716
-16.25311484593677
-16.24958454911898
-16.23677561106613
-16.246877798979146
-16.24781182062356
-16.231941189110426
-16.237355894666678
-16.243009187108125
-16.24042801717367
-16.287391997655543
-16.31327006842022
-16.304480948874282
-16.311959560630502
-16.312775356426393
-16.347129334614326
-16.35004785635953
-16.32961819538887
-16.319943235405155
-16.326155801195924
-16.31126215666501
-16.345246761823358
-16.353128303923935
-16.406434709093595
-16.402277636738106
-16.387902000865946
-16.388972550061432
-16.40658138405775
-16.38245955273143
-16.388852489208652
-16.376202858250295
-16.3534097211384
-16.361059766167934
-16.39880920303821
-16.43453949323045
-16.388927475337262
-16.381962122129128
-16.36099119678002
-16.37366336817088
-16.356403743823662
-16.380584275546436
-16.384022856889345
-16.391565906026713
-16.423473066776687
-16.42416140593822
-16.426045637062927
-16.452510741187666
-16.433209681376436
-16.42780109728336
-16.44601286986827
-16.42816191181433
-16.431723784547586
-16.43089190408499
-16.425814438321673
-16.447147123487706
-16.42840592856675
-16.41441857076658
-16.399829116033235
-16.397093686405384
-16.364374518726454
-16.35167058089454
-16.356367596511756
-16.34093666183407
-16.359736616995477
-16.39142456692471
-16.413646582194062
-16.395386353791014
-16.39183345256154
-16.401860770051904
-16.391670505482953
-16.38580054571581
-16.410674943256478
-16.40864908039667
-16.41533034911463
-16.403249479269938
-16.44841188961154
-16.44371680892409
-16.420945581203544
-16.363154614038052
-16.359602469277565
-16.3749638104953
-16.349848960052675
-16.359249092827163
-16.365093141899308
-16.35280600248117
-16.32713547167519
-16.283765509810063
-16.281067212233236
-16.266726139369418
-16.289011422783414
-16.28505142003652
-16.2798525234642
-16.27514780469253
-16.311628211165356
-16.325077636619373
-16.34291069486325
-16.333030487167306
-16.33483276186341
-16.287395112034126
-16.285487851536292
-16.266415422305975
-16.263366232354453
-16.238702497637732
-16.238527751872052
-16.230424650840185
-16.269988664561218
-16.281576732614262
-16.30238727100391
-16.268625265317336
-16.31362991637782
-16.302997900520428
-16.28477930038483
-16.307140349439074
-16.294286700858482
-16.25695218924235
-16.258095807212957
-16.257462102325327
-16.247176476396305
-16.285293624060824
-16.310948016641852
-16.319407703942364
-16.328579023546975
-16.324725721877915
-16.3377228687035
-16.29223510929214
-16.312909370676028
-16.3077346811625
-16.330106552686328
-16.333172477608912
-16.346354205223342
-16.32060915704282
-16.313507541547203
-16.35115912408603
-16.349372660661093
-16.37037005714681
-16.363313170995983
-16.37952554442149
-16.357036609432328
-16.335769138156465
-16.3199530632359
-16.299429907807184
-16.284225941555782
-16.326857334932644
-16.36730037495771
-16.379881128042
-16.36551719014101
-16.36668410357333
-16.3452402390243
-16.32425118621448
-16.329426229345486
-16.349292772680084
-16.300024114281264
-16.27771264271954
-16.29894377805547
-16.27447010350529
-16.24972295987408
-16.233109366664824
-16.228330860060023
-16.20386882277247
-16.20347482801907
-16.166987009307253
-16.198629745069333
-16.230357323565112
-16.273874272536876
-16.270679971817515
-16.275620210102595
-16.299111072250753
-16.314447132476236
-16.268888735570766
-16.265015434016693
-16.257499672305013
-16.274346464188174
-16.274289258086434
-16.27256782552019
-16.28368834447489
-16.2785316746458
-16.26981393381029
-16.290269386584228
-16.28190172440598
-16.293347601307307
-16.322156234329412
-16.29645001300215
-16.309055321165225
-16.281621500089965
-16.272716190984188
-16.24110888807129
-16.26115795041833
-16.292425509632398
-16.295248330297248
-16.319874662649877
-16.31997150793464
-16.331726303585064
-16.3413984383832
-16.339651953705232
-16.350510227405525
-16.355718854812203
-16.33609826672317
-16.345710155109423
-16.301655491428573
-16.27274213991033
-16.27047435628393
-16.265820505043916
-16.259963019930748
-16.256852809862334
-16.205724307876938
-16.25579072713143
-16.28424718993344
-16.321097559374657
-16.309332320750904
-16.289605266438116
-16.244058568458552
-16.248239367194092
-16.27041395737589
-16.265057938789635
-16.279542525687877
-16.239337070267695
-16.25685101689603
-16.25339867630939
-16.24958368841041
-16.21534339520651
-16.260918680616296
-16.280057003580644
-16.270224320943907
-16.266350248024406
-16.27054764036647
-16.236185405156803
-16.283063393747593
-16.288594496881235
-16.275615315362785
-16.277115578375394
-16.292029227272554
-16.32147949750424
-16.325375119161507
-16.336458400890983
-16.342836858981894
-16.30846873702224
-16.305984978051
-16.303860781458663
-16.298441463902005
-16.303166546747793
-16.28551116881036
-16.25853271732537
-16.234865499060376
-16.24832616317093
-16.30821898083507
-16.31586999050374
-16.337716522238726
-16.336468968027845
-16.340235686766842
-16.336820910663782
-16.336931524079905
-16.340328801731822
-16.340808481958753
-16.348004622270878
-16.30578145162523
-16.31397289996133
-16.329662137018765
-16.285276529307556
-16.300279543201594
-16.29313771979066
-16.26697624344811
-16.293865121426826
-16.295072141763935
-16.321269449650426
-16.28923936373814
-16.274033130646405
-16.277067770624264
-16.293535955491663
-16.30518858024293
-16.288597451495413
-16.264326623631252
-16.24721988912487
-16.247427309713245
-16.252079246978624
-16.253599542708816
-16.224811613199652
-16.21514821171964
-16.22819388738595
-16.246092749597427
-16.27424586671395
-16.276169710073734
-16.213555206202802
-16.214053044516078
-16.230726356131512
-16.23132673460397
-16.256355844871393
-16.29765343707404
-16.311877014241702
-16.28895650191283
-16.272675648241563
-16.286821748252976
-16.288943400041344
-16.26387296471198
-16.273595435772265
-16.239388395807374
-16.235855279318198
-16.23375398386394
-16.250340657503326
-16.258889758324063
-16.26841352484209
-16.26281375805487
-16.25162831907411
-16.247572394921445
-16.22993547820764
-16.222881555007852
-16.24318093445017
-16.206081402061262
-16.176681015450903
-16.203092170143012
-16.22490503210456
-16.247014935066836
-16.28712914904324
-16.300432688765646
-16.31658013790573
-16.310872610254624
-16.313455663618793
-16.326311073448508
-16.326521406827197
-16.295911068718073
-16.284711512982255
-16.283815899888495
-16.307626237558235
-16.331696486046898
-16.306519167185186
-16.289765598581845
-16.29070830500671
-16.281351703905163
-16.27321156938718
-16.279614382997533
-16.279485556641934
-16.30262288269978
-16.32490419658129
-16.341171954576616
-16.321298638157234
-16.330669966404233
-16.35495354921761
-16.340652935772123
-16.335802097948186
-16.312849381708162
-16.336018750163344
-16.335409931528705
-16.345171883812675
-16.31913822005636
-16.32354032070284
-16.34190400693219
-16.336250774656992
-16.346357467214666
-16.33990449860184
-16.33757189930811
-16.33890433175395
-16.349117682231938
-16.37376736574653
-16.376668268681453
-16.366123786534757
-16.358498815493377
-16.35016433198958
-16.360719524300595
-16.362519294001892
-16.384780333144292
-16.352960728901667
-16.34431817609387
-16.356719106565052
-16.338322695439427
-16.352356032876976
-16.365158529965065
-16.417170806977847
-16.400027001134134
-16.399364662481887
-16.386933510839064
-16.394762084650488
-16.39362327395178
-16.394857471169296
-16.361688475726364
-16.385812884413166
-16.3279922632486
-16.32939199568214
-16.298747652859635
-16.31961315231357
-16.322045064341573
-16.320403652236575
-16.30749611321386
-16.310635721127174
-16.32800718828595
-16.32633262653711
-16.286105651386382
-16.286930383205554
-16.312217915377484
-16.296653465582594
-16.306448363942746
-16.30063148566891
-16.274602329380087
-16.252921557866078
-16.261734856586738
-16.287577799299815
-16.27487956642842
-16.215651585252814
-16.17079871656953
-16.14206210019258
-16.137829479743644
-16.164954506873922
-16.25674899355128
-16.2427563979481
-16.241842680531054
-16.23456675877824
-16.217043250321968
-16.230918688337827
-16.234693659723852
-16.250971904809056
-16.244272137981575
-16.264749432406852
-16.27239305796243
-16.30100548303101
-16.33668687854403
-16.33695635744524
-16.312237466990478
-16.247929505449342
-16.22206073906578
-16.19886608133913
-16.20608845289617
-16.22858180881465
-16.19824835981105
-16.177762784070065
-16.16427887793933
-16.17205866334189
-16.18691983423817
-16.211427063464534
-16.166501947969905
-16.18351005725107
-16.21073748281664
-16.209971690709693
-16.212360665596957
-16.191466441787014
-16.222447999810832
-16.238255549716815
-16.239798190349017
-16.261839827060445
-16.25960146057606
-16.263576754606756
-16.28774797728676
-16.284327652933165
-16.30068600740097
-16.264356239998826
-16.25621754179494
-16.263915602390878
-16.2630876514553
-16.252617334399876
-16.267868194563775
-16.31303306293669
-16.254282234790974
-16.25252394626209
-16.265051108220476
-16.22830187136564
-16.196606760492553
-16.20065901995085
-16.19399676356567
-16.187350825503426
-16.205224157788834
-16.190945408001237
-16.196860660706886
-16.237664448140755
-16.21563751447282
-16.23997429875168
-16.250122817377342
-16.254407455665255
-16.273247923536864
-16.255089497623437
-16.27264516043637
-16.282779650193973
-16.281940473447236
-16.218183539184558
-16.211293112340883
-16.206227166126517
-16.227215997693797
-16.222541690192365
-16.19637973350823
-16.242408229432698
-16.268211370900957
-16.280495611398106
-16.231987162113057
-16.262118119319947
-16.279820216387783
-16.285347478340075
-16.275903700644875
-16.25166115495123
-16.249114442922057
-16.242525957706295
-16.222817691404305
-16.17155867831971
-16.17083524382804
-16.170753296182273
-16.174538943342828
-16.181102253935396
-16.183732855179688
-16.221412907889555
-16.24880280255529
-16.243495814206366
-16.27484566441312
-16.300521861879325
-16.264789769505757
-16.270100792733057
-16.279577582585834
-16.269124279553882
-16.25431602265176
-16.268853797190626
-16.286724414968656
-16.26431524691946
-16.305207832443717
-16.307385335602305
-16.287653891227375
-16.318447408300358
-16.322720899463274
-16.292306139570986
-16.29838734357418
-16.255988725374742
-16.29136772936636
-16.271264954976132
-16.257465539395717
-16.250263084897853
-16.292047542386914
-16.268447291096287
-16.285429785118655
-16.253145047981167
-16.271238707730678
-16.244956534867676
-16.27749207402708
-16.290038641551952
-16.29339103680459
-16.28952187352965
-16.29785360251388
-16.315841119303812
-16.309615045436434
-16.313883052518946
-16.331184831659268
-16.29233515216902
-16.30574160837697
-16.286925098517337
-16.278057886133773
-16.25167265708762
-16.25642585764018
-16.26017786161992
-16.239068353472625
-16.246138498688257
-16.238049735518548
-16.241465158897828
-16.269715427550388
-16.295476409720308
-16.288227918619548
-16.276320360196923
-16.302869051462046
-16.28941666068365
-16.2673787968312
-16.277649488929764
-16.24304204682047
-16.243340316416173
-16.239083055208074
-16.263969961796047
-16.249509497684237
-16.252817034332065
-16.27874393129346
-16.244344747637896
-16.23878245516843
-16.236208554277663
-16.269667629207323
-16.239690513453937
-16.261368307339488
-16.278772808782037
-16.263478185314035
-16.30496070321195
-16.283635914813907
-16.27718485693421
-16.31085837271171
-16.300812438971207
-16.313475202083726
-16.32552576864648
-16.325991363554564
-16.278571839665233
-16.253572314447997
-16.268718416508037
-16.25853118468165
-16.284681200606496
-16.277719887469505
-16.258459434169545
-16.25556905635696
-16.262254955115733
-16.26190954014862
-16.267825558285015
-16.26865760016723
-16.234904957869254
-16.251761874618037
-16.293188351109528
-16.289318836131137
-16.275101372184693
-16.29856840384903
-16.27320669165485
-16.279188375140496
-16.286655331365644
-16.280218734318492
-16.27608318627653
-16.26198095533691
-16.29456753229064
-16.311065915476803
-16.295932398883785
-16.297010613130723
-16.33360976890227
-16.316304296001086
-16.293467461175112
-16.306389041120966
-16.31148368995397
-16.319643716096394
-16.33628467819899
-16.35322670626857
-16.321716647800304
-16.311914932277652
-16.334571139104487
-16.347251312858877
-16.35659523017206
-16.32342066909736
-16.3284999969813
-16.294658321966732
-16.30489008816683
-16.316139060790277
-16.300470565587336
-16.307602713123938
-16.290623428485702
-16.281588130373017
-16.297118364524806
-16.314170497849673
-16.282430886348678
-16.25419696569885
-16.261459121379577
-16.273511639807353
-16.287926667073567
-16.276685743223652
-16.272659567296824
-16.284477674204048
-16.25134292611767
-16.252332568024386
-16.25359655977082
-16.262535174766896
-16.2390797485544
-16.230043866728266
-16.24741919333091
-16.279511756547663
-16.25188536737627
-16.27625900737452
-16.290244209421658
-16.294884182474636
-16.29737921009717
-16.30331654831062
-16.306788850271822
-16.279457746134963
-16.30356270978029
-16.30332291781118
-16.29158210157708
-16.32703910813906
-16.305581292331382
-16.33054624261556
-16.328434196395424
-16.293885744596544
-16.299964340552204
-16.330297385389418
-16.314828040285555
-16.32205962802615
-16.320544959122966
-16.299807690077966
-16.29441840809817
-16.30012373969128
-16.30427535802284
-16.284802392375212
-16.27376662283981
-16.286199054715695
-16.28675561633829
-16.258178052126432
-16.275231988239007
-16.26460340449227
-16.25157243584108
-16.27508928166007
-16.28452893629763
-16.271783109280054
-16.312095822206754
-16.325098791874314
-16.303732675053155
-16.268345611145758
-16.2753029441647
-16.28997328174514
-16.326037981898033
-16.32407898251823
-16.301921878808923
-16.32420998070079
-16.298402154477326
-16.27971172104537
-16.262744755750294
-16.25942324549423
-16.229480260046994
-16.204332255802417
-16.242567800157264
-16.246629808795113
-16.266468305078806
-16.272231795269906
-16.273825359562505
-16.29761903676925
-16.234143265262638
-16.24496586368521
-16.223285463087436
-16.209425625792836
-16.248032998303877
-16.260608185839065
-16.23867991683274
-16.222572613438416
-16.220678591758354
-16.21057438595835
-16.22059906851946
-16.229722160400698
-16.235330549549857
-16.268139676222674
-16.237376668760557
-16.217304064097654
-16.245245802678163
-16.26850100758589
-16.272828358696458
-16.30001036899117
-16.316509523505733
-16.304532940729782
-16.296217194540606
-16.301935674959147
-16.26594841035112
-16.27872967876515
-16.328925534680792
-16.351865430561656
-16.34179840108619
-16.319054616199207
-16.28576825938891
-16.268510324525938
-16.275838502377283
-16.26933932579482
-16.303835141840484
-16.33587723722867
-16.28556152378107
-16.306174391634503
-16.315584775708995
-16.328274908921458
-16.33327493045626
-16.320004811509644
-16.354288539097237
-16.366843613133845
-16.344644612621828
-16.3080754593677
-16.265729717424975
-16.262080335702137
-16.26254709199336
-16.288813569259652
-16.313226762344044
-16.28650079056862
-16.297312494540275
-16.299031143958928
-16.294177769538887
-16.31055173849017
-16.312832118709995
-16.304948576566673
-16.291945479073352
-16.289258120459166
-16.23542340549021
-16.260401588374528
-16.247718864343657
-16.296086415520044
-16.284146062074612
-16.304761441316565
-16.29124376841599
-16.30567752320301
-16.28542774725008
-16.256221321731296
-16.270481567401404
-16.281244048899982
-16.296341774160684
-16.25892589340751
-16.268223474320695
-16.28931114279131
-16.293186150318554
-16.319163883075746
-16.319297555070875
-16.299001532243807
-16.265559417192478
-16.284565032243616
-16.294619241185387
-16.28360533932637
-16.280601578810327
-16.263182842970565
-16.231181467012714
-16.221109852126474
-16.2312567597726
-16.203516355432445
-16.22933155607615
-16.27171489564235
-16.278880946522417
-16.281587753528044
-16.327541421404774
-16.32250706258798
-16.319791205305165
-16.300342747172383
-16.276252647898108
-16.255877542258837
-16.30007887077616
-16.32799128385277
-16.352953016072085
-16.34503619278887
-16.343184633229058
-16.32879975900276
-16.323502601713106
-16.306123537898333
-16.279589736303333
-16.25624807072529
-16.259902198777972
-16.239251133282007
-16.25166434258934
-16.263048744290924
-16.27802273992084
-16.284663929610605
-16.310387131273476
-16.301904269904906
-16.307588213635185
-16.278992166395504
-16.242283226615537
-16.211265072342268
-16.228463543073005
-16.277267748495486
-16.30039381767478
-16.292751111960506
-16.273342760488582
-16.30030711728119
-16.305037259988616
-16.28978283557485
-16.304726504105975
-16.290382756710706
-16.26972541836121
-16.24481961293062
-16.29918260826151
-16.278034353472997
-16.25536807971987
-16.26961955214466
-16.290970280538527
-16.295015193797543
-16.318069791179532
-16.35617697520045
-16.369775662679352
-16.360860210330678
-16.35911288857984
-16.34841941358301
-16.348899669674722
-16.327413396941516
-16.359950912454366
-16.33176307391007
-16.309285151076654
-16.289722975382865
-16.283889908819265
-16.276911035374763
-16.285796159310745
-16.289812361890597
-16.317702036922796
-16.290524018604646
-16.271279170523265
-16.270809790592832
-16.273208670932902
-16.246482084539185
-16.238925812548814
-16.295052331885945
-16.297014869686144
-16.282958041315304
-16.279340972792035
-16.292504712623256
-16.27324455983864
-16.268106438928665
-16.275457621148178
-16.25768371403371
-16.285939246474705
-16.268402046023507
-16.27008646701035
-16.30279817780985
-16.290942366858484
-16.26780699730386
-16.26694911762328
-16.274212443815575
-16.315460924062574
-16.3238810790764
-16.324986615666386
-16.271330171647136
-16.25220687627792
-16.262268760310143
-16.23670378428128
-16.219651036523008
-16.23902774176097
-16.238665339299054
-16.22842279449114
-16.23326269664213
-16.234557944574775
-16.22357037833946
-16.20739183293934
-16.198005374328584
-16.187647158705783
-16.222661238246886
-16.228979058581878
-16.266148665872333
-16.273415437946316
-16.263863388566765
-16.229592207863206
-16.224721630232033
-16.233604695007227
-16.21423006627541
-16.232784433975795
-16.237843410766565
-16.229048732007907
-16.214225461966027
-16.231891784926702
-16.261968985763122
-16.276068381032452
-16.291066875490966
-16.279154681855857
-16.24759791766055
-16.241567381024325
-16.225971592203344
-16.216367277492388
-16.199959767219326
-16.181692674641496
-16.18117519345704
-16.196374571243588
-16.197871231621413
-16.228515525589135
-16.20851234606101
-16.226871132701657
-16.245196234487178
-16.23681179748601
-16.236825878564606
-16.19775505390584
-16.176023673400625
-16.176562117606547
-16.20076288865048
-16.17725099286306
-16.168511926478093
-16.17937118275277
-16.208478417291637
-16.249820916866735
-16.23902109973063
-16.24155641749082
-16.22790443396181
-16.251788592137025
-16.259352986561005
-16.223323337422773
-16.240766154814075
-16.215643304109363
-16.234136967888826
-16.23652834638428
-16.230938745402852
-16.192668694726112
-16.21737805809203
-16.227613851026227
-16.208409565897888
-16.203630384369898
-16.199483568433063
-16.209638295431976
-16.200252943567282
-16.20090919087046
-16.223995560759132
-16.23810733501312
-16.24014324251991
-16.258625331883916
-16.29998030590039
-16.283909114364793
-16.275302988720373
-16.29096991892786
-16.265096081900037
-16.262494119692665
-16.231194775746726
-16.21544275959562
-16.221197818766623
-16.212404110424362
-16.170049922078817
-16.15608858082169
-16.17150952872615
-16.170992330116505
-16.177990054809637
-16.19337073739589
-16.214135467412518
-16.21218168927406
-16.223418475458253
-16.226895828921027
-16.230835867715676
-16.241951400263943
-16.267682884430638
-16.299709045033136
-16.306130471096584
