44.0
43.561465568138374
43.08248254055738
42.58669893893853
42.02579056034555
41.463141994063754
40.83717641128964
40.17857321393787
39.44280652282355
38.69655407904207
37.86131534282352
36.9980995134786
36.08857358707042
35.16221319561992
34.12910713701108
33.13305335212128
32.029552595421045
30.840924319726916
29.694993243123236
28.539045110034028
27.372266448805334
26.091869348640856
24.857774736499447
23.55367277971657
22.267544010965004
20.979289229471526
19.707064109834036
18.37630948646225
17.104075295108068
15.821410251529063
14.56491275378946
13.345309427561538
12.162685606582338
11.029202989506484
9.893942807158448
8.79185059488113
7.674672023770072
6.726956232987525
5.747981929531624
4.750586296624355
3.733123886567922
2.9066919174620676
2.029628544000451
1.1667983264438317
0.38278891285916883
-0.41395093252842535
-1.1775758771208429
-1.8322278814153143
-2.5597544229192266
-3.1697015196661535
-3.767513006363345
-4.37473997497567
-4.934075897828339
-5.459272881421593
-5.974134348563549
-6.460005515487446
-6.8691080376403635
-7.262410048142067
-7.642032089642257
-8.033849683305636
-8.405468976557398
-8.70153685766352
-8.997232783286533
-9.269894733372379
-9.556420844531251
-9.790146829142843
-10.066180640283026
-10.310783557807659
-10.567302615871972
-10.768333796374746
-10.961244204260447
-11.121253953940549
-11.290089713119022
-11.487209112476325
-11.635398873222545
-11.817558545340287
-11.962047308786898
-12.13629065654119
-12.275568833505158
-12.396902520892054
-12.514063497221224
-12.618588972981339
-12.726612002596061
-12.83150880626269
-12.929897712083012
-13.056026758294397
-13.127161399398778
-13.242138377890004
-13.352250474923602
-13.435057844473135
-13.534063856903323
-13.603614512314286
-13.681545581417543
-13.748892358770822
-13.818990895221209
-13.878063669299916
-13.938412733671585
-14.015389464086605
-14.061522015559046
-14.103857216007048
-14.130599028725147
-14.201315150903165
-14.25218369752851
-14.28832874198318
-14.335649521228026
-14.345129353841036
-14.357375331313179
-14.383434102381095
-14.441119338537508
-14.475194735898457
-14.52591745110546
-14.573436844841941
-14.584691029565098
-14.615533727249954
-14.640456276479554
-14.667107502148864
-14.7010503993286
-14.723146018177511
-14.755701223639093
-14.799295231604209
-14.803690429724545
-14.845373956716955
-14.878117449307128
-14.897069303639173
-14.926567719142911
-14.957212769990926
-14.98271410759896
-14.993017060889434
-14.993631891609747
-15.009971090403214
-15.048781400583538
-15.082528475962404
-15.10810416035874
-15.125844698361686
-15.117151996252538
-15.11145332948729
-15.139503237127483
-15.138035917274998
-15.148882836129157
-15.16660739612719
-15.19286329829817
-15.198977104849131
-15.194488321684133
-15.193884291317664
-15.222396358022692
-15.244117133068084
-15.258683457385244
-15.289677368661236
-15.313407669037524
-15.34730599230605
-15.364863664122293
-15.399302560312442
-15.412439799521648
-15.435778122085608
-15.445557391057697
-15.470652089202165
-15.464975906852322
-15.47993495655204
-15.504610271220546
-15.51371436476703
-15.510397142875759
-15.513818712732467
-15.537746748621293
-15.563971360272387
-15.583085870344302
-15.588461222772018
-15.591002950285185
-15.59580097931519
-15.613843088917967
-15.634016303257292
-15.638910779006917
-15.63131992433788
-15.648849658951246
-15.682711031705649
-15.702613967883375
-15.709926720213796
-15.692780498067176
-15.699365148348473
-15.68323623352543
-15.687390924856784
-15.67919245831311
-15.668281051428881
-15.66971623939256
-15.676182370465922
-15.68509966990211
-15.666597285904366
-15.68391469933054
-15.69214687879567
-15.713522577337011
-15.71873341862085
-15.717433312405017
-15.746201449693793
-15.763511912154215
-15.748203311951295
-15.760951238774217
-15.751470338795535
-15.744074694975124
-15.742297457041204
-15.755554011647476
-15.764716182949453
-15.778080872541643
-15.78450612964737
-15.780641103422
-15.786792581990893
-15.787056459353618
-15.812736464580656
-15.783595474614142
-15.803770287662319
-15.797806137207568
-15.800272154927415
-15.786922491329282
-15.791521694193507
-15.80422636365283
-15.817205267989355
-15.822715316109782
-15.829929551141369
-15.835428024847843
-15.840687340515828
-15.854329364208363
-15.864408489997786
-15.864382060765493
-15.86260917396098
-15.872804700196985
-15.879268297907226
-15.866505774135346
-15.84855729890562
-15.841312991156148
-15.854820668004606
-15.86917881025389
-15.851895940779011
-15.83605749032013
-15.833019200188174
-15.831419286400541
-15.84512343927053
-15.847054369111397
-15.877704642960186
-15.895467727789498
-15.909009199224514
-15.90513168486535
-15.931704951336098
-15.921697432452165
-15.940899396146074
-15.916179890215263
-15.931142170997122
-15.925536934681533
-15.906980696965272
-15.910294913867377
-15.907024872997143
-15.908560029716513
-15.92810590293223
-15.940007816554584
-15.925366984144416
-15.921905007467634
-15.929018757074811
-15.916782610802464
-15.910496794382112
-15.911389686035449
-15.906683325351597
-15.899404953282874
-15.923101476876546
-15.926707232585388
-15.929797370771974
-15.93184749070397
-15.910065209980779
-15.906412544315192
-15.91843118899304
-15.922943700104431
-15.93864865671909
-15.945641900586894
-15.951282215214936
-15.962503210728023
-15.954836622260423
-15.951334926481364
-15.94863206288205
-15.946882311015854
-15.940261166996203
-15.953428009672784
-15.966873359439456
-15.966430199171274
-15.976817822765266
-15.972294788661122
-15.980063954543795
-15.972198076919087
-15.959136974083526
-15.957222489856264
-15.961325261251671
-15.970237366126188
-15.983782050391971
-15.987471719623485
-16.011395529992413
-16.0094400975173
-16.00229287553759
-15.973424280878053
-15.978828146333994
-15.979278450104815
-15.976421644387802
-15.996870256473995
-15.9951559141799
-16.018967910783946
-16.022493995993447
-16.021715151748243
-16.03164778740488
-16.037765197287488
-16.015706190343288
-16.004036560310862
-15.979590280060082
-15.981526747611762
-16.00634467461523
-16.005084705217445
-15.96895969656715
-15.979617782005395
-15.986060425553417
-15.98387546801159
-16.004795424490045
-16.047529278248923
-16.05498347338694
-16.05417410018072
-16.055157459238256
-16.059580885349487
-16.06635271415174
-16.091496315272913
-16.081266796460554
-16.074975528064634
-16.081973592249383
-16.102906997731782
-16.106746976929298
-16.09194557332571
-16.118460883869304
-16.097764390006624
-16.090953838565376
-16.085874368556144
-16.08154385831634
-16.073458380056188
-16.05322285408658
-16.030023793294205
-16.02065204681532
-16.02180618945447
-16.01678955002114
-16.027266745394392
-16.014753457627645
-16.012292732981017
-16.003211971031952
-15.99845727005109
-16.000765195381362
-15.993976302101236
-15.986640708066714
-15.965208408105417
-15.970166433688913
-15.996941844029726
-16.004914001579067
-16.02561642529869
-16.021993400218836
-16.035625641202966
-16.0296564227534
-16.012210198911674
-16.009250688480837
-16.000183529259402
-15.98407030521754
-15.97443914200265
-15.995928216392336
-15.967840251579496
-15.953421248041673
-15.954256726781377
-15.96491328924089
-15.933732446131721
-15.923879369661883
-15.932516289172497
-15.934787885558302
-15.93406605510587
-15.956287459781494
-15.958474197830332
-15.961501656641746
-15.955443895720416
-15.962072736462728
-15.972222125447818
-15.977440369134285
-15.963473793557338
-15.964555539292467
-15.989008098560609
-15.988145635984901
-15.955552499407977
-15.977680517040422
-15.997084727674029
-15.991600356240934
-15.985293126369642
-16.00361033644825
-16.00830589604847
-16.004457664008836
-16.013439687205132
-16.015646979825423
-16.015289236159028
-16.014783311899617
-16.029377740212997
-16.00863769957342
-16.014535963358963
-16.023215420869786
-16.005026356385073
-16.018344302284365
-16.004766580685843
-16.00167466140194
-16.017927351685046
-16.00442517470717
-16.01258559846359
-15.995193358004792
-15.99816130843228
-16.018838864813947
-16.016552724024155
-16.02503310080346
-16.02234154263068
-15.997940084472928
-15.975985130492862
-15.969836387378264
-15.98950162967921
-15.99715794325326
-16.00300723325711
-16.02336897645863
-16.030402039923416
-16.02558641506987
-16.024241869990885
-16.049403067059213
-16.068872666921287
-16.045301038449566
-16.060556149327585
-16.055744838691755
-16.059430892478645
-16.074105353164175
-16.081314924896922
-16.077528671902332
-16.081454670968647
-16.080553130678368
-16.08683493972146
-16.089600565300483
-16.064434596464157
-16.067584876822913
-16.082922867583417
-16.060399729366925
-16.072774686187408
-16.08169924260433
-16.09037701709134
-16.102886143805172
-16.108333976264106
-16.12301777244591
-16.123530627850506
-16.11561653650408
-16.095534507649084
-16.104383768998233
-16.084132562610417
-16.074119510943216
-16.0441143039176
-16.030734507134206
-16.03977046736891
-16.036750036543204
-16.043547954419466
-16.046885474235317
-16.050932174087823
-16.031956551771607
-16.061163358297758
-16.073655389072353
-16.068760542320895
-16.053945428906466
-16.026079412322126
-16.04966951782868
-16.039002475694943
-16.033902394714485
-16.023474827258323
-16.025579686007262
-16.025030871292323
-16.038904829837087
-16.026200469921093
-16.0446804898653
-16.048531686391907
-16.065347259594063
-16.063370716307777
-16.053283133380766
-16.067560080615824
-16.073885546375458
-16.059459085994206
-16.052963571704872
-16.052829274991325
-16.032211615218593
-16.01592923599507
-16.029449780269793
-16.039363013351227
-16.04262277007108
-16.04182354606931
-16.046106024271715
-16.045995149847382
-16.057639111289607
-16.043547589810977
-16.087452114192686
-16.07294112890398
-16.068581590947808
-16.085276664672815
-16.05946771092269
-16.062870951097594
-16.050610442831626
-16.07066286005753
-16.085023762695183
-16.073275392561424
-16.086848001928598
-16.09375740408378
-16.086271423304442
-16.10175030966685
-16.101399704812504
-16.10539856144275
-16.10803932140077
-16.116873961944407
-16.11150766768599
-16.094964780018124
-16.08524862007303
-16.092494183624773
-16.087014081463217
-16.110334498873318
-16.107427899403906
-16.136405097824028
-16.118074927636183
-16.102927967113285
-16.105158773021618
-16.11605508805016
-16.13735625187995
-16.14495303848593
-16.12544558664564
-16.157045391824386
-16.154582853577335
-16.133879801472386
-16.140770633450106
-16.15588296191585
-16.14787736953355
-16.136103872993633
-16.15005826916772
-16.162642322422965
-16.14489147129863
-16.152265556533152
-16.141915556998793
-16.11797146080535
-16.09147259655967
-16.07429194611208
-16.07890809393453
-16.072469935749545
-16.097435727660624
-16.085957745756694
-16.04874338908168
-16.0237088248485
-16.035130954135056
-16.036744102406516
-16.040136987724505
-16.030564838130708
-16.033767928766046
-16.05093320517048
-16.03921388932883
-16.05350272776668
-16.051222836783214
-16.02741780795968
-16.003089944595718
-16.009493214059745
-16.020129671063728
-16.019650639955202
-16.004979461639376
-16.039175074597747
-16.033445773218315
-16.02132715192268
-16.03092834804196
-16.0544646669519
-16.047451430384278
-16.063236112355025
-16.05158358357965
-16.04053677933434
-16.070988548591668
-16.080022876240708
-16.071219587485096
-16.08103202699379
-16.075873194701376
-16.063390208976262
-16.07923912553172
-16.076075749372407
-16.07956391484037
-16.067361343430196
-16.069684989423166
-16.076156676777
-16.089773769250908
-16.0728110599193
-16.090375309905408
-16.084228489894286
-16.08337172316987
-16.074508089853605
-16.076050534762967
-16.09426173506799
-16.113907893054446
-16.12850653114043
-16.124912663589043
-16.107483644857798
-16.110090909834444
-16.13045853968989
-16.10898832284327
-16.101201453908715
-16.109880629665234
-16.103634697081088
-16.091251065125583
-16.067720931991484
-16.074694776744202
-16.08205207848381
-16.05874264101142
-16.045126368576003
-16.030247442539636
-16.029574428095387
-16.05095273784996
-16.054314931518928
-16.060487461813537
-16.04816644062452
-16.061452655146436
-16.06855105363531
-16.06146991520205
-16.088916068703814
-16.100775473570934
-16.110513824463226
-16.10932015803105
-16.129413243743354
-16.125270343557617
-16.128948041387403
-16.123696372986085
-16.128516735617
-16.12676755086237
-16.139749901007832
-16.122579591410528
-16.133221017780652
-16.104422171211283
-16.115732297725618
-16.109739264132823
-16.117024631821838
-16.109107883052143
-16.120229168458035
-16.10282485502301
-16.119673254455574
-16.11402653196795
-16.11422082852416
-16.126774204575252
-16.090878109138202
-16.09532451139064
-16.06424950661175
-16.0662995639747
-16.06845626848652
-16.064461809836285
-16.073940751768298
-16.079955570776804
-16.07208253207894
-16.06831819846844
-16.036777607138642
-16.01616104016955
-16.01924938722105
-16.050726719222858
-16.0714194074138
-16.051831290708453
-16.052731100044234
-16.049555913051755
-16.04664824902938
-16.058668882925907
-16.068064183413227
-16.063945129378713
-16.07051376472602
-16.065870637183117
-16.058739648302993
-16.076721346082547
-16.0675628173403
-16.050951617808007
-16.056201532343632
-16.041496720541563
-16.04255538770489
-16.041717271839218
-16.025442198279656
-16.0206544372832
-16.02082213730205
-16.035779515319415
-16.025024789622233
-16.03806769654834
-16.04405514316031
-16.05519409149604
-16.068112781795783
-16.07107813005542
-16.054113909993166
-16.046228100798256
-16.062399709339655
-16.047295951909437
-16.05479514388311
-16.05620182608956
-16.046095570405758
-16.04991796817434
-16.042174009122633
-16.0326350778114
-16.045515496304404
-16.050177443730036
-16.05787005221896
-16.072168234557335
-16.095763251970688
-16.100967076565677
-16.100197176323896
-16.10330011583824
-16.12077967097492
-16.14664657875132
-16.131817210141982
-16.164416127081672
-16.159515831816638
-16.183823651990437
-16.17257883698355
-16.17996706795626
-16.175807012910283
-16.17599249361787
-16.17174465377666
-16.19548896088696
-16.22679900590832
-16.241823720456775
-16.22886643210992
-16.225768357416904
-16.24148746704408
-16.249740239514953
-16.247950250461894
-16.25514421632093
-16.23389723496254
-16.240662348072796
-16.22215925417044
-16.208347246052934
-16.206699886720166
-16.212648848718025
-16.206714922609084
-16.22275535322154
-16.226134809012514
-16.24288100405596
-16.22475624865576
-16.229353932862473
-16.225516809781297
-16.21362259782702
-16.19797753062369
-16.1795291321933
-16.1885773199945
-16.196955032114822
-16.198605607731082
-16.208951562496125
-16.226737476867772
-16.229410054863653
-16.23563709733767
-16.255198583268044
-16.234116390972023
-16.24198333490794
-16.244872345424664
-16.25012533488808
-16.24806557386244
-16.25289827040843
-16.253049450336334
-16.242212471363946
-16.253568740785955
-16.282189230218467
-16.262795814546042
-16.242041751458164
-16.23344196249546
-16.23421856176446
-16.22868760620743
-16.213624771980243
-16.203871168643445
-16.216448231685582
-16.211060273943243
-16.19786898791503
-16.190211503161837
-16.2023466238395
-16.190040742335682
-16.177122721636422
-16.18962256446711
-16.170849236718706
-16.162660162042574
-16.169032955635576
-16.183081391952985
-16.17005406572389
-16.175076812701448
-16.165615265902083
-16.187792252790217
-16.205578254360827
-16.22123382348603
-16.224160303444645
-16.2268914182043
-16.21354027796141
-16.230288566615545
-16.22443650692081
-16.243816954051265
-16.247657060737044
-16.253806433881
-16.230206500713976
-16.206660733400795
-16.17398335907953
-16.1769480142349
-16.194854425886266
-16.1896433491056
-16.17806265310126
-16.1797101281767
-16.20252587752796
-16.214147334480828
-16.20227495883783
-16.18132700635503
-16.17428927103879
-16.16297703324593
-16.168092171902174
-16.18187766083271
-16.187818406777968
-16.1751074704687
-16.18592156737977
-16.199206798069678
-16.22791508313628
-16.23896267980302
-16.244823428711218
-16.238557951580553
-16.2393544334231
-16.22767342069005
-16.23895721445513
-16.25353703442882
-16.2425361820345
-16.237926214060465
-16.215557307639912
-16.212846105619153
-16.21287125481906
-16.214473669652982
-16.219784702083075
-16.219541177476433
-16.211108184111037
-16.22879504096154
-16.21407159836338
-16.183698799636637
-16.16906351707491
-16.200133722023594
-16.17418634287325
-16.190677232550303
-16.218514723164578
-16.218760019039483
-16.2046515633081
-16.20392859407314
-16.21541553123995
-16.240121503374752
-16.26352056553777
-16.256859497922154
-16.26348448903861
-16.267725756388614
-16.24542646728422
-16.232077280900427
-16.22753118072979
-16.25785660364203
-16.25738643707351
-16.261762869935147
-16.26658159588843
-16.252349135708776
-16.265087793806824
-16.267736016476714
-16.28169570515343
-16.302646198685725
-16.29847828801263
-16.26943782384814
-16.276758841324064
-16.276087441423293
-16.265321205070656
-16.2640342059721
-16.25623903248407
-16.257989718814166
-16.27115197339992
-16.25235924532046
-16.249162100424623
-16.245464049742043
-16.254244911124083
-16.283067026093153
-16.311736485414645
-16.284331554455193
-16.28947532796945
-16.322087809562397
-16.29752808104286
-16.276034269728413
-16.259035032176573
-16.271880047575706
-16.274826810713257
-16.27502599093999
-16.27634778223871
-16.243935595403133
-16.252805997968117
-16.244375033340642
-16.23805676393035
-16.24254440570129
-16.237025144599244
-16.2267380802199
-16.22082782477792
-16.224142724750486
-16.21558153771915
-16.220694595282133
-16.241669515493268
-16.2477315049807
-16.275666064775677
-16.267989605597
-16.246075319745025
-16.24884659615178
-16.245919184934767
-16.233148395741804
-16.23843920589178
-16.235905104870877
-16.2484108137219
-16.238693532888664
-16.235651080315776
-16.228043385925336
-16.217784285896467
-16.225959745023783
-16.2338384853833
-16.241233913841725
-16.229195801690548
-16.215920935024563
-16.247931979563052
-16.22327990141727
-16.232256561805446
-16.245221868245306
-16.254895630202316
-16.218115514134332
-16.228487175656817
-16.22697358543857
-16.267883860244226
-16.27102043940901
-16.252444804633313
-16.257610622320428
-16.25126736336927
-16.24569099145699
-16.24437598047811
-16.23910681751231
-16.27082269363148
-16.25696446115241
-16.262919243938285
-16.2658908186082
-16.26709013444739
-16.266035239555908
-16.29318626304337
-16.282856029822394
-16.288165264078494
-16.25261514127822
-16.23017329161965
-16.241441283702002
-16.248374412012545
-16.258176660770307
-16.273601097046797
-16.27727099743733
-16.271651829833825
-16.270940499114502
-16.298839610567025
-16.287562999628427
-16.325603689186323
-16.332889883035204
-16.35687463276803
-16.369704787315264
-16.35466625500261
-16.359866467162252
-16.379680844786293
-16.349045347127245
-16.36673537198425
-16.360432932712456
-16.349025566246073
-16.324780790387138
-16.321030647479105
-16.319219917556982
-16.309060866579266
-16.309028516008656
-16.31089623609457
-16.323515930760628
-16.34359006629537
-16.34813697867991
-16.357023820396805
-16.36870074069451
-16.377832841693415
-16.367898613141215
-16.366237413218045
-16.36028390107222
-16.35400926167318
-16.343874208636166
-16.3439473925673
-16.358335552774076
-16.349204612156736
-16.356074260730562
-16.35668041644556
-16.359059430461905
-16.325606900206076
-16.34201469158889
-16.367719875540416
-16.35163101760942
-16.357019315608838
-16.366047268938065
-16.373222694549042
-16.384763885162354
-16.40179884083144
-16.399560726237326
-16.4036003494426
-16.417045815976653
-16.383058954731105
-16.40787644903197
-16.397505862108193
-16.38032536854756
-16.39528726572278
-16.37292546776511
-16.35819830015956
-16.375664956172027
-16.390582558729704
-16.3489750178812
-16.342295102637305
-16.350197511977115
-16.314813547123123
-16.33500772034195
-16.320493131333002
-16.31992136712059
-16.307178677096715
-16.30948682351338
-16.31761259610585
-16.32198111484117
-16.338681473278207
-16.371328134668605
-16.34167145107156
-16.34451589941161
-16.36432784376127
-16.34456025458353
-16.335602966571887
-16.338149870756524
-16.33480942172485
-16.350518165343132
-16.370792950135908
-16.382952850443992
-16.37396420225155
-16.381391380257586
-16.360689104078283
-16.369983367881883
-16.388241266594584
-16.382914926492685
-16.362679265477222
-16.365502684892707
-16.373426979297985
-16.375669268987608
-16.3826886018396
-16.37795600987883
-16.395283020008314
-16.39063393235824
-16.399497609476818
-16.405068684615788
-16.403678131239342
-16.398117011174946
-16.389147846808
-16.38758930257263
-16.394310611941297
-16.397881544884047
-16.37430217620971
-16.363194256353026
-16.38790147787692
-16.381614136861685
-16.3774954377386
-16.366947525611714
-16.395681422618672
-16.378336536201033
-16.363273479622453
-16.338305907441942
-16.34276424608258
-16.355405338739516
-16.383123486762678
-16.376041147860878
-16.394651955050172
-16.368134521967704
-16.367977481841827
-16.39295352264859
-16.41409328291029
-16.401786026173102
-16.379243021020514
-16.37707418128958
-16.363988618253654
-16.361465466183223
-16.36713165384151
-16.35528851655306
-16.338933722365052
-16.35734695533458
-16.3976683289133
-16.416950699956743
-16.420850821875725
-16.41552529232565
-16.400831095570503
-16.40851817577135
-16.396853683600476
-16.40087468612627
-16.411360248232512
-16.381558597521153
-16.37220183058416
-16.37795934722188
-16.36092288739491
-16.356567116785683
-16.349590771541745
-16.384566678483687
-16.38876699004019
-16.40049633391132
-16.410765308283978
-16.394416686817667
-16.405705638374155
-16.412754721726074
-16.401600841645052
-16.416248741376304
-16.418462168261925
-16.402528784100216
-16.386925613180512
-16.384669217396134
-16.384441459378458
-16.37597961785661
-16.376988430757816
-16.382228238942492
-16.39208904827531
-16.364250385811232
-16.353056639695485
-16.325591290893072
-16.34506861222415
-16.35145186471332
-16.342532753569838
-16.331543088858826
-16.324066734590925
-16.306562619159244
-16.312844014278678
-16.32772186065151
-16.302127808550942
-16.301610445305645
-16.288271363508866
-16.291737144270733
-16.273691767292526
-16.269348502018467
-16.27172668884981
-16.276192614841758
-16.2726721759464
-16.28167931360594
-16.289002886253137
-16.265620877674078
-16.260726899348956
-16.249274103717415
-16.243228700741714
-16.244057063846473
-16.255557497941542
-16.25240508809816
-16.27521572523509
-16.278333382590578
-16.275562527411708
-16.289446348735815
-16.29472722289043
-16.30588795766677
-16.282275487853003
-16.289745836026935
-16.29555750105256
-16.296307958186958
-16.25935335087186
-16.24499088828463
-16.233235401711664
-16.217904527595334
-16.2080938607774
-16.2119603966897
-16.220014747799883
-16.222159110559428
-16.20251526309155
-16.198762200911542
-16.203185788220768
-16.218632011269243
-16.216155508547544
-16.20986748493902
-16.208108856059926
-16.229941918619485
-16.237656607233504
-16.242967950977448
-16.247729141917322
-16.244167592778066
-16.240997138763685
-16.24213262475443
-16.26168631905684
-16.26305004837947
-16.265499140405833
-16.282452399584546
-16.269653878022698
-16.288681124069996
-16.30241495840619
-16.272376680972478
-16.281876317016934
-16.272021124329555
-16.25663066130148
-16.226680828531805
-16.2161195882817
-16.21496368395924
-16.226882220039887
-16.236851405480483
-16.22532633842506
-16.21229939368102
-16.220612725416068
-16.199703767680532
-16.188500524886464
-16.157776847970908
-16.13965276503408
-16.133649219442503
-16.137021314366276
-16.15202134396611
-16.157425977116812
-16.166367030176986
-16.186430072885237
-16.187924791584745
-16.195760781532268
-16.17229635245239
-16.168302402541393
-16.172880733427547
-16.195511195884436
-16.200472241350916
-16.193191744513317
-16.216027242625643
-16.223696398654987
-16.23420057693628
-16.234675485439215
-16.245520106834118
-16.244394005631925
-16.233364215602695
-16.22913552777744
-16.226989855394475
-16.244379801251153
-16.236052270165327
-16.23230522957254
-16.21771159497422
-16.231805105226574
-16.214334036476554
-16.22299195877698
-16.212218521631097
-16.22203952660012
-16.188601202092073
-16.207425721915687
-16.197310027779594
-16.18881886914995
-16.209064990549432
-16.1960537576433
-16.198203653586248
-16.19322339160274
-16.211193420745026
-16.206581891675494
-16.208983348130197
-16.203498473640842
-16.21439024601379
-16.216931883623875
-16.24556467149738
-16.212194039748777
-16.225875902523846
-16.221654154163904
-16.232270776035136
-16.225860152436503
-16.231904644571557
-16.22107053932023
-16.23527269683846
-16.216720086758716
-16.20944831313729
-16.20900112412483
-16.210319668992778
-16.21797469626679
-16.1990595563706
-16.197378216579175
-16.205999313406515
-16.19878991613524
-16.219751308498402
-16.211502723025895
-16.214109213798423
-16.206300654796795
-16.208673234450234
-16.22075375640683
-16.211713683525776
-16.193348694304003
-16.202073295346874
-16.18950190293544
-16.2003075128385
-16.205288534067233
-16.200258954469387
-16.231169170951095
-16.231069080907606
-16.250806342921727
-16.257755968904387
-16.252558284766657
-16.250117713085686
-16.249175074507804
-16.244624036234875
-16.208680937643837
-16.203636855053652
-16.206897437942498
-16.220823463700988
-16.208382258723482
-16.228718695571864
-16.234779025116943
-16.22269414625805
-16.242266891731187
-16.243857101110184
-16.22654884728314
-16.22835506415788
-16.232480367477915
-16.257697966597974
-16.26183093198046
-16.252915346082002
-16.271340430649403
-16.26167261646585
-16.26218152554489
-16.25776209981876
-16.248671819032822
-16.23872368652985
-16.257349663357484
-16.28228525186207
-16.284689257406338
-16.26311297843615
-16.25913623396112
-16.273465868956155
-16.27394272649287
-16.261870385890404
-16.263332166639866
-16.258584555854863
-16.25737756186865
-16.249312459674027
-16.246921135816343
-16.224090870227872
-16.249949178898685
-16.24027426053442
-16.239989833122245
-16.24769063364014
-16.249734703570944
-16.257063811822704
-16.263711055449594
-16.27812728547127
-16.27268158231805
-16.281560940188424
-16.267153214041123
-16.270768903447692
-16.2900917587506
-16.31414245684841
-16.296010732834162
-16.287545102001648
-16.28333752411597
-16.260274309435175
-16.2617105099112
-16.259389515131534
-16.279653929312968
-16.2887917911007
-16.301586626175865
-16.30376977468018
-16.299287524604278
-16.302741919457315
-16.296156432564388
-16.27479535223254
-16.269223312023772
-16.27528565461554
-16.259216726328052
-16.265870815807745
-16.273407309542183
-16.277834290013082
-16.287947803714413
-16.305169523111733
-16.289700775194675
-16.275456851536543
-16.278089259666636
-16.281470047906325
-16.273313842521432
-16.253922894990296
-16.229430212544237
-16.244844216533863
-16.24818108910012
-16.2814724178646
-16.288135969008028
-16.2991233242431
-16.31491339036165
-16.307081430477215
-16.302145822240742
-16.29744892928101
-16.283580937865974
-16.243635657307028
-16.239285439323417
-16.228506038905913
-16.24237197960906
-16.229767823750922
-16.255773105650018
-16.225007868708555
-16.222405277293227
-16.216887095507236
-16.199729838965695
-16.22639082133145
-16.206252758260643
-16.239878468066927
-16.2442701612351
-16.263592355836817
-16.27952117814023
-16.272842769534527
-16.26084500170568
-16.254594662229195
-16.257791416393324
-16.23744971628495
-16.22131230557664
-16.237585711251135
-16.279301731303107
-16.280251521670923
-16.289524905295504
-16.26793423161038
-16.272262778628328
-16.286838581905542
-16.289932682417103
-16.300948538023075
-16.29615839149788
-16.30278300105429
-16.31048009389505
-16.30044296579763
-16.280216675181986
-16.264958854872898
-16.266824814284924
-16.27122174404655
-16.29448308226796
-16.268073757014307
-16.25737674242579
-16.248622451752986
-16.26336778235365
-16.261268601991528
-16.275934276011554
-16.282972388311062
-16.312594382689337
-16.337540475810105
-16.35509988444965
-16.361793520066772
-16.353038222973858
-16.35127849008793
-16.35229270843653
-16.329946407763774
-16.315888786651826
-16.289881521813637
-16.2648508737153
-16.28015567991278
-16.303052269651275
-16.27357635232637
-16.26589318686868
-16.27657462530864
-16.27041936403513
-16.28099730216522
-16.305072705057203
-16.316867713056595
-16.309184975049064
-16.295382683181934
-16.28279422864059
-16.25884570886954
-16.235149250420562
-16.241248137248967
-16.23952704468233
-16.216138805879353
-16.21101399499313
-16.20011918597984
-16.19733531533226
-16.20483265925766
-16.21670126002631
-16.213496554806376
-16.19806665858115
-16.182465145803647
-16.20358091747161
-16.21363433846714
-16.232971872849937
-16.224050417599067
-16.225529902322478
-16.25805480340471
-16.250880504079543
-16.265415504682252
-16.279755374766626
-16.26585550646908
-16.272399195122837
-16.27097466238078
-16.256295320513548
-16.230537174870857
-16.234046493690773
-16.208769009512995
-16.220082269319885
-16.218476247027514
-16.251543330983424
-16.265675923355044
-16.286317573247835
-16.301450500681256
-16.291642828018126
-16.290802451184497
-16.2982679780879
-16.29537825199476
-16.318382092748152
-16.313318793278604
-16.304032725179333
-16.302997526131552
-16.309843522300568
-16.31568321789879
-16.31623659434566
-16.31913744677253
-16.312259927703973
-16.33398024858298
-16.32120885673848
-16.325450007617953
-16.328080822433982
-16.328428472335965
-16.316773557351283
-16.274073995893126
-16.29050905514313
-16.301374307357158
-16.299249919111055
-16.292909370161784
-16.30683618854046
-16.308967506351085
-16.32473931416238
-16.28855158184285
-16.30190043876258
-16.29827413458924
-16.25659590587431
-16.264373387423944
-16.260821368004223
-16.284468444398453
-16.29232921239826
-16.286412642524837
-16.279444081227616
-16.29278429382717
-16.275824498972703
-16.28807944207507
-16.251811556361385
-16.249516275558577
-16.24451162501451
-16.24867502379149
-16.25149560663623
-16.26586917623668
-16.268977094540965
-16.27969338945136
-16.277184167547556
-16.286774271303795
-16.29463902932839
-16.297553959752882
-16.284783313988086
-16.284654671802866
-16.257959653157002
-16.253267606212503
-16.265977927284343
-16.263982886725053
-16.26729568048612
-16.271902224534177
-16.27243800805054
-16.269584912043616
-16.252419970066352
-16.25749361251858
-16.264327574334956
-16.27898676649598
-16.278396312391862
-16.26294412005328
-16.285371843690132
-16.291531579598228
-16.296065545742824
-16.284131945040226
-16.279910530805846
-16.28115607437664
-16.290700938404765
-16.290643699164583
-16.315925535747397
-16.309738332115856
-16.283724899359864
-16.299034532405802
-16.279461639902838
-16.27655140999862
-16.3026485303436
-16.297535544585564
-16.28163522793597
-16.261915428783727
-16.25439861401026
-16.262545140070213
-16.2794806289703
-16.27358347987404
-16.2917363364405
-16.273808484973078
-16.308992376243022
-16.301379694378863
-16.298990247855144
-16.326200155409378
-16.325840408732013
-16.328819239903748
-16.308470388492797
-16.30299138265449
-16.28828976508388
-16.280012672371324
-16.33311379416112
-16.36552291511213
-16.36262679820805
-16.370016354389747
-16.373663840534267
-16.354752404905156
-16.328231271034646
-16.313791449276522
-16.32785357923184
-16.320737218309127
-16.305781633236858
-16.29394200420355
-16.28809769671369
-16.271909458109292
-16.294315822240996
-16.29306617311969
-16.30875381584043
-16.3018915948967
-16.283302035402112
-16.294946854949256
-16.287402659640325
-16.281811910340704
-16.298379983677606
-16.303805780712462
-16.30376849460203
-16.297363109804508
-16.29112134203948
-16.269821612639284
-16.3102226849284
-16.321206373875885
-16.316218469060967
-16.304548293550177
-16.308614832858936
-16.336834255754784
-16.343023798418713
-16.345269812495424
-16.309332274581564
-16.30449276158299
-16.31838541448041
-16.32582563084138
-16.314348901538718
-16.303594573689356
-16.310391154670032
-16.306384803253938
-16.330752390530847
-16.33193599266011
-16.33143004805365
-16.325707166981786
-16.31944070100719
-16.309315138348662
-16.30051099187065
-16.29990341818544
-16.30207718098157
-16.309255376830304
-16.31815714909288
-16.310651587380796
-16.292146045967684
-16.312425765508603
-16.309993615176065
-16.317803252048964
-16.30692171522214
-16.32661866922956
-16.302237511185808
-16.292806141895273
-16.293193709304315
-16.297187368424854
-16.30571245872818
-16.295978768793272
-16.321624607045703
-16.332208433565594
-16.310487845421363
-16.286389708567118
-16.290023601025624
-16.283134820058788
-16.286507458649748
-16.294449067928493
-16.273317413175057
-16.24486046472275
-16.239587263152565
-16.258157561396533
-16.266693934823238
-16.263392154037827
-16.289275012683188
-16.3117195510311
-16.31352004881657
-16.294122903989486
-16.300335835652774
-16.295765830355624
-16.288398729027957
-16.29271679207711
-16.305393328167394
-16.29835031887769
-16.29282024072792
-16.291146998830925
-16.267527706856182
-16.268659676599302
-16.234505812193767
-16.244028633210682
-16.24072294682886
-16.23073349041307
-16.248077400117023
-16.250787195948075
-16.253990320114045
-16.258395071237178
-16.28695196468944
-16.27241331003116
-16.254018365999162
-16.252770312516166
-16.252902090309497
-16.256729587292348
-16.266300774428096
-16.25354312201739
-16.270336905939406
-16.279548515842087
-16.273930308386173
-16.27357769847904
-16.284719245594722
-16.274582807424927
-16.26528013711054
-16.279383114520247
-16.281024074433464
-16.273001358689275
-16.268746594675616
-16.295131783939386
-16.310080882370833
-16.30647441106278
-16.302333736938788
-16.284821462243162
-16.295901231234872
-16.291899112011144
-16.308913350907307
-16.31196370273671
-16.302592398465716
-16.294414180806445
-16.32602105574956
-16.327165574816426
-16.34797155020047
-16.29964523908311
-16.30492497576086
-16.305219080615654
-16.287162561500924
-16.277201032222724
-16.27971640025946
-16.26296822370984
-16.275043769649663
-16.294630221821976
-16.288530074488254
-16.271869206258916
-16.277926506508646
-16.28230913286798
-16.272932106549945
-16.2891137248759
-16.28311917259173
-16.268889547057807
-16.28770969405325
-16.29960496669378
-16.27122776649453
-16.25379495153182
-16.266125597961064
-16.2629414039125
-16.289619116190238
-16.2878114265667
-16.278390828942044
-16.288026521956883
-16.306153262000446
-16.30826528250886
-16.301899632882318
-16.315852818029274
-16.33306252273367
-16.344067127155984
-16.339699355939775
-16.352497819918522
-16.32545325738138
-16.328547376270848
-16.32362343669089
-16.27695660490041
-16.269408471331772
-16.269779422261184
-16.268485979678776
-16.247457629551807
-16.253109028247614
-16.25024889165596
-16.259873089331457
-16.26171624748214
-16.25043937225462
-16.247280415128294
-16.26334057726973
-16.255889853899603
-16.23901216179146
-16.256573758735136
-16.226929163916488
-16.225315071024085
-16.24013892645103
-16.243685389623298
-16.245083852924974
-16.260327009256258
-16.252844320346927
-16.221767095670824
-16.20951400126861
-16.197839404523776
-16.207495951208212
-16.19164299284512
-16.18212942740175
-16.186903153026435
-16.167541249072148
-16.174249867866344
-16.193695435435792
-16.187483029792922
-16.202063213910463
-16.187192039844042
-16.20150678676098
-16.22803033038512
-16.215575693076147
-16.204635263470394
-16.224477945398753
-16.215731059492192
-16.23580884532152
-16.23111138578158
-16.235853939528376
-16.215590728077782
-16.226558649838505
-16.223877131334206
-16.215713946794377
-16.18960672147962
-16.2120496968379
-16.237103108777035
-16.23184159421975
-16.231298625386355
-16.225679924631518
-16.220688884775782
-16.231057458200233
-16.22708861698363
-16.22662250099654
-16.20886158718466
-16.20504479589387
-16.224663927137648
-16.230277022904218
-16.21494890675363
-16.200576334326385
-16.18913936084172
-16.190361522877033
-16.190078950493746
-16.161764766933672
-16.154946883949986
-16.156467829594618
-16.16432157556463
-16.141488786625683
-16.14702265206873
-16.12483468396059
-16.14003880759846
-16.158548483808588
-16.166333932311836
-16.132450605464847
-16.132465468210032
-16.107983833875373
-16.103054249922916
-16.097258686192298
-16.115751953608818
-16.132042772505454
-16.140857326855993
-16.149859501131086
-16.144356706297312
-16.13975772215238
-16.153158114301483
-16.150545200185203
-16.155904741611845
-16.162624127970496
-16.18228573813429
-16.13986798535942
-16.173142360206953
-16.16402036011506
-16.172447018880124
-16.16597486084699
-16.181662908948155
-16.162920873344337
-16.175119676300664
-16.173159385651115
-16.153491065063537
-16.162567981886244
-16.155856943136325
-16.144745586302157
-16.135698895228455
-16.14650320027716
-16.145559845471094
-16.146877350136574
-16.152476259944763
-16.148132075089404
-16.1588320211909
-16.165846787202465
-16.15434159848846
-16.149408123629783
-16.134958621435008
-16.13548428560735
-16.159597089104963
-16.166020440043763
-16.164353164412578
-16.167061201693805
-16.15282772716085
-16.150334553011803
-16.156979087174832
-16.15667353982419
-16.19138552023743
-16.201991480329127
-16.209903203605872
-16.199158582502957
-16.208978709893046
-16.20702315904116
-16.224471574199146
-16.209246209620325
-16.210230999606445
-16.206707108214072
-16.223830352159407
-16.21231382420883
-16.23243107443555
-16.24841028265733
-16.22889848000533
-16.218573365151705
-16.222193066959118
-16.221557464373493
-16.230735210600866
-16.23384097867287
-16.202314356447065
-16.186040626255245
-16.186790621336925
-16.20019237437074
-16.206684444377956
-16.209578030510002
-16.18323749048381
-16.163000621349592
-16.142952130477077
-16.154432616068835
-16.155497552328534
-16.166844150452548
-16.163241037533975
-16.18100847520049
-16.193224700357035
-16.217281098332666
-16.197664278692127
-16.194286288540543
-16.19508068204349
-16.204690034955934
-16.199975030223435
-16.1965326973934
-16.183622175336115
-16.16749987548851
-16.187636002746896
-16.185251751933613
-16.21127013665351
-16.171011759518123
-16.166540209000974
-16.18010303356293
-16.183151661719464
-16.200451372777028
-16.21490410384508
-16.223681423348314
-16.217910703327036
-16.213863816590685
-16.226201389041645
-16.232544742930944
-16.24536127561292
-16.258299128428103
-16.235740631481303
-16.227751709290192
-16.228583910757024
-16.233774251680863
-16.252478899247848
-16.25235029903188
-16.26086195794214
-16.26057193804671
-16.262125762824116
-16.26064562944613
-16.247298273380842
-16.246081174988078
-16.22126019565531
-16.22315759875777
-16.21082094688552
-16.214530261665203
-16.201857933913516
-16.204997928125817
-16.232888453503705
-16.20343868935087
-16.19998022286275
-16.19669417590213
-16.204249836112925
-16.22890241309507
-16.231484170113728
-16.222301583779682
-16.20236000090551
-16.18979485556224
-16.198773374444066
-16.21460279492247
-16.19327165138377
-16.187427309851284
-16.16795023900779
-16.16338810305814
-16.16692634785214
-16.166697039847623
-16.168655688604385
-16.17963838968262
-16.189876887161013
-16.19255987990416
-16.18959181393804
-16.194977617697653
-16.19726527774061
-16.15800905572349
-16.18493672150162
-16.194522404387538
-16.199497768753982
-16.211975063076913
-16.213944291257604
-16.221028847498847
-16.213593827677443
-16.208689088247578
-16.210965794653763
-16.212237588436892
-16.228146708351055
-16.22666774782869
-16.21278348354216
-16.231227826733864
-16.207905526036306
-16.180567031990282
-16.19199433017951
-16.18190559460597
-16.190178177922075
-16.208512971298575
-16.22980389850365
-16.245200068074045
-16.248211180719
-16.250551261584437
-16.255002380985868
-16.249629115658777
-16.243108580902426
-16.2452298049195
-16.24803563977233
-16.234705053236414
-16.24517248578467
-16.243194326313045
-16.255098199921704
-16.258627058724088
-16.25958252441712
-16.26455558299898
-16.267134276725614
-16.262114400468985
-16.266969781168445
-16.26494185556129
-16.28479840453444
-16.277434585639863
-16.27900749136469
-16.26921849639716
-16.275440548316297
-16.274390968113597
-16.268306019739775
-16.27428515118987
-16.249810009394903
-16.208016332345405
-16.236203371922922
-16.24790885034006
-16.237086232121406
-16.2503998780776
-16.25043815250152
-16.245285214148264
-16.28970739454826
-16.281091998303687
-16.26703385267247
-16.24542312086541
-16.23359999059462
-16.23235603644282
-16.223827118387497
-16.22172848651203
-16.21805479594662
-16.216448657763873
-16.21468976331863
-16.196544248734746
-16.201610817599803
-16.194116861046545
-16.178375627615118
-16.16096954699417
-16.17268163273915
-16.196743999546296
-16.169848864286152
-16.182895997626748
-16.175198531590475
-16.156667001046756
-16.17984197442828
-16.186988425444437
-16.210204515508845
-16.234075224820064
-16.216238782149404
-16.23285023793676
-16.232763352217496
-16.2369698342279
-16.235148837423715
-16.21268723126921
-16.227966209502625
-16.21812437943407
-16.232506778858713
-16.215076552403485
-16.24098452198358
-16.235895152295576
-16.247101994113013
-16.23146912843887
-16.25623420463335
-16.266005723536022
-16.267203274785064
-16.276507257731243
-16.261793159070354
-16.264369876067644
-16.264018523042772
-16.247845987260924
-16.241350293778932
-16.272476917771854
-16.282959661353193
-16.278530775238877
-16.27070578559034
-16.243482869014535
-16.255067283928366
-16.21621441852292
-16.19861687986341
-16.21891451390948
-16.22250038785665
-16.200586591890715
-16.209929016421125
-16.19872352057293
-16.223928650301733
-16.233683133410356
-16.229574825770207
-16.20909760284752
-16.209840324570965
-16.20460289639228
-16.197722583995866
-16.204621699952135
-16.194798859108822
-16.1765759078691
-16.193901243600504
-16.186083868606307
-16.191667895883523
-16.198768072611593
-16.205840532042995
-16.226485073726543
-16.242547709806853
-16.25829454269304
-16.243488858964152
-16.25723325433773
-16.275967868323388
-16.259655379096902
-16.2711723900052
-16.26273555063035
-16.266502102559976
-16.25161104132549
-16.24307910343324
-16.252523968353746
-16.267451023037477
-16.24640009003644
-16.26330290746685
-16.286676987209535
-16.265819775557077
-16.28990917237062
-16.273728923768516
-16.27018070711617
-16.257705749509803
-16.266347169517584
-16.271943888411744
-16.25527453211954
-16.278872392508518
-16.261513508839094
-16.279051748391257
-16.286089183742416
-16.27271244262329
-16.279727380599024
-16.277795129545762
-16.28933598848459
-16.287225613925578
-16.271786489257856
-16.275941301147064
-16.261673196932534
-16.26018976215659
-16.27520285709545
-16.278661070872843
-16.304471129190727
-16.291666602671654
-16.289511494774747
-16.290717628216196
-16.292161513027164
-16.297123440885596
-16.289268666455406
-16.277870754878673
-16.26675520087088
-16.246261202655205
-16.224199984427578
-16.23731170741526
-16.245345180670583
-16.25551517219963
-16.270173816221643
-16.28355375186273
-16.299382548965077
-16.264220569879694
-16.247811562203413
-16.249406304753833
-16.254529390166905
-16.264549848972944
-16.262545939091353
-16.2396337382753
-16.247356079203993
-16.27026116752028
-16.267200626995404
-16.254688826781425
-16.269960048553944
-16.28867059517098
-16.284652526028395
-16.265336385993216
-16.282343989249735
-16.280836747930817
-16.264116474767185
-16.277929941701977
-16.30744605209689
-16.301789929373754
-16.292309701414897
-16.306910415752927
-16.322137514167274
-16.310687870935354
-16.2856962799446
-16.27212407254557
-16.276279976812173
-16.25002058434991
-16.241345074643213
-16.25824244860868
-16.260493328826506
-16.234842888035924
-16.247889242856807
-16.228903627993446
-16.22825462066629
-16.23900582491554
-16.20739826325411
-16.18163319247513
-16.190065788635412
-16.20552755945994
-16.2116337493442
-16.197200008611887
-16.16995973445895
-16.184262761930835
-16.184968328996902
-16.16312076115912
-16.171119705678628
-16.155050440844438
-16.173706103235755
-16.181800721316293
-16.202754518039697
-16.217296286874415
-16.21179810855986
-16.209270536399927
-16.20090570915379
-16.210479442346635
-16.213862465591383
-16.21466406585122
-16.204180705366422
-16.21238002280867
-16.237101986663045
-16.248203084791072
-16.25713030713152
-16.289662953186127
-16.294376381561744
-16.291882936512163
-16.277061054058784
-16.300276657562847
-16.294977882258962
-16.275511678468465
-16.319524481510882
-16.314344083135808
-16.293903785274928
-16.29444436412152
-16.310288936912205
-16.305769198446992
-16.32204744147621
-16.29254143284168
-16.27949979344304
-16.27055370081687
-16.270365105482547
-16.24550100211019
-16.231154374000738
-16.246794892529554
-16.228875872784656
-16.247461231693947
-16.257090321903817
-16.25379985510849
-16.242636220426046
-16.263590933732072
-16.24838286157635
-16.217269925069427
-16.236932377366475
-16.212044721481117
-16.229191784205632
-16.22864447551277
-16.2372500856487
-16.222407213328683
-16.216094450099817
-16.219056002284276
-16.18547683919108
-16.193604051981538
-16.199040668357057
-16.197145241245998
-16.21225917324804
-16.2168254258122
-16.242328556294392
-16.25323454820391
-16.239099522958835
-16.262001417374357
-16.25576795556146
-16.276069842996677
-16.260668693501486
-16.267436941049016
-16.288171087890177
-16.28217500614589
-16.276081899339477
-16.27173979624035
-16.291117482494062
-16.298340771565268
-16.28302729400128
-16.275806230975384
-16.285034926906558
-16.2829172298912
-16.276596865598904
-16.28966035527892
-16.302117313913612
-16.30529422351686
-16.291521838738294
-16.27568544400337
-16.294605898144106
-16.301504112442874
-16.2822014731078
-16.2739856218666
-16.254989146816264
-16.26383079682187
-16.273100119681143
-16.28378181770286
-16.275908930270937
-16.24505129260758
-16.224608195915273
-16.218789847595833
-16.2405640381644
-16.24402821422265
-16.24044230547459
-16.244326562720005
-16.239458795604403
-16.21328703632771
-16.21843677866731
-16.219422669643848
-16.224036443823014
-16.208969456649005
-16.197996585995536
-16.205915504643297
-16.221225227914903
-16.21976800841405
-16.225162405411105
-16.19467161731607
-16.164629752185736
-16.15149216877978
-16.16465896739164
-16.176533957624958
-16.16090166113574
-16.166650074000408
-16.187322814757437
-16.204483071241476
-16.217159238044907
-16.205768807412138
-16.190356605882236
-16.221283526236586
-16.21023125598577
-16.211229101838224
-16.239341040922064
-16.25091622883606
-16.24644986862956
-16.248023047029022
-16.23675255546041
-16.2242733322729
-16.229547777775725
-16.232828497265356
-16.236280417761886
-16.237295951208495
-16.24884672823628
-16.27150755258008
-16.254474011523588
-16.232296324094943
-16.241775896893728
-16.261665184621187
-16.269074877087913
-16.28045058262199
-16.26297279824916
-16.2855899730683
-16.31020236523315
-16.29401286892548
-16.294783494515357
-16.29917011153473
-16.25175146972827
-16.247334799207906
-16.244378908068132
-16.234064566231975
-16.231705138400958
-16.24235751993303
-16.23897255925659
-16.234215464612454
-16.243085113144165
-16.252438171667176
-16.269877032612094
-16.257740482721786
-16.24641937916884
-16.237937674383964
-16.250647676636877
-16.224472146276153
-16.21534218086699
-16.19483473770822
-16.201521142610634
-16.234795870593906
-16.198379362381793
-16.205059828914525
-16.19216225786266
-16.193762212112837
-16.20524074493483
-16.18386318818871
-16.178093581455673
-16.175597163538804
-16.186459073537545
-16.22187584591953
-16.23458157027951
-16.24717736393839
-16.22275239425656
-16.243175584220612
-16.257219937237224
-16.254718191002897
-16.233367455493866
-16.244365781291407
-16.226393001546786
-16.247776973729945
-16.24521565195131
-16.26056455685142
-16.26447399479307
-16.278820911459572
-16.259487194609406
-16.254532572866285
-16.25749285649807
-16.264445642760705
-16.275754698913406
-16.29018596874631
-16.276842144439975
-16.256156953889572
-16.21942012723609
-16.234574330644776
-16.243488156689793
-16.210857244391498
-16.20983535176284
-16.225789758272704
-16.212166446803405
-16.21350504448704
-16.20734368315579
-16.193377239048843
-16.211182857891345
-16.194514752498687
-16.18634460590197
-16.18315509854346
-16.16714490060068
-16.180815046287726
-16.206534537277403
-16.237506387357556
-16.251678713331586
-16.2501668563062
-16.252514697042912
-16.242596349992926
-16.2492780659878
-16.28842924923452
-16.301295763872137
-16.276276067999202
-16.265219404703643
-16.24511642726393
-16.25220988063019
-16.271333962469548
-16.25958421608291
-16.265508360977723
-16.254671595031127
-16.27150064154466
-16.259880573626795
-16.256248816259866
-16.257595264967758
-16.273523762967745
-16.278150327728095
-16.264871884692354
-16.267276599777997
-16.287585444564776
-16.283105936287686
-16.28357397449266
-16.25987299680852
-16.23979917903593
-16.25478643414013
-16.24019853274316
-16.227255560307068
-16.237438036644914
-16.225613171354627
-16.22493580513731
-16.21219546962016
-16.19984529228147
-16.18995355103319
-16.175937267207566
-16.187331000589637
-16.18668847290616
-16.193358751573008
-16.194507075348056
-16.230889126564758
-16.22656690348746
-16.21662538839477
-16.21076495922322
-16.195655909117352
-16.187887679901408
-16.184651887822405
-16.229684694276333
-16.20624254081625
-16.207074451766402
-16.20106495446526
-16.199494983089092
-16.196269365780967
-16.16844699395794
-16.16367767489053
-16.173496158873014
-16.18648444630583
-16.19580269794641
-16.184617920501914
-16.19834325531328
-16.19539746192007
-16.209926051177618
-16.213990628894077
-16.212928428574877
-16.229592097711073
-16.236622251467647
-16.22131598238082
-16.20767604306253
-16.20160359520478
-16.18114590825361
-16.191061020009553
-16.198583512475402
-16.171476017865853
-16.15909709812113
-16.15719548521774
-16.161414438911144
-16.150076261659347
-16.15806132745074
-16.181259355898796
-16.187245151179795
-16.224905892243893
-16.21273736356115
-16.24081211117205
-16.24392195940952
-16.269807451912385
-16.28227918384961
-16.2825513501524
-16.28503199919389
-16.273852145572874
-16.257620157835714
-16.26677674229625
-16.26860312713656
-16.230358804025396
-16.241308127682963
-16.243223040169045
-16.237251015938295
-16.267463214096132
-16.27277989932493
-16.267002461615505
-16.235605748350913
-16.237056298214164
-16.24561859401325
-16.22485555478995
-16.223677801796764
-16.222508925047233
-16.236370389697925
-16.23138217386117
-16.228361768697074
-16.250148507484937
-16.25920786027654
-16.271550363178306
-16.28772739529535
-16.28658098691153
-16.290148570426677
-16.299553444254514
-16.327311951035533
-16.311292688653786
-16.304868275155936
-16.2931052599983
-16.29058539585834
-16.306846836319085
-16.308196132442347
-16.303369977936647
-16.276368304782192
-16.271994962880555
-16.26342069714531
-16.268861820676594
-16.27847710004651
-16.299492454601523
-16.28403437710941
-16.282225863661044
-16.302258894115482
-16.30918809409237
-16.29195988515066
-16.274607502937346
-16.27475548456311
-16.282570377169588
-16.264911498950692
-16.281430857489813
-16.28826027266082
-16.281600308018113
-16.295135801305584
-16.28897327011807
-16.272572477208104
-16.26551388343821
-16.25645196064613
-16.237379539322095
-16.25026325426333
-16.248828992466834
-16.248917417661403
-16.21585970306672
-16.231178565110998
-16.225920442202668
-16.22567258893676
-16.228382011594412
-16.23216363420001
-16.247374091992967
-16.24122241196657
-16.247201544448348
-16.257451311190948
-16.244170441602666
-16.25637368617921
-16.240561159558986
-16.225921361464742
-16.218534786694946
-16.21809239971417
-16.212674061248944
-16.21265880469796
-16.249435619716227
-16.25459259830674
-16.241637066476212
-16.22156657816875
-16.23255681920406
-16.22324572676901
-16.21106351793323
-16.226153323757128
-16.206238618608
-16.21349605061406
-16.203755824577467
-16.190149028929447
-16.199642428036015
-16.229479455298982
-16.22463774186928
-16.229223864245398
-16.246736577242533
-16.27878766592349
-16.271880025373665
-16.27181062247216
-16.27544226074889
-16.285711336122645
-16.29702530946429
-16.310596175949396
-16.31268730623317
-16.315713666320814
-16.317947414085857
-16.321321515273006
-16.341395226685076
-16.309031695087498
-16.318886990227877
-16.318261765208995
-16.287130239118532
-16.28672160318672
-16.28217578907692
-16.27905691456015
-16.267628774263656
-16.241170627380647
-16.26751361311674
-16.232681108513386
-16.243869648835148
-16.245184099446064
-16.233944080815654
-16.22717400385545
-16.222287477921782
-16.228009144142057
-16.23942861828501
-16.230196235506185
-16.24289264447468
-16.26318279849384
-16.266973126319844
-16.288719140726624
-16.28627484567029
-16.260276293009454
-16.282663414855964
-16.27221345120355
-16.268364748254804
-16.263111666315393
-16.260327436225932
-16.25407158934285
-16.264146146660803
-16.28137121605936
-16.270814597730265
-16.285600622867342
-16.277172459284262
-16.274778402005996
-16.27768823301602
-16.273586249263595
-16.26268533376963
-16.26689309781612
-16.264010263618257
-16.238271507207813
-16.228030188227574
-16.205425386631546
-16.189873556460967
-16.175926381091724
-16.192894660639798
-16.19335764754362
-16.182628686067456
-16.201356608335793
-16.180697177736896
-16.193642152103383
-16.157703463163614
-16.182094076602976
-16.202962352206537
-16.194509305446356
-16.20473564952794
-16.19322719231993
-16.18880998147599
-16.17991500008089
-16.185726867814278
-16.1676325704727
-16.151084341715194
-16.172996054551763
-16.17237579146112
-16.203585616710708
-16.216139052260143
-16.235974784151132
-16.242326688494483
-16.21345232234594
-16.20927941144075
-16.222204842389694
-16.22121548041303
-16.218983162270092
-16.214816198210574
-16.217577576663608
-16.20763993744639
-16.196632697488255
-16.186100008946447
-16.217685204090465
-16.21053193450758
-16.21255336361629
-16.207433661332953
-16.206290622983563
-16.23216180696739
-16.230563231549322
-16.225556080138915
-16.22779897402497
-16.25551281165031
-16.24918185769601
-16.24526780090648
-16.24689303291735
-16.25580043227697
-16.263555289947256
-16.259528806800304
-16.259808943134157
-16.270973163199265
-16.256609144866907
-16.282700303020064
-16.254652585458228
-16.241539119091623
-16.24454503300883
-16.231994195005523
-16.22202480006631
-16.228464753416517
-16.231099098732695
-16.227722315337648
-16.233928559439352
-16.246602573279663
-16.275046293557455
-16.263834049770832
-16.286046248842684
-16.30519757506446
-16.298943388986054
-16.34062694573171
-16.327802729855712
-16.31180085229864
-16.32729585824808
-16.320772338326975
-16.341234197541738
-16.335683017540937
-16.342503106275966
-16.341366490462605
-16.360584904526768
-16.39919434483843
-16.414277604177116
-16.40016921928245
-16.375846867176715
-16.36683635657199
-16.382287891990547
-16.3843579330878
-16.369786943265158
-16.380975684284405
-16.377453801438552
-16.384496236603184
-16.390962368675144
-16.385145935890794
-16.38452298867034
-16.36515293213837
-16.327104280344354
-16.295277816187824
-16.288146974299252
-16.285890635099346
-16.270818448216055
-16.272098250168284
-16.27555842628321
-16.29128274386879
-16.28182653747902
-16.26894136727231
-16.259537553948217
-16.242639200267092
-16.24060776396578
-16.24697687494671
-16.240473139403342
-16.236742405269638
-16.22621319687181
-16.235243498611403
-16.250865417077396
-16.27553125375084
-16.241576403730225
-16.25524152638714
-16.28082646463551
-16.275126093647394
-16.260298981089647
-16.264250449355828
-16.263273604198364
-16.283482451735253
-16.28734938651341
-16.28949822189884
-16.272508507288986
-16.26215020554015
-16.26996892539275
-16.276870470633014
-16.271234348630507
-16.256583141638284
-16.263713315656773
-16.272625010876453
-16.273179078831653
-16.277599442052715
-16.289182634771443
-16.260940828592798
-16.25746017918001
-16.24771087956801
-16.25424918192596
-16.269044973340414
-16.237508107621064
-16.2629095782989
-16.28388175480887
-16.28054067171856
-16.24968286896968
-16.26226541968623
-16.251870978425984
-16.271166955977844
-16.24715422328809
-16.231210114453663
-16.26052393920497
-16.239208693054252
-16.238436403059662
-16.23345085250981
-16.238801682274172
-16.22204219732114
-16.22401532782361
-16.206436021246322
-16.236402755896503
-16.23892161380147
-16.23532730882099
-16.24050984157939
-16.222958399668162
-16.229248530852693
-16.23352353466773
-16.24392173964639
-16.253191188796116
-16.27993575744588
-16.265612221027585
-16.244363887369616
-16.255051033189574
-16.254776520647717
-16.258799073156112
-16.253086960944376
-16.2517358774263
-16.260552963016384
-16.252040976170544
-16.233754125445188
-16.228852197887733
-16.218483640663088
-16.230344242720918
-16.2567465079826
-16.237160615116082
-16.229148640917444
-16.227717191728086
-16.222986187948504
-16.23695285573677
-16.241254637535842
-16.25425799952457
-16.275736968721535
-16.286340167087715
-16.306223436658225
-16.299703609211274
-16.303682183382982
-16.293178809797006
-16.309949310980006
-16.312286524859655
-16.288140767817804
-16.26518160117297
-16.271808736408108
-16.254729224318076
-16.22487170887556
-16.22711119133447
-16.238060299492773
-16.260465882122773
-16.241636749189823
-16.249720870762474
-16.267539321727185
-16.26822497536773
-16.271108499292385
-16.28459132293419
-16.28643116214588
-16.281265392122535
-16.28595386597616
-16.283997359875073
-16.279484868658997
-16.285704329458383
-16.289794784703258
-16.280541283655577
-16.27456180447361
-16.268957439393557
-16.252303802629484
-16.2561592848759
-16.260292184132993
-16.285489943548953
-16.30809870295799
-16.29585986757321
-16.29511211005784
-16.286275220293064
-16.27930066745469
-16.289166876732647
-16.26854124949899
-16.25649130435307
-16.265016291889346
-16.285914463259946
-16.273011602913318
-16.24957210592087
-16.234564977246574
-16.23083542658593
-16.21259399437121
-16.213503029289324
-16.23002021139848
-16.23204177976902
-16.211386683818258
-16.210031392433766
-16.203568244669338
-16.206523882342108
-16.22955378304874
-16.226116139420323
-16.244994585523287
-16.260256705711083
-16.262520713445976
-16.26697028472795
-16.25619879861806
-16.264919903442635
-16.261211277715137
-16.26439017531686
-16.262551513501368
-16.243487748293404
-16.255121758833706
-16.261571695354327
-16.242639417683566
-16.237885679608944
-16.242307910420767
-16.24230506173447
-16.22696105908895
-16.214244097341368
-16.204988196399007
-16.231127107529822
-16.24856276436035
-16.26338361635988
-16.260905135111493
-16.249410580504474
-16.252440303505796
-16.237903644956774
-16.23583932912843
-16.23318395718009
-16.232637961163995
-16.237794421555403
-16.212566574461995
-16.212955976652353
-16.21744358129685
-16.236309389034197
-16.215108492209577
-16.227226347356634
-16.213624553910847
-16.229240305618568
-16.234863104471827
-16.252329911751687
-16.282698579760407
-16.306065983102837
-16.326429540625565
-16.333429725602457
-16.348409908913307
-16.350639155204313
-16.335851010118045
-16.355602261787627
-16.375382444841204
-16.37567820530186
-16.38260763290807
-16.37453137566802
-16.35327176682728
-16.375577899844586
-16.398800201691024
-16.380690890118235
-16.383435333028892
-16.373786919791176
-16.357281051423108
-16.365311066956906
-16.350691369767322
-16.34937798911862
-16.326226679194733
-16.33701065452534
-16.30891543493814
-16.305537501116003
-16.30315340240651
-16.308347888473545
-16.32497706451345
-16.338556235388523
-16.32527910822199
-16.325547242171815
-16.32154875515864
-16.321990527280015
-16.317717089001192
-16.338447796463083
-16.37006569146825
-16.392614902715408
