-16.202361715810156
-16.150484186695753
-16.187512411801055
-16.183254265347635
-16.16438664525461
-16.172803465733292
-16.19152148781137
-16.16829045857699
-16.21070832607498
-16.24556616279516
-16.240442389792307
-16.238846570317182
-16.20463442650789
-16.185939056398755
-16.22937773606533
-16.204741628954448
-16.21086008760791
-16.177254782055655
-16.195177996666107
-16.176229144391495
-16.161923870330153
-16.19791280068747
-16.20414142160134
-16.186185928659345
-16.163962187101095
-16.16355437461872
-16.143599565277196
-16.125175103068663
-16.117515055388576
-16.11481514847881
-16.137078454009508
-16.169269241611072
-16.2167439487807
-16.18332864682517
-16.189273748070608
-16.198056788971215
-16.20274709253854
-16.200315980457393
-16.171878688409482
-16.230207646463445
-16.22239897741018
-16.282328845909877
-16.284305012807618
-16.292654775408202
-16.253759274430493
-16.263650625729003
-16.285476243449132
-16.28353284926989
-16.263585634941567
-16.197866300983105
-16.192336544154205
-16.179678251818782
-16.19607559365608
-16.197612411073546
-16.16983033421596
-16.169726377041194
-16.17636139515901
-16.180673388243882
-16.20078481115101
-16.19668852255057
-16.22037538250021
-16.241512888471654
-16.25909033053308
-16.269164465318987
-16.261437526045746
-16.310606693814538
-16.293503573838553
-16.289433600629806
-16.3009893651983
-16.268612691924567
-16.274607139365113
-16.270861919190022
-16.28217735628104
-16.27531529549839
-16.25360414188587
-16.24432812363284
-16.25864644231994
-16.288622485764716
-16.269230889269885
-16.23903978619469
-16.206450461479186
-16.245487198467096
-16.23306224279311
-16.228045569505262
-16.23125809864548
-16.21611769778303
-16.227620537317403
-16.25892924109078
-16.293007919595205
-16.2500355752089
-16.254459082505264
-16.248583420736136
-16.25212886063332
-16.26735299748433
-16.253660041721712
-16.233118989464717
-16.234929414206967
-16.243857641184096
-16.255613916386057
-16.28590660768305
-16.293022441269017
-16.313758792402243
-16.290151362377866
-16.306853121662897
-16.277882943069425
-16.251078391551093
-16.22628164380045
-16.2175732488653
-16.189669977115976
-16.20643717322649
-16.18504426952662
-16.186845674886175
-16.215487762048962
-16.243947743052935
-16.262920872403164
-16.24133980355032
-16.22682728420041
-16.186203412616837
-16.18817980905115
-16.192831769611555
-16.208538592573554
-16.170912493286735
-16.19720953105489
-16.196405188629164
-16.191340901267136
-16.23394078614204
-16.26644419953629
-16.25668781185675
-16.243873280652746
-16.292639554605543
-16.240739548314327
-16.226932288896446
-16.264705375532614
-16.28428199785798
-16.28923526393096
-16.311376639490934
-16.28244701111723
-16.286766033391785
-16.275345941756683
-16.28493569397593
-16.271251104726883
-16.26194196136554
-16.255617452818854
-16.326761871941425
-16.319763455207987
-16.295405812282212
-16.281691159118925
-16.304289947518967
-16.266585569055092
-16.268585163649643
-16.27228823945081
-16.25826074550495
-16.28222434188947
-16.28282480839474
-16.27996772001734
-16.29280122833597
-16.281044700128497
-16.273418930743855
-16.27972468273065
-16.283501739744594
-16.278635864812458
-16.272932802164235
-16.310371860050388
-16.298412983775062
-16.3038144428836
-16.29061576215947
-16.275819877472692
-16.26587879802169
-16.241636695564463
-16.21162623062371
-16.21069030936621
-16.2237933526992
-16.16852577933772
-16.167050568719958
-16.193241952687487
-16.22280659205309
-16.24705688249456
-16.289326818887048
-16.268128507389264
-16.26512298684487
-16.24807875132349
-16.24935718236028
-16.258384294593423
-16.22522496705352
-16.20175127487443
-16.212986345885657
-16.19956251417576
-16.208146151877088
-16.2411827088815
-16.26354151114282
-16.261272620604267
-16.270909224752028
-16.280027737433542
-16.32677270866302
-16.293581777007834
-16.28744722179993
-16.285504767696608
-16.26345125248861
-16.23107256444187
-16.233979154789218
-16.227283770458797
-16.272567002659642
-16.242550086399095
-16.256310209709913
-16.242423246864934
-16.216565724555828
-16.213981851513875
-16.217058398970302
-16.228278819044927
-16.206741094067876
-16.223173886619804
-16.203076517149626
-16.206411844100007
-16.192649307295227
-16.176608067224667
-16.18128824203406
-16.205822884851294
-16.241408313125728
-16.236181885962438
-16.2421488718801
-16.23637008156778
-16.26554591425719
-16.239637585505026
-16.222814402471595
-16.22313500801641
-16.23576507425862
-16.25584681609313
-16.250007610770442
-16.238490506772855
-16.238412866779804
-16.225413378656054
-16.207327867014865
-16.176181389734623
-16.15681008214313
-16.153587188323776
-16.167558221067925
-16.16198211821694
-16.179995383024238
-16.20176880406016
-16.206528585966907
-16.253501881698185
-16.245171978836613
-16.241721031322477
-16.216787737834938
-16.21779274551968
-16.230463388639752
-16.229076642183962
-16.20591229682615
-16.219830370838764
-16.21439341384832
-16.23097248298954
-16.217538506975373
-16.21348283060164
-16.211389103633177
-16.16997448211022
-16.1963119334646
-16.165309179576916
-16.160522143978906
-16.15974325388338
-16.17717832806398
-16.213051334357637
-16.2186583046623
-16.211579238178405
-16.20998065129251
-16.196511574192428
-16.23453226414238
-16.253271064448697
-16.247716130863267
-16.263155170657672
-16.26557026164589
-16.266791862669155
-16.26616614622156
-16.257287927115925
-16.27910039953624
-16.286500396217775
-16.283181991459976
-16.261085869359622
-16.29058617322299
-16.309104903246737
-16.322531977635943
-16.324815290205947
-16.311805384596045
-16.327828587185923
-16.358117992637588
-16.34146453183463
-16.323792747240333
-16.300614918695416
-16.28128772775446
-16.26728707721162
-16.278563098688227
-16.290837653262436
-16.277122074979133
-16.357897101319722
-16.361537507125632
-16.415117240611504
-16.410591338475644
-16.387873046628002
-16.413883581423185
-16.395100418746775
-16.399759015188245
-16.37037999496035
-16.329395877012345
-16.332942013090495
-16.346695692203316
-16.345502077813755
-16.34534881631532
-16.350671007477118
-16.337877491404882
-16.331727853953748
-16.34094956976006
-16.37329226937693
-16.396974321226924
-16.387540399389824
-16.375173203601513
-16.339601513719842
-16.3429063813007
-16.32586945053043
-16.307064802061294
-16.339764424957174
-16.323193877270008
-16.331106857492557
-16.348447905302063
-16.38693754435823
-16.35819544556636
-16.35216780800692
-16.327490824078634
-16.338346664698868
-16.304560339247047
-16.308222289217067
-16.298543952218616
-16.321333849118002
-16.30314200501255
-16.293905197933846
-16.293092965796173
-16.26238969645528
-16.25424403322235
-16.25347089364085
-16.259275455536418
-16.2798709879193
-16.26028668488065
-16.262988793446947
-16.265640111366412
-16.28095678794559
-16.277084816736608
-16.285863181620613
-16.270070886530526
-16.29285806502277
-16.3036348581771
-16.3342344692455
-16.33758447754189
-16.326870334621866
-16.28695012723084
-16.264986173756835
-16.264828972003773
-16.2464782990169
-16.233290411964674
-16.238718308437203
-16.203701226999893
-16.19415950224071
-16.232347141613733
-16.24608557148563
-16.25856045410512
-16.272851751596246
-16.26173003634685
-16.28408993676682
-16.27062392196828
-16.283301420929607
-16.286269565294955
-16.277281997016708
-16.292056892411487
-16.3060697016373
-16.303781739174294
-16.306343202761674
-16.30500196049456
-16.34522039365492
-16.335075638354596
-16.313563039827162
-16.345968209673554
-16.319434986563916
-16.321511652606336
-16.30893330590064
-16.3021191705018
-16.28945289012007
-16.293376200749723
-16.30352954291067
-16.31608918522492
-16.34978776651239
-16.334218009663108
-16.35480095542455
-16.340225267583886
-16.377189405345344
-16.356998996058184
-16.3198677604815
-16.308952293255672
-16.304234314992847
-16.309127013843174
-16.343563836093264
-16.324465275547876
-16.319202101564173
-16.31380952394548
-16.30526013899942
-16.293903305310806
-16.302107459783628
-16.261653975891644
-16.25201999750526
-16.250991437869832
-16.249416467259913
-16.27300920741264
-16.266574834634785
-16.300215532869746
-16.29895301408794
-16.301855942983497
-16.3235917458718
-16.322638626883798
-16.318294436833582
-16.301004422015698
-16.294848856690518
-16.265976752116675
-16.2613212244749
-16.257135261435543
-16.244303555994104
-16.2431752206293
-16.273819456916204
-16.290465049126336
-16.31224988666608
-16.3072206170057
-16.301004661659608
-16.355838333905236
-16.394720955236366
-16.392665544058804
-16.367264286322968
-16.333618631525553
-16.372313590112487
-16.388461737987168
-16.371050721872386
-16.376364880224422
-16.406074908022024
-16.41205893587084
-16.41070609145521
-16.42587958688778
-16.429501484940285
-16.41143400873084
-16.414434993301636
-16.420384923509964
-16.36965840122209
-16.40297225062293
-16.420406976369613
-16.39908110474313
-16.408050577361642
-16.377726792906827
-16.401011430039176
-16.396480112858416
-16.412228006648398
-16.42481900370708
-16.45634277025924
-16.45210168592747
-16.43381784173462
-16.46816745164579
-16.434952758730052
-16.426904433419402
-16.372282609249094
-16.376409609610494
-16.34258093980948
-16.339952267467343
-16.330755325343347
-16.318269258222823
-16.336479168357688
-16.37730618973817
-16.34069949821689
-16.307492947036728
-16.26397133254925
-16.267936613480554
-16.296032469634735
-16.311918189279584
-16.315806495028014
-16.3082497125689
-16.29183450014283
-16.27589832840894
-16.267387404648588
-16.27829046387847
-16.27619753018884
-16.251743886357968
-16.277592039691683
-16.256028629598443
-16.227437583934947
-16.233049055325147
-16.234850495033346
-16.220721360560407
-16.220485653657295
-16.180707942209168
-16.15499405562544
-16.15045944376345
-16.160406355462474
-16.172326304916044
-16.16175807915633
-16.17993209885969
-16.201940998027215
-16.16231350736496
-16.162396279147327
-16.21432632968416
-16.22747159427692
-16.242927212553003
-16.216863648320658
-16.212072375888187
-16.199105540488766
-16.15390261469528
-16.182386212407653
-16.173425411336485
-16.136826562439914
-16.141047622523796
-16.14874592613484
-16.210144846151213
-16.19954963930313
-16.174956928907164
-16.176725316746733
-16.236524564644466
-16.221671445213158
-16.202514298394185
-16.166655620670433
-16.143626636455963
-16.149172894999715
-16.181400796981308
-16.214455123140855
-16.204489197369988
-16.254318176161586
-16.28275814304125
-16.282449059929643
-16.277194516242357
-16.279219548566825
-16.30395775659189
-16.28666905815819
-16.26799422341572
-16.25302283354261
-16.253358498543513
-16.237958332410514
-16.247411508586175
-16.203179668399468
-16.19284979228581
-16.18164587555512
-16.190032738355693
-16.21419693760851
-16.180021380158394
-16.171036023024495
-16.196969477079207
-16.193245342158587
-16.210894444803582
-16.213856631764358
-16.197535575090896
-16.233933179483312
-16.245417814436866
-16.272904143257634
-16.272959587388257
-16.252475214164928
-16.247783792044913
-16.255042796275863
-16.234753578843062
-16.234251099130354
-16.226686156452114
-16.224244141594827
-16.228641106877028
-16.2397512866299
-16.259062362418593
-16.248640279061256
-16.21254300930742
-16.208880605107503
-16.229331076152786
-16.265847957504807
-16.26889399216746
-16.2497233220445
-16.26794810267653
-16.295137905183513
-16.275373704342655
-16.272935680595655
-16.273138028598357
-16.242680672291844
-16.26406059175246
-16.287197463433056
-16.292374719572717
-16.246232750994537
-16.18321943919468
-16.192947417964906
-16.186121184374617
-16.205700627917942
-16.2011419950596
-16.214285284482546
-16.205304154021288
-16.204461749463285
-16.2114148544472
-16.209061378799817
-16.209279022980006
-16.243957712967987
-16.227600532323617
-16.253249167750987
-16.23261340398674
-16.181504030412516
-16.205796112186174
-16.1893798301589
-16.1841467551692
-16.19665441393494
-16.178764159870727
-16.165591554095442
-16.19791220659923
-16.228110880455223
-16.21859821354002
-16.21812449293494
-16.24491336245552
-16.247789537088046
-16.26403667186515
-16.234536722630303
-16.20984036289396
-16.150317588601414
-16.172478305871504
-16.187636501411678
-16.165703187457378
-16.152218071593637
-16.167944474451165
-16.21747958466639
-16.213589710747133
-16.188940557671224
-16.177427375825378
-16.199305441524004
-16.215011444116097
-16.211081797488596
-16.25342847859101
-16.231843893343278
-16.22716502463718
-16.260845211597545
-16.266357655086818
-16.25727675557841
-16.263989702806658
-16.22792362477463
-16.206049647540436
-16.247260519242346
-16.2374505950046
-16.20162926916132
-16.17208558841464
-16.167159989076907
-16.175516909327786
-16.169019737128504
-16.172229128666267
-16.141777000463748
-16.163778010118452
-16.146141328093247
-16.199936159561567
-16.19465873679094
-16.171966453170274
-16.130017461311358
-16.151737338683322
-16.156494726611925
-16.171729873829513
-16.177726909830053
-16.169268509212706
-16.200952088025645
-16.208675135703963
-16.168383810561505
-16.187795062967524
-16.17109338591604
-16.163089677986456
-16.153632756727905
-16.12457068398815
-16.115302036907146
-16.11802119767481
-16.157248115960794
-16.173373277153438
-16.201083810699107
-16.21124564131268
-16.22192119461716
-16.23042453822935
-16.22484139224945
-16.19548642740862
-16.178676528107687
-16.188759882344247
-16.189649106806687
-16.201954664779272
-16.226739043914023
-16.247879443081594
-16.266480155584713
-16.290204132841055
-16.268661821387063
-16.26722510654675
-16.291299637052788
-16.280427215148006
-16.307164331377194
-16.294966311641936
-16.31925330497838
-16.3316204768414
-16.350795774840176
-16.306435145135197
-16.27941571638177
-16.301794240213507
-16.291757510846356
-16.321651757135946
-16.326428724920873
-16.31997952680171
-16.289293419818133
-16.25632357897962
-16.266863579663646
-16.27004742284197
-16.24170727993755
-16.22983967340889
-16.243984551201873
-16.22025317451775
-16.201148546340413
-16.222957298170147
-16.243548958339904
-16.278913851737652
-16.270291644743118
-16.274979785672986
-16.285317613135827
-16.31705667629587
-16.333013264466185
-16.33748774067238
-16.316211943314748
-16.28606847335322
-16.31857048469491
-16.330586287611332
-16.328265756842466
-16.34398276570543
-16.341139400409986
-16.307624845173354
-16.337722174957932
-16.351740419467948
-16.373380374361787
-16.391857871802593
-16.36548914248237
-16.34528748897652
-16.339400454313076
-16.35768100658621
-16.32715828555583
-16.3210984789347
-16.32000368345298
-16.31473869386644
-16.309539512482786
-16.356635121685525
-16.355615199235164
-16.327667278263057
-16.330986390301295
-16.348880659603108
-16.32525635059592
-16.348170629833568
-16.376534205665063
-16.35045680566937
-16.359647508739172
-16.34366292824661
-16.34041835390351
-16.374144889954856
-16.352165882163202
-16.356868441848164
-16.387458127955114
-16.38557429631435
-16.38580208834848
-16.367985166910877
-16.375986139927555
-16.372807289036654
-16.3528458736335
-16.376283062814995
-16.3433339425112
-16.328243631674916
-16.34559083643674
-16.331620766416542
-16.327483427826238
-16.342679304108668
-16.364923817835937
-16.36004050030926
-16.401282495169717
-16.391583952449885
-16.356862001531468
-16.368382950961156
-16.385067123458747
-16.329941085572486
-16.366282714636007
-16.376303707537467
-16.39903547682318
-16.395340641292297
-16.428610132899014
-16.426315617541356
-16.395019546341278
-16.36695902012798
-16.35147953745713
-16.296871185209366
-16.30472959085484
-16.269945286980175
-16.28538213894034
-16.32183613956279
-16.32901810662195
-16.302637571053893
-16.29078034690189
-16.297995167092044
-16.288037506363267
-16.319040797325812
-16.307851610170434
-16.32142204860625
-16.343478367187657
-16.34302798281967
-16.338442992110043
-16.34404523969401
-16.327362639402576
-16.319309179362342
-16.331300128210813
-16.388993406205735
-16.34542808962879
-16.347782317456414
-16.347194861679952
-16.342584302731726
-16.362687976799116
-16.360580310859394
-16.37815265942794
-16.37216223236889
-16.32830332944907
-16.32488545511301
-16.3279859911392
-16.350769824198853
-16.35573903898497
-16.36525660270628
-16.316729751302656
-16.33850779302491
-16.335365454641703
-16.32428781226836
-16.288011290398245
-16.287297408262827
-16.314379248796207
-16.32795289858708
-16.32108448627293
-16.294540579101515
-16.2741905415547
-16.28733386889369
-16.309595276925613
-16.292221248870636
-16.309237098234114
-16.288556616541943
-16.270364427233172
-16.273495073648444
-16.282318023585304
-16.299546844237778
-16.28953909470519
-16.262508870940167
-16.28291118407966
-16.271508884019127
-16.254780317356673
-16.28173735251395
-16.287158231219557
-16.25267889260037
-16.258423246840238
-16.261921828955785
-16.307401973579026
-16.27930699135916
-16.235121322498944
-16.23589887239583
-16.21913606771865
-16.19377835490362
-16.178580628458896
-16.200466788777305
-16.16073938632849
-16.1615929544114
-16.158566300149563
-16.160579992117093
-16.193147308593442
-16.195713194101334
-16.178926621966962
-16.176412687497
-16.178515396586832
-16.199583918726493
-16.21394336129074
-16.211319183818638
-16.223490853438918
-16.23340241762894
-16.236731971281483
-16.263308815140157
-16.260972773267326
-16.25156777468187
-16.293641680916302
-16.304157751558186
-16.304203427800402
-16.281208926238563
-16.247173059934564
-16.232353131365088
-16.24808053937186
-16.25511358038776
-16.255216589576786
-16.26237823752211
-16.264883864559724
-16.25344498165064
-16.23044664318407
-16.228425154966228
-16.22200256154884
-16.23572618268151
-16.22921527996679
-16.222828480535856
-16.219433753398423
-16.191644526449966
-16.204578795643375
-16.216876001083353
-16.201089294547177
-16.17648041420568
-16.218618031842073
-16.22249774565746
-16.225019835595667
-16.21153797497986
-16.256024618613655
-16.243571202311447
-16.23098590414096
-16.249626086800173
-16.26509558326417
-16.27463168026477
-16.26693921907658
-16.267792774111737
-16.255829342983546
-16.23279269173774
-16.21358183220553
-16.251590265976112
-16.22504254487249
-16.243321295124964
-16.251565381637867
-16.254443395656743
-16.230302297106913
-16.191654687074923
-16.21737236602808
-16.250762088327484
-16.223932791971382
-16.227438712309645
-16.24708786237812
-16.232376514333943
-16.21376074762548
-16.214523473363926
-16.206592745823922
-16.200872142528194
-16.218958900412762
-16.24324881070389
-16.271838131763204
-16.24054341764429
-16.227342823961663
-16.20334041310461
-16.231680019593842
-16.251288141227754
-16.224223604150275
-16.227362950899106
-16.197913188688055
-16.176324466349605
-16.189085431991074
-16.222412730941095
-16.259191192402145
-16.28471749149164
-16.25520605101719
-16.290222434888335
-16.28331116231608
-16.240201636399085
-16.26073951348097
-16.278841004157965
-16.265363147367804
-16.257282621632502
-16.277838091619262
-16.21758998414831
-16.20939935066551
-16.237428467863616
-16.251427822413337
-16.266449334351595
-16.248039227784705
-16.227933169102165
-16.237773347307446
-16.219545957081177
-16.221250935392977
-16.21370155136065
-16.227466087684004
-16.20563195356422
-16.1704838837136
-16.15587361877302
-16.169711449961103
-16.182544768333244
-16.22076414612149
-16.26218571269353
-16.279311091785583
-16.314570918921646
-16.287133689521074
-16.318144033140523
-16.310524420834994
-16.324360497033734
-16.301293272206912
-16.278243365090784
-16.291889922107714
-16.28744964502992
-16.33767022570689
-16.324625189610465
-16.316593379320597
-16.303462011399564
-16.28121847130011
-16.30445215812826
-16.317262952351953
-16.289884404016966
-16.3038868371474
-16.321798388672686
-16.32982522371725
-16.356143438437055
-16.316937652218943
-16.29423145034136
-16.258648980607603
-16.222239784819255
-16.239899873673334
-16.23805756805525
-16.236534126697926
-16.252444962597522
-16.240728015244155
