-16.306130471096584
-16.26787217713609
-16.267180578922687
-16.30634310488343
-16.33306461988537
-16.318485065885092
-16.288947229936436
-16.278595589738778
-16.22978747618406
-16.231583394616614
-16.193928659507396
-16.163356085729774
-16.18746397453769
-16.195775520344053
-16.24784867578171
-16.281136399387464
-16.284311263008018
-16.28455175936036
-16.286938409983236
-16.312157460737293
-16.309923176172582
-16.32935516347377
-16.329445473237243
-16.316689707907155
-16.33116761090575
-16.308296548157223
-16.306562437151143
-16.3117268024749
-16.313437360199266
-16.317556518565205
-16.282330165176614
-16.265851212290816
-16.219191385175225
-16.19654581624527
-16.220022041903693
-16.224396045152815
-16.258768594921925
-16.224681866090258
-16.202900265987545
-16.198632526530556
-16.189846420903514
-16.169284584862925
-16.168013856115152
-16.19050225571657
-16.216832003987527
-16.207804717996144
-16.19653658020712
-16.203491826169945
-16.218672315046675
-16.231821261482903
-16.17933550441137
-16.179142387742207
-16.175153660578427
-16.19640424961504
-16.188910403833063
-16.1518577762163
-16.15431802500235
-16.193415015310723
-16.160260687345318
-16.152201168473916
-16.15616933249935
-16.15379859068195
-16.175324473018605
-16.165992442586056
-16.216341668813
-16.19390451555383
-16.19833053542502
-16.179894916899787
-16.17939222496567
-16.157820436588842
-16.174852410274433
-16.171162195930144
-16.19299635211285
-16.16864719556852
-16.160079942447233
-16.182311737114684
-16.210887117317707
-16.22014992115875
-16.19181760230544
-16.19772352131763
-16.210678125850713
-16.212458731840584
-16.206749585470952
-16.233819409612185
-16.253852018990944
-16.215976116449518
-16.23722266682427
-16.231575989021273
-16.223207203487625
-16.207730129194882
-16.23117575894771
-16.231898803103153
-16.215791140796995
-16.23979024823669
-16.267666193455497
-16.257751660717158
-16.257041340216354
-16.270455924080416
-16.26091978200123
-16.295511473707826
-16.332916955999682
-16.331882730372296
-16.310280723733115
-16.307179769051885
-16.342304055142012
-16.327058906612848
-16.35562969168629
-16.3351912054144
-16.335510860382804
-16.35759497687702
-16.359073691902402
-16.344867752958518
-16.35022498227855
-16.299382845869353
-16.323750513922118
-16.319480912560202
-16.37204498096899
-16.34653230229805
-16.310945533601274
-16.35354704083454
-16.327193944130503
-16.340331831780265
-16.344779618714284
-16.347237875813562
-16.33768942907203
-16.3225060871889
-16.320391573053467
-16.288747488047193
-16.335593442815142
-16.31485322073095
-16.337464581294288
-16.29501811365808
-16.342562277765975
-16.340751115170892
-16.343522617005355
-16.347441578444766
-16.343757170888615
-16.328009772817936
-16.309200280331098
-16.33661079349763
-16.349491288413052
-16.359157869042743
-16.37199277069742
-16.380166768754634
-16.368568668351493
-16.3585870413317
-16.35992706470473
-16.344766130822105
-16.34367102988218
-16.353560278939607
-16.332258459329026
-16.342175129639354
-16.28244562629511
-16.25201176269757
-16.27938426809174
-16.291265172532842
-16.275545901931242
-16.256584011527554
-16.285978691800945
-16.286253953393896
-16.25205890365942
-16.259493756044172
-16.25461708332958
-16.241825412303587
-16.231761007392773
-16.22026358205688
-16.236933811744013
-16.22979053778761
-16.22161095517634
-16.243281166236578
-16.240949654722623
-16.231765747409238
-16.251977273140493
-16.251424762079907
-16.255864593785287
-16.226009629226706
-16.23504831792452
-16.280718536291523
-16.27692001559862
-16.258250104570823
-16.259892235635128
-16.228290602884936
-16.21603501397442
-16.23548936045445
-16.238627595454282
-16.211784064982695
-16.185932597545655
-16.197902582478854
-16.222137740957123
-16.248899730038886
-16.291914708779615
-16.24244560421678
-16.240538289434536
-16.228021193566278
-16.215157302316072
-16.22871576657292
-16.250979179082517
-16.241487964167742
-16.210856321895957
-16.212637357093897
-16.23503131804187
-16.212036488834134
-16.24413553880612
-16.22218623075084
-16.20679331166695
-16.18894109106943
-16.164981988760566
-16.199060855992396
-16.196491762819655
-16.20524077504765
-16.2149784303925
-16.200301008558643
-16.181184466289256
-16.210491104781326
-16.176593455485893
-16.182149840800623
-16.171982245046948
-16.17569548935858
-16.21380252700293
-16.193449052571268
-16.208725832599054
-16.192667160299102
-16.18940509397429
-16.16280182536062
-16.182933893519873
-16.19379458838064
-16.184140204162713
-16.193513060816375
-16.227392329679265
-16.206574823738148
-16.216244825302407
-16.192198716880604
-16.227789049563977
-16.209238026523433
-16.18757823712919
-16.170242722110768
-16.245863213877623
-16.26811867560964
-16.257912039541143
-16.261047631483212
-16.28670932923859
-16.28720781426559
-16.287966987457885
-16.276976795919406
-16.28872889090515
-16.30821470045572
-16.30369647270279
-16.256041877668615
-16.255183345713522
-16.272415763195387
-16.263545583845204
-16.267182209041888
-16.233537829170587
-16.216221360951796
-16.175765264530906
-16.188027332757695
-16.210630907821173
-16.20673529958621
-16.220244779685896
-16.219739038600334
-16.26231268714493
-16.29598086446802
-16.30898151381961
-16.297694599421373
-16.282976256936994
-16.277870756429728
-16.27743651138933
-16.303090487539365
-16.28759250758861
-16.28371929769868
-16.310314479768632
-16.327953432954253
-16.3542761697496
-16.361521869011785
-16.34405494236006
-16.362069413339356
-16.37229714464468
-16.342160864549808
-16.317085362393094
-16.30433588034719
-16.267113264073725
-16.311716939050804
-16.31649406059731
-16.288291775449526
-16.282098533988798
-16.329052480648816
-16.31435789935581
-16.300990661931046
-16.265400562370566
-16.24988681721868
-16.25215426616223
-16.26149151445942
-16.272424248594305
-16.29784392256826
-16.288209565090984
-16.269960214145836
-16.234353920475964
-16.23163304977869
-16.199409261401662
-16.204695061740313
-16.261730102011096
-16.2608493295725
-16.264542819118542
-16.274554867254846
-16.27091607457803
-16.28077370203396
-16.262127177392593
-16.27929533046214
-16.254993339928486
-16.27653983342671
-16.271813461293405
-16.25690860040324
-16.234666548562323
-16.22291890952813
-16.2366988258431
-16.225460576558447
-16.26533105098687
-16.247265216123004
-16.244549162391795
-16.223587363469576
-16.235416200909963
-16.257008894845907
-16.29861910051802
-16.284247896188727
-16.280076782846155
-16.280369946055398
-16.29421782808264
-16.2708737413071
-16.23099478680864
-16.22789619334407
-16.231898431235166
-16.231866913493484
-16.249162805646243
-16.268015378373843
-16.260005083393963
-16.273174521437138
-16.253397513264293
-16.211553305595583
-16.185842448402816
-16.189933477859185
-16.17111717334187
-16.18165225745734
-16.156345190464503
-16.162185340881692
-16.161900875853473
-16.1733722802735
-16.214760048509287
-16.22768480652061
-16.258538394922567
-16.255155811928237
-16.2754031157399
-16.257466118419565
-16.263553585537466
-16.240727558606512
-16.22287640769805
-16.186956286723863
-16.203966330701096
-16.198449408959192
-16.15226227594112
-16.157275579021892
-16.188426029577712
-16.193505614976416
-16.20511193375363
-16.213454664647877
-16.181745902967606
-16.20107665027625
-16.206156132826518
-16.18965231190806
-16.189587007015852
-16.21157780207095
-16.205755456312733
-16.201241605473033
-16.22603032874842
-16.218729904634067
-16.22774081465898
-16.254630332914594
-16.229856747068578
-16.21201888831354
-16.207219804798985
-16.223525042189028
-16.271345401939623
-16.247116180770238
-16.197615100588745
-16.24537317372828
-16.26762477679635
-16.26229199342931
-16.259338674645413
-16.27209607134642
-16.27507157106015
-16.26589449088823
-16.274563912148427
-16.27697911433388
-16.279168749766267
-16.314875083556352
-16.307274964829553
-16.32350554385307
-16.28836575519284
-16.272500675651596
-16.260228054875732
-16.28340812442067
-16.267042432541018
-16.25947502651332
-16.24504287666418
-16.273362699925332
-16.2619912740936
-16.277488579752465
-16.325946554903414
-16.30513990750467
-16.340249796133346
-16.340377951934336
-16.367454819948765
-16.344598661117118
-16.333238732665908
-16.334496022489713
-16.350173175974707
-16.326764225042425
-16.31628155846066
-16.33996384462194
-16.3531101332203
-16.317071275204974
-16.33170973572065
-16.310459033479475
-16.277419292954825
-16.269968404581856
-16.22937870731588
-16.23363411798192
-16.22479997016994
-16.224238500095733
-16.23176505444731
-16.204401107541106
-16.219120075329453
-16.17898706910235
-16.201016235789762
-16.203078312935805
-16.20587196086174
-16.212270131798522
-16.21020511537834
-16.197404761773203
-16.188728205507665
-16.205232364568513
-16.189653489631368
-16.201391568864295
-16.207710074783538
-16.199809903164095
-16.186162391407773
-16.206860296481555
-16.16700573398117
-16.156786826612837
-16.13614764074847
-16.120568993124095
-16.145375190762035
-16.124712677586288
-16.175762446179675
-16.182044274208966
-16.187191238412954
-16.217598167894497
-16.213003492505255
-16.200850878671403
-16.206256688407827
-16.16848016175676
-16.175101136400695
-16.18469230531828
-16.174393944399743
-16.15160062115464
-16.18605536593442
-16.189304123472716
-16.150245345897737
-16.162377265349228
-16.192463596468667
-16.209289817297414
-16.19264379945002
-16.204879479650643
-16.234318078713788
-16.244132682837897
-16.23875003893568
-16.2524324219354
-16.250009827160508
-16.21878389268468
-16.23755656596697
-16.22164603893776
-16.231621224161447
-16.23882947058445
-16.233819696179985
-16.19576050468469
-16.20710514143839
-16.24503518766383
-16.271316372173885
-16.258853124239796
-16.270358072879166
-16.267894670636363
-16.264291451537908
-16.261525602150293
-16.2377760677432
-16.240451842604795
-16.23898485404714
-16.220072935242715
-16.285217001284
-16.251374696858235
-16.259879017737067
-16.284240647041887
-16.25227137841378
-16.273792455774817
-16.292497862687643
-16.29766858123866
-16.311363615776834
-16.30725207639323
-16.302363335790908
-16.32683579852319
-16.32621785394652
-16.293711228428126
-16.310025524357634
-16.3157143076591
-16.339570113379896
-16.325404052319644
-16.326902478501335
-16.28305648475954
-16.34065823286697
-16.313967290692524
-16.29197684122952
-16.261316577054856
-16.21531572061516
-16.21393242512724
-16.25085178150465
-16.219779004771382
-16.196857453441023
-16.204920837765037
-16.20794983697479
-16.174991779901767
-16.222882614951068
-16.240006595087305
-16.236811170167073
-16.24720555065165
-16.21073362055236
-16.235576484458072
-16.221971144008805
-16.240476401275163
-16.21729180663492
-16.188291979902306
-16.218237950699155
-16.218340280970242
-16.26223001973255
-16.277085055990238
-16.267628194052662
-16.285964168054793
-16.294012772330124
-16.273146835089097
-16.26687285475195
-16.24916916604865
-16.206212318651513
-16.208523157055705
-16.203102060592755
-16.198502313474197
-16.21658425148362
-16.159762043401802
-16.17330192545666
-16.205441422768978
-16.194620483406023
-16.218040901745482
-16.23737461793638
-16.23878110138745
-16.21625564429759
-16.225617602313932
-16.203340616359753
-16.244728280417462
-16.25230290702263
-16.26031449731277
-16.285954927736444
-16.300109375396325
-16.25830921374334
-16.246309003807994
-16.22115850978215
-16.22738996640798
-16.18421887428949
-16.189288516577324
-16.189304215425828
-16.171523391661367
-16.172107897689827
-16.14099826386107
-16.138308223382143
-16.124366822980488
-16.106359537439374
-16.090611287800318
-16.106659746721334
-16.080967835831707
-16.08869680039338
-16.085016138420148
-16.12222883736476
-16.11951533152975
-16.09228867272548
-16.098799494705148
-16.11685944118915
-16.121821632964547
-16.161146808188786
-16.163573793341673
-16.105696347422608
-16.117490581012227
-16.152665811852355
-16.160461099554837
-16.167151451076077
-16.182885167951245
-16.19886368938277
-16.226112516432746
-16.23625950559541
-16.221166320636087
-16.223080102604012
-16.19894166039387
-16.224849542073066
-16.191934906493614
-16.208262360088067
-16.20566833233306
-16.21162605954383
-16.205985806869116
-16.227200901831683
-16.24868523856556
-16.235883387555834
-16.259338467990823
-16.240036687093045
-16.249341542310173
-16.202700370585937
-16.22673296473545
-16.22726370807786
-16.228543423057776
-16.21685437133459
-16.242966552474787
-16.240400800927166
-16.25751389779023
-16.236248849865643
-16.2194987669433
-16.224250106798145
-16.230762655759843
-16.252363459536888
-16.22675753731508
-16.214199275863223
-16.19095880775628
-16.190462651206985
-16.199160996324125
-16.225525551523862
-16.270341933323508
-16.30767455846042
-16.2920932184585
-16.29384783234721
-16.30050332272999
-16.271037233499225
-16.2723445849377
-16.291347947386935
-16.319814133443334
-16.300976470238055
-16.27185791092666
-16.272122224557194
-16.20658761184727
-16.22672217597828
-16.225113576576877
-16.234141132162918
-16.228913194403937
-16.238360364154424
-16.212478839979603
-16.187444936634083
-16.201149896655807
-16.179572325490692
-16.17513926328073
-16.16777562222829
-16.174303239151783
-16.18745386460769
-16.188772644644413
-16.221222605086453
-16.235303316930867
-16.230135242191878
-16.229676060829963
-16.23377090806633
-16.232671128752585
-16.2670459695787
-16.31571937183646
-16.31422709491278
-16.31256347047887
-16.28624726831464
-16.279131352158117
-16.245384457521645
-16.2410243804004
-16.211868654061977
-16.213310086739536
-16.237367037487655
-16.196196539465735
-16.210524900156305
-16.213632841812
-16.192602213637002
-16.206861978217603
-16.24688544278926
-16.281988013645222
-16.286847094741468
-16.243578330361597
-16.234476876735965
-16.19874214866214
-16.23047357602714
-16.225159693613566
-16.238134393718113
-16.262507221264134
-16.25120359539802
-16.318122819218996
-16.27140548814984
-16.273101150078308
-16.274758370015007
-16.300539035379884
-16.283466191495798
-16.26664311045821
-16.323348656302265
-16.289972127776007
-16.293629643864303
-16.318904923451832
-16.334584060455708
-16.297637674609206
-16.293255011388943
-16.285775437341023
-16.223352052325996
-16.22730838202212
-16.21900936580098
-16.20145655914419
-16.18341358127179
-16.215156040432376
-16.22852481591355
-16.223794830645215
-16.231193963573762
-16.23906736840212
-16.251791920938217
-16.22981136734365
-16.190152775347727
-16.17796396830507
-16.186526977143853
-16.18910699534573
-16.192459243272335
-16.211575028839217
-16.23586401234149
-16.21636849371222
-16.235690623703686
-16.243136501647175
-16.25932395526673
-16.21039201245658
-16.205778829072106
-16.253005524673128
-16.264678159169954
-16.2725428940729
-16.269911971908435
-16.290690951819464
-16.27006993257914
-16.284297367828398
-16.301050205041513
-16.311452925597013
-16.281351479509258
-16.282576939132845
-16.292089697467624
-16.303786158785837
-16.326115409329407
-16.332459456901113
-16.36126227686332
-16.356284327090588
-16.34713953975436
-16.330295126460975
-16.333490985954146
-16.365681081662295
-16.38206625602509
-16.402335441560634
-16.390951562514676
-16.379406922320996
-16.369330828132863
-16.324192072748605
-16.341410459577446
-16.31934419815033
-16.30450615458411
-16.293721140883036
-16.28872961956395
-16.303338352152675
-16.32601236000947
-16.331916471374562
-16.28922988706001
-16.28080126670876
-16.30666733338925
-16.287030476136234
-16.310871703846093
-16.331371429959365
-16.341265576500863
-16.303127745598477
-16.333311495685205
-16.345891414284416
-16.32836030035326
-16.322442946274048
-16.27167534552035
-16.219073951136863
-16.228485600679328
-16.21359830815271
-16.199770481119636
-16.194958415246752
-16.195921623266585
-16.20875649971075
-16.185978733759153
-16.181683493018785
-16.203510805854343
-16.1844023356552
-16.20585002362407
-16.221131494498724
-16.209584153501453
-16.220234846052183
-16.24907314740853
-16.227569298194666
-16.24233098394128
-16.29002620344661
-16.269523748686666
-16.26650315824935
-16.240217668415827
-16.25410770510703
-16.236733404607136
-16.24431871089675
-16.242483513393754
-16.219627196230476
-16.21017408365271
-16.20062020488308
-16.192555450330897
-16.23034620580092
-16.240982549847754
-16.210438403734052
-16.242118628367724
-16.22470469596444
-16.255304531060833
-16.261059306937277
-16.277990121925026
-16.26646436536565
-16.320232364783497
-16.296125770482632
-16.274057762192385
-16.262673822853664
-16.29423049404799
-16.27295710822652
-16.287115246237644
-16.287703468821398
-16.26550174290841
-16.261004035304545
-16.268278574161346
-16.269555282257894
-16.287219576911617
-16.31776917487706
-16.3183672572911
-16.304021774876787
-16.30270437646035
-16.312191148393374
-16.278397648990058
-16.315625970490913
-16.307772785437887
-16.310465949993635
-16.310844568590028
-16.31987488298432
-16.290803785868654
-16.309863213894552
-16.295407191476745
-16.318970225594835
-16.311672821116787
-16.288211935368818
-16.318139215330103
-16.3081433954494
-16.299239877333335
-16.284901648865137
-16.288874951029577
-16.3075081295918
-16.314982848862055
-16.319059571410442
-16.295302868533213
-16.312718111631572
-16.270934781384828
-16.255203416564125
-16.266989691987355
-16.221093478687987
-16.191062982947976
-16.196312994751064
-16.20211095528426
-16.218827531724354
-16.189645493304194
-16.2096673645411
-16.19514487099006
-16.182241284191708
-16.195321122252977
-16.208821905129778
-16.190784377892456
-16.195024494905386
-16.179699161940857
-16.16992564124062
-16.147289258859804
-16.149519344132017
-16.13158395691452
-16.14672397290771
-16.151947375514425
-16.137645846529647
-16.139025444101005
-16.145353523759034
-16.160594679213713
-16.159414399283637
-16.16162569369667
-16.12494956983947
-16.12945064373022
-16.09653196256845
-16.11713727515616
-16.122319932122952
-16.136996219585026
-16.17460078027341
-16.186625895723637
-16.21830159230827
-16.224068327249597
-16.185599074858533
-16.184140874578983
-16.16940633471642
-16.163131198024953
-16.1984688711572
-16.21929327155121
-16.23949705520451
-16.270024079684223
-16.25553289969935
-16.265325294901643
-16.243330395566694
-16.227334152940074
-16.242370933414207
-16.236892608978
-16.27458998160817
-16.29201373481942
-16.282639982308453
-16.27163507321435
-16.260642806029168
-16.197492240111583
-16.222620258019617
-16.209337779675803
-16.231957020246206
-16.223126473526563
-16.210607016375832
-16.25449409124144
-16.244338625926876
-16.24155447126915
-16.23739797670892
-16.218075914680217
-16.23390483776294
-16.261366829426517
-16.269200859754775
-16.27140688095932
-16.303572371999486
-16.297823921834976
-16.26550353251153
-16.269299551004877
-16.277441490071887
-16.27703205078208
-16.275938737132243
-16.26134749485239
-16.25971056618644
-16.249983346271062
-16.23618665267898
-16.25860967852556
-16.25849801393495
-16.272987295610456
-16.278298374565818
-16.26386295112781
-16.268757791566813
-16.26513290065722
-16.269778845607995
-16.295676732593304
-16.302277303717716
-16.295987906583598
-16.310929757617853
-16.27305467110186
-16.299401955362047
-16.31683810901024
-16.32803682053715
-16.308634734821357
-16.305905627131747
-16.301907624367697
-16.286201699947974
-16.29763634880583
-16.28883522129046
-16.29786190078185
-16.301707541644006
-16.296121323471045
-16.266034984852016
-16.26147515155461
-16.225130412631913
-16.23100072390811
-16.218008719826294
-16.235829714610023
-16.257063594222174
-16.241399521960126
-16.23980570426841
-16.280423472501564
-16.27310167582264
-16.267257063076084
-16.267765964308087
-16.253023608120458
-16.231896451532915
-16.254161410821073
-16.233554134189507
-16.288644757166434
-16.233295469879515
-16.20654212237927
-16.17641205198111
-16.168546056020155
-16.187416709785296
-16.18617529496287
-16.19170308033629
-16.215281403787753
-16.19714758777897
-16.202361715810156
