-16.334638195508496
-16.274318149614498
-16.289327989803443
-16.309022824065337
-16.237793479492147
-16.23754515077223
-16.294473276478524
-16.186750342227313
-16.244339441330197
-16.213722999664192
-16.254468088780534
-16.19315783593554
-16.272823463967942
-16.23901643930918
-16.244852202187655
-16.209071100236773
-16.20564877281425
-16.234578315823576
-16.24391061810127
-16.23541854796398
-16.3207553268789
-16.29446138679769
-16.263213430758924
-16.323639084236
-16.23283023114561
-16.3028669972911
-16.279867820476642
-16.27266488419308
-16.235732293047683
-16.244494096769454
-16.2609513402416
-16.283056764911386
-16.279055043070436
-16.273526052353784
-16.209072475885296
-16.287885179102492
-16.269518193811937
-16.264491580129885
-16.2540368642842
-16.275329786037155
-16.240192915485814
-16.275361713478567
-16.27532059512553
-16.234699306192308
-16.255591589013818
-16.204148185859573
-16.20829954011056
-16.22100858560728
-16.210367372427214
-16.227789306081416
-16.311162264989616
-16.263708149748187
-16.288221005817398
-16.282786458798093
-16.281729080692692
-16.225498512657907
-16.264695620118392
-16.224163367025778
-16.26179396371793
-16.24358850030186
-16.198118399239295
-16.26956456278718
-16.28024155120651
-16.2802261454033
-16.253097714857848
-16.271500747962563
-16.211125464245747
-16.257953787680854
-16.278147144752463
-16.219709015982573
-16.25360120243412
-16.296626270034704
-16.23936787023808
-16.23399086798684
-16.24638432189119
-16.21538029554304
-16.21425554324522
-16.22914318255032
-16.218917967166917
-16.211863595355833
-16.19641788806061
-16.19757051781834
-16.237839615379208
-16.25467745456292
-16.22970636361181
-16.260827609379245
-16.226189318893102
-16.275261431388056
-16.263028650379677
-16.266858414072537
-16.2986235841826
-16.287990907097697
-16.286646369287155
-16.31221504769947
-16.290294947861643
-16.269228312269476
-16.245683713578067
-16.244113670529778
-16.24088040599424
-16.302553980983397
-16.24041153042526
