-16.12252177205959
-16.09658895507435
-16.09151810901195
-16.085241387044324
-16.086911980281414
-16.08121145690688
-16.087093266867573
-16.092827376582196
-16.11639688473231
-16.107601208213016
-16.099503670515173
-16.10928266561253
-16.086022495916993
-16.09151731134654
-16.104120671327152
-16.11768260530807
-16.109655240180246
-16.095497418594622
-16.0706010192042
-16.08251534949013
-16.10877226266966
-16.126051639398845
-16.093231233451668
-16.11738907159509
-16.098044023752088
-16.09823678639286
-16.109661684927833
-16.09141972568106
-16.08857992678519
-16.062081642614697
-16.063939521479227
-16.06617398061669
-16.08563157231905
-16.068974848458094
-16.103643341837092
-16.1380407885663
-16.1160031323132
-16.095214258933577
-16.1339014665716
-16.110366073129576
-16.122530655345937
-16.113612835967682
-16.146035497184716
-16.13353571635091
-16.10555779020822
-16.11476367986713
-16.140085731490057
-16.137294322257883
-16.136878024206794
-16.12858472725839
-16.136398040048995
-16.138121085976362
-16.18161130663975
-16.188163203820405
-16.211910772385664
-16.19525976587736
-16.202498024909936
-16.19255558248984
-16.201560621675366
-16.20271917472001
-16.18732187926298
-16.205717035130704
-16.19840030705276
-16.20878240831202
-16.195299149266855
-16.19417842436412
-16.230208879256473
-16.238505324028605
-16.289842597155136
-16.276438465637344
-16.26188903358631
-16.27528851599817
-16.307834902113775
-16.238490664662624
-16.25965127825617
-16.238667678400077
-16.212648652582153
-16.20150021886181
-16.20020477486089
-16.20541201860217
-16.189824900888084
-16.169489163020174
-16.166784745150878
-16.162942279542985
-16.16784960874759
-16.17903341250483
-16.160922137773508
-16.151393673535967
-16.14952035181136
-16.146315126237898
-16.14247470280451
-16.178895259264984
-16.18386951971246
-16.186044484123098
-16.18737673545098
-16.217593756487982
-16.208151379269136
-16.182729055073576
-16.188004648962533
-16.205337080746325
-16.204978991063808
-16.1874723155344
-16.187787734023715
-16.187438591465362
-16.213639440132624
-16.253427541322008
-16.243662939077524
-16.259155662291427
-16.239104088450873
-16.252037923331486
-16.254224850038547
-16.28348721661053
-16.277942541239977
-16.257075449545443
-16.22462331020794
-16.240105240874374
-16.271226826891183
-16.276899817432348
-16.25925083131521
-16.29064334623447
-16.279666307241527
-16.281498231713172
-16.2430595081938
-16.234099706304384
-16.256167179817773
-16.302200486083976
-16.27657522162779
-16.281106691259627
-16.278531523947976
-16.281644454070175
-16.26070619091986
-16.274631807981827
-16.268523838194223
-16.263842097582764
-16.264519109834783
-16.25963958344696
-16.26265668198223
-16.235163637532608
-16.25193271751557
-16.260417058008684
-16.257031326871914
-16.244155324282158
-16.244716631912993
-16.249906442978617
-16.2700140202042
-16.234281860135415
-16.24253115374719
-16.20581409611066
-16.186739991797417
-16.203106849868313
-16.18300530648096
-16.18176615753165
-16.201062243276795
-16.191477388575784
-16.190960586959072
-16.15932338995463
-16.118789132021828
-16.108198611487364
-16.128099255531637
-16.16509004629794
-16.202642010576167
-16.223337889387295
-16.235612490675972
-16.220141875630638
-16.20660205909689
-16.226045380751565
-16.209805432857056
-16.248095292165097
-16.264248643954208
-16.26987254288083
-16.24250060490737
-16.27666723254946
-16.293660972852912
-16.26647400999596
-16.257635539634673
-16.248018080347574
-16.26296480970117
-16.206464590878372
-16.19899433823977
-16.178516009537468
-16.163351726328884
-16.145928302256646
-16.129106826792356
-16.097394699691435
-16.10957681707624
-16.130947281275848
-16.1369146100672
-16.149034935198515
-16.14511513962195
-16.141587895534865
-16.154768355397657
-16.174798249661055
-16.173426456188828
-16.173273650925427
-16.191057251461125
-16.143472820417507
-16.163056812538514
-16.129817239280428
-16.181699970707374
-16.14621240291361
-16.122822713629592
-16.101419896821195
-16.129130808797935
-16.131566635923072
-16.154617101635377
-16.146673625941638
-16.186015788391895
-16.19673600623735
-16.171199904994182
-16.164674346506835
-16.15828759402906
-16.183992536230445
-16.16057501838615
-16.13340054440208
-16.13597565669619
-16.10032063543297
-16.117270876152215
-16.121203336893977
-16.10658140591755
-16.074351275303126
-16.10385664772532
-16.097535416965524
-16.109199483528553
-16.11315592649973
-16.087960216999335
-16.127889228975008
-16.131655067024486
-16.105002695952773
-16.084433684746138
-16.09710475866761
-16.115881630174357
-16.103975680104092
-16.1377858655771
-16.124852327871416
-16.10075712779684
-16.063574204750743
-16.10925690750562
-16.08056603341484
-16.115633153410677
-16.145524360091734
-16.14900953304681
-16.15856048086393
-16.163627584307655
-16.169336559340845
-16.176021324129604
-16.143815554021224
-16.130100017871733
-16.12583373615596
-16.136570935330315
-16.137218746719558
-16.144213440176205
-16.126747012612825
-16.132044064523033
-16.128957162909447
-16.099217454400645
-16.10195287381246
-16.081827815752032
-16.079609818637067
-16.0857405870134
-16.10216613501571
-16.103477164524023
-16.125171588050772
-16.116447990207686
-16.13846541340873
-16.17113807733697
-16.14310945146651
-16.16746439835364
-16.14186572579617
-16.162170226105136
-16.19406058109004
-16.19958576113687
-16.190087394487925
-16.187188547047235
-16.21370113240188
-16.212499883057163
-16.201214720359474
-16.202113445541592
-16.1789444973332
-16.178114271189962
-16.170414733635866
-16.147781266928796
-16.140293887007047
-16.1571863292587
-16.201498551322807
-16.240109995426177
-16.242463333650942
-16.220547873611004
-16.162024979194094
-16.176291250422533
-16.20110176495904
-16.21559522992216
-16.15695312095736
-16.176940949837363
-16.19186418743601
-16.21236089526919
-16.22114076555475
-16.2113639002297
-16.230751964642014
-16.200616465132423
-16.202605909152492
-16.217756711008413
-16.200186146686256
-16.19902013920213
-16.1848833355158
-16.186564911037596
-16.19954948400302
-16.227912597692832
-16.228334813528186
-16.195394710263717
-16.216961786496782
-16.239797097861945
-16.214180760465453
-16.1970514809867
-16.204168829204878
-16.19579436607199
-16.17311662436202
-16.16188813809233
-16.163477350990497
-16.16583009404164
-16.101472167468952
-16.12208418235099
-16.12862761416843
-16.138354226538652
-16.1056367799097
-16.11962457535685
-16.11324614152005
-16.121688859903543
-16.157659068407543
-16.140607642580147
-16.164326789815306
-16.18682703387271
-16.17507478802352
-16.17285984547491
-16.148329812517467
-16.141324567849384
-16.141143674247914
-16.107713241942356
-16.09613621268864
-16.07533788198201
-16.0792223223957
-16.129422254121174
-16.12301072087635
-16.154662081883785
-16.189035067548694
-16.162736571529607
-16.202423460131556
-16.233332722131532
-16.239888903454386
-16.22002918072377
-16.203054032273634
-16.219048040220205
-16.25687733348038
-16.26637392909021
-16.270943355983636
-16.245135973608065
-16.26505643924101
-16.248560049814742
-16.22680060092141
-16.253301824574798
-16.219240310212555
-16.209963066927504
-16.231247509366035
-16.21904045397644
-16.21248831420859
-16.1853701629466
-16.186709282335954
-16.212614321604594
-16.246816230786617
-16.1908674007658
-16.21662476587874
-16.217588420221226
-16.18659787976886
-16.174017215579706
-16.197941332145035
-16.194437678108663
-16.20045593826635
-16.201771737781087
-16.19450332938554
-16.192009340619293
-16.15138119573749
-16.131501177360157
-16.123751146444913
-16.118678755156093
-16.14015882687679
-16.166711717490138
-16.144496336619028
-16.132824502076264
-16.103616103016403
-16.097778044438638
-16.10172420275877
-16.139352291426654
-16.149694347240377
-16.165493785267287
-16.18753193680725
-16.204598212482306
-16.2140078586384
-16.224751472747958
-16.1974040907025
-16.208324343443714
-16.201815277690635
-16.212084537401243
-16.240972471995615
-16.21359480210504
-16.190507468676287
-16.199214169910814
-16.187431028862548
-16.178513889868075
-16.19956978668703
-16.205204358048753
-16.22793564982798
-16.205131781425894
-16.215070345907105
-16.19107644336538
-16.170890183799518
-16.15333778386531
-16.11943548100164
-16.130715374866995
-16.08431509785542
-16.105392202160125
-16.11452540127546
-16.1094223962196
-16.113870815647548
-16.13381716663858
-16.123434204218228
-16.12874848557112
-16.16045806661019
-16.14671338058489
-16.18328374216063
-16.18919929668453
-16.22101008424617
-16.199651135982556
-16.184751427964187
-16.19526386861678
-16.228980379776793
-16.2100426060627
-16.21727254233917
-16.214257152739595
-16.222094987261503
-16.218370183834544
-16.204290966068395
-16.22746461983586
-16.20649985861582
-16.21853254110111
-16.243636535876323
-16.224151450871066
-16.24476522780488
-16.220160131469633
-16.210093910642012
-16.2060380148815
-16.19411260519716
-16.19733989695877
-16.196670981559013
-16.205426299598777
-16.192596509363206
-16.159361745192147
-16.140309282937206
-16.143742746685398
-16.168034795361347
-16.187815007630732
-16.1692492072528
-16.140552140793794
-16.137626635007962
-16.107150382774776
-16.10999130249534
-16.118094870320533
-16.102990255047892
-16.092357966588107
-16.106642915989344
-16.088687079702968
-16.092210130455545
-16.07287296411619
-16.069405211919182
-16.065593739596267
-16.062185569659135
-16.068553594986614
-16.06007272032074
-16.065157750909155
-16.060315984230098
-16.090843116361743
-16.056384813493086
-16.083964104019923
-16.087428920992338
-16.0764860336238
-16.048914184169888
-16.03418061783401
-16.00584213794048
-15.999777081399365
-15.999613183911876
-16.06952297622624
-16.07038760625181
-16.104722233758803
-16.07528051444397
-16.10319356999122
-16.102528009229037
-16.107324314806572
-16.11853511324279
-16.087638063617085
-16.087808062410392
-16.089941277497605
-16.122084074076884
-16.114123009954554
-16.10326404939346
-16.08751896421259
-16.084483981546864
-16.105190200835114
-16.11716490576232
-16.119806534068907
-16.1299139731138
-16.138959802300096
-16.11074733517667
-16.048601575652842
-16.044115678497107
-16.042398341236485
-16.036423081478663
-16.030531301479574
-16.067346036595904
-16.063330188251243
-16.056175183706433
-16.054151394268995
-16.086108879462365
-16.081427445789757
-16.057289242952407
-16.062696790987882
-16.03502350060279
-16.013014351371304
-16.01476387773534
-16.01440006926293
-15.981343597733838
-15.999216925586474
-15.987988634991337
-16.018752950092853
-16.034908801647415
-16.03844948924446
-16.04238179218067
-16.09092702566476
-16.097114012180743
-16.094216605410313
-16.10604443857512
-16.119988560392684
-16.136795453169913
-16.143699608252064
-16.1480073418026
-16.12878292704714
-16.128737083805
-16.099842439978225
-16.087355766265265
-16.07750194646555
-16.057821196388257
-16.02799928420891
-16.042519223386126
-16.035371375254893
-16.04957376843559
-16.081144887671666
-16.065261794642836
-16.06119886219639
-16.091596317730556
-16.076136684677586
-16.040690019738314
-16.036687505641865
-16.01910451675725
-16.012247741136434
-16.005885759020412
-16.033765922703292
-16.079772999049286
-16.07653848411519
-16.082750504649134
-16.076675856566435
-16.097589146342504
-16.076375158306643
-16.097237473822798
-16.103655442396466
-16.087795360844407
-16.111800018618705
-16.100998176664195
-16.092967325347832
-16.099861266534766
-16.093255670853956
-16.10967176878611
-16.130436369126276
-16.104449215422758
-16.11154872787615
-16.112724310910124
-16.078060433681312
-16.07476442394579
-16.04530394236444
-16.041965314043246
-16.05669323789093
-16.023158517597917
-16.01312923066694
-16.017503063653177
-16.052673960808416
-16.041309355775883
-16.067520481836343
-16.060426643438483
-16.041394987469573
-16.033148427861455
-16.04321075333715
-16.039503000473363
-16.036457420783115
-16.04403768819104
-16.042749947841518
-16.0382853211498
-16.07474147001771
-16.05403107678553
-16.01811760030185
-16.016508460406
-16.006632080239715
-15.981574794809582
-15.981926350909905
-15.98753649152834
-16.00380603835445
-16.034246417904246
-16.040038369307688
-15.99270334031926
-16.014397770612245
-16.013145843842427
-16.027045341476818
-16.031662044467925
-16.06640449339463
-16.0725906485196
-16.02471397874703
-16.043906657397148
-16.029930522538063
-16.030335095496298
-16.03015956912809
-16.023741877544932
-16.030293589491375
-16.052079902856764
-16.03504899973906
-16.0072923797259
-16.01837740334896
-16.00146961723489
-15.9772594499102
-16.002972214992127
-16.00738455937746
-16.056697572555326
-16.059419752457412
-16.13898152018733
-16.162460887687796
-16.169620689403274
-16.19586985256919
-16.173488381917277
-16.158755395502695
-16.126823093285108
-16.123291167711937
-16.111615401281515
-16.120692483341347
-16.11772507081566
-16.13735085120563
-16.17131395342289
-16.1382402323593
-16.12170096363602
-16.124264685560703
-16.150820087015052
-16.150382619733705
-16.122271131632985
-16.144914482094926
-16.127317699273473
-16.12525334519036
-16.092446931493072
-16.07861877860672
-16.082063445164586
-16.124055818582967
-16.093570057062283
-16.10057712416976
-16.107620352937708
-16.140549009424173
-16.17835592786758
-16.183576756797606
-16.156538996267283
-16.17094370736522
-16.18506521840437
-16.141253324169366
-16.141575403260635
-16.09433192777378
-16.103267632724993
-16.059054259201567
-16.029765028538502
-16.042309027301698
-16.051375936357392
-16.07897756353431
-16.072898966919258
-16.07525013215751
-16.095849417465953
-16.102905395158125
-16.12499506480557
-16.10985704023208
-16.110158519125385
-16.140768926218563
-16.11623950659327
-16.11406009369167
-16.084480415121202
-16.13702533348497
-16.143984251034624
-16.14542307481672
-16.154793104664936
-16.116784124402585
-16.1440069501688
-16.17406114958097
-16.187659918552118
-16.169976981385815
-16.155675853994005
-16.171421620668557
-16.186292730642748
-16.16475780373237
-16.170769897517
-16.167689314356565
-16.087591889787753
-16.148342997336208
-16.17879853194741
-16.189609448575183
-16.18652329600247
-16.17378203484201
-16.19536178258412
-16.13714460908373
-16.136213019844377
-16.11466031400305
-16.10775484955424
-16.106611889985913
-16.105079374311135
-16.085734874584134
-16.111800490748198
-16.130143333845897
-16.168457587257887
-16.14327950208569
-16.112974300709446
-16.12293814623789
-16.109179004652688
-16.097247481565038
-16.09673222941048
-16.091623801332453
-16.11226714055547
-16.11622698840843
-16.11357858273762
-16.07723209488301
-16.077817550237462
-16.095821072877484
-16.07531491245609
-16.100353565853744
-16.139526583040126
-16.13101990000074
-16.13089094189307
-16.182364255355914
-16.21124648555968
-16.180469362873804
-16.173929618833917
-16.170321560759586
-16.158256918836834
-16.14860285719695
-16.200509263500358
-16.157695844529567
-16.145059782484108
-16.16974572776684
-16.209628077189002
-16.19306843989845
-16.175403077848745
-16.11617075962797
-16.099916471028585
-16.107821602515955
-16.136264680204903
-16.12960350402009
-16.12703289811932
-16.141091703873894
-16.144221578058275
-16.141026519359034
-16.14321322249792
-16.13224171024696
-16.167638120655276
-16.192262693523936
-16.156517962965463
-16.194071541239857
-16.16831293699278
-16.20496815094467
-16.19860954274321
-16.214213742730575
-16.173680928708787
-16.17525175125982
-16.17176513827397
-16.20759131984003
-16.153873606449245
-16.18662774643043
-16.184366029627157
-16.20342102220219
-16.208230689935696
-16.182468800064296
-16.212834266879543
-16.189874051287408
-16.16400995710049
-16.142865081391435
-16.201166335348315
-16.17858658948159
-16.114660319549206
-16.110369945389845
-16.116757677855297
-16.14543460903511
-16.164259900239557
-16.140103757502768
-16.140211004228348
-16.109245414543416
-16.145389415087795
-16.168160069393753
-16.17614068361917
-16.14774423311744
-16.12209158339109
-16.093620492052988
-16.10304265939062
-16.097563105080415
-16.08470067107561
-16.089165451166824
-16.10229975645719
-16.109992972422447
-16.114403437457177
-16.11254504625634
-16.069660041902367
-16.05108933388294
-16.04496619992883
-16.044995232872534
-16.07470497489088
-16.078691130261298
-16.091960230857605
-16.109672680504733
-16.114386771519197
-16.108441107641152
-16.166890037463205
-16.168922696749608
-16.14097031354699
-16.130023273364184
-16.11881205785198
-16.08051777716387
-16.067978997149254
-16.09760646819795
-16.095247388624745
-16.11590549310497
-16.10269371461391
-16.112351544495226
-16.09091925126472
-16.083511883347377
-16.089459164443447
-16.09286054034322
-16.07226283012245
-16.10546640059655
-16.107040543176108
-16.125132077014186
-16.141993617844907
-16.16688461336637
-16.12147989307848
-16.15180388747237
-16.138598957562685
-16.134921212371715
-16.142832850522076
-16.1219878508172
-16.13598406280997
-16.13396419450012
-16.190951297339204
-16.17377771876302
-16.135216717863493
-16.10427476742214
-16.129403871907606
-16.136222336184638
-16.11118829843465
-16.13326524296511
-16.158095761351884
-16.129755711561607
-16.12953119844749
-16.159617503962256
-16.10097776779907
-16.075592775337004
-16.07011989755362
-16.10494609417249
-16.10685598784741
-16.127023079146376
-16.14915816580969
-16.161244873958402
-16.1740740662519
-16.18896393332502
-16.186671666723036
-16.158430102792554
-16.1512528349934
-16.167339030177825
-16.17792124414337
-16.17605904647625
-16.14076631116599
-16.129144107956026
-16.16024807675254
-16.180084177888936
-16.163500879303225
-16.17765042668875
-16.140521340358276
-16.141355332809947
-16.129908361975414
-16.138354416273717
-16.141809814097876
-16.133729416649732
-16.12616572945447
-16.135272026101813
-16.131647777073674
-16.166139061820843
-16.185120644801884
-16.11921259204538
-16.145566229346525
-16.165052907782325
-16.195736385745082
-16.23360878872026
-16.222468986588353
-16.19899983197441
-16.217953810027886
-16.20466377849493
-16.18829193326752
-16.1554995061967
-16.127098108019855
-16.16107375996588
-16.13424973984846
-16.111074551888272
-16.136767297896302
-16.148869415129738
-16.117468892688862
-16.09980385054558
-16.072415750248574
-16.08643197655739
-16.100596893382523
-16.11342073045109
-16.118266547694393
-16.082538773551995
-16.101213646092962
-16.076469143892076
-16.077373100129467
-16.10903557293226
-16.11043410769468
-16.13247615759833
-16.151376622231233
-16.144344028092924
-16.1355268380795
-16.101593126198384
-16.142041206679245
-16.14072622018726
-16.128891252822616
-16.10467593518273
-16.126448251875306
-16.142473546183698
-16.131139450196674
-16.114944548174805
-16.09690093064203
-16.108809387473848
-16.110251595546078
-16.08599364088456
-16.109733372251604
-16.12541808983009
-16.111995178627847
-16.117521338078053
-16.10202087990792
-16.085232061907174
-16.125887293167523
-16.104954435453624
-16.09762328897693
-16.078123280347782
-16.04229258136206
-16.056151943596472
-16.05260732126679
-16.05196190965028
-16.079707359480043
-16.083496463556024
-16.082026384554055
-16.088124273269838
-16.090067773623115
-16.1203246227257
-16.145355188660496
-16.157126970411678
-16.147518461654336
-16.12454208386047
-16.086662091781157
-16.07138359119382
-16.11622254611391
-16.10390189866606
-16.0880773259468
-16.078513076397044
-16.072933679770415
-16.074423784896506
-16.085468884756832
-16.074637497132095
-16.087336592942513
-16.08867777400139
-16.05089476544842
-16.056652228606293
-16.076375619998423
-16.06252212883976
-16.030901626614636
-16.072088370074646
-16.074690904380255
-16.06631544594715
-16.03635844898648
-16.02256944084736
-16.03175375275572
-16.047078894429628
-16.012762466875447
-16.036479672684642
-16.02870895627836
-15.987441548846466
-15.97506685345438
-16.02441166819523
-16.023957295444028
-16.069969402565707
