-16.154004871782032
-16.21681115364132
-16.18232911720514
-16.142724688892407
-16.19193523372801
-16.18770325713168
-16.151738777515565
-16.152659376728195
-16.153768159200748
-16.144872163706914
-16.159611466106533
-16.15222388168048
-16.123121740657982
-16.10616074114099
-16.208372900674227
-16.196316217664407
-16.230578518387308
-16.167445179344018
-16.226247389644055
-16.17799240597604
-16.185555508907143
-16.13550670345021
-16.128488223701915
-16.139131747801002
-16.20066966953105
-16.180947576499427
-16.092717239889087
-16.10917279201542
-16.117833931748866
-16.181045718548923
-16.072774586311226
-16.144279109425092
-16.16444207751377
-16.180960136055624
-16.162876083913318
-16.086231614597118
-16.133224218370017
-16.140029762364904
-16.195411225053327
-16.13115246267507
-16.174695428965038
-16.194379427231247
-16.15848929852676
-16.18301256683419
-16.10756008097804
-16.168527086395102
-16.154299634497253
-16.131728760320858
-16.11367413481185
-16.149181695972022
-16.197618238186433
-16.116276216107607
-16.170939492122326
-16.149139026499075
-16.143977671849242
-16.15485508567602
-16.127011303830376
-16.20069241276587
-16.152199066126478
-16.14944861190604
-16.087054892514324
-16.1341840029217
-16.14585825264155
-16.234737944278283
-16.206418413622938
-16.19118201383137
-16.18156871520798
-16.17389906319062
-16.116821619273924
-16.180035738905378
-16.100870375908357
-16.219279541404934
-16.20576118219249
-16.140742293110183
-16.124078280608234
-16.16673993437978
-16.206761009056773
-16.131109658235623
-16.123311124042544
-16.208985398086618
-16.22760671026567
-16.20331220782718
-16.14772216868757
-16.206656103717815
-16.16727498701579
-16.172966701212456
-16.154985150098533
-16.202121975790476
-16.20384381732497
-16.138919719642153
-16.16696398057588
-16.09527412075157
-16.16255735018177
-16.15662980145642
-16.14522954285652
-16.07226045003961
-16.118943223519217
-16.231034200351083
-16.200670577051035
-16.216031731132425
-16.16543966138346
