-16.16543966138346
-16.16550334023501
-16.172978794424413
-16.110818244745563
-16.1125577768591
-16.157713629916287
-16.079348288311397
-16.052276466396687
-16.103781794680867
-16.182912734814735
-16.12954073261048
-16.11653344955965
-16.14069230482533
-16.123035581567773
-16.080458851710702
-16.112762119930213
-16.144378881881465
-16.098726135780904
-16.118771502285124
-16.110765048117923
-16.107085827113405
-16.118319568404083
-16.0721528429478
-16.0653969351858
-16.142336888531556
-16.135913320228724
-16.102267060049396
-16.115232772660068
-16.087645089927143
-16.114346124628863
-16.140704464766348
-16.056588167125785
-16.09829453913272
-16.128997153998817
-16.114855778304744
-16.09711879792087
-16.159189795912923
-16.112290071780187
-16.14821023440454
-16.10618353556244
-16.14242320735766
-16.135758266472955
-16.117577487790598
-16.12886047103739
-16.11404983662249
-16.10477301947592
-16.14522952930574
-16.125522276235962
-16.112443837460848
-16.099338062700507
-16.107810380269107
-16.113701614573518
-16.115051967356216
-16.148408532698927
-16.122569827299962
-16.154242143768542
-16.129685359564867
-16.090958054311425
-16.16304631861431
-16.097299441132225
-16.10158243599897
-16.091649749265738
-16.143920771856063
-16.12647072223237
-16.051681691548424
-16.109960060055553
-16.10644807616196
-16.176983559234586
-16.13667703318013
-16.144417401825837
-16.175262995019818
-16.110656621534055
-16.120762517582854
-16.129689891596215
-16.11039298451587
-16.16169281231574
-16.065974104901116
-16.084461658150875
-16.057297894389492
-16.12206786762161
-16.124791027469172
-16.146177921604284
-16.10559125107885
-16.100329550071283
-16.13657053568963
-16.13385758090051
-16.107916858793057
-16.16570924505052
-16.135124465131906
-16.113775174377825
-16.122250870876613
-16.100561358939277
-16.104206383091565
-16.145651613891108
-16.13079011073233
-16.08984475471807
-16.126302080419574
-16.070852450960434
-16.188647889102473
-16.170731064804915
-16.148663655838003
