-16.069969402565707
-16.086743075243437
-16.07091921194885
-16.07557496027286
-16.066456483308542
-16.086829972362953
-16.084105257066692
-16.078735270702015
-16.092290955416967
-16.0868395035877
-16.10831150268436
-16.095163219565595
-16.126182771585462
-16.142459521527673
-16.156858093834266
-16.08312656333034
-16.046821611923882
-16.081164742472517
-16.058803720352692
-16.055398009221676
-16.0633200233229
-16.070180286963765
-16.082162564095
-16.096548499625783
-16.06179126105846
-16.011276870487585
-16.083820744027317
-16.08058040887833
-16.097531606293146
-16.068277584408488
-16.074274879927337
-16.099705644101597
-16.11380992699909
-16.088229974210773
-16.061111542844742
-16.038269249415098
-16.052967494589602
-16.02636629579795
-16.020583664435716
-16.02293542198946
-16.00600392389925
-15.988512127486207
-16.02979152550308
-16.032973964725386
-16.0039316237858
-16.033634006765954
-16.017935982357958
-16.00532485677592
-16.02243595386281
-16.04827663568335
-16.064087604228206
-16.05562962354699
-16.082724678665155
-16.06255413181699
-16.11073801841359
-16.103950720102436
-16.104326732846285
-16.127347491825894
-16.146904772672997
-16.12684072295429
-16.13140517018523
-16.145027161056305
-16.11788887230821
-16.158911512557495
-16.175758583438288
-16.187339587081247
-16.185936774194797
-16.160804773992744
-16.15757546862183
-16.118964368185384
-16.093506890125745
-16.112441143918666
-16.102748871286376
-16.10876751479793
-16.08973573702944
-16.050267771145826
-16.064623658222636
-16.060858978349735
-16.09032238676279
-16.096728936391255
-16.127368958811225
-16.10113493238241
-16.09738638510506
-16.100200965183625
-16.074814959389723
-16.09308353759656
-16.061091319070425
-16.057503928584484
-16.041498614054056
-16.05998980129288
-16.084503670097448
-16.07665401180217
-16.06212175281925
-16.046930649336847
-16.063583420309
-16.065295280752917
-16.020394542022768
-16.01730919755722
-15.990069148609399
-16.016274113758378
-16.016982950357882
-16.03085830030882
-16.06099134601114
-16.040920582684983
-16.091571680096973
-16.094230400089824
-16.095802324698965
-16.109301977369995
-16.101605085109796
-16.05999398073132
-16.05093145913044
-16.085109884573793
-16.083257097943047
-16.110917742650674
-16.085377801613653
-16.05191558585498
-16.05185568431803
-16.055592642854272
-16.03772598118306
-16.0292464423842
-16.04004670887675
-16.017636715670612
-16.008415431085904
-16.03910211618392
-16.041271469580565
-16.053415993121302
-16.119160338693515
-16.10834844367875
-16.114195983012745
-16.115704577631362
-16.05820120572794
-16.09129075953315
-16.09233122772808
-16.068305653117353
-16.05377566111639
-16.057264848939482
-16.09685438185464
-16.08770259250066
-16.084873309148712
-16.102321537500334
-16.1251369589879
-16.12479417172634
-16.127288382874532
-16.129887366830488
-16.115350554883758
-16.100026986328388
-16.103473882148982
-16.088689889262447
-16.09119820035162
-16.079701299606768
-16.064506117258023
-16.09744555260853
-16.10140094736738
-16.081984351651563
-16.109790469304485
-16.113693408303497
-16.08799440813819
-16.091594995251018
-16.080089921308616
-16.08174027508008
-16.089504086616984
-16.08785305732977
-16.106162602367604
-16.0739154259107
-16.061099926478477
-16.046590470916907
-16.01969559058907
-16.03508948680087
-16.052575770830437
-16.079293314746664
-16.095702420415137
-16.085780697130012
-16.096533995944526
-16.113057143450387
-16.127556501451647
-16.102025927799023
-16.11917768379001
-16.086183220374707
-16.101985599168472
-16.02671588206246
-16.025609054467097
-16.015639451031173
-15.990456442731444
-15.999324704149393
-16.010966198193323
-15.983384955523968
-15.985150069861024
-15.972958376164405
-15.964338603242238
-15.937011307586827
-15.947642107028862
-15.972271461122531
-16.025060297578886
-16.021204468006946
-16.030802123307424
-16.04374654184307
-16.05167023534075
-16.072593167463634
-16.086188081236894
-16.082340505201667
-16.080035501366186
-16.08490706231866
-16.078193339352165
-16.066218576264607
-16.09418444937506
-16.092740249042976
-16.143983504208162
-16.15929794171967
-16.16417774529762
-16.14637255743973
-16.123926686434697
-16.106734121859994
-16.121720177164896
-16.129827886413572
-16.136834448553902
-16.150590795182946
-16.155596165979023
-16.12850996141342
-16.151330792190684
-16.17412097478299
-16.11391461219135
-16.117062603868565
-16.138754443225345
-16.083261710207182
-16.104178100961548
-16.111106156932046
-16.108853944838923
-16.133726602146464
-16.149080771030643
-16.169296123063056
-16.16636379085949
-16.138928991108095
-16.129225413177494
-16.121943868586676
-16.13771592689436
-16.122481338574012
-16.111354551982604
-16.13063832154884
-16.149364147949452
-16.145189281266703
-16.121247465308503
-16.121019867191066
-16.11080008609666
-16.09533302116956
-16.055399441877388
-16.044368681592736
-16.082598002720907
-16.112156179288146
-16.09491969311327
-16.100145532980015
-16.103134213130495
-16.076665599000233
-16.068189335705025
-16.05994577790987
-16.058591105008848
-16.069552396510765
-16.105441244331963
-16.08815075423074
-16.12421858230721
-16.1360225327975
-16.12912442415332
-16.143038453128952
-16.11414457318165
-16.13245225759952
-16.156822470491008
-16.13666832690972
-16.110089427709653
-16.144457017631446
-16.14735018152243
-16.1399948071645
-16.168968833201514
-16.16068757811965
-16.1468075382007
-16.123346849863797
-16.125909782079066
-16.122688798796904
-16.114821601511537
-16.10536900043034
-16.139382344083756
-16.158007145418278
-16.126192668181528
-16.10823659093386
-16.09431663141405
-16.101646692231746
-16.073677907971337
-16.07804970915355
-16.06441181386706
-16.07239011187834
-16.043074959016366
-16.052492633591676
-16.075095020714457
-16.093770699411014
-16.083815134667287
-16.100555158525818
-16.10920454822841
-16.15737717511734
-16.115519803472225
-16.14432654143359
-16.140151171971773
-16.165594539742777
-16.160500797531252
-16.116027830603585
-16.108577636642885
-16.112246097975426
-16.077953931498953
-16.08181724142087
-16.114787416809467
-16.129198209618085
-16.115233541904907
-16.110126452928725
-16.08569757824184
-16.116450965384512
-16.130208704078516
-16.14545714144669
-16.120272195737886
-16.09519709249299
-16.09314512086932
-16.102509393865194
-16.088834699287176
-16.055029671933724
-16.05499696562804
-16.05800554418327
-15.996299987200139
-16.007822595610172
-16.052198785517067
-16.023958921909013
-15.986436246972808
-15.961584526722406
-15.978155474666032
-15.942497935511916
-15.950108330793302
-15.95831245563628
-15.97664031257122
-15.965897141091864
-15.981336788813024
-15.983010140351023
-15.967943582587322
-16.021156370779426
-16.046842079006534
-16.071578704886722
-16.049729659565998
-16.042756705736394
-16.056670938412335
-16.098580300932696
-16.077694195567744
-16.098790893331454
-16.063847306638678
-16.069257570317312
-16.065213053029428
-16.082933157437616
-16.070235127664642
-16.047037294074283
-16.01768338432372
-15.991163714600633
-16.03265954759863
-16.032741439831785
-16.037207720837376
-16.02197769849607
-16.046681457563327
-16.032230610241864
-16.058014338600763
-16.02919181432357
-16.056120105560574
-16.03283318306733
-16.067852733061926
-16.05388658509342
-16.04876759334228
-16.04531878091776
-16.051358572466963
-16.072731699480567
-16.10015062085749
-16.110664399439592
-16.101716842550868
-16.082134501013304
-16.080024151770193
-16.089601271264286
-16.102952172518524
-16.078222731971326
-16.049753793442868
-16.036419529625977
-16.066189888197847
-16.040463049138562
-16.02289235246105
-15.997828059223588
-15.966878210865485
-15.983118265534557
-15.984183760098222
-16.00240955299368
-16.03473808652165
-16.054729342894966
-16.08194122566299
-16.05710862770712
-16.045646994256934
-16.0661100843893
-16.050413417330375
-16.050107648250073
-16.079734479146797
-16.054286806995727
-16.06711441812531
-16.06740485043577
-16.083787082766307
-16.114590709729487
-16.112899798885696
-16.101814174838278
-16.118034711900844
-16.102323355295802
-16.129017929039673
-16.104986608732435
-16.15247849196093
-16.141639063441122
-16.125203946098182
-16.073314403708576
-16.092204414904895
-16.079024909912288
-16.092940671532556
-16.117976316127177
-16.153451649049146
-16.13127390064787
-16.13066732655138
-16.176386091307606
-16.144611332260478
-16.12043964973192
-16.07446959585506
-16.090340476141257
-16.098568153627294
-16.071787799663078
-16.08215198740715
-16.131633755920518
-16.094025208730006
-16.12081547719856
-16.100420097816652
-16.108159443274104
-16.108346442336725
-16.089381725598038
-16.070565747796174
-16.12525662541925
-16.109426986784793
-16.117442252764747
-16.11219383606868
-16.097832336486057
-16.09566300721573
-16.048054638299057
-16.03544053200338
-16.018643080428564
-16.01034253851032
-16.042948331011754
-16.058006574278586
-16.06111544632364
-16.047187611258163
-16.04757854488324
-16.085318739212013
-16.073994014079027
-16.051338369786492
-16.078912744351534
-16.09229456346809
-16.10608660573931
-16.0864602520806
-16.07888095203399
-16.075372417538333
-16.103827145785772
-16.097647905012973
-16.122004149459684
-16.14283750613339
-16.139660978049744
-16.173898020556173
-16.13331237559378
-16.128442397935483
-16.106467350569847
-16.094700296140605
-16.078157131191045
-16.08395955880706
-16.075546802395174
-16.09701702762958
-16.083546433125154
-16.105570055479635
-16.15180689406488
-16.178145878964976
-16.146302316795815
-16.12942566558178
-16.122190280259584
-16.148900627608974
-16.160257465257157
-16.145683024133454
-16.15857590717706
-16.15306610420213
-16.136678777867004
-16.10520969016496
-16.104417769276928
-16.107765263376386
-16.10554158659158
-16.09137287839498
-16.06463334674917
-16.069726685908815
-16.07506139908955
-16.042026995513464
-16.00483510943019
-16.041525037036973
-16.044501955751144
-16.01698360112437
-15.99360491637818
-16.0066958563572
-15.977841231111418
-15.957487995621554
-15.978859090724365
-15.995420403796741
-16.030778772422657
-16.054811810811913
-16.044834213662426
-16.018670914717365
-16.027088438241673
-16.03784773251029
-16.036744403350962
-16.045487631759194
-16.004048884438703
-16.03475790529623
-16.026422987909633
-16.034637096327558
-16.06531290781645
-16.092358533853204
-16.076946611211945
-16.1144146762463
-16.12266106155969
-16.1535298980498
-16.116418715384842
-16.11093185678649
-16.125649509051975
-16.11983372218891
-16.072221222395317
-16.09703363575702
-16.08485920087045
-16.05996824526172
-16.072461547212477
-16.065941954418207
-16.090519341086324
-16.0775950635072
-16.074771806978262
-16.103345436941503
-16.082998497621467
-16.08594311693303
-16.074534402462216
-16.097243135483414
-16.102696899808205
-16.121346360346443
-16.10030345882333
-16.10768696588974
-16.072631682502074
-16.04158301762183
-16.069101370554783
-16.032808295624427
-16.028260568998338
-16.061074727089153
-16.05561084356678
-16.046668853802807
-16.072921650013583
-16.05088347038148
-16.02816397911092
-16.048236993534765
-16.051108389875434
-16.04304258273215
-16.03360223795167
-16.028972112424242
-16.04227051456474
-16.053320908903952
-16.018572576987545
-15.973356075673305
-15.983901656319443
-15.991490934705926
-15.974041347752662
-16.00267313931262
-16.009478337517987
-16.005749176922716
-15.963162942607235
-15.985006572224425
-16.011920033489893
-16.040533789193685
-16.032086283688173
-16.01602073869341
-16.007967981401254
-16.028280831967933
-15.994393730323543
-15.98451374960407
-15.96405560869573
-15.986735053847909
-16.01267630172279
-15.996193188239053
-16.02321424845229
-16.04342602088937
-16.027303437568495
-15.985576243674847
-15.994148741980263
-16.074085800683925
-16.057867923819344
-16.03003948415314
-16.047519721344273
-16.038509231473107
-16.044780332228424
-16.084840700096773
-16.099448445477726
-16.098695720544146
-16.078995031416145
-16.073288581417323
-16.105944375821828
-16.116307925925778
-16.12165159103304
-16.12412509063298
-16.102701385942346
-16.10818706064787
-16.119734658043416
-16.110189565076723
-16.095329949531454
-16.098521870633604
-16.075899723199086
-16.07790846803282
-16.075998466478175
-16.107305972960514
-16.08867636549937
-16.138325946606315
-16.139520753217397
-16.102056092778785
-16.13661689911798
-16.110800017772085
-16.091662934203907
-16.10374311673752
-16.1153103239919
-16.140254125578068
-16.132458830901342
-16.138174573070902
-16.163984292561743
-16.105291144494846
-16.107436833441213
-16.132712311640077
-16.152808615520424
-16.163021707920688
-16.147400912100423
-16.149049032702543
-16.18463556006709
-16.16160435238932
-16.155615603013505
-16.15187473909707
-16.114463346237628
-16.069368791569797
-16.080429785962043
-16.091038726252087
-16.096411511261035
-16.082805015159245
-16.104250804775052
-16.082494722938602
-16.07150507386044
-16.12299492813301
-16.125667855428528
-16.072281564984074
-16.08338382945706
-16.081925567067355
-16.072205821979278
-16.08777461683199
-16.07135461216242
-16.104339158263862
-16.102779491613077
-16.10126588632827
-16.102344474584605
-16.10201938924363
-16.103934223063327
-16.06969768421088
-16.083331506592565
-16.1059702403456
-16.12596656875234
-16.136438304261944
-16.13529154240665
-16.124731649141054
-16.124796561919094
-16.10202458341388
-16.094967358271443
-16.110672429638083
-16.090985990735593
-16.074604058761967
-16.06253176434844
-16.074699593548438
-16.058608509735176
-16.041025513929775
-16.01920286988928
-16.009980493076263
-16.024992153600266
-16.025706594612206
-16.026473615553314
-16.03616493006541
-16.042992594575917
-16.01629349596511
-16.039776739264656
-16.058706404396432
-16.073629368704548
-16.07953589972698
-16.05946047313884
-16.104254417539362
-16.041679363867335
-16.050265375708467
-16.0825802098271
-16.11337111142224
-16.093786088740895
-16.101590842832678
-16.095819590119124
-16.067915907941224
-16.107922014862257
-16.09247001696993
-16.070777177108738
-16.07979830251163
-16.11283522621453
-16.101139513886793
-16.123022219415454
-16.13287813399234
-16.15297599871204
-16.118172314271145
-16.099620461146284
-16.120663224049792
-16.10799021189714
-16.072559505447245
-16.06336169073816
-16.061713201785135
-16.085895958677373
-16.089031367507573
-16.097514961313234
-16.106776502028506
-16.08391423476974
-16.061910861107044
-16.05127387195771
-16.030613913846977
-16.06765568871661
-16.068933115491244
-16.094810976521106
-16.126770599691195
-16.094883923215566
-16.06648383362766
-16.054681852701645
-16.025811095864878
-16.04178754268082
-16.02901841576725
-16.049924073051987
-16.045267592933687
-16.0371751807113
-16.028396792603083
-16.04065563270146
-16.0468400713941
-16.077305767120638
-16.084839365966154
-16.109000987574408
-16.12924833880037
-16.139332811289325
-16.14081803198757
-16.115154196020217
-16.11069891232717
-16.086703278461826
-16.094753656493822
-16.07733893590629
-16.079534374677234
-16.088331005026088
-16.116487843053033
-16.093087574337932
-16.142512277956566
-16.123714805380718
-16.1430730937753
-16.167162476536625
-16.186368552209277
-16.220598571876657
-16.200460772249155
-16.197298622190292
-16.164814158009317
-16.1229779818503
-16.13202639981527
-16.104434848035456
-16.116682221683952
-16.079044613678935
-16.091520900106936
-16.09801925199083
-16.108179107478637
-16.080504471672292
-16.09628999244582
-16.073767557399734
-16.067122521978096
-16.12990729562219
-16.136984833690526
-16.141146082323118
-16.133011639369116
-16.126541014935786
-16.169866893456366
-16.175216016610293
-16.17730886994755
-16.179213481854397
-16.169734469164325
-16.135014726575932
-16.120339582797552
-16.11789124982548
-16.100311045845427
-16.118563195462997
-16.117840612173516
-16.10752861129105
-16.098684262979784
-16.099335654946366
-16.09930600161071
-16.107150023825284
-16.137048081189327
-16.147081593241268
-16.15454859800114
-16.175681283236766
-16.147203692044766
-16.143488898645124
-16.200031788912764
-16.1603610648992
-16.202132024556573
-16.221631131245715
-16.21968780288366
-16.22289828957908
-16.191657141724587
-16.15569600251302
-16.15565196776623
-16.15377727461753
-16.1283496434046
-16.13199625936753
-16.135857975670245
-16.13086432740297
-16.136234719558374
-16.1674698118537
-16.154534570013244
-16.177562376501832
-16.172534702217696
-16.1360176009601
-16.13180579186848
-16.162872774920537
-16.144324122132574
-16.135736209900855
-16.16999832901349
-16.161827221552944
-16.141328620877136
-16.101681798244663
-16.078857364692876
-16.08481402465383
-16.10063521370869
-16.094291589480004
-16.092818440123317
-16.11218241037119
-16.136581447826085
-16.093489351030758
-16.120959277319276
-16.079281509979953
-16.099592072811312
-16.10603567717624
-16.07538048944363
-16.066959444725093
-16.04252373784398
-16.048638056479597
-16.057464728004522
-16.04925324383799
-16.05913333344523
-16.055008486700608
-16.013744466395433
-15.986915873399477
-16.008852318785227
-16.00507204916157
-15.998179900112213
-15.977102115067522
-15.988266016429511
-15.997638170337773
-16.03878002956173
-16.03284193836091
-16.01645998728831
-16.058999151477856
-16.042700368328934
-16.0853992060327
-16.093323963053553
-16.11164688455304
-16.111949232870504
-16.102633586475072
-16.089345293764687
-16.056833871017723
-16.050441999666017
-16.069513101641693
-16.104879693384635
-16.096009959450694
-16.117442778210403
-16.092792135719275
-16.10122788162218
-16.11561677315155
-16.08133663898777
-16.07656900375328
-16.077832497484657
-16.070721353941536
-16.040048502645906
-16.05756138680301
-16.08979505264331
-16.05494445818878
-16.10177596008028
-16.142718351243936
-16.181646941140322
-16.20968684068019
-16.21849069446531
-16.193643069065416
-16.183189003427156
-16.13782318489171
-16.113673244876296
-16.1237520028912
-16.12730018412146
-16.146061480979924
-16.131325943158608
-16.12332558113769
-16.09586062984467
-16.129346056524387
-16.13278330982286
-16.161702814199167
-16.161959269227474
-16.15177843887604
-16.1308983921515
-16.1520421876084
-16.150090683889243
-16.15143990148289
-16.1286783858333
-16.066643916218723
-16.04738814244921
-16.056092387632944
-16.046208227701616
-16.069980325633427
-16.10445510264419
-16.085832129467285
-16.068353938242836
-16.102670819805244
-16.08746451861314
-16.1204304235099
-16.145148680701883
-16.16516550977451
-16.19541158124523
-16.15957925624408
-16.18119049094378
-16.138356057397424
-16.143450173525242
-16.157041787147023
-16.15083353513542
-16.160358137110197
-16.1457623995442
-16.13345069826055
-16.099536337933063
-16.093758297588725
-16.10076721051614
-16.150561215460428
-16.146858933626746
-16.166407949176058
-16.160666582056237
-16.178405902015065
-16.116982093051202
-16.143354406864706
-16.12485819563058
-16.10698578446255
-16.10631624628276
-16.07840444961779
-16.100452340211152
-16.101140072795268
-16.132405288949286
-16.11616855677427
-16.10673485027846
-16.097864123080285
-16.06586662466781
-16.048518068269352
-16.04522320998929
-15.97553162225669
-15.955878015294486
-16.007632448749423
-16.010442220413
-16.04137248231036
-16.01424107999773
-16.053364002263876
-16.05544713768365
-16.075226627944232
-16.07007211290702
-16.045510618316058
-16.082688590237716
-16.07528294897167
-16.043665635031797
-16.02019216684181
-15.992659035104799
-16.004441248991945
-16.021368960388404
-15.987821214271102
-16.00631406749461
-16.006156591466308
-16.00285915127753
-15.989942376116389
-15.990108483660906
-16.01273388579117
-16.027809850033183
-16.007561477750627
-16.051617660259193
-16.037646213911575
-16.02970752618069
-16.066054722478746
-16.04173059601391
-16.06644324230332
-16.059642280529907
-16.025430205358578
-16.0053927079052
-16.02221382249923
-16.02566909180669
-15.998958727380936
-15.991309403686566
-15.98943604660978
-16.01449315573557
