44.0
43.54054063033785
43.063235525840874
42.54600930918205
42.0116838894026
41.43178328766698
40.79779813495207
40.10104879741306
39.37451124659323
38.6213184006675
37.82262167849299
36.91651197414555
36.02991458659714
35.10024811553312
34.08513412114117
33.06282653592896
31.983039475231877
30.867163962200628
29.73281896688038
28.518332931747608
27.36865030750696
26.173566655260394
24.973725764381467
23.68141886157107
22.347130285607374
21.1079828949937
19.79084787513127
18.497813438645093
17.220991936992345
16.01953750282744
14.779384989577842
13.528939232839608
12.346102438375373
11.093056601136356
9.883322642474893
8.773044341086917
7.748440135222074
6.646904889306357
5.634722494958152
4.703268321949238
3.7233172347791204
2.891895020723754
2.0494563515647815
1.244453323419266
0.5220226900526975
-0.2600191170377935
-1.0453312527347673
-1.754808186795247
-2.4605660900044923
-3.1543347765373597
-3.7522181801125303
-4.330469740542715
-4.877441663009348
-5.412887876718812
-5.908500971182095
-6.375567292230869
-6.734886653423623
-7.152825136684681
-7.530725622774484
-7.909066349728527
-8.265711337314302
-8.611859952699092
-8.959080601531715
-9.254594819706814
-9.499764375145352
-9.759520749928406
-10.009961250516316
-10.269857403659971
-10.531474058524303
-10.72451160902974
-10.957704398615997
-11.124750872726056
-11.309700951244826
-11.47810557659003
-11.662940369841605
-11.818505564496792
-11.946090259170289
-12.093421421269225
-12.233189780384263
-12.375093932970927
-12.492376381985977
-12.612587620858532
-12.722097993830484
-12.843120532409328
-12.953342500978957
-13.056562774144725
-13.128430941303487
-13.189095672055055
-13.25689151036673
-13.320441311419806
-13.396044411170468
-13.472691659190355
-13.547748388163347
-13.620825221184122
-13.682148751534172
-13.713424111515156
-13.730508750441397
-13.784591066859658
-13.861368032312619
-13.920486265269798
-13.95444817208536
-14.00878665519656
-14.070960924848839
-14.108146101895088
-14.178401808893922
-14.23246126320869
-14.282592242676852
-14.338745963287876
-14.361254224066165
-14.423525155581599
-14.449806396612574
-14.472638096945051
-14.526702488426865
-14.554719968806266
-14.595200327150915
-14.634109244027819
-14.65717499624472
-14.687211896792443
-14.721400095135358
-14.746076224133931
-14.744228134886491
-14.76804112283
-14.802992925506542
-14.83304345371737
-14.872052917975198
-14.903028850673369
-14.937192433204972
-14.950462617600863
-14.943604973481293
-14.944403900945405
-14.960750716572361
-14.974374825758833
-14.998963592032275
-15.025296458654974
-15.051856163069893
-15.058547090782682
-15.071748871110087
-15.107792830695912
-15.087978789895047
-15.130872723474337
-15.127714693771201
-15.130454299899382
-15.111631045719802
-15.107611023441972
-15.160444800974442
-15.179042561885277
-15.199533149546346
-15.209576033734395
-15.213933338549507
-15.253313338949786
-15.272992463911118
-15.302743815529363
-15.303472694343629
-15.33683548806256
-15.347758257904983
-15.372983574038031
-15.4024538434689
-15.407650440166154
-15.41445263623353
-15.404082522233352
-15.405934958907798
-15.422329544226816
-15.4322873833402
-15.462370944887311
-15.457232685133356
-15.444170353702155
-15.467430861180024
-15.48515519922096
-15.516484702165751
-15.530755448148769
-15.542409555759603
-15.564960014768756
-15.550270894665543
-15.568798674270834
-15.595760078447908
-15.596270127622258
-15.581392592423558
-15.548878176305433
-15.551962346516012
-15.567266596708704
-15.584215820899018
-15.58866086935013
-15.605789983724641
-15.608054516706154
-15.618206897469205
-15.591266510732016
-15.605607101208216
-15.600095588976384
-15.608392226923565
-15.601301481766756
-15.612823154481864
-15.62596693122199
-15.632731414993337
-15.629537460476282
-15.636199875791213
-15.636457446731155
-15.655051752740677
-15.663419366474537
-15.641165580555054
-15.652053059124075
-15.66845023591307
-15.690163480951759
-15.664778163864055
-15.699751606865087
-15.706741965942586
-15.70796770606535
-15.706805441214767
-15.71285914304928
-15.69279754356132
-15.687932925777934
-15.69650635774489
-15.694601800502516
-15.709398575129214
-15.690862007405718
-15.701902861777768
-15.710156142765786
-15.722278404724479
-15.71553322129931
-15.712529684126439
-15.70930348623028
-15.723143004786898
-15.71288584734636
-15.701265340623358
-15.724170281661777
-15.705395173598227
-15.685640421758562
-15.699006566822035
-15.703227341066423
-15.711358381286011
-15.733996808004534
-15.720993550995292
-15.728574026411087
-15.74396218165587
-15.745845231769502
-15.738566644830762
-15.72574350613377
-15.741364596645122
-15.745185387234354
-15.774085743328454
-15.757869819654065
-15.76258262037969
-15.77828508014403
-15.762528392786907
-15.761465376119386
-15.787309824237886
-15.769073551360853
-15.779119257281852
-15.79219290289738
-15.803305887800686
-15.818287940679294
-15.845240401733799
-15.821799901142347
-15.804191520344702
-15.804062016319296
-15.816765407618881
-15.822534242996456
-15.815378330347237
-15.829460061657725
-15.800131614615417
-15.81800074489796
-15.805584196489027
-15.793772593602826
-15.780210320856467
-15.797406836742391
-15.803354261349757
-15.828156486723111
-15.830472440962488
-15.836022097018342
-15.860031532484724
-15.881293591344452
-15.856662684814413
-15.833547572156986
-15.833756639724859
-15.833595978915675
-15.851350015791471
-15.86506154180402
-15.892772705849978
-15.909627595879186
-15.892533660440828
-15.892075397874999
-15.904199445611106
-15.873888089018457
-15.884178477040615
-15.920562433482887
-15.913403440035447
-15.9120702312942
-15.896221749842532
-15.897004897956835
-15.918313045468194
-15.914394149012633
-15.921459588946094
-15.91763333936743
-15.918123473030041
-15.9184051292165
-15.922350394358329
-15.924137693192279
-15.956550769883366
-15.976445767409652
-15.972710586684855
-15.958408583510712
-15.968465777527209
-15.960300389009987
-15.940406083282433
-15.974261940329319
-15.958651344966826
-15.979427766583203
-15.978818884619425
-15.983003826605465
-15.979743938687719
-15.984922557186865
-16.002308301214608
-15.980508402569306
-15.957348121817704
-15.949952294195176
-15.946651903985883
-15.911950816724515
-15.900045479416132
-15.888977378286345
-15.899532325766861
-15.890359094982003
-15.889746359812754
-15.899150502864277
-15.898229691131917
-15.884007120628636
-15.855307958758184
-15.862001353382317
-15.87355844096219
-15.867327299490633
-15.87013258951496
-15.891196049997575
-15.92247561759951
-15.909791592645048
-15.91673728373975
-15.914686322941336
-15.921169840010934
-15.91480733654464
-15.917591255328603
-15.93900470155376
-15.925874085964573
-15.900324580505849
-15.90481845362876
-15.89032046228528
-15.88351180175349
-15.89633124834674
-15.906017890712729
-15.919646708450573
-15.934278338387298
-15.94977528525357
-15.944821164718633
-15.939462829057351
-15.947596596586603
-15.935838561227571
-15.90439635456056
-15.894474931805156
-15.907447833301521
-15.907286460004165
-15.905508022943174
-15.89527933939238
-15.8973958436286
-15.903290813325363
-15.944324270117729
-15.948877294989558
-15.939529512988665
-15.942223875677438
-15.94694227447209
-15.953615362207467
-15.931727650144332
-15.92916177884447
-15.931840164951062
-15.928586261566618
-15.922214270955754
-15.936610971354284
-15.929008327989157
-15.9352217867482
-15.956632218202955
-15.943483086970042
-15.926509312443224
-15.946320570807131
-15.923964442213904
-15.918536531259273
-15.907055985407766
-15.9171515197888
-15.939286984803212
-15.924923104023907
-15.921387299079715
-15.936618215983243
-15.939919160765085
-15.950232959355757
-15.921807946852333
-15.919277667005302
-15.910721675056203
-15.910744142089067
-15.927426339650442
-15.914762948726539
-15.931214770202455
-15.923933532851152
-15.927147877337413
-15.924936564481987
-15.932506337512965
-15.94342499755651
-15.932049671224783
-15.92978074130638
-15.926614292757957
-15.91376269230169
-15.898611405317924
-15.896415074848951
-15.907176729828384
-15.912208976049895
-15.927828323571585
-15.910380475208628
-15.920437169337864
-15.948965061842841
-15.931655613318602
-15.93729180510262
-15.95650979041932
-15.93774355049585
-15.94867481520197
-15.963588519121801
-15.950577827796485
-15.98328651220026
-15.984604691121186
-15.946097834998431
-15.958248571408049
-15.936908108783776
-15.9247540053386
-15.904633716587004
-15.90378375950641
-15.91735468924436
-15.924914673257534
-15.935352237689061
-15.932613422665634
-15.948828584319008
-15.958351326962253
-15.940047192296
-15.915968386795917
-15.902202668380944
-15.902195747887049
-15.918217183886787
-15.918636408574155
-15.928512430976419
-15.914532863158064
-15.890450487851437
-15.884828363758547
-15.876584805544834
-15.892748603853189
-15.90907543170664
-15.930746067838209
-15.937580879779699
-15.946003632500885
-15.93845360381423
-15.92721575009046
-15.934021525955075
-15.929615768447988
-15.932140574685993
-15.931100212627026
-15.935681003120056
-15.916304601489982
-15.910540248157398
-15.948209311251299
-15.975260650205065
-15.980192064253817
-15.974268601530177
-15.987110819544583
-15.992648546245663
-15.991779062786442
-15.978861212991097
-15.966572754715255
-15.955741922409265
-15.95813419116291
-15.970483710525572
-15.962699360172891
-15.964643109677345
-15.988711042865324
-15.99106885794741
-15.98309070889528
-15.972655483544331
-15.966036801397838
-15.955223034990459
-15.975998903015375
-15.965442287933644
-15.96366792424502
-15.980533073490857
-15.979126052652079
-15.979334120942365
-15.964441578825795
-15.938520984857998
-15.950516327546246
-15.940929036567718
-15.94099122631935
-15.944829273250324
-15.936378203358688
-15.930896450797642
-15.921330213452062
-15.920168808670399
-15.947022678343625
-15.985831467053693
-15.984041128877813
-15.954740611737943
-15.963908714867012
-15.971726971431826
-15.944467788830316
-15.937752672918009
-15.96707695157158
-15.972845198525183
-15.961544611440955
-15.99047770432057
-16.018785032745946
-16.016794668636752
-16.008235622241084
-15.997976525805134
-15.988139458613636
-15.995470056360146
-15.99262246389114
-15.975827251818572
-15.964347408453646
-15.97612734568481
-15.981792752785118
-15.963452425678943
-15.958493977969232
-15.965188411076387
-15.968771690415837
-15.97301753615099
-15.979497775980866
-15.98416233638685
-16.015586351474216
-16.01807048451215
-16.003588613523547
-15.998983220470945
-15.996835033344151
-15.974494283782755
-15.971411260139607
-15.98702886820263
-15.960188251661233
-15.951641997147162
-15.944443714780752
-15.953963300438552
-15.949562715078448
-15.94093122979561
-15.952499083820996
-15.908159862677245
-15.902555051465246
-15.877442059680007
-15.880570558457118
-15.90958598934153
-15.929643091823976
-15.918768119931629
-15.95611405996731
-15.950749986318083
-15.962622430928095
-15.990984138549981
-15.994844600932476
-16.010017906748935
-15.992676535206117
-15.980033949941332
-15.96421780401293
-15.965709777291616
-15.984212632154117
-16.002768776872934
-15.995498837443026
-15.984079920232318
-15.985736680081704
-16.0036759324295
-16.0039995539685
-16.000608280309518
-15.995231144644617
-15.983241437030664
-15.988461099780649
-15.95705828179299
-15.957052766612467
-15.928399960110326
-15.94184574465478
-15.968847248556973
-15.974236595592922
-16.025361786742124
-16.010190269420338
-16.031061190192037
-16.04771278822543
-16.07205553798561
-16.05131030529596
-16.07011534080859
-16.088249882751747
-16.092645151333908
-16.08428646689108
-16.083745692510423
-16.10148942539162
-16.113222341495966
-16.09313298131598
-16.094853565428586
-16.096291588549335
-16.117875726104053
-16.12400014830082
-16.136205752596727
-16.14813841920441
-16.162774034083398
-16.16891196454805
-16.1771386683786
-16.19591099768227
-16.18013028162315
-16.175147611452484
-16.18297797104271
-16.15544147284278
-16.16065410269922
-16.15396079200565
-16.16189559217662
-16.16078824185405
-16.14040867723803
-16.130432848123412
-16.11803759238993
-16.104568091188284
-16.079134261694385
-16.08047089276997
-16.105998054443766
-16.09134569697315
-16.09343442543125
-16.09407826032547
-16.062291369683496
-16.061238992165816
-16.06748694992723
-16.064243093229358
-16.078795976887307
-16.08329662699722
-16.05701635105727
-16.043411514301813
-16.071785273192592
-16.05726246044918
-16.03049290614043
-16.038471106001772
-16.042048442060448
-16.06299657049804
-16.049212416840234
-16.023438302981152
-16.040619598390055
-16.032759745999133
-16.010330702093256
-16.012585559950075
-15.998204752461286
-15.97806605740891
-15.997491797915488
-15.98878358587502
-15.99465625779855
-15.989445421073638
-15.987512237149891
-15.993209710975577
-15.983412144577283
-15.994218972123104
-16.004296750522485
-16.008671193658238
-16.02163733107643
-16.013811463732786
-16.02595451875444
-16.02938586935188
-16.0067046250897
-16.005406693403366
-16.0377869969217
-16.034970314827678
-16.043336501496164
-16.02985634827764
-16.016163657409646
-16.047350017731063
-16.065596547051722
-16.041265912886523
-16.03265913666797
-16.014232890146857
-16.010879090137625
-16.019600511454772
-16.02842404394185
-16.014455242522086
-16.011941976893358
-16.025036265282026
-16.048222415527015
-16.050182646904116
-16.052429536859183
-16.04682393776082
-16.04051104711106
-16.0694455442704
-16.066994154226084
-16.062909409126444
-16.02652483122253
-16.03830213930681
-16.029654747516076
-16.028907452680155
-16.028013657242234
-16.035648635377722
-16.0340747766095
-16.016306027578324
-16.032012810240772
-16.03501527605808
-16.02626422615257
-16.0405173154367
-16.04522943246455
-16.027702743244312
-16.02997875926461
-16.041298679827676
-16.042440886506622
-16.027990899156002
-16.019245005761295
-16.00735978849196
-16.030404857019256
-16.02603895255461
-16.036861699629394
-16.014605003709093
-15.998915028055414
-16.015458139796284
-16.020872281948716
-16.02715835321859
-16.030300259181526
-16.00754253563884
-16.02818202295446
-16.031895887555027
-16.008811448269363
-16.020405382454456
-16.042093773849246
-16.03123624093925
-16.047009483718362
-16.064184870691868
-16.06262586157603
-16.05064596649066
-16.069339570881116
-16.067138570991442
-16.0861933292992
-16.079785330341778
-16.097617274974926
-16.078476534587544
-16.06063650852336
-16.054827555626566
-16.078899149645274
-16.048501171902497
-16.041897641549475
-16.038458413745605
-16.05593504361665
-16.052234065488015
-16.053599959049738
-16.07434557629844
-16.088440787180733
-16.072861999821964
-16.05507050404232
-16.051612985430737
-16.0452284674404
-16.05019416959871
-16.04614539919107
-16.025213014449275
-16.02978136292523
-16.058129232555892
-16.054607482708104
-16.0451078149197
-16.047175662633865
-16.034369263021585
-16.01838400048087
-16.014283785204427
-16.010219046521915
-15.995113008046564
-15.988632683377917
-16.00997885765455
-16.000775741203995
-16.025384486394
-16.02036792701823
-16.01578840184496
-16.007236206082904
-16.013185152448887
-16.02400492923061
-16.005050429322928
-15.99944115177848
-16.019616378739812
-16.00404477520514
-15.997690403249393
-16.003328440637855
-15.99368061385546
-16.001001129084322
-16.013250435866052
-16.016860472421623
-16.0222315974633
-16.033136914593513
-16.01689798328669
-16.016260447945353
-16.033714280442148
-16.03722974010074
-16.038486389411357
-16.046218214080824
-16.047399425752722
-16.06180413787632
-16.043928306969928
-16.031888387447882
-16.022751909851436
-16.03461585418719
-16.03078097363629
-16.02217352742494
-16.016489060076392
-16.027095067561675
-16.016885159388895
-16.026233797648015
-16.041600829811642
-16.05320617821228
-16.056950374313054
-16.038285685559455
-16.064863664848385
-16.07913772733934
-16.08992841533179
-16.076841740960738
-16.075505789311148
-16.07979299831303
-16.084575146640656
-16.09475618990912
-16.087934554760427
-16.063820179409305
-16.080112673348484
-16.093166720968224
-16.10593351434694
-16.102070666632933
-16.09591635338191
-16.093911537576606
-16.08350894719178
-16.077579072378835
-16.081543368641768
-16.058166313037844
-16.072608467473252
-16.092243771795214
-16.08948831573611
-16.093697262097916
-16.10347300143656
-16.105222533626577
-16.09977510018029
-16.084220285078654
-16.09006433009398
-16.05876561552046
-16.036394203802097
-16.031290517570568
-16.03295289932969
-16.03594527636034
-16.030884972236866
-16.028226647132392
-16.038055176242846
-16.03000661333703
-16.015477819196747
-16.000358521935894
-16.01218217254199
-16.018296072675135
-16.011640399998065
-16.00235420432425
-16.005736618148106
-15.975230098394512
-15.990631943187532
-15.97229393468291
-15.970155062596918
-15.979398199035108
-15.999887005718664
-16.02738747135227
-16.040423932756415
-16.038599088517316
-16.0389378946899
-16.012494361649875
-16.03993111878669
-16.038828380785493
-16.0376356400773
-16.043315431954667
-16.018387412360344
-16.006410764609168
-16.002819150167742
-15.998145417600838
-15.985489897287819
-15.9985970942798
-16.004183425130254
-15.993195530693878
-16.00737528792622
-16.006896028234063
-15.998358550111707
-15.994098625385757
-15.978208417153821
-15.991392277988627
-15.987182356949047
-15.993719598901306
-15.978007075937095
-15.983115826217075
-15.992038716778104
-15.97839391661308
-15.971820393628093
-15.978665568458638
-15.969537579124047
-15.964472269450056
-15.963945706861757
-15.95588842417209
-15.939674253775394
-15.957929002193316
-15.974157509798898
-15.978903239000521
-15.991205616600721
-15.993514594350872
-16.007175223456837
-16.003350187026186
-15.975619152408852
-15.957678845013712
-15.972176012809246
-15.971302320651091
-15.965015241210233
-15.986597762580327
-15.973038070434399
-15.972104098247957
-15.983211965362484
-15.974941664083113
-15.928453319928417
-15.926201096532855
-15.913851120729744
-15.89486805741064
-15.9089266020744
-15.903680375192234
-15.898140177265942
-15.897256026692007
-15.902358955906067
-15.901842640682824
-15.921232147251283
-15.912193766197834
-15.928383139464378
-15.940321800187492
-15.924900044217662
-15.939153361443209
-15.925749712331356
-15.933304405392915
-15.912877643536621
-15.928796500157059
-15.9935596692522
-16.001222202789275
-15.996286233222177
-16.01054723210402
-16.026577786926364
-16.01746913880476
-16.035411579089743
-16.024557896711535
-15.998328236324415
-15.981824308284507
-16.006012743926714
-15.996766987681257
-16.01913036607335
-16.023651048188878
-16.017723873372358
-15.99856844855907
-16.0022169761886
-15.999746842115226
-15.997711495974896
-15.996741627842312
-16.005623201233124
-16.040145455834992
-16.064142841498203
-16.040125218098318
-16.033505772048933
-16.05275142605299
-16.042168455001384
-16.072109747144207
-16.0416248341286
-16.035561649561544
-16.034949887736435
-16.041716559337438
-16.045404782208962
-16.039704139595592
-16.055631931474853
-16.04177943446737
-16.051898335923486
-16.045962188327834
-16.059871635240178
-16.072031931886823
-16.07666831973791
-16.08164465674559
-16.089448327038095
-16.104037287320637
-16.112404775537993
-16.113222147054707
-16.10667934928057
-16.125804293093577
-16.124062274745285
-16.106202411757213
-16.12292891002669
-16.119228713018632
-16.14581904136489
-16.146166502100552
-16.136615965257807
-16.12624728439336
-16.105722363682787
-16.08435914461296
-16.107469258979755
-16.130402751956854
-16.13446636725933
-16.130669666170967
-16.114066390604712
-16.111494159410697
-16.101693764773827
-16.096258974374383
-16.10468378031641
-16.088341712647097
-16.08139354429876
-16.091408862994303
-16.067694446993954
-16.057442267330593
-16.046074271488347
-16.054163236998345
-16.049786749343788
-16.063831066124767
-16.06001390439568
-16.055620705752993
-16.044885514043496
-16.06022622838896
-16.060716553282244
-16.069089470903418
-16.057906703813654
-16.06943368346171
-16.077992041240172
-16.075170484067193
-16.065005720802873
-16.06351998995989
-16.05701444305604
-16.05760664153921
-16.077876828500212
-16.080981899535406
-16.068706996395044
-16.054302372049754
-16.043039797703628
-16.055157541915374
-16.08990710814925
-16.08752526150154
-16.093628304305152
-16.094945723028335
-16.119954172587658
-16.12834709712592
-16.152471811186967
-16.171271059455645
-16.133221834655306
-16.108407736815607
-16.10123829998694
-16.09547599697124
-16.098362142967577
-16.11956868883604
-16.136772654325302
-16.133045085803197
-16.15849672060016
-16.150490642025765
-16.13915227019504
-16.150424155853376
-16.164610132929766
-16.183588263279795
-16.180859665680877
-16.194154099146555
-16.171070531370383
-16.192956858398656
-16.204979833666837
-16.1980688832574
-16.184700355083038
-16.201931510467176
-16.177891989044674
-16.18135772944312
-16.197270687592862
-16.190695747410654
-16.16947079945504
-16.153872125876617
-16.17481985980227
-16.177425845279878
-16.15742893503554
-16.149402164123625
-16.12931703612729
-16.140425821503083
-16.141148557727345
-16.137359347971117
-16.13364002234521
-16.13925866169168
-16.129539533016505
-16.128972622451002
-16.11908840092943
-16.131843337366643
-16.11409641954087
-16.094248349701832
-16.1039060604728
-16.127139054144138
-16.121697120006115
-16.118615206802094
-16.134256873113237
-16.143023707602993
-16.144448293670763
-16.12046723353556
-16.11667839000264
-16.14694954970676
-16.141061709842916
-16.149363181278968
-16.154248167983948
-16.12731934945797
-16.16402617569082
-16.180206026449223
-16.191483525913338
-16.189832937734742
-16.172936129815994
-16.18087933651527
-16.16389522034423
-16.140326390114932
-16.143954493320763
-16.158071089035232
-16.146139078764648
-16.14370982654696
-16.13375763490394
-16.121031363954845
-16.125728720614937
-16.129955591012553
-16.136177427612434
-16.144762038466745
-16.120004489587135
-16.109377892854113
-16.136187397105484
-16.151241626510984
-16.146870496123675
-16.15751306386229
-16.178294904534045
-16.15961303311125
-16.14849931614911
-16.127687572177734
-16.104640486641063
-16.106184854491765
-16.092449262678112
-16.10147031294341
-16.100772583037006
-16.101484607331038
-16.107495020206226
-16.10112979366601
-16.116928456302983
-16.131619377651482
-16.09980541551976
-16.098898384743716
-16.08846950672565
-16.117180771043508
-16.112475428152774
-16.127660095554674
-16.129581585291113
-16.119616484122254
-16.105269417473167
-16.125481530875515
-16.109742105794513
-16.090144647801253
-16.09670344368411
-16.0981872286578
-16.076947779064483
-16.062618050255868
-16.063748944121222
-16.03252127768332
-16.040952363080706
-16.032665394508648
-16.01720843818625
-16.038200181525223
-16.040407603651268
-16.051041060637363
-16.03826792668641
-16.019465831278534
-16.022137647897626
-16.02348469944062
-16.023621463879504
-16.02543522776099
-16.034044155679787
-16.03583723398203
-16.033762905883627
-16.038232308210294
-16.045326545110104
-16.064830221344458
-16.056569941949288
-16.061033293061925
-16.061583383007026
-16.07400226907758
-16.082097426432654
-16.091732259024887
-16.055480709360076
-16.077450348189895
-16.09329364335524
-16.09732218246147
-16.095739399609123
-16.097620877077173
-16.113224947605215
-16.11942043376481
-16.102539885589042
-16.113311638726305
-16.103595639807903
-16.121230836702132
-16.108587583528397
-16.110093328089608
-16.081346526191016
-16.098810132250318
-16.104216056909454
-16.105802035289585
-16.115357875060006
-16.118551057822852
-16.122234651594614
-16.1081038051934
-16.083436842805312
-16.099185095961467
-16.11054422352111
-16.09739188540354
-16.125398323317643
-16.11873954818651
-16.120014236215024
-16.13642599536449
-16.116521607773787
-16.13156252107377
-16.11232081812915
-16.131818559228435
-16.14394650698153
-16.115399444060564
-16.13710687853115
-16.12767893337505
-16.121676559288186
-16.13525488988642
-16.134668367180065
-16.120123498634477
-16.095495340857756
-16.069990639680743
-16.068888031763915
-16.066213031960242
-16.069362877475836
-16.08740889359916
-16.11228090293455
-16.107424488803897
-16.098077284529367
-16.08763919541322
-16.083348190327317
-16.066994530927772
-16.07716647424744
-16.11051168974848
-16.135003005938497
-16.13786383396893
-16.134615523351112
-16.114048211064908
-16.129764441209275
-16.120052409605705
-16.114991638452043
-16.093467484184547
-16.07235449613623
-16.064130019273964
-16.05114095832264
-16.043111943412725
-16.039898270805352
-16.045370914711317
-16.048011258964852
-16.076694873961763
-16.084538878906177
-16.062040988570097
-16.04255654549167
-16.035946450577455
-16.036428808550482
-16.006855623149164
-16.005146300128906
-16.01855134555884
-16.01625985136401
-15.994992873423769
-15.988647755223521
-15.990815622119545
-15.981279320137634
-15.971114645370388
-15.963942065104963
-15.974456628412723
-15.99762187984259
-16.034718287327582
-16.04583407249573
-16.05649678540528
-16.037436859638326
-16.044398496584872
-16.04742273319385
-16.051320453180537
-16.023773872180083
-16.0060139626256
-15.99794576417746
-16.00579904553203
-16.021643234953352
-16.02669060721266
-16.01995797998969
-16.015529428783502
-16.027393178560715
-16.03194687049417
-16.02530101903714
-16.017180489125522
-16.020732647425724
-16.054118117765494
-16.05781239963379
-16.048437054627726
-16.033508579999904
-16.040095511809263
-16.054647807978057
-16.059369793211896
-16.033829918657247
-16.0552851130728
-16.090227648087858
-16.082304527612408
-16.08286877060824
-16.06907161365623
-16.083026617601778
-16.0987059516277
-16.094162424049806
-16.096823819138375
-16.107670026639294
-16.089394160599653
-16.095282844684835
-16.096699404780892
-16.112858890766603
-16.12928765424924
-16.14428863501345
-16.177140736354197
-16.164706114647572
-16.123496812662104
-16.13302802053335
-16.099930970688455
-16.082417149479493
-16.0869875968886
-16.08359790176182
-16.066876827701947
-16.056307723802465
-16.025803497309965
-16.03747937917869
-16.038078152156505
-16.031366536820336
-16.041061756845146
-16.01385091453066
-15.999874734823614
-16.01155897130466
-16.0052815468356
-16.015753834628327
-16.013004189189733
-16.020250770251
-16.014810717311892
-15.988155382393318
-15.984154026529316
-15.978631697021576
-15.969251724533443
-15.966053495013476
-15.994013264564922
-16.021360565058025
-16.032164320975443
-16.019712367174915
-16.044381823364766
-16.04617407346362
-16.058802205043026
-16.090980674612297
-16.085832520024343
-16.118446367607536
-16.134889133138742
-16.153725744369538
-16.162864635434705
-16.1448460374482
-16.124665040116874
-16.109810082746343
-16.084332552185437
-16.098273080066832
-16.094101528628002
-16.12195788505363
-16.112454579942444
-16.114340390062782
-16.10741039243985
-16.11681397404037
-16.110048445531945
-16.12202683376474
-16.11590234234688
-16.128012147560536
-16.116838350194406
-16.10579757203345
-16.074070716530102
-16.061374821790558
-16.043885508017645
-16.040743631154204
-16.03882482174417
-16.03666468801187
-16.052291518660283
-16.06963730603305
-16.10294680618156
-16.102182103179793
-16.099431238476736
-16.104302785272036
-16.114363115612285
-16.098285637943196
-16.05841297453853
-16.057926232425945
-16.052566065993492
-16.034871156623876
-16.005755087250737
-16.03827831214476
-16.041798739628124
-16.027251856265966
-16.02685953343456
-16.023083087309093
-16.026026403619262
-16.01690026555857
-16.03151115369322
-16.034254687554586
-16.032873986099126
-16.019406823247742
-16.02347452935297
-16.02227644203009
-16.000766771195085
-16.00193024368663
-16.011214003365676
-16.01330646770372
-16.005598808537016
-15.999894270223356
-16.008905286939473
-15.988107793902888
-15.991205009334827
-16.01074581432509
-16.02126234935733
-16.032369624985062
-16.039073775206678
-16.04208692179829
-16.028477892348796
-16.034970757142315
-16.04665018548629
-16.04274379420322
-16.037523308139217
-16.047485148885013
-16.061903366293212
-16.054871393182456
-16.028365740409928
-16.014711531689557
-16.021282671793877
-16.038490019029187
-16.04632288286151
-16.05821042125852
-16.071497307765796
-16.07107739300154
-16.072057695482254
-16.064105117980002
-16.04376688151199
-16.048861448627274
-16.052955090692187
-16.05651452792077
-16.06419011025165
-16.075122840520546
-16.09421592252167
-16.067017376421564
-16.06444706164489
-16.065513100636913
-16.05489723794166
-16.046468849953964
-16.064779228637278
-16.054384650169084
-16.048969324049366
-16.053427185587243
-16.03912660444405
-16.041727493182883
-16.052785913464948
-16.03387300798701
-16.014842487698733
-16.03500654415901
-16.0157595481823
-16.039044445582324
-16.02979770187843
-16.036421653573694
-16.061807499816712
-16.04332805044627
-16.028335536250072
-16.04382693528306
-16.053932385890935
-16.073092553197814
-16.060375849409873
-16.054113913332923
-16.062210300882178
-16.07276761200197
-16.09274662566321
-16.07199564997659
-16.079843957037898
-16.088272762258317
-16.086449020712063
-16.10891471477922
-16.11174566946769
-16.11659302360911
-16.11735942221107
-16.151776360996333
-16.16392312990013
-16.136937941968284
-16.153033760000568
-16.139491482865218
-16.150798178076485
-16.162213334184806
-16.14404658312325
-16.162666158927877
-16.175716074523447
-16.176801343661186
-16.206626723480113
-16.212904780514528
-16.21405040104213
-16.19714023462616
-16.19964859208172
-16.181231113122173
-16.181827182905252
-16.18221961163069
-16.17795173387284
-16.18760912038694
-16.188137648347706
-16.183007803107788
-16.179331606376433
-16.178850069297678
-16.169781032602856
-16.176471484290584
-16.195245303613333
-16.208488606697085
-16.21792689796721
-16.252033763139334
-16.27602839980274
-16.265375697219184
-16.275148129359277
-16.265952783641627
-16.234683619378778
-16.244774652802175
-16.189286507895503
-16.181814262570576
-16.17134163285077
-16.16320480048755
-16.170327208218065
-16.168754233221684
-16.146987583274708
-16.13852338779776
-16.127550058837844
-16.157724837973642
-16.141691409888836
-16.16167269069287
-16.168183255414732
-16.203530455665597
-16.208925639010378
-16.204994036580263
-16.221095848663918
-16.196754723705407
-16.188065897732407
-16.2094284896889
-16.224718554904513
-16.22759163993248
-16.22069800468468
-16.230313538332606
-16.233844577312542
-16.218929302667267
-16.195272582898237
-16.183569827966497
-16.17838130067174
-16.16013562003728
-16.147576425249653
-16.16628138973924
-16.15761508738061
-16.169545692582567
-16.172186079763513
-16.196741070764585
-16.191849181017535
-16.209350520864707
-16.21793198492656
-16.239619358435764
-16.24967976965772
-16.253859274393452
-16.262388143867277
-16.256038704080442
-16.241225556738673
-16.23976777571029
-16.238426502637893
-16.20379385076938
-16.197012589531255
-16.218563335987987
-16.225808045473244
-16.23237662863179
-16.254035806099044
-16.27331091598408
-16.264726550079942
-16.26221375773498
-16.21527690568117
-16.222402003906236
-16.2167298219241
-16.22004539833522
-16.22481726070456
-16.216577810650026
-16.21145097473305
-16.20792090156313
-16.196724732840625
-16.179673164834046
-16.158960563029247
-16.14687516508357
-16.150855592996688
-16.14100696684835
-16.157374073278145
-16.13447623436508
-16.127464705414923
-16.110984805655935
-16.114659454093516
-16.106924970671244
-16.11756584893042
-16.114810542698454
-16.11899226657022
-16.136904279902588
-16.159443454814717
-16.141596858644736
-16.137455653901792
-16.134566037618903
-16.1236392367844
-16.13646997712271
-16.148359984988232
-16.131133705055273
-16.140656072166845
-16.138569429102134
-16.136452583661175
-16.141520347292634
-16.120166024964107
-16.10965641666354
-16.12397791456612
-16.13690389518984
-16.101249241263343
-16.09938795640463
-16.111065059114097
-16.071881817778852
-16.083324241946848
-16.084120500782443
-16.081780385390413
-16.058762487348282
-16.07498537145581
-16.073206766492977
-16.060248349354236
-16.059429630292698
-16.07263052370397
-16.058725402547935
-16.06429019419083
-16.062178801811953
-16.04401328695554
-16.05377187028074
-16.036754365541604
-16.023319151228332
-16.00632841008328
-15.996076058347816
-16.008201159815076
-16.005228346708257
-16.02104766561991
-16.038831667042494
-16.054999209736174
-16.063522054678565
-16.049549354243243
-16.067316421574006
-16.091620887573864
-16.10272980818699
-16.087911762925888
-16.126975135902356
-16.12787869780538
-16.15382044945342
-16.13147136825751
-16.14758051782338
-16.148927394962662
-16.161876664975058
-16.15140264919459
-16.157566856439523
-16.155520960824756
-16.150556421536237
-16.121953079456414
-16.13208615370242
-16.116979078634547
-16.109531095100262
-16.115032567812733
-16.14202539146427
-16.136492455830677
-16.113812635798357
-16.115062064703242
-16.11412706977638
-16.111055549956845
-16.10721996696913
-16.093190663161078
-16.109029869664777
-16.09634940145343
-16.099419697395227
-16.107592680492463
-16.107733253145348
-16.118051685071467
-16.147149682411136
-16.136674864710333
-16.125007825852745
-16.131906729560686
-16.14572155784545
-16.148340714050423
-16.141030345547698
-16.144975700279662
-16.131066028245208
-16.120421953109638
-16.121603367160205
-16.121925166002423
-16.117477129204687
-16.113958796138473
-16.1061523224762
-16.10203899662619
-16.122063474245213
-16.123333145872802
-16.117389275733302
-16.106717196705475
-16.097529833092214
-16.123258855188354
-16.120382242399295
-16.120740882161275
-16.112817442289494
-16.115236744030113
-16.119524409424724
-16.128906820296926
-16.135579640686622
-16.14256234589104
-16.127870682296507
-16.097749884218327
-16.10971440980209
-16.07577534111629
-16.091204080594697
-16.087277162278163
-16.09415173588189
-16.09762799704982
-16.097199796487867
-16.089734832524744
-16.074992953099663
-16.074415249942014
-16.085646912657285
-16.081342733810313
-16.088927080538866
-16.114890753439404
-16.11850657021751
-16.104175016656463
-16.083010052606014
-16.0949895827125
-16.097107513003117
-16.095377359758363
-16.098078863890887
-16.10170074357456
-16.10491448550089
-16.12705418387096
-16.132459408472478
-16.12316592964915
-16.104551405580658
-16.108755087478325
-16.113144832732164
-16.112167500447164
-16.139369851731878
-16.140678641887604
-16.128736400573843
-16.14099321598134
-16.14073076164833
-16.152986292056156
-16.14690628946336
-16.13562891660389
-16.132760751398763
-16.127855748296852
-16.1143941572838
-16.10347263280617
-16.11015648456584
-16.100252288756213
-16.06874760122059
-16.07585236237077
-16.081432129665
-16.08969433252253
-16.110443117513466
-16.084322697380937
-16.100046325778184
-16.10318048385694
-16.110028602851948
-16.078028587486514
-16.059699165474992
-16.039458169569674
-16.05583353053076
-16.081681617373114
-16.10064554682958
-16.10095748061609
-16.083340463088575
-16.086661558325705
-16.085636960410273
-16.089946298482243
-16.09875798036454
-16.102236487104545
-16.09311092381658
-16.080779093793755
-16.085182031067706
-16.102516647768592
-16.090932062889948
-16.101231643262878
-16.136878563545434
-16.134841713264173
-16.115642138323224
-16.122536775025573
-16.124384672677373
-16.09440045470292
-16.11072204355756
-16.117815003621978
-16.097311254982667
-16.138476745907777
-16.12971769796645
-16.10687787089376
-16.09478235161156
-16.10740484466694
-16.119250232142658
-16.11485345986548
-16.10670927303879
-16.13334492405411
-16.137061913919528
-16.119120128591
-16.107314546382383
-16.095125622343208
-16.08093111870571
-16.086796709323128
-16.06355532898355
-16.071897795573822
-16.06192227519048
-16.05043346555326
-16.05125804459818
-16.06238501091444
-16.062558429378136
-16.0656683751452
-16.078990064345003
-16.10586734262163
-16.108796768047643
-16.124011410567647
-16.11318393288127
-16.095538768769813
-16.10685706258663
-16.105837347622906
-16.111977084119935
-16.122341020303157
-16.114243419558825
-16.115109662377876
-16.103567070118068
-16.10882800460745
-16.126256577783664
-16.11258568642711
-16.135984648799344
-16.132201492764548
-16.140096831452595
-16.149283051225776
-16.1547686239559
-16.178753347401784
-16.16485273279542
-16.162021501647683
-16.155758570501934
-16.156735153535276
-16.162137148107256
-16.14802871228128
-16.170983113417257
-16.194131606410203
-16.218810744379457
-16.190126325052052
-16.195804972124616
-16.16297668096798
-16.153536929566847
-16.13079123327805
-16.116400540150796
-16.121884128068434
-16.12725602233078
-16.146093447998688
-16.124450003357843
-16.148735104062244
-16.13011900271665
-16.1410603483588
-16.134078535984152
-16.150590497939415
-16.140503739081108
-16.164049587029538
-16.183804302971268
-16.14924191362263
-16.18478809884141
-16.16490595090232
-16.17384853627642
-16.18290112095686
-16.20144425876051
-16.21103594283804
-16.2182978509381
-16.22146948344047
-16.205883761281385
-16.18794546074538
-16.164036818716912
-16.15559878497114
-16.191383608422136
-16.19391387890379
-16.194868219407077
-16.194315507862783
-16.179729525077633
-16.17420619476137
-16.18186550218502
-16.180817858563056
-16.16159236187171
-16.14278655924034
-16.1304512662867
-16.142471227832836
-16.148325310679947
-16.139815547895218
-16.118111191224948
-16.12464069308439
-16.12039335186128
-16.124429722725996
-16.13232575813996
-16.153751090285184
-16.137841339978216
-16.14463959823616
-16.11525557826168
-16.124349310709665
-16.119641950922677
-16.111325265034168
-16.10044722079519
-16.102784328817123
-16.08593070986473
-16.08339876369609
-16.088140771631014
-16.07045730717967
-16.102193776340783
-16.09158330909519
-16.10969910376561
-16.125535488144568
-16.133779003056848
-16.10355375571274
-16.094123366039632
-16.09813795873611
-16.074970196108186
-16.07564398523951
-16.06365501546448
-16.067406595353603
-16.070985691717933
-16.06032296796692
-16.071410379778165
-16.073459134062627
-16.08707499809212
-16.089617943564644
-16.101782921863112
-16.098197880228206
-16.07772682821819
-16.12149595105926
-16.122405436487263
-16.138149637125238
-16.117372371174802
-16.108205277572978
-16.11701648693247
-16.08211498570188
-16.09402900909738
-16.097178565141334
-16.093472336065286
-16.105106951261323
-16.106684137879036
-16.128564437803742
-16.1267331785471
-16.110314454008446
-16.116719701029403
-16.089919728473
-16.088154562278046
-16.092552730792523
-16.113586930705743
-16.119269294839242
-16.132815766563397
-16.147976506456022
-16.165086884865367
-16.158715560294485
-16.165960150388877
-16.176466274781788
-16.188971020601706
-16.175135110244824
-16.16036900059112
-16.163267612871874
-16.153977470161635
-16.150144991397354
-16.163154892013775
-16.160522500372732
-16.147548222952132
-16.130836899216497
-16.156069111249746
-16.147768996480707
-16.15367152931107
-16.156965935249353
-16.141504305397675
-16.15335154719591
-16.13644621434597
-16.136255308689343
-16.11951708269531
-16.123558663308597
-16.111033127818008
-16.10120973716208
-16.128151060497117
-16.133440506490086
-16.150585253937596
-16.137663263728264
-16.114104696157312
-16.139181596679283
-16.177028099388128
-16.150895228706208
-16.148460639275907
-16.1391858034609
-16.12263560674894
-16.13297609387199
-16.14216576681668
-16.143046731744068
-16.141741828149783
-16.16540108288387
-16.184195447316398
-16.170755960003298
-16.179205390501853
-16.171174399532067
-16.15874786551976
-16.162166666976567
-16.134759460563348
-16.15482374157483
-16.162964494752327
-16.166406406945317
-16.18041354624152
-16.187034085881937
-16.22385425239026
-16.217761626705418
-16.199577304946757
-16.18506655300743
-16.18570119034363
-16.186880718036832
-16.17929893690861
-16.16340400977387
-16.155292710603785
-16.163789196836554
-16.134297582035128
-16.15042190467683
-16.148975868103552
-16.130546340004123
-16.13868688466149
-16.130646271281442
-16.15012608819169
-16.129753028078365
-16.121391956025857
-16.115924376212305
-16.110424928643837
-16.067415298941356
-16.039138993825386
-16.065247839983957
-16.0789184734917
-16.076752116180153
-16.059695174422128
-16.051179208501825
-16.05639694277352
-16.075518309682323
-16.087961321963423
-16.08973711646796
-16.105230472342335
-16.064984957440526
-16.099736659152097
-16.117210075644167
-16.120428282376587
-16.12679484244986
-16.135110434729175
-16.131425124476028
-16.148658893591758
-16.157528391599808
-16.144127763388887
-16.16803813546624
-16.18548583516586
-16.161240838197447
-16.17496470138435
-16.15077840295307
-16.149948088047218
-16.13991264672939
-16.143301559782252
-16.13864895722919
-16.138863868295324
-16.126912549218577
-16.135357240495903
-16.14138968507631
-16.121985688473163
-16.11105254140983
-16.1077445948504
-16.12150214730258
-16.093645546516232
-16.102387934642042
-16.083297424060373
-16.08272780200275
-16.08351634314983
-16.074115018723766
-16.079341439335153
-16.087658920651954
-16.103755837940195
-16.083559172521504
-16.088889325869527
-16.089199823726936
-16.084344735361288
-16.09734622960479
-16.11835446034655
-16.115340596207204
-16.112630266274277
-16.110301324310264
-16.09752846321647
-16.08779387613589
-16.092227661754627
-16.1143243289
-16.114080561985556
-16.11423439119711
-16.11039071410123
-16.1329093577933
-16.10768639635533
-16.107244429317273
-16.137128535280866
-16.14187789265977
-16.132592522408697
-16.124782794255303
-16.127695485926385
-16.138082708443598
-16.140395756817888
-16.119802928388488
-16.11459190724558
-16.11151437449448
-16.119587938857066
-16.122249032157082
-16.12914370797396
-16.132771198543736
-16.14388832621818
-16.13460423335175
-16.12173453376808
-16.134150451923347
-16.143079078266137
-16.152551621811675
-16.157354478308335
-16.163233428902117
-16.188374971017183
-16.19471966241883
-16.21346891319511
-16.20265306734709
-16.205023774740607
-16.207133498325355
-16.210905909863758
-16.237241983983285
-16.234670109165048
-16.213983780999143
-16.203597879024407
-16.186185155789452
-16.17044649991715
-16.175503566105636
-16.167096185549333
-16.169371091867294
-16.153226246090625
-16.14049482280578
-16.128356356641447
-16.14995862913093
-16.172588870341297
-16.16402541250987
-16.150260699472327
-16.127381162403537
-16.13361307578948
-16.11533562089176
-16.117297494362532
-16.12779972631252
-16.121317111265398
-16.13747687815185
-16.108476911482605
-16.121584660063505
-16.094805863035628
-16.07810560973985
-16.06025640222423
-16.06949419992175
-16.067559777327784
-16.067383592294675
-16.081080065765825
-16.082223868293635
-16.073617002001118
-16.07051655103651
-16.10410408072492
-16.103594103427675
-16.088616970396163
-16.115528640285312
-16.134669892968606
-16.113553834533068
-16.102642109484727
-16.090423695635923
-16.111254251423514
-16.10403830329766
-16.09245873396056
-16.080273661415124
-16.08418085821451
-16.073986319617163
-16.080412619273208
-16.08616528037435
-16.095663154901295
-16.103014982564755
-16.126446941007774
-16.14670599491966
-16.16173950920193
-16.153099706911817
-16.17747773862709
-16.18219355621658
-16.185817138872824
-16.162439508619297
-16.210910998487734
-16.200673120337324
-16.20185377637704
-16.21046376807233
-16.21213823319263
-16.206332746968002
-16.202571601236734
-16.202771206776593
-16.179818652548978
-16.198571320320433
-16.184838886673884
-16.178043200063687
-16.16795749400658
-16.169693227164714
-16.170373244055696
-16.152029133436102
-16.165729977289843
-16.179731130901043
-16.19821766993013
-16.201589606333858
-16.20574355812291
-16.18802408842693
-16.198753212132416
-16.176091407611313
-16.183796182884787
-16.175183996456468
-16.18378021234112
-16.19887404197464
-16.180718238992227
-16.177632727116308
-16.188462202278494
-16.19139239753088
-16.191694324766015
-16.191545146229238
-16.175982885402153
-16.180945405996315
-16.18113926006242
-16.200124598032403
-16.18635010684005
-16.196509103296485
-16.183426542510073
-16.228727288178334
-16.231000520764415
-16.235591560684984
-16.268354109614084
-16.272232281124037
-16.26815892055458
-16.277334201691836
-16.272998992768024
-16.285219825830808
-16.27564378583509
-16.2796489560154
-16.248672776446902
-16.24721972420336
-16.24196386783525
-16.26843038569876
-16.28502111722024
-16.2764304213652
-16.2744208735481
-16.260962479235552
-16.24667305765327
-16.22962218143986
-16.233151837080104
-16.231893201383016
-16.216181176409496
-16.194431775694646
-16.189737883847084
-16.202944152239933
-16.205915652710026
-16.226460762497826
-16.23247888427879
-16.236166342791748
-16.233387701706626
-16.220411332925234
-16.216245240807353
-16.232738103632872
-16.238826060612798
-16.2377869955855
-16.198049085581783
-16.18913398552689
-16.171260438271165
-16.18908100382785
-16.185919977688307
-16.201205589535384
-16.183901880821253
-16.183276091032752
-16.16181256073653
-16.160772293441816
-16.17864834410426
-16.18492673148334
-16.16296413110595
-16.14200758132192
-16.134765822033426
-16.157445912600547
-16.15104396477366
-16.158406729967005
-16.150969888275444
-16.13896889728169
-16.136266058924463
-16.125625447145378
-16.149512316277463
-16.159740191736585
-16.146062116801026
-16.117468321168328
-16.131122998706108
-16.131641433051055
-16.107315426562224
-16.110754613995145
-16.09842121855678
-16.109926893924573
-16.089957793063164
-16.109239518718432
-16.14845609620683
-16.140215748144218
-16.144440375571182
-16.151983130089143
-16.154632346658556
-16.14962051250491
-16.14100421813212
-16.120884145809875
-16.13802473719403
-16.14656806516173
-16.141782931849495
-16.131128092305794
-16.145792646841432
-16.11983786427642
-16.1130076793713
-16.123986868486703
-16.134325283875924
-16.137663921968773
-16.13208100398302
-16.12911216307604
-16.12891591511834
-16.113025406234275
-16.122018654221446
-16.137859415462827
-16.147576028359587
-16.15343224053877
-16.152173100662697
-16.15220933907276
-16.13754814022857
-16.16841075220808
-16.150898493003087
-16.13596411425306
-16.135336327057143
-16.153340888932007
-16.157798161709515
-16.14728711173375
-16.149606256084436
-16.131677923198815
-16.152452554390813
-16.141386349181687
-16.138752351856034
-16.118194711667645
-16.12488170562625
-16.129132967576297
-16.11202961185925
-16.127891399720223
-16.144860807317478
-16.159295882421045
-16.165279831609258
-16.15437919102736
-16.140326980757237
-16.149869418296785
-16.157567838295325
-16.15169710818618
-16.146995148824896
-16.136083368419982
-16.139422473296996
-16.143173520042666
-16.167511547455508
-16.165426107849516
-16.162188892107896
-16.170905155096957
-16.19456850636773
-16.19714935655972
-16.197176843870437
-16.20197083721721
-16.21499016488871
-16.228529334520967
-16.210041027398574
-16.22480199890816
-16.22862430649601
-16.227403166484788
-16.17205826972051
-16.14825234367416
-16.136681507588595
-16.12692441302528
-16.128927356549944
-16.144289158221188
-16.15825953470426
-16.14666225642141
-16.16388987698872
-16.165423463426006
-16.158296638951974
-16.149660369056416
-16.141147760932288
-16.149456222729974
-16.13457339251094
-16.147669808357108
-16.154999774200924
-16.17368946841081
-16.152428740321458
-16.141036227955862
-16.13151169679236
-16.133619324037372
-16.14065889310024
-16.147605404909424
-16.146451986833497
-16.133526145430693
-16.126656840835807
-16.11401186030144
-16.12845255775768
-16.123507217174776
-16.117529509747413
-16.129087444066514
-16.13240381118095
-16.121515855655094
-16.122129860999543
-16.1352295294436
-16.138324212386603
-16.130432755803216
-16.13092404352177
-16.135656650115155
-16.160399055484238
-16.146623012439417
-16.133338912719093
-16.156876067219198
-16.16926187153421
-16.189601733819305
-16.208538559943282
-16.20956314544893
-16.201279557330132
-16.199865727127126
-16.16687120468807
-16.163670474160487
-16.163384360898196
-16.14456749529047
-16.138274092096058
-16.139818851079223
-16.162484832725752
-16.153689501834346
-16.160076285367275
-16.160470097953834
-16.163336861138724
-16.167058798933237
-16.160927468579093
-16.168174454041274
-16.18898694374637
-16.194611492245564
-16.187894294258697
-16.170242558589127
-16.153950184631853
-16.15404489747545
-16.164097494427274
-16.16695155361649
-16.171106084103734
-16.14445968595168
-16.14480103277882
-16.15050019570822
-16.168668441332244
-16.159850100868198
-16.133310478550435
-16.154310714353855
-16.14180572673871
-16.10836220283338
-16.12726077670561
-16.146856776845095
-16.152689593991923
-16.16044643406053
-16.171830292571418
-16.165461450705912
-16.164642481077955
-16.16910752232499
-16.15378248688888
-16.15176838152523
-16.14848857154841
-16.1613930365266
-16.16821541789105
-16.184943381251003
-16.193739632153925
-16.217223168102876
-16.229322867028895
-16.242371633107997
-16.23491092180012
-16.242158382213482
-16.26011267006239
-16.24226288990717
-16.255454044825065
-16.261553645102467
-16.259271111852655
-16.265677066886855
-16.282934402759587
-16.265621815638095
-16.255859147299265
-16.283285441848882
-16.2491574098885
-16.26424458234955
-16.250293778742158
-16.272428100247257
-16.260287476182196
-16.261775533308185
-16.227758569640887
-16.187309933417943
-16.198570592467707
-16.207798788106842
-16.1893454529841
-16.207857420295127
-16.227983792410964
-16.24774806173881
-16.25907315082537
-16.25540053219538
-16.260829628529663
-16.25918237132421
-16.26928825621329
-16.256702806767816
-16.231924354563347
-16.228929388707428
-16.215936905538523
-16.22628670192409
-16.23385473338559
-16.20523052888841
-16.21056269174636
-16.228172443742043
-16.226674168871217
-16.218450538796315
-16.197765743710274
-16.18706906502489
-16.20264322308797
-16.188606927189262
-16.21196043379604
-16.210856910488136
-16.205876354025843
-16.21170743496867
-16.218434801014542
-16.196391235531692
-16.18691266844836
-16.202733895343613
-16.186805387587995
-16.20282383371426
-16.17576473355201
-16.189026177788364
-16.1773492719073
-16.158409424054586
-16.142488604982287
-16.140024684941885
-16.134417893081768
-16.11844421330554
-16.123779979204816
-16.131204123877566
-16.136549251916826
-16.143927959054068
-16.144561377547507
-16.147939195990343
-16.155448666624704
-16.13231270710242
-16.145297070872616
-16.13073338305857
-16.147870691401288
-16.135914163868588
-16.149734349452526
-16.168803113151235
-16.1672332035871
-16.158435981434863
-16.150166169125324
-16.133133663568362
-16.140873536532943
-16.12274682609838
-16.112820164915963
-16.105704358869
-16.098733568828482
-16.116629731309068
-16.10433357468999
-16.104471082050114
-16.091048058667752
-16.107277157613893
-16.08180078559026
-16.079659943857756
-16.09003290445222
-16.082743909277603
-16.101419322416127
-16.099675701491133
-16.10888042620893
-16.086560338307308
-16.075785472077836
-16.05213326162743
-16.044939620460372
-16.062169063396333
-16.073336360062036
-16.082555168447033
-16.09607844952887
-16.114267143422392
-16.090297169339095
-16.089411349274073
-16.105979385937104
-16.089835910667357
-16.07547094904764
-16.07531956520903
-16.081854702188224
-16.076961882083555
-16.10613951791423
-16.098344146300686
-16.095713849860463
-16.08187097212251
-16.07033672690765
-16.070535404155837
-16.068549326171937
-16.069865997667506
-16.081383898100356
-16.090628031182295
-16.082641766859677
-16.052740604058776
-16.05884852200905
-16.063113081013917
-16.059157615200238
-16.054581991300886
-16.066984292778535
-16.082982206122757
-16.096560547371467
-16.109225446010754
-16.099811296468445
-16.100792612206526
-16.074542509191
-16.083439344713256
-16.09871013232761
-16.12770383755343
-16.140412982675517
-16.10794502226625
-16.10946973104477
-16.096670038824062
-16.111910351047726
-16.12636686922729
-16.12874020928305
-16.117646195116794
-16.113418828121414
-16.111732193955604
-16.094937027720153
-16.080427531031205
-16.069186347926298
-16.04548119187562
-16.041452685789913
-16.04796624637345
-16.036329856719526
-16.043620833733964
-16.055962050299158
-16.04088904914005
-16.052544849305526
-16.058512687150042
-16.070889536715516
-16.063301460792545
-16.07008877378124
-16.052453323043895
-16.04268436735116
-16.070876460505605
-16.06662516275698
-16.085704702880673
-16.087998507690564
-16.110306059720877
-16.103970806389302
-16.082524445093398
-16.084311922803412
-16.092316686905026
-16.09244579714316
-16.079193541431547
-16.072700334789378
-16.08420013325957
-16.094056026590724
-16.094712655277128
-16.12149785798902
-16.09702132058379
-16.09894040225104
-16.09631653034396
-16.103158732775267
-16.12291867524317
-16.139932347245953
-16.128247972924097
-16.116923017378642
-16.118105651485866
-16.090712342067764
-16.1116066969568
-16.101223649935186
-16.112224218271304
-16.114091220356826
-16.118743130228747
-16.15850106621452
-16.149201256513653
-16.143736510676764
-16.165797237656918
-16.182039399583317
-16.175255217000483
-16.195550458878138
-16.202661286139843
-16.2116772768738
-16.205430740008754
-16.19557352414891
-16.19452452462326
-16.18778590593317
-16.171374043602196
-16.155801411377862
-16.13611009305839
-16.129731443789055
-16.129447064393304
-16.130327996624633
-16.120170041036186
-16.110035283413637
-16.060613202773215
-16.03646472479685
-16.009150520470403
-16.01757634298098
-16.044422144275906
-16.054682505745866
-16.057776190005765
-16.062786718620448
-16.04895653903012
-16.050988554580112
-16.05652560089332
-16.067852844268945
-16.053867587570537
-16.026240124178653
-16.031495057738947
-16.04495657190417
-16.04100072725858
-16.026219315192776
-16.00722174929431
-15.993875154693693
-16.000635956261817
-16.020411843658433
-16.02721711395931
-16.034806646992216
-16.037005147768415
-16.051019240038137
-16.060711279096022
-16.09207742679336
-16.116844787246034
-16.12285557994273
-16.132693367220067
-16.133887614065475
-16.148106639405018
-16.155946889953512
-16.148415690738712
-16.146742653722775
-16.154560321627482
-16.149799353334664
-16.137668138499635
-16.134469302336726
-16.12764536331293
-16.11311752534397
-16.10868241780283
-16.12932981801716
-16.12432944011198
-16.11530365469876
-16.114131159059347
-16.10001124060888
-16.087009598252934
-16.06502253093507
-16.060570182020157
-16.086968731538903
-16.08426511660154
-16.062024672687095
-16.05186757807943
-16.055999230832033
-16.060862069058466
-16.05682848975508
-16.10469215095071
-16.107572746945795
-16.11293540429221
-16.12438589322265
-16.116117614935757
-16.11834028644631
-16.085410816547984
-16.09504065865743
-16.094161813306158
-16.08985745102024
-16.096528763838823
-16.087872288750546
-16.092175211556032
-16.080836997021603
-16.075337835026406
-16.0608934430089
-16.058151913595246
-16.03910368841359
-16.028027535267146
-16.040816650476625
-16.00617062500734
-16.048615376478267
-16.066240793119125
-16.072361429866262
-16.090068163785435
-16.10279790733074
-16.0901986530854
-16.094366003320697
-16.107165796747037
-16.081808710569604
-16.11121200662521
-16.12929070165919
-16.14555575270159
-16.12538017428022
-16.112237149168035
-16.12284439091784
-16.124217221453186
-16.11873069677563
-16.12380667311707
-16.14869041238176
-16.138443994284074
-16.12585140589818
-16.103668137296594
-16.074709544498596
-16.060753492921233
-16.032854037243624
-16.03819143244127
-16.033265548447837
-16.03838826415035
-16.023009704611255
-16.044316970728506
-16.040217962425096
-16.0174343165025
-15.977540951049034
-16.018487634171187
-16.038476269266596
-16.035121480429982
-16.028626582330542
-16.023535906032148
-16.038120468625426
-16.029407983579727
-16.065102489604286
-16.050588451312198
-16.03616171626045
-16.045171910995844
-16.06402885657859
-16.086826765065712
-16.08093960912584
-16.09191503557132
-16.091525624200756
-16.07814567388587
-16.081710325144183
-16.089824559182293
-16.122890886937117
-16.12185238905941
-16.104357003612744
-16.08699380268657
-16.067927428060663
-16.07259445594982
-16.090746029500856
-16.08305811532963
-16.089216835864086
-16.095377796961674
-16.091486006510465
-16.10585746829302
-16.103146110769686
-16.12338026961508
-16.12290516316214
-16.110960405043727
-16.108696382310605
-16.124701638818962
-16.115074003753982
-16.11665006461439
-16.151419765468802
-16.1507601881221
-16.169289424919786
-16.209979471101743
-16.231930373917574
-16.22025673609343
-16.20912581742715
-16.200531953037043
-16.1898771595805
-16.184397282057102
-16.213829543707345
-16.224912466907085
-16.2048571334704
-16.20669623920839
-16.221286265837314
-16.222084249598836
-16.196213641729074
-16.20800568837996
-16.19426903307398
-16.194869730399702
-16.195813802439083
-16.177259323638012
-16.19386187519846
-16.16542774857869
-16.163559690944297
-16.185330184379314
-16.196524378303174
-16.193891312458618
-16.185453118618266
-16.16819882618107
-16.17827929026503
-16.178406387071295
-16.161418256683174
-16.176656365244447
-16.17410832828029
-16.148455596287555
-16.136742170317778
-16.145240085631123
-16.13582939277248
-16.139261412366842
-16.158834689325897
-16.114405883313076
-16.102391805745786
-16.073760212936833
-16.056873097379608
-16.059447817438382
-16.10020000700528
-16.102046090437334
-16.09191009608642
-16.100975098937667
-16.12061351106676
-16.118429659997048
-16.137993752350837
-16.13688829443047
-16.143621327116577
-16.160031585047697
-16.1442970666355
-16.155287670595456
-16.148603562431095
-16.14701692627994
-16.13588612876425
-16.150562778065343
-16.152402365348014
-16.16588866897644
-16.163940098744753
-16.184423567260673
-16.17036248688802
-16.18210878461992
-16.194815626260738
-16.20833820242129
-16.210978969419134
-16.212813886607535
-16.213897577856585
-16.20217075172654
-16.209038512666808
-16.1885092300844
-16.156590872568422
-16.189470607614055
-16.171629146310206
-16.166101512849643
-16.161733834957776
-16.15772983419177
-16.164502962747385
-16.149418121702734
-16.164024085318434
-16.16190051405235
-16.16989683078637
-16.146325182139975
-16.164416341770647
-16.14479183548491
-16.162892383572288
-16.16470957910999
-16.164397067511967
-16.15772119943968
-16.17006843207719
-16.16083135252924
-16.153304753926356
-16.129867209484317
-16.119057792897944
-16.117862948145497
-16.121200694020498
-16.12818717737046
-16.13096963036396
-16.12357617897893
-16.128177215298685
-16.137574663087566
-16.10729545536739
-16.108194039060226
-16.092321413445127
-16.091340408133913
-16.055947895389828
-16.049223362676724
-16.05234424514685
-16.042805914421375
-16.036450815637906
-16.05832578099987
-16.03732650722119
-16.035992922158787
-16.05486811729036
-16.08246189105354
-16.106364877847202
-16.121591326495487
-16.116306287314394
-16.10528903476548
-16.127332917252556
-16.124576954928656
-16.13964149670966
-16.145100639537077
-16.142383240270107
-16.1363552755671
-16.14552826410202
-16.15648163606848
-16.157455800614084
-16.142993449027188
-16.14094730129373
-16.153103173249736
-16.172844004699144
-16.183537358826666
-16.17042912814727
-16.16254835915659
-16.163851434959167
-16.150698060284324
-16.142111752845437
-16.123821909384247
-16.111699822807818
-16.11823077690444
-16.119853533323518
-16.09421812890917
-16.11478771129689
-16.119614784822772
-16.125721225863714
-16.131202764034146
-16.137338046518977
-16.153668651761436
-16.160657150812654
-16.15289496994798
-16.191486146637033
-16.213785660857475
-16.196827717735413
-16.18340863106094
-16.194057294310667
-16.19358644081522
-16.222022446174453
-16.228712912048742
-16.242537406055465
-16.239515400540707
-16.253647045361504
-16.25001197526428
-16.26490295036188
-16.274209589869866
-16.27629399205303
-16.24892082596963
-16.268461949605427
-16.25794165803013
-16.260848324272196
-16.243512409142973
-16.23934957751073
-16.218584484749634
-16.212789636631047
-16.23245893557964
-16.229716993677172
-16.237657017950568
-16.242832661364485
