-23.61625517448193
-23.612683927760745
-23.605154285542817
-23.603025381188985
-23.60595623795699
-23.597981104976764
-23.59333361392122
-23.594121417051035
-23.593343082279098
-23.59386511295977
-23.594747239661835
-23.593348734715278
-23.591732035517435
-23.593869656144854
-23.593277505051883
-23.598150602005457
-23.598556673155034
-23.59708944496379
-23.59941256016396
-23.596055901273377
-23.592250939527162
-23.59525028068783
-23.596170227812987
-23.595773724921028
-23.594826868876478
-23.59054874280167
-23.589437009430053
-23.59551651635087
-23.60221818239869
-23.602149662081334
-23.599660395056045
-23.598457536161042
-23.598499976765144
-23.598372596542184
-23.597014138474027
-23.601256500654546
-23.60045897241924
-23.595328874778303
-23.592993502205893
-23.587224934181226
-23.5883044575326
-23.58681694793396
-23.592725749906162
-23.596526807218297
-23.59318536387822
-23.591413303394578
-23.589945224164865
-23.588891382465768
-23.590329732706692
-23.59442038864969
-23.58674208572149
-23.590036902280943
-23.593357208521816
-23.589049574085642
-23.592745731883813
-23.596065316744504
-23.59647904280092
-23.592254671900836
-23.595684454100773
-23.59303146131614
-23.59081235806171
-23.590602480600804
-23.591881947723362
-23.589323518106067
-23.58912404770839
-23.58856091759306
-23.592812756056475
-23.601296805124804
-23.59718794458916
-23.59493817467222
-23.5899738774115
-23.59106255576995
-23.59364479756049
-23.591130299630183
-23.588300882169914
-23.587886901254084
-23.588057343250934
-23.589153834839173
-23.588669886254763
-23.583138153866738
-23.580363224117118
-23.576116662014734
-23.580125963243233
-23.57956170997689
-23.57993575112253
-23.57839528151166
-23.5786009216198
-23.580405475196006
-23.58085569878439
-23.579199703980688
-23.584960328519784
-23.5796294595654
-23.57921872819704
-23.57615051538139
-23.579965063084984
-23.578327813693694
-23.581102548781985
-23.583515667282423
-23.578832509242105
-23.574880446519206
-23.576566554807243
-23.576603516698995
-23.578014129622844
-23.58277163245022
-23.582161471923932
-23.585020740677123
-23.58282863785326
-23.580927187174716
-23.584028261501366
-23.587472161346756
-23.583616337836055
-23.578694420637127
-23.5741509945835
-23.575716675903685
-23.573597048992703
-23.578719085412036
-23.582009113946484
-23.578717472850865
-23.581985443413387
-23.578838403393714
-23.579597379405698
-23.578793382473155
-23.57667175092584
-23.57820215501673
-23.5802116440079
-23.578096180308886
-23.58162325325645
-23.579415387930677
-23.579100187271457
-23.57848392744566
-23.580113794859983
-23.575886224627837
-23.580355935615987
-23.576088847829045
-23.574568235764524
-23.57387412611477
-23.574502986482536
-23.576564570342274
-23.57701414729323
-23.573700330523
-23.575074799261554
-23.58050199559163
-23.577342750516014
-23.578719248562777
-23.580741597728107
-23.58157503151554
-23.579682634790927
-23.58000032369412
-23.576939033913952
-23.584822509968944
-23.586849038727827
-23.581727998638687
-23.58235436248323
-23.58422001104954
-23.58047166205296
-23.57806487623622
-23.57984427855049
-23.58049484802196
-23.588898915564716
-23.58504810467781
-23.584212607761803
-23.588676900075622
-23.591578998442163
-23.589940269187878
-23.586423228516345
-23.583818305401945
-23.59000247457371
-23.589815273456612
-23.58765033050722
-23.58582448831162
-23.59008686519628
-23.58713278203016
-23.582737483016952
-23.581436504457148
-23.582791797614554
-23.58576090980461
-23.589699872049884
-23.59611729593035
-23.59133145360975
-23.58891860883256
-23.58733396650691
-23.584277266314057
-23.581812128187366
-23.588137195600936
-23.583711662852043
-23.58349567750213
-23.578984892457544
-23.58296237377752
-23.58220461497266
-23.579099514907313
-23.579163039231194
-23.577813462139947
-23.576033968051323
-23.582398443452426
-23.577970636459767
-23.577286626198593
-23.578731879733525
-23.578591272577395
-23.5732703848186
-23.573411433602892
-23.573105110048193
-23.574533671303502
-23.572948105131832
-23.573601130791857
-23.56906881827264
-23.57045739631971
-23.57611179636006
-23.575162197166396
-23.573305425011213
-23.572402191964702
-23.573083544105337
-23.571875796073975
-23.575595877520467
-23.57805179794348
-23.580160394757165
-23.581414516670584
-23.57957826550802
-23.57890715024028
-23.579020276522535
-23.57602557479559
-23.578215697799607
-23.580421382313794
-23.577374762572646
-23.576424971321394
-23.58206271540116
-23.578885886802286
-23.578840166198972
-23.582399254156474
-23.580900775289535
-23.576900517598613
-23.57333524302927
-23.578025130689433
-23.580375521831186
-23.581249151595046
-23.582077962275946
-23.581574530157795
-23.581227079080794
-23.58297822254275
-23.58249859640749
-23.58246980812916
-23.583289241908847
-23.580268789319387
-23.57765709848152
-23.575039183824263
-23.573864605621424
-23.580393055551824
-23.576937666117544
-23.57451526391132
-23.577719342961764
-23.578105359875693
-23.57583128107125
-23.574331198280788
-23.574893214336488
-23.57488790899371
-23.578518722456042
-23.58315650465114
-23.581369414947385
-23.581014229299775
-23.582795086059523
-23.58171349253755
-23.581554464169475
-23.584988920682246
-23.582221716655457
-23.579944363707686
-23.57828958694679
-23.576840014122656
-23.575966758175166
-23.57882132316282
-23.575535698041957
-23.573397789279657
-23.57666512631577
-23.578401860125144
-23.57920102037141
-23.574991984246047
-23.572264330922348
-23.57672478692819
-23.573474106924017
-23.570441673827105
-23.57454676448086
-23.577401097478255
-23.572946921447794
-23.572312667923942
-23.572420830081885
-23.570299411103786
-23.57542123562768
-23.576085722317888
-23.57496148844612
-23.57792671211855
-23.57614110849298
-23.577234507920952
-23.576208559008148
-23.572924269359707
-23.575691812423077
-23.57662991251329
-23.57639809108856
-23.576198045146995
-23.58221746435704
-23.581798316127283
-23.57632336448399
-23.57612470215615
-23.57497321029307
-23.57493502609654
-23.574246336901528
-23.576396322235254
-23.575693898304603
-23.578916186360317
-23.57836491047927
-23.57619096398126
-23.577169800088225
-23.581799308095427
-23.580903149526122
-23.579497911937125
-23.57990966045548
-23.581698774925194
-23.58262033747775
-23.5841343089022
-23.579936963021154
-23.58000350801403
-23.579747171397322
-23.58246182356423
-23.577701515384902
-23.5801419513411
-23.577294556484336
-23.578213705152546
-23.577072779418575
-23.578520969246988
-23.579971052393297
-23.577266682821293
-23.576287084724736
-23.57702608353584
-23.57840274345406
-23.579044708212802
-23.58346351401592
-23.584259653207678
-23.584787019106916
-23.586457303420556
-23.58189484858448
-23.585451387990094
-23.584873952948048
-23.584803725080647
-23.585890856950655
-23.59316330555032
-23.59037884089203
-23.58930303044742
-23.590360405964162
-23.595351446224065
-23.59266853914171
-23.592274444380763
-23.590234928628934
-23.58965083658288
-23.593074076081635
-23.5887559133371
-23.592001135425328
-23.590731712402803
-23.59088366154829
-23.595169328899114
-23.589756539091802
-23.588621229034786
-23.584659958065675
-23.58639081316102
-23.584000897144456
-23.587987219112154
-23.58392748216008
-23.585467496744293
-23.588114005025343
-23.5911198602887
-23.59585897236353
-23.592008182276583
-23.592794130515927
-23.59490876640708
-23.595495017795745
-23.591605708762916
-23.585954074218826
-23.581035130992085
-23.580251727138908
-23.58348429266984
-23.585369304978183
-23.587396713631986
-23.58551141167601
-23.588741699927006
-23.587653427523747
-23.591278000557804
-23.587189000358755
-23.58417923403023
-23.581899906770918
-23.584340151194006
-23.58020267978863
-23.578695065008755
-23.58094191772451
-23.57960462961086
-23.583038612468947
-23.584070400913774
-23.58539303172881
-23.587996594397246
-23.588638555362273
-23.583109280818096
-23.577647654085077
-23.575546554014018
-23.572861015297857
-23.572758454629575
-23.57095571150931
-23.572285381934872
-23.572195839713995
-23.57675190671173
-23.57807249510687
-23.581103208923142
-23.578706116593096
-23.576237842109226
-23.582358367405707
-23.587615274179672
-23.590271307954055
-23.587125659251274
-23.58606417229487
-23.58313335712711
-23.58089323888249
-23.58200901339929
-23.578315300077044
-23.579099800361448
-23.58521169397547
-23.58433629507634
-23.58413172657284
-23.585132475681366
-23.58986152844647
-23.5934413432343
-23.594416493412954
-23.59105967806661
-23.590292672048797
-23.58864442369653
-23.582951833584424
-23.585283715583135
-23.585486960629176
-23.583869918330205
-23.586895017141384
-23.588172216086022
-23.591992947885014
-23.59419927978861
-23.595806652104773
-23.596374864466554
-23.595501145392532
-23.59252937096155
-23.59176499886242
-23.596573164970387
-23.59458658410961
-23.594675002730213
-23.592926452443876
-23.596348320482438
-23.595752877547632
-23.594616906216896
-23.594125528906734
-23.592317577123474
-23.58879211254346
-23.58934998718623
-23.590780004533553
-23.59211363778311
-23.59369459182252
-23.597304715827914
-23.59856205794041
-23.597737911266474
-23.596026793704905
-23.589963573302644
-23.58929456652062
-23.585645409669098
-23.58008794342061
-23.579444597335897
-23.58075435905657
-23.578898168311724
-23.57578313226246
-23.57805079753851
-23.582482407150618
-23.58421193484974
-23.586591927015863
-23.58741948836557
-23.58384666733782
-23.587915223015006
-23.583986438466265
-23.585785649735328
-23.586612251029074
-23.585207371474485
-23.585454971085163
-23.584899007603543
-23.58446589691401
-23.577579684904926
-23.579868479852415
-23.58256885685946
-23.582853833506434
-23.581365763984053
-23.579691116596642
-23.580478304214942
-23.577195882298167
-23.57676096031277
-23.578905969748888
-23.57880702812027
-23.579289064668643
-23.57796119783959
-23.577676807821465
-23.577475072132618
-23.580612725211374
-23.582346454526117
-23.58558146030961
-23.58389464994169
-23.588380715457756
-23.586175125971874
-23.582616661045297
-23.58630117877695
-23.584538978982934
-23.578966061690444
-23.577810047009827
-23.575492956169334
-23.576164895925725
-23.577611573669927
-23.57584414958551
-23.57692327067631
-23.57422534856941
-23.575030567663624
-23.569980734932408
-23.572022676726316
-23.573806227174053
-23.577783426264354
-23.577249724241273
-23.576372626553503
-23.574904582840322
-23.571914296099354
-23.572462901848095
-23.57443544495663
-23.57690558644069
-23.57790265365348
-23.57662526459214
-23.57560560651859
-23.576135176250265
-23.573182234005312
-23.576811418292607
-23.575421272199467
-23.573230466068537
-23.57180105327895
-23.574277528776815
-23.572919725237536
-23.568546125935065
-23.567110438991502
-23.56889620423885
-23.565865920520455
-23.56574606514816
-23.567761454438564
-23.570462837468902
-23.5714764621279
-23.576752147143605
-23.580383329250886
-23.578926366072327
-23.57999411976498
-23.58271667621997
-23.581473213138118
-23.580912949061016
-23.576709215310828
-23.573864355735676
-23.577967139482663
-23.58234011362533
-23.57555070643714
-23.580251017688806
-23.580438673069803
-23.58268526606894
-23.58488243041815
-23.585585326016716
-23.583037377392543
-23.582581005951617
-23.58688970117743
-23.585400955671908
-23.5876305492966
-23.591001307397878
-23.592450510378036
-23.594091827989384
-23.5952243644783
-23.596084939328087
-23.5960342859623
-23.59801859228007
-23.598393073044438
-23.596077171964357
-23.59628006505584
-23.58790245638248
-23.59014761877817
-23.591302746228305
-23.585296429150706
-23.58998353639299
-23.58354424008168
-23.58188500699135
-23.58548273208963
-23.587565702286945
-23.586766686176873
-23.583784716386482
-23.57970872403834
-23.58068258980831
-23.578532346817994
-23.581635322055792
-23.58776168925619
-23.589251103275053
-23.58662079879902
-23.587010836978322
-23.587165842275393
-23.589597572475615
-23.587017721098533
-23.590229713850103
-23.587937841601207
-23.58952083305835
-23.588689574424833
-23.590317528264688
-23.592389086295462
-23.59072170316626
-23.584811615755566
-23.58602674178469
-23.58360865614886
-23.583045144389246
-23.582230250218448
-23.58639774052591
-23.58587460718916
-23.589584379305983
-23.59060967442481
-23.590100336691854
-23.585986433964585
-23.586800457284056
-23.588971171044452
-23.589118337923097
-23.586213744435526
-23.586843439457642
-23.58303032040989
-23.587000140811366
-23.58611078558922
-23.59003507194505
-23.587050364225554
-23.581296208976127
-23.58937714388309
-23.590365128143777
-23.59142581137633
-23.590390985854384
-23.589238518871582
-23.589621930476312
-23.59199294252234
-23.594725263096414
-23.594383929416598
-23.595828995544224
-23.59553996635811
-23.593004821870515
-23.59102616282061
-23.587896051498113
-23.588188410505616
-23.59331106666113
-23.597209889131516
-23.59831327685768
-23.5966128855735
-23.595533616932357
-23.5914356378785
-23.59114186353383
-23.588050655492253
-23.585530115288826
-23.586671566531486
-23.577823757525994
-23.57998628836806
-23.58712963510976
-23.585254520132725
-23.58198445627961
-23.583026866483518
-23.579075657616027
-23.579023089695795
-23.57847493396018
-23.584454053701517
-23.580799137723233
-23.582080123748668
-23.576783060890694
-23.57919837697145
-23.58227395280211
-23.580354298717708
-23.582254049372068
-23.58237399982866
-23.58232436164561
-23.586865561680835
-23.588520493315297
-23.59057754874889
-23.58727337894674
-23.583586497566216
-23.578896399753418
-23.580820083145174
-23.578210399029757
-23.585026958979892
-23.583273216983457
-23.58711255478494
-23.589801233828382
-23.584361402516052
-23.585388375572364
-23.584438128381613
-23.58237427029392
-23.58355026071392
-23.58501476148244
-23.58805288187789
-23.59059703503184
-23.590480550415794
-23.589453913034532
-23.587337540395033
-23.58455636549239
-23.58455503872605
-23.58371288397302
-23.587686148610846
-23.589783316916836
-23.592017327385587
-23.590906276762254
-23.584394050723272
-23.5842543860746
-23.586761686079694
-23.5827939143135
-23.581986304123223
-23.585385597219076
-23.581620943169597
-23.582944060009112
-23.580181481342883
-23.576549136838555
-23.576333245912377
-23.570274975883816
-23.57603926020945
-23.57464623463968
-23.575043279073277
-23.574205842886013
-23.572955775867367
-23.570166724188375
-23.57381340107155
-23.577141134204513
-23.576800497696755
-23.5784514163707
-23.57554110572437
-23.575591956616364
-23.57599451616128
-23.573209578126026
-23.57323623449133
-23.572201052570538
-23.573117168426133
-23.57445374923006
-23.576947847098854
-23.576828436512034
-23.578805700690566
-23.57526529074557
-23.57698553720812
-23.578028343040998
-23.57425373348657
-23.576713909807427
-23.57877249784705
-23.576678266704935
-23.57748975139874
-23.58191660526101
-23.586828535998972
-23.583945550597132
-23.585339443936974
-23.584008875180686
-23.583555056311997
-23.587099270523556
-23.582873321471418
-23.57890998765498
-23.58057608731143
-23.580955858676685
-23.579556143867197
-23.581888977948537
-23.584948683557805
-23.58512028284829
-23.582054247188275
-23.579327894347433
-23.58167844325226
-23.58038961585495
-23.579084433020178
-23.583190786374377
-23.58204849428409
-23.580701380480917
-23.581727194380168
-23.579014133638218
-23.57708755409452
-23.575192940284126
-23.573567456439275
-23.57036868251299
-23.572447764074315
-23.574943437970774
-23.571482648507427
-23.57825725706914
-23.576454597556847
-23.578742205552786
-23.578765969777074
-23.574456306299545
-23.5751774453125
-23.57816665719022
-23.577285643927823
-23.577801165655707
-23.580448244779646
-23.5808290488546
-23.58121509032161
-23.5772531293941
-23.578654949810492
-23.583456063362526
-23.581424120823073
-23.58274425133572
-23.587854949842306
-23.59209575298798
-23.590894440783146
-23.591290886836216
-23.59385704126361
-23.59065713728802
-23.592023478431795
-23.594720950215947
-23.600907198682876
-23.60072242705146
-23.596173097271947
-23.59116431477905
-23.59144604968304
-23.590252416131328
-23.58893267250374
-23.587165091851343
-23.589260707668867
-23.582542220110323
-23.5903502690967
-23.595180095404288
-23.591409209209935
-23.588078884068032
-23.59136221025486
-23.58727915730594
-23.586778104958
-23.58784695110717
-23.58431292117984
-23.58224156489891
-23.582333525739664
-23.586395963713173
-23.588673877880964
-23.58655902140241
-23.58350983722656
-23.584737796159523
-23.582413579857977
-23.58290777340354
-23.582519063229576
-23.586205185833943
-23.5861041208489
-23.586017501360658
-23.58377961469345
-23.581666856362116
-23.585198909505113
-23.585427906418424
-23.58268254040661
-23.5850827535537
-23.58118288523799
-23.578822771984246
-23.5799409878005
-23.580576985224642
-23.582133941699173
-23.580292897484618
-23.575097954198863
-23.57696710655032
-23.578285870447324
-23.577190396840543
-23.582770765377962
-23.57970401974999
-23.579753110082976
-23.578184928432545
-23.58263692327803
-23.58090359321416
-23.581413414698964
-23.58149849466537
-23.57836579831787
-23.5731901044639
-23.577351957116846
-23.5750417384273
-23.576326744735443
-23.57670040515789
-23.57851233969474
-23.58241729130335
-23.583824019549247
-23.584246464437918
-23.585180962927073
-23.584050597088858
-23.588535783863836
-23.585402538471612
-23.585045978197964
-23.584222967260306
-23.581151923403425
-23.576142967855137
-23.574968375311283
-23.5758848001942
-23.575633831535004
-23.572734569276594
-23.572809730230492
-23.57837631762481
-23.57920481673849
-23.572846330526982
-23.579835290386544
-23.58214338518582
-23.583788742872372
-23.58584467769609
-23.58423435099566
-23.581072674957984
-23.581082991604738
-23.58287663987711
-23.585721911731543
-23.581552592264938
-23.583737804984235
-23.585771593153936
-23.58150347749662
-23.579915540722354
-23.58071620285311
-23.57865577051142
-23.576339369975035
-23.57944113623627
-23.581478947095114
-23.577998081660752
-23.5784300063648
-23.578098783040183
-23.577268528263286
-23.57467768714198
-23.576473164105337
-23.57779661151972
-23.57684472968753
-23.578537598163003
-23.577197253493708
-23.57561744823469
-23.574958311663092
-23.57341724330486
-23.575697346437003
-23.575696744289576
-23.57774211175157
-23.575126933646
-23.57450260461977
-23.5774180982501
-23.57586111951962
-23.579505202998607
-23.575019486576757
-23.575221663029858
-23.57662430582672
-23.578776731859158
-23.57890064494392
-23.57697338128766
-23.576603916459515
-23.573909329180427
-23.567855522094437
-23.566853093354137
-23.570446182331217
-23.572283784099866
-23.572264758496242
-23.572739918306677
-23.570209232221718
-23.570882965008643
-23.573909063006383
-23.57531686029515
-23.579101837725478
-23.577053755308796
-23.573097943339302
-23.571356553949276
-23.57230086802891
-23.57339697329277
-23.56888892622443
-23.575329111033195
-23.578443787215658
-23.575974464410532
-23.578210129062377
-23.578007405952718
-23.584563300142
-23.581769911062015
-23.583196736203938
-23.589160000078152
-23.58793774053652
-23.58616993726449
-23.589975182355328
-23.591403361689736
-23.590563850029387
-23.593871017984423
-23.592439220954308
-23.589073947877658
-23.588143763012955
-23.59148397086607
-23.590075910315345
-23.591374466795486
-23.592546803350494
-23.58996867087669
-23.589421271402554
-23.587720357257925
-23.587036738786612
-23.585993265091677
-23.584304468850604
-23.586112561613533
-23.58398666218927
-23.58141136869416
-23.58072891247829
-23.5812860192113
-23.581094688260077
-23.580888956070286
-23.579308149838962
-23.578345963221633
-23.581200663791627
-23.57948321222581
-23.58261268378191
-23.583109187152964
-23.585368903795114
-23.58626519558775
-23.584781529379583
-23.584956398270734
-23.58468203170234
-23.58515380108899
-23.586231405325098
-23.58728712080531
-23.58631320700727
-23.587732468887125
-23.589543833073385
-23.59177577677708
-23.58681718987406
-23.590076861089017
