-23.636450451947635
-23.580793525042647
-23.585026055621107
-23.583387784203456
-23.586138588014116
-23.58238376762157
-23.58134334998346
-23.585723601344426
-23.578335785139142
-23.581029501087706
-23.58202245654945
-23.588133772339436
-23.58222248536524
-23.5811375528654
-23.580137913608908
-23.581265414078455
-23.581648517523735
-23.583598432444987
-23.576034395714586
-23.584222922523818
-23.580097516370895
-23.584896986178002
-23.582078406812634
-23.584201631619074
-23.586624503659635
-23.584467537635575
-23.584238801335164
-23.58283736206551
-23.58138866198907
-23.58205915319407
-23.581604577818883
-23.580948202974554
-23.585532086319454
-23.585273516263896
-23.584136998250568
-23.577924353989683
-23.587762388097925
-23.586090192719237
-23.589022466405453
-23.581597205137165
-23.57495224216152
-23.58896977591547
-23.58616512810692
-23.578526837029827
-23.581972622655783
-23.5825331017883
-23.58626162720882
-23.578932526020324
-23.580853353636872
-23.580234658832
-23.580920556603175
-23.580462238891986
-23.58656525034062
-23.577131050212625
-23.581138272261896
-23.57956543217033
-23.580042889496916
-23.58873129179288
-23.583062893078452
-23.584802853165968
-23.58290714996911
-23.583264556284337
-23.581787124882762
-23.577140238508715
-23.583533685056576
-23.586359782568238
-23.586297996499557
-23.581239751441817
-23.581783385516445
-23.58440035892339
-23.57983784233047
-23.589540446416464
-23.58212627132014
-23.585578941613853
-23.58024932495721
-23.580929931836856
-23.577458449735236
-23.58458444220491
-23.585001162960953
-23.58558457233836
-23.585058816701533
-23.5868728057988
-23.586810643754145
-23.57716951771299
-23.585028834671707
-23.586054281661024
-23.580092299555925
-23.582311252502542
-23.588611759306012
-23.586523603235502
-23.584033735875725
-23.576961892917573
-23.578398513019003
-23.583636245751276
-23.5814465187691
-23.58449518185797
-23.585510328752953
-23.580744166958755
-23.57853038440197
-23.58228610540354
-23.580353141867523
