-16.069805004104392
-16.01077986161452
-16.03725116435723
-16.026740876584835
-15.99204578407416
-16.009816135571356
-15.994427409488415
-15.987509045257283
-16.02287304920253
-16.04647284703777
-16.026245464439825
-15.956511630312233
-15.99756124720693
-15.997238515150594
-16.060622684937066
-16.055695105504434
-16.043845026224055
-16.0184768350639
-16.06061616250441
-15.991644973383567
-16.08318948581834
-16.00931430560993
-15.986162324398181
-15.999232682445768
-15.950266883002781
-15.991581775946264
-16.00962418851523
-15.99190321250488
-15.992731612774977
-16.036146899167505
-16.009416939219086
-16.03755166504866
-16.005789245803367
-15.949816083109926
-16.02032059268474
-15.99103406957581
-16.031405711320666
-15.9677374271735
-16.024527391410288
-16.03328674264771
-16.007320362047714
-16.005456438732192
-16.01247339087718
-16.06752841818207
-15.999849449494102
-15.963292443817783
-15.993323556677673
-15.995807462609202
-16.01402369417301
-15.991629670319337
-16.010430210701077
-15.97045727520685
-16.043555732321195
-16.043860575064205
-15.992161819425323
-16.039403012748743
-15.974420559831174
-16.02601618275838
-15.950496863440833
-16.00249553426978
-16.032644997741645
-16.012029356804828
-16.02005252773581
-16.031787742835512
-15.996495482205649
-16.029684868837034
-16.002005084626084
-16.02337591041773
-16.039716728676606
-15.982916415828559
-16.030295774210746
-15.980177896506342
-16.05268705590851
-16.040380826849955
-16.036863692724538
-16.012220556064015
-16.031541919454607
-16.005796807209315
-15.997320117463225
-16.075147949775342
-16.015494825361696
-16.04968030037472
-16.050520509655744
-16.02626543854232
-16.02548436762349
-16.021421495581457
-15.98974890356454
-16.057444317136422
-15.99813031548492
-15.99554535783437
-15.997012007147479
-16.01699893520786
-16.011052306837797
-16.016507785332276
-16.035177451871967
-16.007947259007874
-16.037012906059143
-15.95533284585923
-16.004263099615578
-15.991315631828632
-16.007014637848368
