-23.54975488156213
-23.546795670887505
-23.538666752108668
-23.533484988553813
-23.536189619503503
-23.53429304231303
-23.53498286795572
-23.53149025429662
-23.531629791571874
-23.529529725224243
-23.533290603602026
-23.535972766497366
-23.53241308328019
-23.52671009924275
-23.52463539849233
-23.521535070013922
-23.519669908445128
-23.5121407303792
-23.507896974163693
-23.50656455492137
-23.50429816415779
-23.50268531110975
-23.499335563815862
-23.496577319423583
-23.501723762193343
-23.494765207994643
-23.49526134490238
-23.49942944379799
-23.510279300549808
-23.510741150914214
-23.511080858166107
-23.511394830379164
-23.51463909402973
-23.5126361746855
-23.51439725210127
-23.51825210353299
-23.519463938694503
-23.521796328970183
-23.525667354842348
-23.528063840691566
-23.52773194260347
-23.52708116301453
-23.523147756446587
-23.51778095801224
-23.519480337208915
-23.516007553964936
-23.51132518928937
-23.512344130960624
-23.50947607773371
-23.517273081344424
-23.509718921612755
-23.509633922374835
-23.50816664306455
-23.50747983422952
-23.506882953489818
-23.50138818648112
-23.50095018812961
-23.50265320019378
-23.50774143857383
-23.506370143212557
-23.51314181807183
-23.513703496236793
-23.511455954573165
-23.51021093676385
-23.508521144554024
-23.503492694256906
-23.50654282778857
-23.505692283663524
-23.504069597384696
-23.50175498804462
-23.499162322680945
-23.496837304331667
-23.50051077435697
-23.509285075958584
-23.512218576354716
-23.510216097144475
-23.514407039824523
-23.512999294384187
-23.506172833258606
-23.498381486783266
-23.501249879352347
-23.500278999263326
-23.49783954730195
-23.498184487156074
-23.494108987745374
-23.496658177644406
-23.500311288162315
-23.503564883568973
-23.500868117254214
-23.49977077503592
-23.49786707982499
-23.499977927407443
-23.497625707837884
-23.49654156138272
-23.493620972444386
-23.49632600806092
-23.492432086975814
-23.48738188832278
-23.48986926315011
-23.495232748300392
-23.49143522431596
-23.487470008631032
-23.488714294219584
-23.49260182839405
-23.495834496690513
-23.495613372334745
-23.49919688958434
-23.500372903478002
-23.50002198104823
-23.500518745916917
-23.49386794098654
-23.494533824166997
-23.495985803587807
-23.495940743634755
-23.494979032988745
-23.495798840874453
-23.495735465670027
-23.490361577670228
-23.48512966310496
-23.49041035771522
-23.493339299068047
-23.496317814003447
-23.491757661568457
-23.48609841772979
-23.487148996678652
-23.488353705061808
-23.488355159281106
-23.494349948743007
-23.49432216426955
-23.494077837078855
-23.498648844718698
-23.494514327964
-23.494923414975357
-23.49571809499712
-23.49909052286179
-23.49539538953136
-23.49964752187743
-23.49994763853839
-23.496102620992506
-23.499181501033636
-23.499711706544943
-23.494170475601436
-23.494580203609562
-23.49559241595176
-23.49410764646545
-23.498534502481334
-23.49449699698195
-23.4923171973639
-23.496946595566747
-23.495081960418748
-23.494180949631268
-23.48986643208809
-23.48924094211397
-23.491512719732878
-23.485696125886026
-23.486725473441226
-23.485804046448052
-23.484060482890964
-23.48038479744573
-23.480670801115668
-23.477729548930913
-23.475101219997548
-23.475855352296286
-23.482890621737845
-23.479397453931963
-23.479620138507748
-23.485465140100512
-23.479315710588562
-23.47987435765006
-23.480484456321673
-23.480765328612136
-23.484419454378884
-23.490241182059844
-23.492591329303316
-23.493696852132267
-23.49311912288095
-23.48577643919131
-23.487167683612757
-23.48473951970151
-23.48101863777054
-23.475926936476977
-23.474818443639304
-23.475845405890606
-23.47236429507298
-23.471796703784452
-23.46955536932761
-23.475436905239714
-23.476655540649695
-23.48297845790606
-23.481805322506627
-23.481630146839223
-23.482003485089223
-23.484621104383965
-23.484276752144655
-23.48325833288463
-23.489060669440853
-23.49105661158213
-23.491750343018598
-23.48919919529179
-23.491633272282783
-23.49033749050588
-23.48954980503885
-23.490279366031544
-23.48955739313532
-23.489079447711177
-23.49067644205463
-23.497852991155774
-23.495931785424695
-23.494708534094233
-23.49274260043135
-23.48699555635441
-23.48467680270972
-23.484543109048072
-23.482200310897387
-23.486624165284475
-23.481444768391786
-23.486719084354004
-23.487382567351105
-23.488437858785517
-23.48804373997129
-23.48757259891675
-23.483335181903197
-23.4889341042146
-23.492646223301676
-23.493175527673127
-23.493916671177903
-23.495508901688336
-23.490577236243045
-23.491671261329067
-23.494043518765917
-23.492664474082773
-23.491800966306478
-23.492182428376903
-23.490224882951825
-23.496662961330234
-23.494839723286894
-23.492008682949447
-23.494261480656178
-23.492572172510236
-23.489150770512868
-23.486988026817965
-23.483182629427382
-23.481997549530842
-23.477245260452033
-23.48229167476686
-23.481184368187783
-23.481530985798532
-23.48793910301257
-23.4847095854683
-23.477976298017115
-23.4794468941068
-23.481645018029877
-23.483179792506657
-23.482150441706356
-23.485691100985296
-23.487868953392745
-23.488765623486263
-23.488257185560958
-23.491404918177093
-23.490721719439545
-23.486512919694434
-23.49556966725302
-23.49652720319472
-23.49785248060008
-23.50032737955283
-23.49660922283933
-23.494954818237744
-23.487883672876936
-23.485054380048005
-23.48601719156774
-23.48080910351855
-23.480602894865836
-23.482786624420655
-23.486085328379307
-23.484463946593724
-23.48454939941306
-23.48176550235065
-23.480421098967163
-23.48167808283422
-23.485414582320974
-23.485613840061287
-23.487179961055173
-23.484843913836617
-23.48450226967245
-23.48024404832532
-23.480887765167545
-23.477970475827654
-23.48001695654419
-23.480044691902272
-23.47585191916647
-23.48227534784851
-23.482445039217385
-23.480598897067384
-23.481810967346412
-23.479495505066893
-23.48084744299303
-23.47804643248487
-23.481445064852167
-23.48082664737973
-23.48446339637611
-23.487999916650836
-23.490144045464895
-23.494537907846627
-23.486177710679986
-23.4819660554275
-23.485522779129674
-23.48538629871303
-23.48486663311196
-23.482422428441687
-23.488287837092276
-23.490164382029757
-23.49392830526718
-23.49610368967738
-23.49751487411049
-23.494784505456717
-23.492932645385995
-23.485735607791543
-23.486396493962253
-23.48674250776443
-23.487935545609187
-23.49225013213464
-23.49486593376382
-23.49547140335684
-23.49936357367187
-23.497904511796982
-23.499440414226015
-23.50186057101056
-23.497766938998687
-23.497393709105648
-23.494954820303217
-23.492336562401814
-23.499863852765227
-23.501679867484746
-23.502021777562547
-23.49733425981153
-23.496273181488462
-23.50111434011476
-23.50394113994124
-23.503588537402926
-23.50326844947194
-23.503658471437003
-23.503548920443045
-23.49512904716893
-23.496623714278385
-23.49218502979713
-23.495842948818428
-23.490028031351745
-23.48788689787354
-23.49402883716362
-23.496286520654685
-23.494921788512848
-23.4921408476279
-23.489681184971957
-23.493648570774965
-23.493724478787364
-23.497497628334905
-23.503687458790846
-23.50378936505815
-23.500206883210637
-23.5025120982804
-23.49527218545869
-23.495061459820068
-23.499830341604834
-23.49837109720975
-23.494788746433457
-23.494580145237105
-23.497646121427262
-23.50054951496519
-23.50602227621111
-23.502063187810926
-23.50367000985683
-23.506063120950614
-23.499018554827966
-23.49718519796745
-23.50347584076067
-23.500154723901577
-23.4963383365002
-23.493855028978462
-23.495391840397783
-23.49669798798621
-23.49445133139335
-23.493714281437352
-23.48538890390771
-23.4851395341846
-23.485287567572286
-23.48077561061337
-23.48300519586471
-23.485278303510896
-23.48527605897047
-23.481403814809752
-23.482011053958693
-23.48025487882334
-23.481610746920385
-23.48054275885029
-23.475733181270307
-23.474674265083888
-23.480969789561527
-23.47962073604601
-23.47916431242686
-23.48387029287182
-23.48436949519262
-23.484705670847948
-23.493064680085233
-23.494740196641054
-23.496421915743113
-23.4921441355961
-23.488593123128382
-23.492947539197882
-23.49431079597833
-23.498996354243417
-23.498735118076766
-23.496710277398897
-23.496086679682367
-23.493802630467496
-23.492283924447854
-23.496349173622928
-23.498038054089154
-23.493913846876776
-23.49251283715493
-23.492866371035742
-23.48950672263308
-23.49116558360532
-23.489353392585112
-23.492804693965713
-23.493041021941988
-23.488194212241574
-23.491237657879577
-23.495127690403873
-23.495401552579146
-23.49328783541692
-23.491907173836154
-23.489666241020775
-23.491396224727055
-23.492115036203568
-23.489067423962155
-23.48938789859334
-23.489304280558397
-23.491688186140834
-23.495058498869035
-23.49810263499977
-23.50293182731256
-23.504441724152656
-23.506593406500112
-23.504976490953187
-23.50326469841436
-23.504492870126835
-23.506576622404644
-23.50465211561664
-23.505636924658134
-23.50213315784577
-23.50108349326037
-23.500695099546864
-23.499437442126315
-23.50278822835534
-23.50852650473643
-23.511861381587185
-23.507714230281962
-23.506272817579273
-23.50997835600579
-23.509236302437625
-23.50722806247314
-23.509280477315343
-23.508860851704437
-23.510158239714364
-23.50746379510896
-23.50844559737029
-23.504550421787396
-23.50661154765953
-23.505278018097172
-23.502851799464924
-23.506430454981285
-23.50553969792032
-23.5034839231944
-23.49902028857824
-23.494074483472975
-23.494649608315584
-23.49739150950791
-23.492779133261628
-23.488970432928152
-23.491461724687877
-23.484859099072803
-23.48518411129126
-23.48426261770911
-23.487029644081623
-23.487397790404124
-23.484374801060603
-23.48523415805381
-23.488244130936156
-23.492991684642444
-23.499552293147005
-23.49969171474014
-23.50056676385885
-23.498327728481275
-23.499786476397055
-23.496850169471124
-23.497104816533575
-23.49625581295067
-23.49258857373373
-23.494770957337817
-23.488580327942692
-23.491417637074562
-23.490186667458996
-23.48703961384258
-23.491337926854985
-23.483183714728117
-23.47913691888325
-23.48150014216524
-23.483182725505245
-23.489732458935446
-23.48897133949706
-23.489499459859882
-23.487669834555835
-23.488282639041238
-23.491653548810508
-23.494658460135028
-23.49267874996935
-23.495490342946773
-23.495181722429237
-23.494936633637572
-23.49893773402707
-23.499518113088243
-23.499266862929016
-23.494604101089372
-23.489295064501245
-23.488390398589598
-23.49034625153404
-23.491736627994385
-23.489616752287773
-23.49390361144938
-23.494015639882342
-23.497374847846437
-23.493751039495773
-23.493953042984334
-23.493912509996658
-23.498266879338345
-23.495435563118054
-23.49470144973789
-23.497396703147768
-23.497793882464165
-23.498952721165544
-23.501059191904766
-23.501643125130904
-23.501178200965487
-23.499327647956697
-23.500054952400387
-23.496565124171624
-23.492637002268687
-23.496292971670243
-23.49597952556184
-23.500103730858115
-23.49800035470672
-23.50137686687175
-23.49970727123522
-23.496740294851556
-23.497836594174043
-23.501233065143825
-23.503135216436498
-23.506656866024677
-23.510051103861787
-23.51001164214462
-23.509490366617214
-23.511218695673566
-23.510728657281227
-23.506143141710663
-23.501756809836696
-23.49794565604521
-23.4982461279453
-23.503215288893756
-23.502156781371834
-23.499009488955316
-23.499754878242193
-23.499013348970465
-23.497992258597773
-23.49728197822664
-23.49124508577023
-23.4889696386678
-23.491078819283686
-23.491773808949674
-23.491991507768493
-23.48834267816443
-23.488809789926805
-23.498424885965797
-23.49672818742928
-23.499434669451468
-23.50332820531836
-23.508035395094154
-23.50695397527373
-23.502967462336848
-23.50105316634959
-23.500194501979973
-23.501010294360988
-23.49734202613921
-23.49621641387361
-23.4962848829563
-23.495460238721463
-23.496092594187658
-23.500797133960205
-23.497901207715778
-23.500339937857053
-23.50286427874776
-23.499658145767476
-23.4966886427563
-23.49495365517657
-23.489530110586877
-23.490664420163117
-23.48672481406239
-23.49130384357712
-23.48904157261827
-23.487686414019542
-23.48605214242968
-23.496724915484485
-23.49866550192173
-23.49885752041603
-23.49529322100538
-23.49619311516269
-23.497868281354272
-23.500500936768862
-23.500603632236288
-23.49921733901049
-23.500884539321607
-23.505388241507443
-23.504224450708193
-23.499912623487493
-23.49742351422785
-23.506308621689428
-23.507268584933414
-23.506593709186255
-23.502644048363766
-23.503191831149337
-23.501516440889173
-23.500229172084133
-23.49942722802877
-23.498399504263038
-23.496400442383976
-23.501968556651235
-23.49534093792481
-23.49847498313607
-23.49736992757115
-23.4990752608772
-23.498018383160062
-23.498794001113207
-23.49991765294443
-23.500668137211395
-23.49942578993471
-23.49590861026541
-23.497868740958083
-23.49683302111568
-23.49754418406859
-23.49642204869475
-23.495457208295004
-23.496732919277356
-23.49546849943582
-23.500572115920704
-23.498243541835762
-23.502153459641892
-23.504917344853208
-23.506237075401174
-23.505058890651327
-23.50410420404921
-23.499591283099875
-23.500919636783618
-23.5023333125701
-23.49954173109097
-23.49840542348764
-23.49410413637116
-23.498234532810667
-23.50082533074766
-23.50360466442476
-23.50387320061636
-23.502210406251233
-23.50576990543766
-23.502990732231606
-23.4976006862664
-23.501188817743405
-23.502385170318178
-23.49704439057431
-23.49726195750685
-23.497672415794625
-23.497745336195127
-23.5001152416443
-23.499214740110006
-23.499710204248295
-23.498976910879254
-23.498678884748593
-23.499609714735495
-23.49682650518157
-23.493374228321013
-23.490534249616367
-23.490106816009067
-23.490453400732584
-23.495015439378353
-23.495858462898703
-23.498960952370176
-23.495975650850866
-23.493507763371927
-23.489130929460668
-23.488138260867355
-23.48811623001689
-23.485344331406036
-23.4897757817364
-23.496573720881027
-23.499670343671806
-23.503222647767448
-23.500064501917272
-23.49758889068398
-23.495194983433816
-23.496280418928507
-23.497809081742446
-23.49589831737668
-23.496602446775505
-23.497424062741207
-23.501450575952898
-23.49647380981876
-23.49680593243122
-23.49541632247207
-23.491015020160926
-23.496575052964992
-23.498783626339694
-23.494805434931138
-23.496079747288118
-23.491867945736807
-23.4903972253392
-23.49636674012623
-23.496071532931968
-23.49679342489007
-23.500969930133998
-23.50445475358806
-23.50562135020265
-23.504720872131816
-23.50516087709757
-23.507002845837675
-23.50654813865991
-23.50526075643237
-23.505386951558307
-23.506984177604906
-23.507187985824483
-23.503386894788964
-23.502613945700645
-23.501154556188872
-23.501833831994883
-23.499669295900098
-23.496833377612784
-23.500901324204946
-23.506183561452037
-23.50410562828032
-23.50702228479055
-23.504533120602463
-23.504352891711438
-23.49675515471324
-23.501433791664116
-23.498274772113593
-23.494940179533312
-23.497343839975915
-23.498621991130538
-23.49297360429478
-23.500626712316752
-23.503207611645077
-23.4995935210523
-23.50169046815863
-23.5020924521051
-23.500175663881805
-23.49554677885165
-23.49223497723706
-23.493087733228272
-23.499016790560106
-23.506062144592963
-23.50346530140606
-23.509561746350307
-23.506076988905996
-23.50822445394639
-23.50119680545548
-23.498630913348318
-23.499841755351756
-23.50271582563878
-23.501056857720172
-23.49415707330385
-23.49691787474461
-23.498660660796805
-23.499504204933796
-23.495658793983328
-23.49759759822861
-23.498814693211052
-23.502354922118627
-23.500699202272042
-23.49829943839454
-23.497750225127795
-23.496406967677615
-23.50003001959773
-23.500934159601076
-23.502527590470844
-23.50390766331066
-23.503821567730558
-23.51133063037716
-23.50674315653913
-23.507744128927147
-23.501955383142796
-23.502491789072437
-23.506765461070717
-23.50149352589
-23.508183443367315
-23.505955791587517
-23.5045726022391
-23.501698394088226
-23.50080216989872
-23.50283701891236
-23.50029210380467
-23.499910566558857
-23.494646765211154
-23.49372778020104
-23.490309305746226
-23.49047986654871
-23.493063940485893
-23.49819581146484
-23.493908903386014
-23.490184642882493
-23.49197537946352
-23.49371266227174
-23.497111459785437
-23.489970907962018
-23.480330362793133
-23.481382442054034
-23.474879909667216
-23.477348663057764
-23.48020261632502
-23.481610878814934
-23.47588782912877
-23.477191546646438
-23.470915456476327
-23.476157312514488
-23.476142607907896
-23.47816107842576
-23.47441449978602
-23.47742780354746
-23.47789942118528
-23.4827933291653
-23.48002825260952
-23.483217240266065
-23.485367112322315
-23.484360930456027
-23.487242315044238
-23.48603924225754
-23.488233039822216
-23.485640506027526
-23.483920731559742
-23.4824675650023
-23.48807687662803
-23.48899609835099
-23.488526149128834
-23.48205618263624
-23.48349815741803
-23.485134870974285
-23.48849043496297
-23.48784865081601
-23.489348069169154
-23.48836728762799
-23.492163259759174
-23.48831327428006
-23.488212426857448
-23.487579044449213
-23.485342170022616
-23.488229359590072
-23.48938891060672
-23.491783334910934
-23.489033658074714
-23.49374728697302
-23.492398166127753
-23.49376609526421
-23.495054576519326
-23.49343717596667
-23.489027334309725
-23.484043138423324
-23.48333816314341
-23.489816332959013
-23.48893598053152
-23.48601007195244
-23.49222587762058
-23.497236567726738
-23.49794068057131
-23.499357649771
-23.498063000579645
-23.497720038680256
-23.495833470600147
-23.499122303955108
-23.497000251983078
-23.49470431929936
-23.495782139702225
-23.499711531842237
-23.497078008900935
-23.493678335682997
-23.49365377122556
-23.496920814108233
-23.4958565921491
-23.497484905363265
-23.49908305877754
-23.499345663758135
-23.498464418814585
-23.499323145281664
-23.499825136383592
-23.498190347884503
-23.50113105584535
-23.501061566414442
-23.503496321135493
-23.50547244526508
-23.502780425545968
-23.502127061218225
-23.498924616678625
-23.49970634310413
-23.496626201753827
-23.493994214513993
-23.496893245878773
-23.495653126228966
-23.4985443671042
-23.496835091247505
-23.495614856478152
-23.496422773893144
-23.496776525478214
-23.493658230776703
-23.497108031749658
-23.49953836013064
-23.500020432186012
-23.49980459101137
-23.49991498000979
-23.50108954548887
-23.499641004346906
-23.50231773966716
-23.504957743974835
-23.503439099219733
-23.506951093681305
-23.507846663547237
-23.50419439355396
-23.503459594941162
-23.504685695847172
-23.505552672569152
-23.503657052066234
-23.507112084385025
-23.506182247179627
-23.502494337838478
-23.50409453998425
-23.505263034245946
-23.50624982218658
-23.50639136906269
-23.504262132729238
-23.505275822400694
-23.50573321454562
-23.50279369354131
-23.508186437527236
-23.507469095089384
-23.507010688450134
-23.500474554232895
-23.50052479726475
-23.49991286890086
-23.505081914102767
-23.501604529825286
-23.501358327495616
-23.50115317844976
-23.504568623337036
-23.5103352497461
-23.506666805810706
-23.503557766055636
-23.509430070750597
-23.51230675580843
-23.50795403558245
-23.506794666105083
-23.504835910166804
-23.502320160854918
-23.50233833776835
-23.501961671779853
-23.500831539506112
-23.505436142622177
-23.512105719372787
-23.51510068606633
-23.51576639106679
-23.514153288855905
-23.51267379708784
-23.509362506157984
-23.508295653249604
-23.503711909132406
-23.50244239024216
-23.50744407902256
-23.504910244994395
-23.501639062804855
-23.505448526539325
-23.49906341876034
-23.49272820946619
-23.496465892125656
-23.497445405053035
-23.492543302538902
-23.494393490079567
-23.49536928711931
-23.494222327431352
-23.49348626959372
-23.492879051017756
-23.491938720056847
-23.4969644024465
-23.496325626539896
-23.498985635658684
-23.500381619050984
-23.50500178168673
-23.49835043613634
-23.493654620905513
-23.495348329529524
