-23.495348329529524
-23.48916357997675
-23.484573542307864
-23.47955177816113
-23.476066429830905
-23.476310258111443
-23.47761225305231
-23.47858035969498
-23.47725890666303
-23.472923983818855
-23.471275919823146
-23.470918682510508
-23.47087827286583
-23.473275695390416
-23.47281477439459
-23.469956195629464
-23.463893003871323
-23.46247356882356
-23.456277658803057
-23.45329501720077
-23.449510810951374
-23.448094990420515
-23.451143889492645
-23.447547194394684
-23.447077399028807
-23.44981284323811
-23.44882711830017
-23.458121992488845
-23.452892902695023
-23.45082700359179
-23.44995592550785
-23.44668827048262
-23.450476760688545
-23.443737191826067
-23.448190052142454
-23.445495059642287
-23.444367383668297
-23.446281970675113
-23.44944710068124
-23.448126763660746
-23.445068279402353
-23.45163910280989
-23.45392300105979
-23.4513425169189
-23.44743825431922
-23.44180486213346
-23.441438837577596
-23.439606634090772
-23.436605943012346
-23.435744138533128
-23.4389761382539
-23.440637757592395
-23.44282226227725
-23.437599455618898
-23.438060657082996
-23.434376529725252
-23.43494788368151
-23.437441814070336
-23.444448896509225
-23.448305755549033
-23.4523694220944
-23.45040431197929
-23.44649519358605
-23.443305435665938
-23.44001062278334
-23.44485994409595
-23.44150776709049
-23.43992480535585
-23.438058733314755
-23.44007145671031
-23.44046254812076
-23.44295582565643
-23.444613546077957
-23.44671250041776
-23.44902403296176
-23.450802983084273
-23.447009874715352
-23.444527711726284
-23.447293876244732
-23.450040450104176
-23.44511268619861
-23.45317433583429
-23.455030549312152
-23.457397630957505
-23.453734394765128
-23.462911234398096
-23.464361415136462
-23.46472082145412
-23.456387242408532
-23.453860288062994
-23.452226245820007
-23.451776702707864
-23.45343772185863
-23.45369653044334
-23.454352420220165
-23.453111533646158
-23.45453425252016
-23.45606888986945
-23.45570992559201
-23.458296711867412
-23.460702245185658
-23.458459919096878
-23.457599072788025
-23.458039250424342
-23.45471696204066
-23.45168892578374
-23.448653915318822
-23.449468126357615
-23.44887134576094
-23.45096537545701
-23.457794306019455
-23.453504662502535
-23.452166698890785
-23.452336108893128
-23.45256280466399
-23.45739696719981
-23.460066564537083
-23.45868464134469
-23.460182759982768
-23.458372528470726
-23.453160680820694
-23.45016634625938
-23.44647862734454
-23.445385791707725
-23.458627257921506
-23.457958288687912
-23.461221167879273
-23.45935195586686
-23.457324183307534
-23.45953660387467
-23.458451165720636
-23.453295760766093
-23.452715925236788
-23.454361468114605
-23.452962411180213
-23.459094029121836
-23.452508280415287
-23.44802690225206
-23.446643778732593
-23.444571632996706
-23.452617642669374
-23.452222964712483
-23.453615267140435
-23.45610821732099
-23.463575704514014
-23.46244814067785
-23.46599464893703
-23.469362482526858
-23.46408253542299
-23.46288394948537
-23.46479070439184
-23.463719430063165
-23.464542793519367
-23.46166870616153
-23.458760037232295
-23.460535022011367
-23.45770387009503
-23.4564676717926
-23.45808985651087
-23.45767005787019
-23.457102757525433
-23.455468618931924
-23.460266037420098
-23.456523507242032
-23.45471292780602
-23.455367739155655
-23.456570317438203
-23.45620147516196
-23.457502127454948
-23.45330734906725
-23.454835059553
-23.45623908530872
-23.451531813830453
-23.448237470697876
-23.451348430862865
-23.452806545360914
-23.450684949839264
-23.448385014437804
-23.445110264238046
-23.44726688902209
-23.44915161315083
-23.44764014204667
-23.445479798306373
-23.444026353144153
-23.441539469749532
-23.442086734781334
-23.442655992459546
-23.44322879451553
-23.44392039670107
-23.438821155561033
-23.444753415043095
-23.44530648127345
-23.443134545639282
-23.444536828399407
-23.44645739333747
-23.447260842312133
-23.449214366697817
-23.450557226761486
-23.45388384984208
-23.456585967080834
-23.453295403150573
-23.457216603022317
-23.45484468568428
-23.454483124470308
-23.452078724757712
-23.45084096399018
-23.449288630695758
-23.44772707968906
-23.44621532765382
-23.44461116212503
-23.446010776621858
-23.445513737262058
-23.44478974919369
-23.44119385140264
-23.445772225513323
-23.447256870994273
-23.44631168093461
-23.433917862115948
-23.432681414330805
-23.428681508565578
-23.429704600903232
-23.433470585832698
-23.435863788258594
-23.434624239149695
-23.436716573315955
-23.436009095066236
-23.442261568474056
-23.441170792095186
-23.445978012230054
-23.444770541693934
-23.44755767735983
-23.447653801858113
-23.44251450181295
-23.44015749687895
-23.444876434338926
-23.443450879070088
-23.447527359205317
-23.446488433627163
-23.44536443733784
-23.444038374465446
-23.450139194172078
-23.449079198255266
-23.452342736326322
-23.453276708525216
-23.45588506742791
-23.45196556285404
-23.45809755494815
-23.457435972792595
-23.457989958504285
-23.45220884621355
-23.45461109483125
-23.450646186584446
-23.450821175394072
-23.446925713779162
-23.44803353617878
-23.447712873618652
-23.444825540899807
-23.44970634260042
-23.45690405246798
-23.456940160776394
-23.452743554892734
-23.443444099527795
-23.44845969333928
-23.447823348274046
-23.44777912872922
-23.45229934819049
-23.453094502131332
-23.456490404555534
-23.451570281808397
-23.451954408831266
-23.451188027775153
-23.456645763643653
-23.456932534515122
-23.45716889643164
-23.458022967081313
-23.45926590616973
-23.455226800125256
-23.457009904375507
-23.458514815887007
-23.45810542445657
-23.4552043915752
-23.454727933513883
-23.450688668262472
-23.452775661995414
-23.451012251235568
-23.45267595816041
-23.44851412328035
-23.45466801763208
-23.461786452189518
-23.461783914721263
-23.457444381570248
-23.451834512171185
-23.455379047177274
-23.456725790659075
-23.45579350970364
-23.46045370432371
-23.45582907673892
-23.454580510558674
-23.45371943290374
-23.451719851734868
-23.45343168786274
-23.453788153347805
-23.45146729221842
-23.452007468122847
-23.456498864311133
-23.454416564261425
-23.452326544305983
-23.446523894140398
-23.444645297702678
-23.43971860282326
-23.441334199369013
-23.443200229359242
-23.440784297517972
-23.441111016541395
-23.447083878800655
-23.448935275162704
-23.446820879489916
-23.447240353110818
-23.449377635591187
-23.45365649681087
-23.445149349869446
-23.455414292242622
-23.451123909533283
-23.449256870224325
-23.44886094843279
-23.45036987943252
-23.45107349293328
-23.446987880534806
-23.45355901672476
-23.455371680638
-23.453962447618295
-23.452476833551913
-23.454122851120857
-23.454502240016723
-23.450305924933392
-23.4481420643501
-23.449736985956893
-23.450788361674622
-23.448933662761146
-23.454212995193437
-23.457661928936027
-23.458261159398294
-23.45878762909661
-23.46380435023864
-23.4626439466846
-23.46672748796277
-23.465466759319288
-23.458734451541545
-23.459953582217246
-23.464200831233164
-23.460036034664547
-23.455777054099254
-23.452617476211785
-23.448957243710115
-23.447875475639446
-23.448737206641283
-23.450087477703526
-23.448324058979548
-23.445217504397824
-23.447062509611737
-23.446999995057862
-23.44791675865265
-23.451753390783
-23.449455206705082
-23.448564561282492
-23.454588385813253
-23.451996892575195
-23.45673680857741
-23.44889996473283
-23.455333255158713
-23.457507399341218
-23.455252171139467
-23.454319620207567
-23.449177388875302
-23.44749235922905
-23.445546128138716
-23.438608486165883
-23.44295653712151
-23.443073755859757
-23.444402347078526
-23.43853095206328
-23.44262486559174
-23.441758598192667
-23.44659449769405
-23.446157050382453
-23.438696818504738
-23.4340386745791
-23.437217020034673
-23.436095650297347
-23.438589030050135
-23.43796160977913
-23.440073226910723
-23.444145305231476
-23.44553712697726
-23.445508860677524
-23.444807597433524
-23.441523226310924
-23.443001389120713
-23.44335127737975
-23.44131614572869
-23.435244123311296
-23.443618064562774
-23.44855737089066
-23.4502233449627
-23.45729882019403
-23.452732362310893
-23.45338377551945
-23.45460957633882
-23.44771003590728
-23.44937552274367
-23.45094770729177
-23.451848874188045
-23.454541712450457
-23.45487532084052
-23.45720850464869
-23.461015848013915
-23.463282587252028
-23.461312447018837
-23.455887974382033
-23.458278538943233
-23.459114846921416
-23.46032226435691
-23.458097030062902
-23.46064617184406
-23.45777631428614
-23.455834062426934
-23.447355782401637
-23.444673894677468
-23.448728070032253
-23.45372261558352
-23.45818443647866
-23.460192838271436
-23.461995387667915
-23.459226561793372
-23.46038663923133
-23.464572820938297
-23.465431688652775
-23.464460765723366
-23.467617761512646
-23.462934910067798
-23.46086418082717
-23.458859310699832
-23.461851967232008
-23.46108917981681
-23.452432001774973
-23.45376281066338
-23.453775153677554
-23.450915242330666
-23.45721483331705
-23.460255316293832
-23.458677181113913
-23.46047268335356
-23.462106302718063
-23.464646310858303
-23.4610457934313
-23.45866336407491
-23.45560501194825
-23.455681179029707
-23.455131965942947
-23.453443705909123
-23.452197776033955
-23.452034463811927
-23.452459930418208
-23.451473571044488
-23.45263804929755
-23.449126296551015
-23.45167855243933
-23.452284687776093
-23.448894499203117
-23.44338695447043
-23.451416651755306
-23.45247761640681
-23.455474271846004
-23.453728304666452
-23.449485749806815
-23.442843249794954
-23.441072806629073
-23.44055195334037
-23.44510656212804
-23.45313406143933
-23.444287705249277
-23.444307050953995
-23.442857929871916
-23.442486434496782
-23.4450927814962
-23.445543593628756
-23.44807489710369
-23.442352282014237
-23.439754999791976
-23.43762155621885
-23.440177060778407
-23.44232993977481
-23.439002233740045
-23.438484000145515
-23.443025980289406
-23.438246159224136
-23.439350939945765
-23.436943540981023
-23.4370393612667
-23.438887094130934
-23.438664128168654
-23.43442842963243
-23.43643195481805
-23.441831857010115
-23.44423723797307
-23.4433075738779
-23.442572056450263
-23.449110379728783
-23.446329179535276
-23.439970640051598
-23.442288288936926
-23.444298421489915
-23.441347523856038
-23.439386994249432
-23.43956138087378
-23.43260394411124
-23.433432112509664
-23.43620844999256
-23.437911428419817
-23.436884861985604
-23.439491711683395
-23.440258888029152
-23.447445214354932
-23.448231317874193
-23.44166749230032
-23.44182484127482
-23.44429382644502
-23.443817216459525
-23.44208580854161
-23.44024881009072
-23.439028935700897
-23.44091401986212
-23.43728667070444
-23.435947186566647
-23.439405140915987
-23.438934518249383
-23.4358164942362
-23.440868384232076
-23.440041211096588
-23.444388692432106
-23.44163558447477
-23.442528537621413
-23.438243833812116
-23.441146455396353
-23.440287853663207
-23.44825785656089
-23.450923157640677
-23.460110196913387
-23.466626133019684
-23.46810060772
-23.45900962962134
-23.463213808229785
-23.458116277643917
-23.451512708794116
-23.449140474927457
-23.449065197108517
-23.45120399147088
-23.451660028511448
-23.453011562924207
-23.456977289835372
-23.44908917485539
-23.448802567643078
-23.45112285374242
-23.451341422754503
-23.45274294614238
-23.456969243213212
-23.454248817862002
-23.45695130007857
-23.461781569002877
-23.46498400817725
-23.46250613223772
-23.466308665897138
-23.462463046919776
-23.462299000722542
-23.464172605985944
-23.461508913053034
-23.460846136588508
-23.458318512283913
-23.457603960056044
-23.45181435093413
-23.4514237251374
-23.454506828593864
-23.451890561959356
-23.44656967228835
-23.450388608448193
-23.45284321659506
-23.451453648301044
-23.449895793036237
-23.44681815111687
-23.447256663257523
-23.445150386146352
-23.44715219550452
-23.446848090073207
-23.444864593337503
-23.447266856347092
-23.453851220756217
-23.45260816282031
-23.455100683820984
-23.455776356308927
-23.453638613944605
-23.45402774853968
-23.463733699314847
-23.464590138730006
-23.464217815925426
-23.462150581746506
-23.46306036325754
-23.459550556592276
-23.457809340863193
-23.459209899921436
-23.45701429477462
-23.462804352160227
-23.46159438829637
-23.45749469040369
-23.451895326623543
-23.454509635893164
-23.45291317838825
-23.45368296960087
-23.459685209948688
-23.460726412057785
-23.461457885037273
-23.462050885318742
-23.46171441154665
-23.45901876990807
-23.45863888174699
-23.45558167663301
-23.45334023307731
-23.454851694287054
-23.455207301641217
-23.451588819166265
-23.454961573585997
-23.455904155139613
-23.456604111871716
-23.459323675292186
-23.460442985342755
-23.462427333602943
-23.46488025150046
-23.45888607495995
-23.457281147384236
-23.452256577072436
-23.448047688632435
-23.4459328638669
-23.45268240022067
-23.44947269317359
-23.45042881213012
-23.451463830372347
-23.449266970243272
-23.451746192364354
-23.454654540528608
-23.46170254780326
-23.45802118872994
-23.457760611948572
-23.45611166220217
-23.454349759516468
-23.452544731910706
-23.45756533848415
-23.45628433715862
-23.46294555335025
-23.460629137553816
-23.458052597530862
-23.45534204965535
-23.457050825444536
-23.461063144107705
-23.461554883506338
-23.46393004626114
-23.460349479504874
-23.45732136849026
-23.4491040302256
-23.45499525764754
-23.451421615555365
-23.450096256143667
-23.44763401065693
-23.44127678561891
-23.444582887147817
-23.442673795511684
-23.445357605648137
-23.44275311740567
-23.449430431841577
-23.44923525932734
-23.451130818026183
-23.45133045663826
-23.449318879691095
-23.451963520966945
-23.45161538265808
-23.452421839723282
-23.454317332357796
-23.452287589835553
-23.453850702542514
-23.452281743712806
-23.44928590036736
-23.447499605485774
-23.4481220500612
-23.452364986635594
-23.450062889752964
-23.45663430290983
-23.46438584428836
-23.461441153140353
-23.463833187878443
-23.463431886337055
-23.46595647259713
-23.464085527765924
-23.46315858251394
-23.45933622685636
-23.465609527879145
-23.463503520338854
-23.460034266355528
-23.45897912520005
-23.46118311657777
-23.465196152507858
-23.465442941122614
-23.464133930722365
-23.46095582960243
-23.45970340471357
-23.457516593010773
-23.45577884009959
-23.454522883524387
-23.45403726634462
-23.451303416978657
-23.45366043630604
-23.453353062635816
-23.452276486257386
-23.45692689045234
-23.457675079729245
-23.453374243884184
-23.455755718661138
-23.452044617992193
-23.449950292051852
-23.44678800829315
-23.44792951347723
-23.45322915264933
-23.448057919195122
-23.446264703371625
-23.44301649193576
-23.43442792452258
-23.43874949344452
-23.440289134282523
-23.44062100999453
-23.441908951802542
-23.441194494469794
-23.441512269872707
-23.446830619550315
-23.447728687241934
-23.446806723829965
-23.44470826702025
-23.44132492118658
-23.440125304363438
-23.44644694202506
-23.44884137439639
-23.45260224502935
-23.450510415276206
-23.44975575611409
-23.450434768093714
-23.447788290438787
-23.4499117004649
-23.449692304105543
-23.450843878887053
-23.449454771819454
-23.450792626818647
-23.453349765256114
-23.452815062881943
-23.44889223095405
-23.452459149553352
-23.44837005879503
-23.44025105297491
-23.43894269447299
-23.447276126523438
-23.449206336843485
-23.446230474899306
-23.442535459539656
-23.44281985368012
-23.44235751857735
-23.439765773594672
-23.443343766629134
-23.445311142020767
-23.44831941228065
-23.453177390576045
-23.4498802060682
-23.452402019686556
-23.451178014548372
-23.44854314773549
-23.448506486589498
-23.446282209654253
-23.447808424166098
-23.44088732782844
-23.44673490443466
-23.44496446114988
-23.451053340670924
-23.4551774513119
-23.452174279925668
-23.45370750272549
-23.459801123066974
-23.45779629418073
-23.453849124632207
-23.452949002317087
-23.45124648209653
-23.44436664886312
-23.44855922667665
-23.45341048946044
-23.450883529228655
-23.447675866177523
-23.454652893911067
-23.461767665487404
-23.459851404839824
-23.45573792087688
-23.456054786081875
-23.458909041604972
-23.45685506883923
-23.453865954072885
-23.45371987955008
-23.455882637204823
-23.453622168797388
-23.448454442103586
-23.44623500623549
-23.44839665472426
-23.45008752020773
-23.447748725748227
-23.45431992516315
-23.455670309794446
-23.457775886955535
-23.45568621121732
-23.45704087030565
-23.460385888414205
-23.46122269643757
-23.460230886253335
-23.452668587823606
-23.451387306305747
-23.45317004149683
-23.457729843751544
-23.455256914281875
-23.451784628901926
-23.45434759502668
-23.455967784629408
-23.45267552720236
-23.451894844335264
-23.450450434252858
-23.45279646881103
-23.44726617650281
-23.446885386762645
-23.448034399334617
-23.448761103772508
-23.451118693225744
-23.445706812168865
-23.447049954313034
-23.448198003803647
-23.445108996103272
-23.444541879138608
-23.449733891984852
-23.449091118358282
-23.44744709343025
-23.447229241338924
-23.44388996763593
-23.44736364996203
-23.44677139594074
-23.449846140274154
-23.45404455666973
-23.449278110356797
-23.449064903876835
-23.45047921169555
-23.451305335710042
-23.45103916506525
-23.450506347149847
-23.449517550738204
-23.449783028844166
-23.447433519140812
-23.443999761014414
-23.44733898452501
-23.448350514678754
-23.446326428583365
-23.44696684757537
-23.445637208531842
-23.447229078811798
-23.446677399616778
-23.44663456171061
-23.44743515088893
-23.452751326015512
-23.450181407059887
-23.447882071549294
-23.449974859855697
-23.449835047647113
-23.45036410900631
-23.45117033625409
-23.457231661890784
-23.456421393947327
-23.458068078427623
-23.46590133143667
-23.461709886171473
-23.45843886221126
-23.45949331499109
-23.45932675158209
-23.459859868375922
-23.46010596952952
-23.45885365868133
-23.45634242825137
-23.449609720297346
-23.44828714058388
-23.445887595147994
-23.44673322974407
-23.442677192133367
-23.439042405555284
-23.443658445784294
-23.446574192179387
-23.44231662107566
-23.44272140220821
-23.441765811826524
-23.446285465796176
-23.445816084225854
-23.447738253173434
-23.448981745130293
-23.450089698569986
-23.450520603425343
-23.446154911406534
-23.445738341783308
-23.44906676575083
-23.44396620003917
-23.44875474819159
-23.45019159302981
-23.453042383232994
-23.450628450320927
-23.446983113237067
-23.44509856872808
-23.44408991939201
-23.443234513644192
-23.44300210351307
-23.447034934986405
-23.447416272912264
-23.4464663288116
-23.45009595042017
-23.45043814503915
-23.45048840861771
-23.452389478382216
-23.452751805007615
-23.45508529340455
-23.452953860298376
-23.45210077641181
-23.453886114496797
-23.453751555746816
-23.453243790180142
-23.455568435363265
-23.4587694274724
-23.455832698400354
-23.45896755763782
-23.458261986264347
-23.455783259365514
-23.45223786038384
-23.455518915131155
-23.455099844340104
-23.458652679481805
-23.46025632460675
-23.466923052807054
-23.468331353365105
-23.46614691059702
-23.466285567455564
-23.464852744495747
-23.459662339122
-23.455271390588116
-23.452498313654264
-23.45028327730052
-23.450622840112676
-23.44961649688403
-23.451410795196136
-23.45496052733726
-23.45779956467716
-23.45574367888987
-23.458168920346864
-23.45617838421444
-23.457949671718183
-23.45728895950427
-23.457943196182253
-23.454051371262292
-23.455340171297074
-23.449762566082057
-23.44869990925731
-23.45286242197022
-23.44885572436124
-23.453023255530574
-23.46012963356644
-23.460530189344258
-23.456282605254216
-23.457540457015618
-23.455138352098515
-23.453145146460894
-23.45535381421352
-23.455789379262107
-23.457072136039876
-23.453579573179386
-23.45217324751892
-23.449628317769285
-23.448671953853797
-23.449449720155297
-23.445439228692955
-23.446836016147337
-23.444363163570873
-23.441349582590583
-23.44520604723392
-23.447071636522598
-23.4476458020152
-23.44897091184836
-23.44277818242956
-23.445426884294985
-23.45134611557067
-23.45671024018366
-23.4579719498819
