44.0
43.938907182461364
43.872640390495896
43.802502115316905
43.72654556337615
43.638939454961076
43.54296721796396
43.44026542779866
43.32517227854884
43.20694335976142
43.076184474702316
42.93320267508178
42.780373425755386
42.61078648578599
42.40775805382598
42.19368917965723
41.958073590250414
41.71505703846683
41.44518378055252
41.14829253404085
40.82961702190442
40.48879739531809
40.11026052430843
39.708805938497356
39.27948642905814
38.79795684145435
38.28826980400939
37.74480052984748
37.15222322685958
36.53686810322566
35.858757635482235
35.1262490769194
34.35616973598217
33.5471528519392
32.702648597182765
31.80115829152215
30.821240430078177
29.80807098318824
28.770633006355663
27.708610540270012
26.5746212012636
25.433313543103107
24.24728798324615
23.0068223606505
21.804451803596024
20.573546682381075
19.304632896438715
18.02080464245834
16.739322011353707
15.439217310755003
14.155525018991352
12.848307137205783
11.591809028701686
10.334453446055697
9.101582772596966
7.880261805294144
6.671855469233223
5.477264388267235
4.331562807896392
3.223472176067974
2.1346500686108927
1.075801840016902
0.0700149545095254
-0.9001785008138296
-1.8432978233024562
-2.7535510939214207
-3.625581451845371
-4.43709851875061
-5.218823858703343
-5.958787341462903
-6.654779624123623
-7.307040005105645
-7.946953182738567
-8.554870677215426
-9.120498597131114
-9.665025687963707
-10.185323286807021
-10.658933646109626
-11.120058655839477
-11.537873761733177
-11.933699043205003
-12.293813918681678
-12.666713629062299
-13.023933533592905
-13.340767553176908
-13.638859158944008
-13.912278685588907
-14.187035134068077
-14.444437933153443
-14.692377901294185
-14.923359223653053
-15.130585612293425
-15.3272753984546
-15.51114489399441
-15.693961176051875
-15.863429527216342
-16.027445779539477
-16.184212654656662
-16.330132579692187
-16.47029930967562
-16.591351555080188
-16.716730601703414
-16.83289901188004
-16.94260599473954
-17.061955886750795
-17.163787407015036
-17.256829969637646
-17.34911722788765
-17.444130053444056
-17.526287131623725
-17.611450223392417
-17.69429993266017
-17.765515805830212
-17.84116328010415
-17.909962014568144
-17.97514612654855
-18.041496902174785
-18.103369491196542
-18.162286780603228
-18.222406019300003
-18.282200284247786
-18.336799656911072
-18.38822118071285
-18.43537442717816
-18.484403815535135
-18.537599181680807
-18.590425545269273
-18.637833129464042
-18.676791004443807
-18.718265286105822
-18.76571295648979
-18.808205577233814
-18.84764328990292
-18.88613251521874
-18.92543573870846
-18.962709244373613
-19.000137749845535
-19.037644078225124
-19.06946462600092
-19.09995302810773
-19.13282536223228
-19.16298436165448
-19.195797180957367
-19.228493338252
-19.261576232253574
-19.287988535265868
-19.315209460551294
-19.344681936512014
-19.379742182795244
-19.40583728188032
-19.43790055456874
-19.46619895804782
-19.494791354853298
-19.52126755271579
-19.546516255967042
-19.5687125730513
-19.598234568496874
-19.62050793673458
-19.642088704908687
-19.665245601541674
-19.686583591702878
-19.711155284784272
-19.734212044594173
-19.755866019977393
-19.77863895475591
-19.798908380345953
-19.819770139078496
-19.84288215819933
-19.866176778234
-19.884548764568663
-19.90726876492033
-19.927160815680736
-19.94612254920877
-19.970920552816484
-19.98632606144942
-20.005573852913002
-20.020210424245402
-20.037453932612646
-20.053867295223903
-20.071961436425077
-20.087681621312758
-20.10631922693999
-20.124686351581598
-20.143375381764166
-20.159583089429926
-20.17391547410792
-20.192348881388046
-20.208018275666564
-20.224572327060574
-20.239088403024354
-20.257453265026776
-20.271920653553337
-20.282799217288975
-20.29490653640398
-20.3036981681071
-20.312508858088975
-20.33075846992558
-20.34622148267912
-20.358443652360414
-20.377283406530296
-20.39250297687962
-20.410825199029986
-20.431892301625396
-20.446721115784296
-20.469657651259833
-20.487269442334796
-20.50440442442085
-20.51968067775653
-20.536411837786854
-20.55208583358561
-20.567185818252476
-20.582265051305715
-20.60021784156867
-20.613039351286
-20.629778318692647
-20.641940496773366
-20.65426886010157
-20.67103661141102
-20.68481100566757
-20.703105888750322
-20.715863040634453
-20.729349729771094
-20.74799624256874
-20.761635869867014
-20.780737802814603
-20.798319250538416
-20.8139569195709
-20.82915998682314
-20.841611351302404
-20.858681035809806
-20.86789813364748
-20.87732421323964
-20.893629801826126
-20.903031461490563
-20.91552997249411
-20.924745787984413
-20.933542684244255
-20.947631363914596
-20.96012466655169
-20.968488313688756
-20.98068081861171
-20.990087585383552
-21.0000017520946
-21.008440952988025
-21.017882366716982
-21.02755473912937
-21.04191567918484
-21.052863944194694
-21.066560361992167
-21.075446236524463
-21.087440700529793
-21.104196734068143
-21.115802446295824
-21.12997110246881
-21.141665029339396
-21.151085457618667
-21.166383706307744
-21.176198386109352
-21.190044135607508
-21.20126609294771
-21.212419162951353
-21.224517253400293
-21.23389667215477
-21.248860766085453
-21.261683343461062
-21.27335550969134
-21.28687004933778
-21.296043707975326
-21.307576452842277
-21.316886673475306
-21.327699150532467
-21.338774264179012
-21.348268474002737
-21.360714685040197
-21.371612356161965
-21.382212876001375
-21.387686411778084
-21.40016054249884
-21.412567659716377
-21.42710830478933
-21.439076597829263
-21.451423251566194
-21.460193929704925
-21.46753786800678
-21.4775070122924
-21.484149570597538
-21.494656268637307
-21.5044165175814
-21.515745608995672
-21.528030253738297
-21.536926782220068
-21.55011961959122
-21.55887706435919
-21.56661109723297
-21.574661902466268
-21.5859534777435
-21.595649197198608
-21.605368119068746
-21.615945282296657
-21.625148816261557
-21.635197591246655
-21.647320083617583
-21.659272294936088
-21.666463128804327
-21.67469412099651
-21.684412939867496
-21.695727295827226
-21.702968571504233
-21.71481810396301
-21.720127218057705
-21.727943135679322
-21.738242449793006
-21.749265162376844
-21.759307220871356
-21.765206103547484
-21.77244753335175
-21.78064395340362
-21.79171747091533
-21.800490757185926
-21.810082021394958
-21.81961480763314
-21.831856887938464
-21.84415793948478
-21.8502832090706
-21.85659636549323
-21.86361155319135
-21.869768550928338
-21.881505626961506
-21.885439962140016
-21.8941043643804
-21.902290671136043
-21.909022386519105
-21.919104513601532
-21.926042603519974
-21.937787098402076
-21.95093827338629
-21.957746328257866
-21.971063958260803
-21.978303327127314
-21.987262262913486
-21.99797106021805
-22.004138409036074
-22.012164603260295
-22.02255357035616
-22.028681232974897
-22.033461856607655
-22.039772220112106
-22.050022302047633
-22.054022396720992
-22.062595020389825
-22.068631551153143
-22.081531554953514
-22.09076333794973
-22.09908059486505
-22.108216640753376
-22.11452555433828
-22.122910878108947
-22.1305946703287
-22.137743446907034
-22.141653596920506
-22.150522594836094
-22.15436853284966
-22.164404475207277
-22.174858283699837
-22.184109815016537
-22.190213880368578
-22.201195947102388
-22.206404787409923
-22.21304349372125
-22.223055836644484
-22.231851024850677
-22.241607097523765
-22.24816666417709
-22.25662524454686
-22.26450410408999
-22.268978358583404
-22.27797642615568
-22.28610830962257
-22.291899130621932
-22.301126111875817
-22.308955000007654
-22.31798333026859
-22.325006341549074
-22.329591606846517
-22.340922996681254
-22.34559268971277
-22.35459316223074
-22.360546498500025
-22.369231427455112
-22.376660483638545
-22.384189956989122
-22.3890442875273
-22.393398188729307
-22.400803696033382
-22.409801038126997
-22.41403025696736
-22.41584610855927
-22.418025454588545
-22.423922100329484
-22.428921343953387
-22.436226326600163
-22.44154883764462
-22.44712458145904
-22.4557986542046
-22.45933923336795
-22.46935564596413
-22.476788088103334
-22.486645695713978
-22.49616753323573
-22.50431271306538
-22.50974942021361
-22.51259159993256
-22.519541703349635
-22.522742880995487
-22.531500712915403
-22.53980243901379
-22.546683104504062
-22.55766112174258
-22.564560938513928
-22.566822129085004
-22.568996586947065
-22.573801887402254
-22.580974049339343
-22.587684384966927
-22.592941874337953
-22.599483596354585
-22.605751257344437
-22.61166022475962
-22.61588282209187
-22.620753768220304
-22.626676486810666
-22.631316563613936
-22.637937883450505
-22.640553284068517
-22.64583722149259
-22.652469247251656
-22.655575290448922
-22.66340430107678
-22.665703933494793
-22.669382145663096
-22.676303827961906
-22.68053068978625
-22.686332976294437
-22.694203298926286
-22.69731764915274
-22.701869881799826
-22.70519156032385
-22.710962501659488
-22.71068018986109
-22.715093373928003
-22.722750958752613
-22.729358973235826
-22.731432467701737
-22.735181388228504
-22.740871077648247
-22.744089304033828
-22.748706015320327
-22.754078039551533
-22.75345287475249
-22.759807395798706
-22.762617877114312
-22.767785038422108
-22.773849587584262
-22.78125689076815
-22.784745055675998
-22.787984532770167
-22.791092314582347
-22.79409653165809
-22.800578408119804
-22.80648483224155
-22.81193911915953
-22.81612546998189
-22.81764293060685
-22.82055068987688
-22.828545613558777
-22.832020155305543
-22.83673984987586
-22.8367174502024
-22.842896681254018
-22.84956580121826
-22.854303246766268
-22.85773331907204
-22.85670838751259
-22.857649401933653
-22.860342975890234
-22.860113154628937
-22.860710493415183
-22.86413441248164
-22.865902660967983
-22.869904639420156
-22.8758028579415
-22.879277466225012
-22.884129917830307
-22.89022078057013
-22.894022660612748
-22.900064575162798
-22.897833650087243
-22.90156523703671
-22.906653601062217
-22.908686835754242
-22.91350529118127
-22.916212866442873
-22.917162940981857
-22.915862411266573
-22.92371939550169
-22.927689321446763
-22.93003177630248
-22.93325936597718
-22.93479182813145
-22.938019241029465
-22.943333186467306
-22.944639719425847
-22.947446354862375
-22.950757845946146
-22.952574497988074
-22.9545098710963
-22.958646879933813
-22.958510656561497
-22.9608364935837
-22.96559444334425
-22.967404424664664
-22.96837846105288
-22.971033701308116
-22.971726623266107
-22.973914648590487
-22.97265372515333
-22.97703177220536
-22.980624515688028
-22.981497740222135
-22.988653799143307
-22.99186974902332
-22.994757007021526
-22.99673568126908
-22.99542478117896
-22.999689074745874
-23.00333991851906
-23.005297831577273
-23.01109347592709
-23.015122406478298
-23.021270820160503
-23.026316864250543
-23.030701003845397
-23.034890311005498
-23.036324559244772
-23.038856260141394
-23.03962978184524
-23.044412677476572
-23.04594418597195
-23.051536159954274
-23.055822388086753
-23.05813077445207
-23.064233952360915
-23.066808140910002
-23.065508366405872
-23.06859061789371
-23.073475034759735
-23.078969392978983
-23.082173299474444
-23.08955433753494
-23.092048430521988
-23.093107847333997
-23.09746775722991
-23.099494437107936
-23.09918405773491
-23.105290522955734
-23.10291754649408
-23.10114068998811
-23.101714328870752
-23.101196233308954
-23.105236160900137
-23.107726562905086
-23.11548284772518
-23.11581384115209
-23.116830068920617
-23.113673010233928
-23.117339994761274
-23.119782711792148
-23.121407280161986
-23.123077548448286
-23.123751199407973
-23.12543745930859
-23.12859371058608
-23.13724057687851
-23.138295197354868
-23.142026067465423
-23.148570619955542
-23.149034358015136
-23.14898845295584
-23.151308195652124
-23.152574405528867
-23.156385138873375
-23.15637323835739
-23.1624004298384
-23.165051102337536
-23.166378723863836
-23.17013188896588
-23.17140174116354
-23.172981149267045
-23.170917688569862
-23.16977017476228
-23.172998215940183
-23.17604802716221
-23.176604297539544
-23.177363577866675
-23.177152708126155
-23.17945340340275
-23.18050604631189
-23.179722326637727
-23.182569362877402
-23.18696582501353
-23.185483576341955
-23.185220068005595
-23.18339711295385
-23.18595973895625
-23.188214852012955
-23.18865413271272
-23.189803279583714
-23.19213525221909
-23.198354072953858
-23.204858579790486
-23.20644731306205
-23.21055050984931
-23.21041299585279
-23.213019104909666
-23.212145744335142
-23.219385801479017
-23.219854919299458
-23.221073390034498
-23.22404867778338
-23.22355680659742
-23.226557010113424
-23.231245356467944
-23.234143678335585
-23.24070523413847
-23.244482179333954
-23.24679149963449
-23.24821342946471
-23.252547433532417
-23.255404407942013
-23.255989377959978
-23.258679429555116
-23.257096043876256
-23.25840875835867
-23.25669050212433
-23.262632539583883
-23.264901412242185
-23.267108871244073
-23.26470388071791
-23.26854371537727
-23.26745152002088
-23.266082271514023
-23.267350512853795
-23.268275361973142
-23.26728363051945
-23.269552290783032
-23.270344546626898
-23.26919775670447
-23.270905235616038
-23.27158578607717
-23.273237375116157
-23.273319713396894
-23.278211685349373
-23.277281603605992
-23.278161833594655
-23.280239081746444
-23.28469126551063
-23.28589388595628
-23.28481380004854
-23.28530235332677
-23.287812669544973
-23.288607369274633
-23.28716119102526
-23.287433934830325
-23.29198578862576
-23.294709857317926
-23.29214955504343
-23.292657977881003
-23.291297813190223
-23.289441135062933
-23.29081083541391
-23.289278127157324
-23.28953684616072
-23.290108564407493
-23.29313229583495
-23.293640810634713
-23.299922808154157
-23.298633748551875
-23.297943634813496
-23.300618806931197
-23.302892398820777
-23.30550652984821
-23.305812888624075
-23.307845551343178
-23.306912674790212
-23.306230195357344
-23.308562847139935
-23.30484081034051
-23.306442000190142
-23.305910618834783
-23.304523321147887
-23.306454866083875
-23.31162156530403
-23.31281471630234
-23.31597924644496
-23.3215582030321
-23.320991454913713
-23.32615977070382
-23.321624819944134
-23.323549434198014
-23.328058444036547
-23.328883790001274
-23.328392652267734
-23.327412360592295
-23.32678372528552
-23.32832208103178
-23.32628079606326
-23.32822155498749
-23.331865095769558
-23.33322841671755
-23.335119423910903
-23.33445906463583
-23.341992494787668
-23.33880593836625
-23.342490360342754
-23.341438386027946
-23.341695371119553
-23.34493820263016
-23.344563858133572
-23.34368731237129
-23.34499283574295
-23.347882835269246
-23.34850006816775
-23.349864179373323
-23.350810604150897
-23.35509718612019
-23.3579556248838
-23.356662527727945
-23.358991351580972
-23.357970416002765
-23.35872999078972
-23.35772902807555
-23.36163825968738
-23.363900290147534
-23.365769327059468
-23.36528204751225
-23.368033009997667
-23.36970193007072
-23.370003052460284
-23.373313303519385
-23.376943355441362
-23.3778755473871
-23.377620986665526
-23.38087633595993
-23.381186248028765
-23.383031602492025
-23.38036107124001
-23.381623344866426
-23.377644853180815
-23.38028843227677
-23.38119971936223
-23.38156987594931
-23.381954424594436
-23.38285968570462
-23.38817673936185
-23.38750402174634
-23.38597806498805
-23.39119988952837
-23.393821501322208
-23.391693042073836
-23.392017462104945
-23.390503459467404
-23.39019168255413
-23.392790454218762
-23.39239250837194
-23.3942833343151
-23.394312950980602
-23.396736596870607
-23.398060576191874
-23.40008995140831
-23.40342310685514
-23.403271987781885
-23.40108418868299
-23.40063169413501
-23.40083428851428
-23.40882434242449
-23.412022352420813
-23.410888212621305
-23.410043822536977
-23.41190335936699
-23.409714231553316
-23.404439162136555
-23.402880223397837
-23.40168317419845
-23.404706996570123
-23.405970494007416
-23.403493897478963
-23.40447533180157
-23.407432991332453
-23.407225785820746
-23.405692432233565
-23.40595879465393
-23.406901725521188
-23.409744467352255
-23.409316477199727
-23.40899845557013
-23.40610431020864
-23.410114954490115
-23.412877081183446
-23.413225936077453
-23.41706823430723
-23.415894277816093
-23.416767040017284
-23.415432854542747
-23.41676958976329
-23.420780501778243
-23.424151941876854
-23.42379912597318
-23.421791521505188
-23.42393273627661
-23.424290443747786
-23.426564708617878
-23.426158392861062
-23.428892490450767
-23.428223536499395
-23.429836244923663
-23.430921883284533
-23.427217596328347
-23.423704996736173
-23.424742996225827
-23.424733637731762
-23.42614757039813
-23.427474399602666
-23.427026179476016
-23.425867158662932
-23.425052367591526
-23.429024403418797
-23.429516762188317
-23.427095236190418
-23.426761614803453
-23.427139459459063
-23.430780330733548
-23.435547770148766
-23.437653850589694
-23.438364223952206
-23.436386670022145
-23.434805734722843
-23.43794097881478
-23.439056546446846
-23.44145636131888
-23.442161166529214
-23.439990627471097
-23.439719216953495
-23.43624820922693
-23.435839621252054
-23.43395331950207
-23.436062017382838
-23.43527042520918
-23.436348918956714
-23.440898748732977
-23.437038244322633
-23.440710261014743
-23.44086104578287
-23.44099272426813
-23.43814117690749
-23.431402926673258
-23.432162178090795
-23.436290907565155
-23.43353984756726
-23.436240408954706
-23.43891499831157
-23.43983516853763
-23.439076994404545
-23.435833556547706
-23.432550896842844
-23.43223360864589
-23.426840287752636
-23.42407963490766
-23.42459228399362
-23.422481953877345
-23.426035252628967
-23.424238226270862
-23.425863862978037
-23.428252165700624
-23.430701447091987
-23.429568912722672
-23.43077706379476
-23.4290456501624
-23.427482125933153
-23.422207302988053
-23.421951905562622
-23.421317774325228
-23.422671061348908
-23.422654075140223
-23.423050052574293
-23.424274741004453
-23.42564208746705
-23.424958943897813
-23.427732319625765
-23.43151954020263
-23.43232209869661
-23.43142252935356
-23.43462527835462
-23.435919559639412
-23.43563432634945
-23.43935372543751
-23.43802260296075
-23.439891066467414
-23.43837852753404
-23.438425826788187
-23.439811737551857
-23.43915084272197
-23.43675744880842
-23.437285100453394
-23.440839685336453
-23.439047674287462
-23.441311949142865
-23.442709343834565
-23.440438031508332
-23.43986899518898
-23.4406665839914
-23.44117691083618
-23.440306925209516
-23.43978046579566
-23.43992292758523
-23.441164443195525
-23.440628739112093
-23.44318404037331
-23.447210610193537
-23.444497661900733
-23.442259100966382
-23.441985768643644
-23.445005603769534
-23.443087105253692
-23.44068126326006
-23.439576617918807
-23.44037222082708
-23.439572747663522
-23.443609323713233
-23.445693586477454
-23.449507246564213
-23.451781237262505
-23.452102918227144
-23.45465346141039
-23.45502489955195
-23.4538196994232
-23.45400551846395
-23.45406054530104
-23.45217539335971
-23.44825293320426
-23.44733467003447
-23.44898058367864
-23.447281568458976
-23.448633149327794
-23.44774904244067
-23.448961872325135
-23.446498946036307
-23.44388181560669
-23.448781361114975
-23.449396786170215
-23.455040306274956
-23.45370741983117
-23.451884581059346
-23.450403583255557
-23.450490410138165
-23.446927955782186
-23.446637222061028
-23.446204350260345
-23.44641849688012
-23.443837518887698
-23.44457379116653
-23.44228060460837
-23.44215956650377
-23.44380146190883
-23.444033201963023
-23.44221504130251
-23.44554826361045
-23.444510731126485
-23.446442190705056
-23.44798917576043
-23.44596787614002
-23.445519664958287
-23.445134168158205
-23.446229407169586
-23.44892220204626
-23.450271851940506
-23.453802833350977
-23.450380954352223
-23.446510435472764
-23.44752237878264
-23.448959858036545
-23.44673740019997
-23.443554411241312
-23.442397692700354
-23.44295363180812
-23.44735762474962
-23.450394299398162
-23.449141130054063
-23.44807789266229
-23.44328092022904
-23.44319188447721
-23.44304824665511
-23.44172355370847
-23.438807903547414
-23.442408279312588
-23.441671543283597
-23.44134295774021
-23.440239554598833
-23.443257593321075
-23.444823878610883
-23.44615327193227
-23.446311645396914
-23.44644069019054
-23.44654699351073
-23.445883196211
-23.44668042577325
-23.44816860266059
-23.450113882522995
-23.45155977152156
-23.447633693700368
-23.44866400693713
-23.449652592150706
-23.44772398319788
-23.44745616180661
-23.443896554644105
-23.44519874969525
-23.447529248933336
-23.44886237166852
-23.44819274983264
-23.448455084126362
-23.44621907298977
-23.446931780030813
-23.44742474905842
-23.443419895749564
-23.448497301791264
-23.448186923619506
-23.446633379995642
-23.445831019413585
-23.447040606224554
-23.446139746482086
-23.450306785131787
-23.449769015240232
-23.452320958803394
-23.45265728575892
-23.453598604503973
-23.452769443550835
-23.45303432775116
-23.45571874482226
-23.452527869673137
-23.452943971498424
-23.451957594939888
-23.455469732276278
-23.454279646125574
-23.452098381504385
-23.44862654725782
-23.451562855818217
-23.451902926103244
-23.44895088937748
-23.445630771603284
-23.44448268165429
-23.44347961433109
-23.439695325213794
-23.438828496660648
-23.436057620572818
-23.4367914876265
-23.438530431157606
-23.434289350002132
-23.435905872554798
-23.435087135450726
-23.43747403286836
-23.435524509364406
-23.437631749496084
-23.43547231416512
-23.436586334202673
-23.43657927239644
-23.438379171994825
-23.436679519368255
-23.438104704865356
-23.437909782594
-23.43776435378264
-23.439386236321678
-23.439856298053716
-23.44090712329702
-23.441303854813096
-23.4394135500386
-23.439100525268042
-23.437672987508407
-23.437943383869722
-23.44088033174886
-23.44477750537279
-23.447122975413354
-23.447202507277243
-23.447328323087074
-23.446851748140865
-23.44357496253002
-23.446313663702025
-23.446145411736563
-23.444898251195628
-23.445218036547637
-23.446731162683076
-23.446733852930475
-23.448869400353935
-23.44936420536187
-23.44898928425275
-23.453143466081183
-23.45699879957412
-23.45580086527565
-23.454272500886105
-23.450722311366548
-23.450953667726623
-23.453828113098666
-23.453962125365788
-23.45694459641759
-23.45894331087588
-23.45974732251991
-23.45707033402987
-23.45527050095323
-23.45692011097298
-23.45756685260861
-23.458667944332902
-23.457121519121362
-23.45387610063816
-23.44994710082674
-23.450452860967204
-23.448148705250482
-23.448114666918233
-23.446866907392916
-23.44930058155538
-23.44572787105432
-23.449362092579783
-23.45209140131618
-23.452558277443423
-23.454127247406262
-23.45887878997824
-23.456120963152497
-23.454314577503663
-23.456945144849108
-23.45709305189164
-23.457031410392872
-23.453908246070434
-23.453011669856338
-23.450316664084546
-23.45074220713623
-23.45551507381487
-23.457485061054662
-23.454299105296208
-23.451742888216454
-23.449433308699547
-23.4489094139688
-23.451272105629098
-23.453737628663465
-23.454145808192568
-23.45629186339625
-23.453915101955413
-23.45394543362572
-23.450856165580948
-23.45215159453211
-23.449078082400007
-23.44923105775333
-23.45248382095726
-23.453179924735014
-23.45322449898049
-23.449727032576146
-23.448873057983874
-23.449620971003547
-23.447394105783204
-23.44938081430583
-23.45162503895354
-23.44915197158897
-23.451398118405184
-23.45355960608866
-23.454160527178637
-23.456567939330156
-23.458701236968423
-23.45713644749783
-23.456795837219442
-23.45926018010868
-23.457053938765146
-23.453732821057216
-23.450535189693912
-23.449745697507254
-23.450436591557356
-23.451065840099005
-23.450926956345604
-23.451837562778035
-23.45266256047957
-23.455559819290112
-23.456145174545313
-23.45481899107897
-23.452516298991345
-23.451417346662215
-23.451555387063248
-23.451571990476694
-23.453043293390383
-23.452944974053242
-23.454576671786715
-23.45254865341715
-23.454082814853557
-23.450775402906007
-23.453345634894244
-23.452699603068243
-23.452725068304314
-23.453052056059008
-23.454993358545146
-23.45425546634972
-23.45500188561863
-23.454679792251046
-23.452476524867908
-23.45251137241348
-23.449363204596086
-23.45183986184496
-23.4494910929382
-23.451427933722073
-23.452947542197165
-23.453760205994
-23.454192307849326
-23.45865979085474
-23.456393084876602
-23.453565474812173
-23.455451713844717
-23.45488889287514
-23.451442205150602
-23.45497586466021
-23.45408073858355
-23.45393124504537
-23.45477116282935
-23.45592092740137
-23.45356934586043
-23.451822826866557
-23.453198955069798
-23.45333967227897
-23.45023877950842
-23.45042800480192
-23.4509194628637
-23.451750694642868
-23.45009848635894
-23.451429996368557
-23.4525548759402
-23.452125246229837
-23.454670610645298
-23.454690512777194
-23.45266331755334
-23.45171170742261
-23.450266036117704
-23.451838715412478
-23.454544761243508
-23.456894067345043
-23.45826257753672
-23.453462907131772
-23.454213993721698
-23.45443133768572
-23.45297213403897
-23.457192870075673
-23.4557310189536
-23.455078837565107
-23.456802459167612
-23.45587836409415
-23.455996785895383
-23.45712130484096
-23.454953251780264
-23.45569951157175
-23.45421649339685
-23.459642450593144
-23.456542414982675
-23.45435970635769
-23.46071752745154
-23.460893792968687
-23.459782755517626
-23.458964823593405
-23.45576292115212
-23.456853513060235
-23.456010278525977
-23.458586512616883
-23.455653533923606
-23.456700493599904
-23.456142357803405
-23.455138782140633
-23.454259839846245
-23.451750051560097
-23.453885610048744
-23.452401197795183
-23.449354998313535
-23.446559933761424
-23.448553277680382
-23.44848698631825
-23.450521617478817
-23.449432202328435
-23.44728282164202
-23.44677277559358
-23.454628405070828
-23.452436790116778
-23.45125034223067
-23.45188715971253
-23.451506090717782
-23.453072986764123
-23.455679195460405
-23.455085098325952
-23.45460448916672
-23.45349575947651
-23.45460208242391
-23.457537939631177
-23.455961738223305
-23.451997694031377
-23.45148015396182
-23.453237323860517
-23.455714407728205
-23.455440566751484
-23.45574630702457
-23.458185458030048
-23.45901784350813
-23.45721189484898
-23.452963553860116
-23.45400670160998
-23.4493315034161
-23.450185463170378
-23.446915351081397
-23.44630146761851
-23.448522259384966
-23.451562289482574
-23.450582684303225
-23.447981453839503
-23.450651737053068
-23.4518028021254
-23.451845662796686
-23.45554881093106
-23.453721424940216
-23.455778043050536
-23.455921854566487
-23.45503225533252
-23.45579651876033
-23.4591862845083
-23.454767376191807
-23.456520288708337
-23.45666593969725
-23.459507375174738
-23.456991908037054
-23.457725948721983
-23.460414982713775
-23.46034777199618
-23.45914500382127
-23.458128786876788
-23.45868222233056
-23.457859523225725
-23.460831055361425
-23.455999738313132
-23.45317864931088
-23.457726550039716
-23.460608570081103
-23.46029675665539
-23.461770501607084
-23.460818435394746
-23.45770049362797
-23.459052722526526
-23.459331969955553
-23.457477500972193
-23.457127424182474
-23.457621398399137
-23.459227868068396
-23.460473980725048
-23.45966723853264
-23.460843202215433
-23.46321156929444
-23.461389855012815
-23.462476411779956
-23.463121074230795
-23.461312706101502
-23.46077764282242
-23.460925808672837
-23.458630486636004
-23.458177308110667
-23.454980895426775
-23.45395320329721
-23.45425746403183
-23.454942851667024
-23.455185976415446
-23.45284071637175
-23.451737678168026
-23.45432260235591
-23.457123539801724
-23.45297223762701
-23.457570358427393
-23.459073106703727
-23.459106679240918
-23.456535334219318
-23.45848631144197
-23.4611323339023
-23.45731415739583
-23.45166648463176
-23.452052240002736
-23.454128456055663
-23.453759439731524
-23.454790534898603
-23.457367156162505
-23.45749049754569
-23.458138897191034
-23.455950209120388
-23.459337661597022
-23.460661247445216
-23.46080272267877
-23.46109588561783
-23.459289285584685
-23.45874924975728
-23.457947789084734
-23.460707225569482
-23.46246469236766
-23.46385798005524
-23.468725427859127
-23.467586693475067
-23.470720376599303
-23.472472830239347
-23.47042378358233
-23.47187740030724
-23.46516534023204
-23.463597169964576
-23.460924883017316
-23.462537284287787
-23.460974593257077
-23.464158922140946
-23.462813929694164
-23.465169287546683
-23.463772191628326
-23.466025826612146
-23.461424723167976
-23.46523898169811
-23.467460810518926
-23.46255494954963
-23.46026863548838
-23.459980095616004
-23.459424858366546
-23.45855339985228
-23.46123741313569
-23.45446373095955
-23.45896026544257
-23.456500759482235
-23.45686625840307
-23.452099795317334
-23.451343513270736
-23.45135495294934
-23.44711504449427
-23.446859706189784
-23.44544242347836
-23.447232791854436
-23.44722884237795
-23.44743505803895
-23.449582565473435
-23.44775686115585
-23.445448109989677
-23.442298770614574
-23.443591170085018
-23.444847512599516
-23.444617192562077
-23.44348289645813
-23.442341155584113
-23.44023354743793
-23.44215290546573
-23.445337396594834
-23.442983742287595
-23.445059107036286
-23.443621719528284
-23.441809222298698
-23.439193163370117
-23.439102798250524
-23.442525208741777
-23.44752074219005
-23.44817082919871
-23.44786883600759
-23.444830698436608
-23.445802322907582
-23.44399605574984
-23.443960226752903
-23.44312541578849
-23.44296496340459
-23.445479210409243
-23.447785541678964
-23.444390396102815
-23.44736921400722
-23.449084033356694
-23.45281220048563
-23.45405767826455
-23.453171768291654
-23.45533639377213
-23.453921740750445
-23.455134548215558
-23.45862731835216
-23.45822730227397
-23.45764004866241
-23.45962923555678
-23.4643970819003
-23.463289006787136
-23.462501374516478
-23.46238792891144
-23.45794123855315
-23.458115086320056
-23.459766181377663
-23.46021812721106
-23.45923870416436
-23.460765474983575
-23.460852255673515
-23.463825361414756
-23.463935652591086
-23.464562515660035
-23.463736854891454
-23.46200303946327
-23.461780130212514
-23.461506934318315
-23.462480476098655
-23.45931426084142
-23.46078214378968
-23.462674982473963
-23.463452615918882
-23.460628123049258
-23.463193172471378
-23.46150316485663
-23.463101734653574
-23.462363638642056
-23.463129001161622
-23.4612620823103
-23.461518723107954
-23.464144394904082
-23.464891124323614
-23.46440279658226
-23.46084869117111
-23.46254096543214
-23.459148906641772
-23.458513299009105
-23.457514185084456
-23.46188917537328
-23.46001995350876
-23.455910289871476
-23.454851756192316
-23.456343709398954
-23.456295689104685
-23.453599623601495
-23.454666519859035
-23.456367568443063
-23.4550663510396
-23.452832017353824
-23.45257480089265
-23.45385036223201
-23.45159317432979
-23.449488290035145
-23.448153696186136
-23.449217522246215
-23.45019816087399
-23.451843155324404
-23.45411012565314
-23.455295056109833
-23.451757700289868
-23.45173583225584
-23.453015920380647
-23.45255295110605
-23.452934959957314
-23.45465927566163
-23.45265274233406
-23.45108522837532
-23.450596332813074
-23.45060734036102
-23.44826772215571
-23.44783054272147
-23.448034044301902
-23.448868402414586
-23.44760844070637
-23.4505741728468
-23.45152873205454
-23.456460977287215
-23.456293464448986
-23.452600885516333
-23.453522268893657
-23.454159807355815
-23.454104230858132
-23.45469962548579
-23.45658483159523
-23.454153552514377
-23.455112444617598
-23.45572379119604
-23.45555606543794
-23.455822307376657
-23.45610669256153
-23.454914350394105
-23.45489356056258
-23.453528646249275
-23.45512053755246
-23.454603250343844
-23.452436791876654
-23.45447160259509
-23.45348978603129
-23.44971509025371
-23.448531356987605
-23.450323239575127
-23.452496011085845
-23.454248781846424
-23.45245971967773
-23.454008049430886
-23.452744375209825
-23.454380979519907
-23.45597785348532
-23.456712963888965
-23.457543005062266
-23.459130193915033
-23.45996655161714
-23.4599943565784
-23.45766017277856
-23.456965999971704
-23.459148769843406
-23.457163993503144
-23.46136870047382
-23.463178316528012
-23.46216203440132
-23.45943179461231
-23.46055558783992
-23.460536629674195
-23.462684734450658
-23.46006489488601
-23.4569712974009
-23.45838093279547
-23.460130829653327
-23.457365537476033
-23.4596372313778
-23.463984385790422
-23.46174108505978
-23.460940319571723
-23.45853369803938
-23.456702329675558
-23.454933403393262
-23.455454587457027
-23.45674212577906
-23.45517919030877
-23.456813088189964
-23.45943469949263
-23.45990220416335
-23.461602518695067
-23.45950748102276
-23.45658430395113
-23.456681552218484
-23.457684891706535
-23.45816491579202
-23.460133119839785
-23.45958032639749
-23.456048527876582
-23.45570259323992
-23.459994233458605
-23.46103492487624
-23.461751549572238
-23.461533659222727
-23.464734599724746
-23.463615711908997
-23.46286110805527
-23.45904525433621
-23.461700231130894
-23.46235377850332
-23.46179160470601
-23.4633974735787
-23.462898453929128
-23.46483809886672
-23.463376322548214
-23.458914224105616
-23.459419536004344
-23.4607769429257
-23.462376727781507
-23.465569275743213
-23.46433042844117
-23.464594462467694
-23.46593205061398
-23.46368972954387
-23.463490550570135
-23.460933480211473
-23.45981669966827
-23.46160506085338
-23.464196448713647
-23.46510599215566
-23.46601726764797
-23.468323949106004
-23.472482215317164
-23.4711631361708
-23.473359878152124
-23.47011083774942
-23.466010022901944
-23.464205983386158
-23.46685213066773
-23.46916840782672
-23.47493363524511
-23.481035363943406
-23.475750444736168
-23.473080262894886
-23.475996558202507
-23.474680138543892
-23.473119870578405
-23.47067526583102
-23.46714342646888
-23.471247070657572
-23.47031841780063
-23.4703470751073
-23.470139118482397
-23.470365650523593
-23.470823674528454
-23.47426208169713
-23.47454865668512
-23.471194550194415
-23.468732185139267
-23.466790000074976
-23.464193947895694
-23.462228832112817
-23.46380712359417
-23.46683557022473
-23.466566226049174
-23.465460349837013
-23.46485956985805
-23.467748566689085
-23.466395898652642
-23.46369977385816
-23.460706273416623
-23.457480059301197
-23.459596847118416
-23.456713927014533
-23.458349950678077
-23.46062199283771
-23.460781764061824
-23.46225187726
-23.463277806846055
-23.46186320446967
-23.462218695943395
-23.464336055145225
-23.461466844789797
-23.463855386260633
-23.462236860750576
-23.461988563061194
-23.467118201330734
-23.4666095949805
-23.462010067031343
-23.46086218202888
-23.46037137574495
-23.45906000328571
-23.45749298863076
-23.46297887596847
-23.463330644804206
-23.4618556681839
-23.46222355939387
-23.46029925672178
-23.460982974995044
-23.460598648736664
-23.46161544962485
-23.460875954631888
-23.46553455411287
-23.465074804966342
-23.465116551247174
-23.465432405128738
-23.468119240150507
-23.469524352674075
-23.46805860521456
-23.4645389025265
-23.46548829053142
-23.466621205913995
-23.46249700182451
-23.462491951595734
-23.458835265105698
-23.456131608676372
-23.45486315373172
-23.455675574170378
-23.45682117945388
-23.455564064061026
-23.45622356978462
-23.45709411212734
-23.45638678595914
-23.458594885844942
-23.458977394728358
-23.46210524606747
-23.46532132133179
-23.468244438994574
-23.46888837805831
-23.465965352575836
-23.462515651731074
-23.459313092375197
-23.458436424730742
-23.45712424099578
-23.460914893763604
-23.4600539856239
-23.455995237487613
-23.46013406049664
-23.460097613358275
-23.460317954802807
-23.45975676735721
-23.45890206850958
-23.457110021102707
-23.459664463403616
-23.458590489701958
-23.458538545171272
-23.457331270256955
-23.45485106777028
-23.457497815223483
-23.460108428040392
-23.461385022836787
-23.45974838345433
-23.459493058988087
-23.461103557049945
-23.463687360769462
-23.464879803482507
-23.466514607292115
-23.469000204340198
-23.468067685234768
-23.470672676501323
-23.46754727120078
-23.46862209725525
-23.466068145430185
-23.46424724961003
-23.465503278193317
-23.465169442210723
-23.464019871665645
-23.464582739999027
-23.467656391961413
-23.4692726449079
-23.469038223417378
-23.4661068823775
-23.464635499188383
-23.46215776615809
-23.461215894080247
-23.459725861493176
-23.46196460476345
-23.463844048331747
-23.464154181392193
-23.463619028497217
-23.46277871415159
-23.46619709010664
-23.4659329325256
-23.46792015457075
-23.468712682245734
-23.468501373886173
-23.470343273926343
-23.469607369212326
-23.46965706251495
-23.47171253455265
-23.4702481497059
-23.467727924058426
-23.46550206906874
-23.462412444770706
-23.46598653477382
-23.466122439472688
-23.468213878839627
-23.46876222577114
-23.466026983359065
-23.466546029787708
-23.468005863358073
-23.468906087577604
-23.467779360867418
-23.467588867850672
-23.466515455673207
-23.465562788195896
-23.465325141975878
-23.467573112608918
-23.46908935357941
-23.467485309006857
-23.468855336970183
-23.468212807706745
-23.470160611192313
-23.473000583189744
-23.469752438732407
-23.472152162536283
-23.472427717791767
-23.47307899370961
-23.473933356768338
-23.47173468125331
-23.467475201982055
-23.46609490279934
-23.464092552159475
-23.46542132579762
-23.466802332026553
-23.467868431854107
-23.468487310180347
-23.467173881310874
-23.46822882804047
-23.467884173508736
-23.47176029522531
-23.474038397116153
-23.4697579120095
-23.46868014932318
-23.470765953901708
-23.472402256704427
-23.47287039402216
-23.47242793019389
-23.47102241237656
-23.471675680163983
-23.470761000137593
-23.47285387273486
-23.474053404685094
-23.47331277584421
-23.468026990459663
-23.46888421233629
-23.470858859821032
-23.46838501431879
-23.46732468926934
-23.46801648279998
-23.47012507825953
-23.467643985661947
-23.4666199652116
-23.466017113367148
-23.465039914791365
-23.465328519901593
-23.464026254676376
-23.462179324298027
-23.459349074006735
-23.461936939642857
-23.461794060029195
-23.458812438132625
-23.459562846465456
-23.45895713232188
-23.460953608180905
-23.462349713036478
-23.46566109588664
-23.46558199946615
-23.46570387514815
-23.466178614706404
-23.469887550286497
-23.471944820009032
-23.473435464502206
-23.474651220836197
-23.475212566047208
-23.478612126694237
-23.47490440291339
-23.475816012497113
-23.471408128097032
-23.469452148082407
-23.470318464995465
-23.472867909595145
-23.47613563251549
-23.47540837364299
-23.47465938403461
-23.47418894545017
-23.47420540373949
-23.47330354426331
-23.47214295301668
-23.47179284987676
-23.470005325351867
-23.46808268948283
-23.467413777261534
-23.467556614121182
-23.469571114804392
-23.471035190821148
-23.470032331899823
-23.471116089272535
-23.467927791279617
-23.465940258329283
-23.46833028778354
-23.466743844058687
-23.46510705348698
-23.46468357928676
-23.462613288384105
-23.462746556276613
-23.459493441447282
-23.462084980256876
-23.460122680220003
-23.459175461033894
-23.460380299891685
-23.462504781444835
-23.462850110215864
-23.46073501671959
-23.45633667011905
-23.45633280435788
-23.458658284172557
-23.45790292265546
-23.45798744039234
-23.455594234398752
-23.453947413244233
-23.454392604895126
-23.454455458088248
-23.45165749545209
-23.451591636994376
-23.452790365196563
-23.452724796369367
-23.453850761267674
-23.457738989305508
-23.457920245058293
-23.456504744546432
-23.458171366711408
-23.456984877210992
-23.456556598125154
-23.458901224017865
-23.461131771610614
-23.462925495742
-23.46331450327396
-23.464482103463837
-23.46370927780898
-23.462821990563636
-23.459866134431923
-23.462530869871202
-23.46425689880125
-23.465686975067918
-23.464322318840154
-23.46508709872074
-23.466988023499376
-23.468155608472077
-23.467297218531336
-23.467410566100494
-23.468340126521912
-23.471043287774684
-23.472203814098254
-23.474924697010767
-23.470323845466897
-23.468455752487376
-23.473657704057327
-23.47536809636008
-23.47426811937189
-23.474224034696007
-23.473566656432173
-23.468474951317233
-23.469959463989465
-23.4708674683768
-23.473277415101208
-23.471612021289772
-23.471007469936158
-23.472747830427018
-23.47470617722179
-23.476210540802104
-23.472992365525595
-23.47406973997277
-23.47313018241366
-23.471927754342254
-23.470975146655192
-23.47085255534518
-23.471942743727663
-23.469127543422037
-23.469056117295064
-23.46898381409265
-23.465541626890623
-23.46113745838796
-23.461162305094785
-23.458493623770607
-23.457764211329234
-23.45935276412328
-23.460143712137924
-23.460900338749358
-23.460026182847855
-23.461435922881517
-23.462584963054674
-23.45848376852499
-23.45898786724276
-23.467004535211856
-23.464733352201964
-23.46551291195554
-23.46365230829603
-23.463784666684145
-23.461016943840995
-23.462108806835516
-23.465027740004096
-23.464358959915277
-23.46404264214267
-23.466069440742647
-23.467506119787277
-23.468687087632414
-23.46917691075166
-23.469530857711437
-23.470527040633044
-23.471748925126604
-23.470692689865007
-23.47018379990058
-23.46622200532814
-23.464175501710255
-23.46532746448932
-23.461746657105603
-23.466413476558717
-23.464051524966848
-23.464467297285548
-23.46633076839493
-23.46385367343968
-23.465894890703655
-23.46596590307196
-23.465758885379817
-23.464065750736307
-23.461888448508216
-23.459632846349297
-23.455742401306196
-23.457227036739223
-23.458032686511686
-23.456920848085886
-23.458843969074042
-23.45771936068322
-23.45707316663697
-23.457145271835234
-23.45438191046221
-23.455240149888308
-23.457789132968173
-23.45963493591677
-23.46058654956572
-23.459393008637544
-23.461326140991137
-23.464406638137703
-23.467180633541904
-23.46914929543593
-23.469534439082054
-23.46848580155322
-23.466843279133524
-23.469771227552364
-23.469788357775293
-23.471469292963697
-23.469516120999877
-23.470797618268715
-23.46863884370597
-23.46904259600119
-23.473314093582633
-23.472331573809605
-23.471728426544228
-23.47624841325974
-23.475148213675674
-23.471977350074905
-23.46901524470722
-23.470263699286765
-23.47059444494833
-23.466884382705967
-23.46559375207121
-23.467054398543763
-23.466940159480274
-23.46934355778531
-23.470633369923938
-23.46979633056588
-23.46772223069642
-23.467655901787467
-23.467125563959907
-23.470384327920655
-23.469758287078424
-23.47185777350338
-23.471335345608733
-23.471061063416318
-23.469475142371774
-23.470139915594032
-23.465011103462697
-23.463465645096168
-23.46359642569344
-23.463857587174857
-23.4686361122563
-23.46920393236717
-23.46929490671321
-23.469258216591047
-23.46703368501699
-23.467519669544632
-23.467293480811374
-23.473066576482932
-23.473449010059547
-23.472111202824504
-23.469627555998564
-23.46750905550202
-23.47044240567314
-23.46761943229626
-23.46728201928239
-23.46812435797465
-23.47035995703757
-23.471439480724968
-23.47100245018564
-23.470263620704902
-23.47065642359269
-23.468493975079177
-23.468843532368506
-23.470943384865453
-23.467519197048045
-23.470339365722335
-23.469915488526624
-23.469875720640044
-23.465443360107766
-23.464482317214788
-23.459992739197826
-23.46104718756984
-23.461066589096806
-23.46506866549527
-23.466603083820893
-23.466475112981975
-23.46712155196097
-23.46666812387659
-23.47017625495787
-23.47003101055576
-23.47116277306088
-23.470159268928835
-23.47040477739015
-23.465306285318874
-23.46830206223174
-23.46781007828455
-23.469274613595523
-23.470961131902136
-23.470326945740574
-23.47308896987741
-23.473345754344642
-23.473163278023666
-23.474976838205638
-23.476115251158358
-23.476871992343206
-23.47712036250398
-23.47498085233232
-23.47731225429846
-23.476364108327083
-23.47402654268326
-23.472592223775226
-23.47517881546843
-23.47171915088594
-23.47073571178008
-23.469094699467306
-23.466952508169904
-23.46860207061926
-23.47027267697
-23.47095173273963
-23.468957472493187
-23.466416194374244
-23.46870345643586
-23.468548034012645
-23.468296629566264
-23.469288589761693
-23.465365301066623
-23.464184244343837
-23.46343696267727
-23.46100827112438
-23.462173519454872
-23.460761811928624
-23.464157961144856
-23.464555815228977
-23.461671137878174
-23.46450260920064
-23.464589091028422
-23.464875500438907
-23.464351070316475
-23.462955769043372
-23.460443389653346
-23.462722387491773
-23.460823077894865
-23.462684299676702
-23.461572497725946
-23.459952146868993
-23.46230870307967
-23.46232727711395
-23.461871531706684
-23.4623347936509
-23.464933440536203
-23.461006686222525
-23.461746793898364
-23.464950188801144
-23.4618600812918
-23.4623141731433
-23.463134295014004
-23.467863015029668
-23.46726745294745
-23.465843403094734
-23.46445631769902
-23.46376848193847
-23.464390685310907
-23.462378905260522
-23.459541666054008
-23.46374456245877
-23.46276045029132
-23.46364640666166
-23.460445827678114
-23.462699434398637
-23.46422192955196
-23.462173680928426
-23.459895875596136
-23.45730324651893
-23.457742760778626
-23.45961460598118
-23.460767087049664
-23.461200287764143
-23.461771510893733
-23.46000853811629
-23.46078058007722
-23.461685415381965
-23.461273311627142
-23.462786112095174
-23.462704407181164
-23.462774179764274
-23.463339765416784
-23.467987729933075
-23.471785827528006
-23.472499964996487
-23.47084591878024
-23.47379719438371
-23.473399163553434
-23.472057856881648
-23.472969995327144
-23.472836224506455
-23.473034521951387
-23.472517516595566
-23.468812320630597
-23.469798223010137
-23.467353353556785
-23.46944394913356
-23.471400010869857
-23.47270214414819
-23.47386091147057
-23.477704674176564
-23.478227408590083
-23.480083853834866
-23.481367849610713
-23.480860046411568
-23.48059314062573
-23.47957429071888
-23.477670172742314
-23.477233721833542
-23.474891666071443
-23.475233892766546
-23.47171328682023
-23.475319752277382
-23.47343539139065
-23.4762862250762
-23.477168209434822
-23.47623009139385
-23.478444592803978
-23.48256722244678
-23.4814940269978
-23.478262991430125
-23.476727736213945
-23.477013756274893
-23.475839800965556
-23.47799786180776
-23.47353552812846
-23.47303149039782
-23.47442780520023
-23.472719028340656
-23.467845870823176
-23.467670597341527
-23.467211137649517
-23.468878660989176
-23.47069681537285
-23.469563341168435
-23.473274878336866
-23.47305075458944
-23.471262404649234
-23.47232180591565
-23.471084892081812
-23.473559742968206
-23.473853107567585
-23.473962667720354
-23.475232329758917
-23.474291769450495
-23.4764691789641
-23.475797630783592
-23.47509099607665
-23.477608929746275
-23.48231136900735
-23.481903757278296
-23.484074965968727
-23.483625154932565
-23.483125110173553
-23.48162767931906
-23.479669743024992
-23.4807374618467
-23.482911553177054
-23.480160346501886
-23.480864721854815
-23.483308794394276
-23.481377386545645
-23.48476555060113
-23.48373669316022
-23.47638276924123
-23.477099724589703
-23.477847331933983
-23.48041687518488
-23.48027095925431
-23.47481302080802
-23.477645213804937
-23.477177619263543
-23.47849480518058
-23.478478325198967
-23.47949793627908
-23.480541509655893
-23.48018896856755
-23.479024016781146
-23.48278277076244
-23.480925265006796
-23.480610678731324
-23.477164221037587
-23.47387368119622
-23.473368753071657
-23.476102897394963
-23.473516431227715
-23.475591873039644
-23.471529289858676
-23.46642468526142
-23.46379788830012
-23.46651304448063
-23.46955581841354
-23.46861750317951
-23.469915607848375
-23.47261685859548
-23.474917331982745
-23.476739713113876
-23.474285205182323
-23.473919379447306
-23.47744763929171
-23.47960892850954
-23.47908104609232
-23.478130281660086
-23.47641753548319
-23.475624048489866
-23.47591511935827
-23.471892302826742
-23.46783383420469
-23.468812536682524
-23.467990078222666
-23.470759914752716
-23.468529141630526
-23.465831941050617
-23.46737192362021
-23.469665431908027
-23.466434185363017
-23.463215041882613
-23.460173387646773
-23.4573764937658
-23.459802157450913
-23.462208860963987
-23.463863249122465
-23.46317998612266
-23.464332840569934
-23.46628901747249
-23.467141260751305
-23.46928750947794
-23.46721662235218
-23.466071863518664
-23.461891846863782
-23.463160229519936
-23.4641674641427
-23.46394375355911
-23.463446079039635
-23.463567818629777
-23.463131873812557
-23.464159156357425
-23.463550107077598
-23.462134401693934
-23.46003217440834
-23.46288254314739
-23.465041078040674
-23.464559135951237
-23.465382459556
-23.46430849599844
-23.46606061742675
-23.470532970281578
-23.47347254131751
-23.474226496715758
-23.474963824037122
-23.472555582009093
-23.471039908850386
-23.474363473657032
-23.473764877916118
-23.47716027440826
-23.474060577587043
-23.47662825387826
-23.477297681774694
-23.47351582823048
-23.46725410347709
-23.463670469778826
-23.466341674269675
-23.464842508415284
-23.46599255820817
-23.46651452464766
-23.46567334778207
-23.463052376552355
-23.46244102101402
-23.46491771465105
-23.46305138504857
-23.471054244862483
-23.472200822881785
-23.473313480832175
-23.471526639793623
-23.46899125263777
-23.472090613931222
-23.475856974796844
-23.474093046516867
-23.47300379742038
-23.474953493223126
-23.47085367205841
-23.469484779528106
-23.470565540842195
-23.470050758818463
-23.471289402747608
-23.470337219503428
-23.470444671107263
-23.472059677718235
-23.47076004765652
-23.469186450374664
-23.46648108858914
-23.465772369968036
-23.460067251043014
-23.46090913039829
-23.46369712517378
-23.46574166303498
-23.46896062253446
-23.466714653315066
-23.467225957007923
-23.46412787421993
-23.460509371623566
-23.461920703302216
-23.46167137256551
-23.462368815352434
-23.463739960436477
-23.4651982792332
-23.46554834752616
-23.46814890708837
-23.471173024756684
-23.46516651943249
-23.46686911114011
-23.468070085103612
-23.469512711273396
-23.46788203655725
-23.468411771655312
-23.469437828637297
-23.47031510372369
-23.468940428248356
-23.46984124085075
-23.471995361684083
-23.473470838513958
-23.473229258318675
-23.4719803161102
-23.470104522630635
-23.472218714063747
-23.470224673900134
-23.469027792868435
-23.464985669981488
-23.463212446426176
-23.466201369669584
-23.468837832937528
-23.464949947747414
-23.46363690358256
-23.46458992553099
-23.467363117647572
-23.46284267941999
-23.463897059997674
-23.463076642567366
-23.462917249324487
-23.462982236094454
-23.46162079144361
-23.462352858678937
-23.461044512167646
-23.458650009189565
-23.46205408334495
-23.462628705403063
-23.46157401251288
-23.46309785873051
-23.459209914967506
-23.461975215048106
-23.464163593748925
-23.46558570886018
-23.466918043448306
-23.471066218606676
-23.471726334666325
-23.47084903631343
-23.472273218368255
-23.47003843662896
-23.47098364270136
-23.46723196098756
-23.46969654377485
-23.468771458388037
-23.465208148285956
-23.46889836100205
-23.46889325086963
-23.468126352872225
-23.474419410898705
-23.475874833707554
-23.472276682425573
-23.4700805177298
-23.469635667019933
-23.473367686906766
-23.470827233315713
-23.47130383980012
-23.47488342828488
-23.472549993844144
-23.47069446819019
-23.472919934890683
-23.47280821525571
-23.47258230510116
-23.471280145406222
-23.473226346885927
-23.476855838113934
-23.47755605184998
-23.47441697006422
-23.47345671803432
-23.47172905980763
-23.47181464732032
-23.471525845078478
-23.470704531483225
-23.470459782912467
-23.470344235279136
-23.469022893114456
-23.466506129174032
-23.469945626634335
-23.468851643569682
-23.472316890966926
-23.471818829498947
-23.472109135489546
-23.472439759334634
-23.47432265316505
-23.47488610028713
-23.473119603526587
-23.473603060735766
-23.473546947628154
-23.47641190087887
-23.475510100612755
-23.47488756526018
-23.474950162594503
-23.470672416547533
-23.471158164163896
-23.472006972663987
-23.469872703711246
-23.47159072206645
-23.470228765005494
-23.47213909851664
-23.472020334247286
-23.47098446715129
-23.47219372380955
-23.474569185712678
-23.474853539028864
-23.477800075883582
-23.476296791280344
-23.477553055984707
-23.47708662580126
-23.47637035007095
-23.473698113133775
-23.477910262207995
-23.482208839509322
-23.48309259553097
-23.487115247637526
-23.486232810207696
-23.485531134469547
-23.48553134848436
-23.48292908392742
-23.483472801343943
-23.483859430783934
-23.48168243671842
-23.483325233673842
-23.48532778696321
-23.483316308144
-23.48696536803981
-23.48463789285587
-23.48541771058346
-23.483214742678467
-23.48238221970942
-23.481245076859953
-23.481214353649147
-23.477790146718284
-23.479167381262577
-23.479586042457488
-23.481055541952568
-23.480858954744892
-23.482803202336427
-23.48384978314085
-23.4847681168078
-23.488736855817784
-23.489407295334978
-23.491498859038643
-23.48848078176852
-23.4874360313878
-23.487379550383064
-23.48727690687279
-23.48641117985463
-23.486999472164797
-23.4849164458843
-23.489192789693117
-23.48443103788812
-23.482941496564386
-23.485589056570397
-23.487157393648467
-23.48707722039685
-23.489111816400182
-23.487936346738525
-23.483854805846175
-23.48442189831798
-23.48155022279578
-23.483660258743583
-23.48595592590012
-23.4862464119644
-23.48785225114797
-23.484757807712676
-23.48427211059474
-23.486784412135815
-23.48495843639383
-23.48043111118528
-23.48077647745468
-23.480637382205444
-23.484252987500344
-23.483443324931454
-23.48905692171097
-23.49154208005193
-23.492873289492604
-23.48990578248824
-23.490583996248084
-23.489174833857625
-23.49006093630368
-23.489225719849077
-23.485344917693048
-23.484645956242616
-23.4847612430953
-23.485464944296695
-23.481771452771184
-23.477461322992394
-23.4818670959991
-23.47899047224545
-23.47814326633427
-23.48054466367462
-23.482158495803045
-23.48032813510387
-23.480600539698457
-23.476639921137465
-23.47760953584427
-23.477871993133675
-23.478879508545415
-23.481927968404207
-23.4837601317164
-23.482221926151237
-23.484117770787137
-23.48336254338845
-23.48533235411745
-23.483630106719744
-23.482056721076283
-23.48215510161412
-23.482134715892204
-23.482651196900083
-23.47898533823069
-23.478358076036137
-23.47620789017351
-23.47739375023157
-23.47286014921768
-23.466808444203586
-23.469010896697366
-23.47074578366399
-23.467693192761356
-23.464688253826143
-23.46571184950669
-23.46989335636075
-23.46658520578213
-23.46484330048273
-23.46764750031978
-23.465497938671692
-23.466882903366873
-23.46634927351189
-23.46408909760401
-23.46552691002816
-23.466427726603392
-23.469548278869787
-23.467460962845756
-23.464215603716
-23.46410819063656
-23.469721133287972
-23.466258246109888
-23.470612228294073
-23.47089600059577
-23.474660763572903
-23.475936747592026
-23.47516512807024
-23.47227806140109
-23.470353639010042
-23.468767074370213
-23.465979744481032
-23.464650553430833
-23.464367609637033
-23.464060887819674
-23.467812613940787
-23.468924904074303
-23.46990871129927
-23.47065432989724
-23.47232397577573
-23.47117156710558
-23.47028209814235
-23.470258364512127
-23.46781915154133
-23.469186056432196
-23.46814783958041
-23.47003557820486
-23.472927260229895
-23.473929009866666
-23.4760662914865
-23.476085428220355
-23.476753843811036
-23.477578387939666
-23.4798824307972
-23.479021501308377
-23.476535975945065
-23.47716213887567
-23.475028835193736
-23.47548885239843
-23.47581700784299
-23.47472470642209
-23.47386284330507
-23.472229336541297
-23.467644901587345
-23.467173599129787
-23.467149918392188
-23.46981721873434
-23.471259587257624
-23.473284565964025
-23.47783449307462
-23.477655353198973
-23.475216059617782
-23.473105022707074
-23.472512195693398
-23.473309630847307
-23.474397190265794
-23.474984757211523
-23.474748026072348
-23.47333463286487
-23.473417654284983
-23.473950048759832
-23.47442139544718
-23.47281131446663
-23.474674749188186
-23.478479361173274
-23.483120517837797
-23.48225228965102
-23.48331368188319
-23.48446569897063
-23.483582415869556
-23.48140262009483
-23.479829176101173
-23.474104733102887
-23.475023129739657
-23.475046175655226
-23.472816689945986
-23.47590830549251
-23.475436567873864
-23.477256187938874
-23.47630355919032
-23.479723836589212
-23.48240207744312
-23.47847995938845
-23.479276673206375
-23.47816264262768
-23.478665087840252
-23.47960075543513
-23.477546517381374
-23.47447537678873
-23.47579907156631
-23.47682336570694
-23.476435673630206
-23.47649128477078
-23.47888417911168
-23.48468617421553
-23.485761000970808
-23.483510506652475
-23.48550735135719
-23.48370926050087
-23.48317163021626
-23.484535450346538
-23.4853560296979
-23.486086136694638
-23.487619786899533
-23.484581025920647
-23.485395934669853
-23.48366705290888
-23.481886680981596
-23.48361172441324
-23.48187092350108
-23.47612886660231
-23.475566973618754
-23.473117219616448
-23.473784485176665
-23.47352041428234
-23.473371496621652
-23.476524286048267
-23.47880134900779
-23.4802808330385
-23.481351673494018
-23.481301607874922
-23.4812883869251
-23.484520411428306
-23.489305090467997
-23.49274981935351
-23.4898163377807
-23.487724804063504
-23.484204221544157
-23.482906475728573
-23.482988847725586
-23.481377213702867
-23.478189470230422
-23.47343958492508
-23.47475728202337
-23.478758085037473
-23.477725370545464
-23.47986500377542
-23.478122494744145
-23.482216524442098
-23.484117517547144
-23.48727017320157
-23.48761796380162
-23.487124130982636
-23.483053138232716
-23.484091493361454
-23.485291945984585
-23.48366959231816
-23.483511577340934
-23.48447069591744
-23.486944017637413
-23.486067970332652
-23.487807570071368
-23.489073573413776
-23.48959027108984
-23.49247453891273
-23.496274787781513
-23.492761650841654
-23.491682655085526
-23.48797161277616
-23.4854804093791
-23.48532163648777
-23.48731365231048
-23.491279930474576
-23.488897374250843
-23.491640592774655
-23.489960048454556
-23.488390221304776
-23.490920203390214
-23.490622853514733
-23.492600910936392
-23.4910547335041
-23.49348014651215
-23.49098452776508
-23.49076034402075
-23.49068192092666
-23.49157694979566
-23.490986654697746
-23.487130679224528
-23.491416144787692
-23.491550972821237
-23.48902653693054
-23.48631016118303
-23.483722627430815
-23.484923021299643
-23.489850756908613
-23.49064414124437
-23.491540982151296
-23.48859708233805
-23.490543101592035
-23.490885350430485
-23.491778799010746
-23.49461934675263
-23.49235008117465
-23.492683231690176
-23.490767717951595
-23.4911589941864
-23.488316814000285
-23.48746118835006
-23.491578966759267
-23.48841242848328
-23.487357811587838
-23.489001296345815
-23.489245337783995
-23.48910699832206
-23.484096478410496
-23.48492082034311
-23.486708522388916
-23.486244384115544
-23.48620911609781
-23.48453862238744
-23.48151410042841
-23.483232672316795
-23.483962908182942
-23.482316542466965
-23.480118484373392
-23.47655645396148
-23.472815559800527
-23.474360182255367
-23.475651708207845
-23.479699833766006
-23.47958140192837
-23.476698140804665
-23.47557027512797
-23.480300506944864
-23.479723454895
-23.482702611236025
-23.482577940068577
-23.48201039011553
-23.48480703029555
-23.488929512131612
-23.489054828676082
-23.48736572191946
-23.483379398228866
-23.485965165931653
-23.483424083582694
-23.48527482909968
-23.47995608996312
-23.47709866939781
-23.478762696190863
-23.478917423470765
-23.47855532714819
-23.478971913348374
-23.481264846388328
-23.478583182374173
-23.481920590980383
-23.479789120774353
-23.479800756812338
-23.483730839282085
-23.484455113184467
-23.483567838467604
-23.479259278812112
-23.481090108434817
-23.477816761388077
-23.48000926909577
-23.478134587887684
-23.479713870332915
-23.47945710336891
-23.479600017848824
-23.479277615361887
-23.478139659199098
-23.4764402008783
-23.473834342403308
-23.47553838433719
-23.475473612745187
-23.475067820146503
-23.476077515218936
-23.474114770503142
-23.47331530454509
-23.470236428256573
-23.47188999676704
-23.471938007995305
-23.47605863563959
