44.0
43.93785894500757
43.87062552868335
43.79922215835654
43.71684699544845
43.62637889662551
43.52688139823912
43.42173196864928
43.31033052274524
43.18855303578545
43.051702823927776
42.890875906811445
42.7144744186892
42.529139559274626
42.326836593501156
42.11425472682445
41.880921415566796
41.62550155105553
41.357042822152664
41.04905715587944
40.71287975246919
40.356147849811975
39.97910929638421
39.56067562909591
39.106641301100765
38.627155294471855
38.108762399664194
37.52009355429335
36.899498997471575
36.239826633332314
35.55604990544385
34.81671939102757
34.026133041283444
33.21185414009027
32.33138554408033
31.421133685178507
30.445459855053674
29.430468478443096
28.401813301452844
27.32393385036077
26.188421269300996
25.049774327879305
23.894916391180498
22.684446157619977
21.45635626537088
20.23361771539631
18.965249708065986
17.69293855591348
16.424625415950253
15.175059773930554
13.854168640815024
12.549448961180191
11.268205521385317
10.005649303787083
8.750801393362073
7.520921217062527
6.326682955501327
5.151638475664708
4.030969764039089
2.925538283510517
1.8443644719186392
0.8166678318771592
-0.1821702203025719
-1.126763134549272
-2.04813414496234
-2.926366729077815
-3.762212890169182
-4.579760889504739
-5.349974764254237
-6.075375549976582
-6.760830998623523
-7.4210977487242635
-8.044717365750163
-8.610398329874604
-9.15747179547977
-9.681455906045596
-10.181271344288247
-10.672343285529509
-11.126216966429473
-11.536089683294023
-11.936150825855492
-12.308685229040982
-12.661645742538942
-12.999604816424121
-13.31530729958586
-13.609639132996886
-13.881759245493773
-14.150067108434849
-14.402190894977588
-14.632925890260022
-14.849503667594195
-15.059525848627029
-15.250666146590202
-15.445104350639848
-15.631728520491937
-15.800305333018299
-15.958635602579992
-16.10786872438899
-16.25177945961538
-16.398150125358665
-16.524364886058375
-16.63588994592473
-16.753967261654555
-16.86233604483975
-16.96413201812009
-17.073210417346115
-17.17528612617474
-17.27600630228242
-17.36310362747293
-17.452480277864968
-17.53503799548007
-17.612695924358636
-17.680775110807243
-17.752299000138873
-17.82808176008137
-17.88886865883754
-17.943374669287397
-18.002574288759245
-18.065372955414656
-18.12834285899352
-18.188111457981023
-18.24478394363276
-18.300664089870267
-18.354521671487767
-18.401804204808055
-18.447377721774114
-18.492117545557168
-18.540214979660497
-18.591698086741072
-18.629811838817062
-18.670410804199154
-18.70352141918784
-18.73963540273062
-18.773964744721596
-18.81402302718178
-18.855642287634744
-18.8914141524925
-18.930571977167165
-18.968286757449448
-19.000246396972
-19.03091627520859
-19.062254332654355
-19.096653169996294
-19.127825512450734
-19.157952370890513
-19.18517994465924
-19.21193864683611
-19.248218068782986
-19.275458024758297
-19.302434865715192
-19.324891338516075
-19.353602017698524
-19.38080228136721
-19.406436648737017
-19.433430776012614
-19.457967586203345
-19.47649911629675
-19.49732143114872
-19.522387380398794
-19.54077728067781
-19.567070889361045
-19.587616475271034
-19.613536378733418
-19.63463699575885
-19.66085743269328
-19.684269235054973
-19.706757709371658
-19.731162158923055
-19.75280038273687
-19.77304963260863
-19.793660351065803
-19.81910796738469
-19.840174994409143
-19.86144757736352
-19.875951357917717
-19.891233029743727
-19.908444107739594
-19.931035331477336
-19.949236411160747
-19.965760946438547
-19.983542011409362
-19.999766607243586
-20.02021391516137
-20.039138438955785
-20.059016551198518
-20.073412247339242
-20.08638506057478
-20.105599714772325
-20.123505966757563
-20.142199349643857
-20.158590865305765
-20.174829299563854
-20.190290018792957
-20.209261762242907
-20.2259532550276
-20.24074395935705
-20.256381674497746
-20.271803650780928
-20.282946571488353
-20.301668787579967
-20.31479561888545
-20.332883430750655
-20.344891928158354
-20.360750664369625
-20.378061397045567
-20.395449525792834
-20.409036436020365
-20.42199159517041
-20.439394784702827
-20.450136179874814
-20.465823720432454
-20.473164723340098
-20.484674847540806
-20.496052127035096
-20.508044383459016
-20.523448727750225
-20.53709128135188
-20.548339845691125
-20.56023000805791
-20.570803745355658
-20.579944231698438
-20.590429797617123
-20.602926350934816
-20.617696811716836
-20.629182469774495
-20.639363552135304
-20.647728380141334
-20.66107110889341
-20.675285014101302
-20.686846869123656
-20.69673850058817
-20.711486709773947
-20.72087335473748
-20.731216834025727
-20.748405579311687
-20.75948390372232
-20.770039726830483
-20.78158892498
-20.795643805178695
-20.80625665257552
-20.81438728220503
-20.823104830830477
-20.83212394879942
-20.84506751699252
-20.856270377205107
-20.864581795750176
-20.876289049241393
-20.8891688088841
-20.89889916843961
-20.909769954877337
-20.916968482281113
-20.92978426550044
-20.93791336026135
-20.949147806654175
-20.95696088126904
-20.969383195939635
-20.980980858746314
-20.99171279455348
-21.000341821484746
-21.010583180968812
-21.023910887499113
-21.032770221527624
-21.0457543542582
-21.055036392966837
-21.062907511576032
-21.07524631331618
-21.08343345637654
-21.097217917158154
-21.10463647243855
-21.117605623813596
-21.128080867718847
-21.136105861770627
-21.146644536242942
-21.154436403526603
-21.163642376832804
-21.17380797597795
-21.178327694219305
-21.185470811635167
-21.19273300418232
-21.205011192030685
-21.215410490115474
-21.22725825610395
-21.2384338701252
-21.24759583229073
-21.258171702918336
-21.27136530577987
-21.281972779255508
-21.2869818191111
-21.300668234204448
-21.313363561413112
-21.31657553893356
-21.323295763064746
-21.330023701756957
-21.33853138440751
-21.34804447845334
-21.360789242044987
-21.372926505873284
-21.38372555676694
-21.393968784343556
-21.401052187903687
-21.410897604396858
-21.418546271172204
-21.424978428910567
-21.43347760529317
-21.443220016257637
-21.45129687472394
-21.460043314236064
-21.473471463440085
-21.48110389432716
-21.487505585848833
-21.49328779919808
-21.504648744230373
-21.51232296540516
-21.526106674182245
-21.531053433906656
-21.53810138346201
-21.54383822002385
-21.55384661104935
-21.564792670406106
-21.573106746509485
-21.578636577225932
-21.589715257182274
-21.602562416697907
-21.614485905548015
-21.62319260540896
-21.630795967643877
-21.63437285575698
-21.643514319092805
-21.64903402526276
-21.656277423927055
-21.659857806731857
-21.66766560522232
-21.678129013446878
-21.686676388248575
-21.69173277271314
-21.700744283835053
-21.70653436875711
-21.712986517455324
-21.718636629455183
-21.72605803478588
-21.730179981224655
-21.736441966108703
-21.74929251980773
-21.757469724401467
-21.766757216224295
-21.773135138841504
-21.781201759271884
-21.79448331628003
-21.802264872297258
-21.810278925115693
-21.814774233928514
-21.822340664308793
-21.83365202877192
-21.83859783872315
-21.844146803247565
-21.84764888710973
-21.855007959091935
-21.860025540563193
-21.865052898887864
-21.871891413193584
-21.88236700261362
-21.892432152393084
-21.900182512915688
-21.907351532061345
-21.913071298152232
-21.915650266131202
-21.92353349163313
-21.93019250828835
-21.935794238667466
-21.9504750583361
-21.960078743237116
-21.963774097138373
-21.974168514489758
-21.978499612193115
-21.991082141924952
-21.997877026745005
-22.00611112919049
-22.013933237205197
-22.018461335810315
-22.025750940495897
-22.02991997466358
-22.042404384864106
-22.05046362019779
-22.055713071989803
-22.06453156079799
-22.07082753431801
-22.077522301846603
-22.081983981513233
-22.09249384823944
-22.099610469422313
-22.1093355955401
-22.115987666566213
-22.12166510081846
-22.131432135700912
-22.13755196697207
-22.14636317844193
-22.148789071738843
-22.158083585238664
-22.166500830098265
-22.172829948554416
-22.178625042545388
-22.185370286782202
-22.189942724341556
-22.20011302978871
-22.2051539800021
-22.211383471793802
-22.216558446191808
-22.219470114914806
-22.22861815048557
-22.23609549118538
-22.24360099635935
-22.245305867186843
-22.253295045570475
-22.25418371704388
-22.256763752653782
-22.26408602377222
-22.271022265960646
-22.27731898506642
-22.285745196621058
-22.2901926478922
-22.291818920753574
-22.300574220969814
-22.30800036440813
-22.31530578278209
-22.318840964776264
-22.323967849778295
-22.32652054393812
-22.332494594525247
-22.344021786763168
-22.347330146377537
-22.351487152333522
-22.35695378736186
-22.362517799962088
-22.368649953725875
-22.375933967155365
-22.38244898766222
-22.390142298821612
-22.398829577731167
-22.401894071030473
-22.407296567281414
-22.413089420319174
-22.415502254533333
-22.423226828487547
-22.429283459822976
-22.4368793882147
-22.440078114258288
-22.444670104624844
-22.4494971068761
-22.4521623713557
-22.45871994073034
-22.46338732276609
-22.467141844405173
-22.469784452204653
-22.479246416995476
-22.489434959167085
-22.48830944595799
-22.494704720798545
-22.500746657241017
-22.50577577172768
-22.508759712144844
-22.515441640783703
-22.51898029356908
-22.52320804208128
-22.5289171034491
-22.532275315277115
-22.53856789559354
-22.538386026906124
-22.541948806371195
-22.54981369630187
-22.557406331208995
-22.561922403556213
-22.56830846938172
-22.577940794728413
-22.581478981255753
-22.582519613563708
-22.585814287393287
-22.5911653981363
-22.596382877751996
-22.602849746295856
-22.604409234918975
-22.61078072231249
-22.614733856538987
-22.62161035203658
-22.62616746302542
-22.627461256299092
-22.631695305142145
-22.63456072191839
-22.640200849591317
-22.645894359868397
-22.64906634782221
-22.653294705756394
-22.655853265522452
-22.66169344791176
-22.662015856746024
-22.66659306868621
-22.66861293615119
-22.6767111168354
-22.67934670146947
-22.683161845490137
-22.686414733589903
-22.693761830130377
-22.696110314975932
-22.697198294860577
-22.700124653180566
-22.703178519891484
-22.706382819753873
-22.711291695966086
-22.714081466804895
-22.720014676308423
-22.727447168048936
-22.733515492081676
-22.738973402996784
-22.745295525506805
-22.750794635669134
-22.75825940433892
-22.7611864830406
-22.764980023821575
-22.766194457290265
-22.770302654761657
-22.772761438672056
-22.77906579200542
-22.78179246599459
-22.784397320870948
-22.788434224908062
-22.793496613851882
-22.79514772874817
-22.803691885111807
-22.80874002405622
-22.809804719603303
-22.812795804168914
-22.816097030460508
-22.819544236135922
-22.824518781646105
-22.826927582528814
-22.82992218624627
-22.82809836237072
-22.8334276940881
-22.836425663355925
-22.836331961537226
-22.83945799463062
-22.8459864603416
-22.84856614985538
-22.85177511563968
-22.855368230753413
-22.863580406521567
-22.866575161920593
-22.86728278009455
-22.869496915126128
-22.875889593898496
-22.877107471629508
-22.88201777027333
-22.881629481563877
-22.882237157018178
-22.889124248739847
-22.895370309982997
-22.89913910806713
-22.89896048773867
-22.903816237185165
-22.905585418585375
-22.90820537587403
-22.913953889267404
-22.917515427888425
-22.923234544118795
-22.927901196733586
-22.931770899185864
-22.936795679274475
-22.934978147959086
-22.938891034772215
-22.942173671394826
-22.946837298054383
-22.948581237204188
-22.95116815905811
-22.955559959188598
-22.955396952150625
-22.960545595364287
-22.963499115455406
-22.96989697219537
-22.975227035620133
-22.977062255133063
-22.981265903026475
-22.98289913646671
-22.984789308855262
-22.985126151539045
-22.991233937771668
-22.994551259152015
-22.996910065697225
-22.997019763373824
-23.00037936612343
-22.99953118107263
-23.0004601903979
-23.00342509401947
-23.009709600107286
-23.01247120012893
-23.013708284728562
-23.02101885185877
-23.025088457252203
-23.028801345528386
-23.02961620158938
-23.03234811929126
-23.035774845995224
-23.035949239898816
-23.038883525134533
-23.040424848544077
-23.040997429987275
-23.045738723425604
-23.049041960663057
-23.052803044541445
-23.054699653368488
-23.058613458284988
-23.058402156906308
-23.062628352190433
-23.066546548883895
-23.06551614128308
-23.06374446103076
-23.067257889169618
-23.067309546271023
-23.06481884760309
-23.06868295680536
-23.072732036009633
-23.075329624168806
-23.08002410793108
-23.080274946413642
-23.0826176911409
-23.089962573657065
-23.09141670389614
-23.08817440629432
-23.087015339839656
-23.090469029415036
-23.09104719144186
-23.09594136845689
-23.097794444054646
-23.099189158258554
-23.097664893363937
-23.099715647149573
-23.09990793312482
-23.098281067097613
-23.097634236306448
-23.098123269904434
-23.09924046771393
-23.09844944895131
-23.102350264165114
-23.104443644452672
-23.11072705659914
-23.114028934306422
-23.118634568969533
-23.116274355155387
-23.117372531717034
-23.116923515877257
-23.119147236149534
-23.121803850254892
-23.12366038250832
-23.12822583222
-23.128171551654727
-23.130311033682926
-23.131719709676034
-23.134775512148323
-23.134116040132977
-23.133630179471954
-23.13475659059532
-23.137257528694995
-23.139062560341618
-23.139117170355433
-23.143533663485197
-23.144693784355987
-23.14304242671984
-23.145134768000403
-23.14860314383732
-23.147861624358917
-23.151871741278793
-23.15413484143658
-23.152641371186384
-23.157976324567578
-23.16130839036354
-23.16328868937552
-23.16394187029134
-23.168745347235575
-23.168611133516965
-23.17255466020171
-23.175161499728862
-23.172521896473025
-23.176097732137823
-23.176555691798917
-23.17701202059063
-23.176585657859956
-23.177343218828334
-23.179803303157268
-23.182635272930373
-23.182423427333926
-23.18005671147457
-23.17946556563917
-23.18015583965797
-23.186265120382917
-23.1851961403544
-23.188867684275618
-23.191578486338134
-23.194772488901037
-23.189220764614635
-23.193225355229522
-23.198321339601485
-23.204188578122384
-23.20630121620505
-23.211193695366447
-23.21518024763039
-23.21280063937158
-23.21499721890403
-23.217478981678003
-23.21945399502487
-23.223633413368518
-23.22564858220776
-23.224217166372227
-23.2248192590345
-23.225011446899007
-23.226549176887165
-23.229676170286876
-23.23081488749253
-23.231271126982932
-23.233064806773076
-23.233034533336376
-23.234701513561443
-23.237158825017353
-23.237342216962666
-23.240223056861183
-23.240737625989684
-23.24231189124519
-23.244300531153378
-23.247475948344913
-23.249697860019435
-23.253136213974877
-23.25472528261643
-23.251995630086117
-23.258080339791746
-23.259474526316616
-23.263126818903107
-23.26659448307684
-23.267707440401928
-23.272365909048325
-23.273874837258287
-23.27598589029757
-23.274220572294716
-23.276200294683797
-23.27502019428363
-23.27752397383904
-23.278071300916785
-23.280849352968456
-23.284957232997016
-23.28363760278929
-23.281918528639036
-23.281539291056255
-23.28679876808959
-23.290571989323333
-23.291379134279918
-23.295433176884117
-23.292343294157764
-23.290272796288697
-23.28755755537063
-23.291658434516833
-23.292472137236125
-23.291804745313264
-23.294688212385733
-23.296350283705024
-23.300376198923882
-23.30078336414948
-23.29797607071739
-23.295761228417113
-23.29287545458788
-23.295235572305245
-23.30382844588678
-23.300591534817467
-23.29980841325754
-23.30258403718739
-23.3025618467247
-23.303939285420743
-23.302891489531426
-23.30729991311511
-23.308815892361814
-23.311914817346175
-23.31591225450309
-23.317554297491714
-23.317296017450616
-23.321776423143874
-23.3191614653266
-23.322174419853734
-23.32497087661322
-23.328866237480614
-23.328551857628188
-23.32873014225352
-23.32936465553636
-23.326149122816435
-23.324940016231245
-23.324837277006324
-23.327496525836978
-23.329069418180012
-23.330192398347783
-23.33365314206584
-23.33469826660204
-23.338008805248286
-23.340230158033584
-23.337207550768092
-23.337936424999498
-23.340196830595925
-23.343888419356723
-23.345652011795263
-23.346126260355817
-23.347712602272978
-23.348141250705336
-23.34922885238534
-23.348005817245262
-23.345394520211173
-23.34777236282427
-23.346312913288898
-23.346972406671604
-23.348788983809396
-23.351094748393578
-23.349904522067444
-23.350808165328456
-23.344692717181978
-23.348333887497592
-23.348426957083532
-23.34978627175635
-23.35070892282284
-23.353475271912593
-23.353987094497207
-23.352522334739806
-23.353572598645325
-23.355167919111494
-23.355893211096138
-23.35848529375237
-23.357869582388332
-23.35693625106323
-23.3567501985243
-23.35651701525694
-23.35919413367105
-23.361633698992215
-23.36049577243557
-23.3617351332101
-23.365291456494518
-23.367501272106526
-23.365124748831757
-23.36537104833448
-23.36534122762108
-23.368084164450742
-23.372483683657613
-23.373409584777587
-23.37610554589969
-23.374166207581588
-23.372285065455245
-23.37405616293008
-23.37251760017359
-23.371292013085622
-23.369903648946238
-23.37152457883199
-23.37297064944856
-23.37112506208422
-23.372473886372816
-23.37314491320912
-23.373528563145186
-23.37861650457121
-23.377404102150646
-23.378002196538553
-23.378562696865362
-23.37881485859413
-23.379594090837028
-23.37663853947033
-23.375441795578222
-23.379357799076928
-23.379534229883898
-23.375605371817592
-23.372792732924637
-23.372846605256925
-23.374289853726317
-23.379574333835244
-23.37888865846006
-23.377293928057227
-23.376793904840472
-23.38100456056039
-23.38167672696163
-23.37646498030533
-23.37530318762876
-23.378321388543842
-23.375808132876877
-23.37497579337083
-23.374828313146303
-23.37426611947776
-23.37256565512495
-23.373479955165006
-23.377613969170966
-23.37958724558185
-23.377481164114343
-23.376432657528806
-23.375719287145824
-23.373869907576932
-23.376719863565828
-23.37616305757757
-23.37435090066948
-23.374245147715936
-23.37498682041116
-23.373628881358528
-23.374577487001726
-23.377164355672225
-23.37793999232326
-23.376003347864966
-23.376542652743378
-23.37813413945573
-23.381307136046413
-23.381475690469845
-23.381507605821056
-23.379862180582098
-23.381411993494424
-23.384261833769937
-23.380982050946482
-23.37837421106173
-23.377025289095744
-23.37904626457419
-23.378675015507568
-23.377925360312755
-23.37664668347863
-23.377796288901447
-23.380992746293202
-23.379166786304143
-23.377494666208595
-23.377377904743046
-23.37778534824336
-23.382354777526963
-23.382467094756993
-23.383723623420558
-23.381784125002145
-23.38629190340342
-23.388602038324553
-23.388304992116087
-23.387164755946102
-23.389966293346397
-23.387521141671378
-23.383920209112713
-23.38741532933774
-23.38755941937035
-23.38681534136121
-23.38924735366271
-23.38899259135428
-23.384533418230653
-23.388244033831782
-23.387141556995502
-23.38800639253568
-23.38874873538666
-23.389119775006932
-23.391963153407602
-23.39194616205305
-23.39184642651281
-23.395162757218817
-23.397285927553785
-23.398728727517685
-23.401889742640027
-23.404373614270256
-23.40244545715479
-23.402997684031902
-23.403589432766683
-23.405061747041216
-23.404927498097965
-23.40855870710455
-23.41208482929011
-23.41024245728519
-23.406980478116353
-23.40637667772513
-23.404509952562357
-23.403696528304152
-23.40455445141556
-23.40385558622474
-23.404933843554574
-23.40325532141924
-23.401430336047003
-23.39938930224386
-23.40139399474982
-23.403648562524484
-23.4038792073259
-23.401883639449608
-23.405147627532088
-23.40716458335038
-23.40620803934359
-23.40620166129938
-23.40778721935868
-23.407175804841234
-23.403085146313487
-23.403864588134404
-23.40933709805989
-23.412204733011887
-23.412410321516507
-23.414545356960847
-23.41491323882297
-23.415012238303103
-23.4133019013885
-23.412047432804286
-23.40776476257873
-23.40628739452713
-23.40784308357195
-23.409233197109927
-23.413721577448644
-23.41408121634784
-23.413391304969867
-23.415598357978865
-23.41147812027375
-23.4136762183691
-23.414889750533806
-23.412838309783975
-23.409205785117237
-23.409928431762978
-23.410966521620765
-23.412573380652333
-23.411205078389326
-23.41176101179598
-23.41067752316926
-23.409683609086915
-23.405725091428394
-23.40432900665602
-23.402196403777726
-23.400385163537255
-23.400149869383746
-23.40152486575364
-23.398362054288214
-23.39919933872533
-23.400271059432594
-23.40351068657167
-23.40365996641071
-23.408003080342663
-23.40850285298275
-23.407990972025356
-23.405923282272877
-23.405018465678953
-23.405349886387278
-23.40630228768792
-23.40408717301554
-23.404107587771712
-23.403160425882593
-23.403724749696465
-23.407150882818936
-23.405218259155767
-23.404707952420768
-23.405165461691777
-23.40525985204094
-23.403564302634415
-23.401852009013382
-23.40006921848268
-23.39848555046452
-23.399517077965026
-23.39814002463638
-23.40051933655353
-23.395800784324273
-23.399379239650404
-23.40262225781016
-23.400915150162277
-23.398317732105376
-23.398756561605975
-23.399631987525478
-23.398250345910043
-23.400237183363988
-23.398006358927617
-23.398029743577496
-23.40014545536646
-23.404428165084475
-23.4000626975328
-23.40456630628272
-23.401704155084058
-23.403033345913567
-23.401888755718474
-23.404881067423062
-23.408282710382597
-23.405473684583534
-23.40471715964439
-23.401132340056677
-23.399326592103474
-23.402383687330687
-23.40192843420396
-23.399882024157684
-23.39611620819832
-23.39672255563956
-23.401248906250956
-23.399000319810312
-23.39980532118761
-23.402330077407083
-23.40291584736736
-23.40240928821319
-23.403997715327726
-23.407936147065065
-23.405949604096435
-23.40507857685542
-23.403662558421114
-23.402053767038083
-23.407670159377044
-23.41138999617185
-23.410698588740043
-23.407315641583768
-23.406217141884053
-23.4100576141389
-23.41147456235464
-23.4112595205441
-23.41001738182605
-23.410529010316942
-23.40849581343434
-23.409510175624064
-23.410037586439856
-23.414069527945166
-23.415276801189464
-23.412481676483242
-23.413539029245115
-23.412699829934866
-23.412152098045876
-23.410673151951165
-23.40863789950494
-23.408625779219644
-23.406704116505093
-23.411211016687563
-23.41476870362773
-23.414460007731083
-23.415140217260145
-23.41835333260219
-23.416941455052253
-23.416487321797568
-23.413744300868782
-23.415227251278928
-23.413270907014272
-23.411574903895804
-23.414702849155322
-23.416007352171924
-23.41528114934131
-23.415358643048
-23.41893976218408
-23.41792654236368
-23.419121413850686
-23.416397333349874
-23.415771282941105
-23.416382592917586
-23.413571058010024
-23.411545395615935
-23.414607550793562
-23.41574918822419
-23.412647575595138
-23.413365340491563
-23.41801753554529
-23.41970990296738
-23.417166300429002
-23.41616389245208
-23.414153066593375
-23.413555503277365
-23.416442086595584
-23.41731814589773
-23.417752355451558
-23.416080857924413
-23.418772958264192
-23.41877761029549
-23.417165539839125
-23.414127270498103
-23.411362950158633
-23.414057787446644
-23.413060693865734
-23.414994101488816
-23.415732569684035
-23.4207129865296
-23.417894992214702
-23.42101095453406
-23.41922340585393
-23.415914087951272
-23.416905226020567
-23.41676716716171
-23.411641828894133
-23.414162604320655
-23.41691316982763
-23.418555978844193
-23.41345308502247
-23.415343126107178
-23.41847852671893
-23.41501877475971
-23.41403825902674
-23.413505153019152
-23.41343906702394
-23.41428168915234
-23.41448854299177
-23.414503309973316
-23.4137590007478
-23.411745966944743
-23.409620173593808
-23.408050295611876
-23.407634936830526
-23.40943685611965
-23.40804859729492
-23.40089209735533
-23.40114907665558
-23.400806878221342
-23.403711097709884
-23.404266463392027
-23.409432250164805
-23.408534458001395
-23.40711664822177
-23.409990470244573
-23.407880501497008
-23.40677087000006
-23.40864674952132
-23.407244027242168
-23.408399210988264
-23.408166645571427
-23.40678983225466
-23.41181345392494
-23.413385303617588
-23.41248735116366
-23.413500082408145
-23.415075061809414
-23.411847304870747
-23.410017525596416
-23.409237620621692
-23.41087574699141
-23.406641538123232
-23.402761464529668
-23.406310418020006
-23.402724417410774
-23.406527607318075
-23.403705172172458
-23.407580575737384
-23.410206118954314
-23.413007829139787
-23.412966500315164
-23.414833672428443
-23.417496865455647
-23.41749738060933
-23.41961489194531
-23.419109855906676
-23.41944237084848
-23.41893066097619
-23.4209904145967
-23.418999557165684
-23.41580853162086
-23.415701619429132
-23.41547285132739
-23.41562094842878
-23.414658768647918
-23.413104603198175
-23.411938587205885
-23.411063768949834
-23.411800860661636
-23.41459423383773
-23.414988658264097
-23.41474240281225
-23.415616491007835
-23.41505410004302
-23.415422882125583
-23.416138020919696
-23.415068037540408
-23.418027032089196
-23.41981661390596
-23.418056246841058
-23.41548678882558
-23.41298925221573
-23.413920958494536
-23.41827955584935
-23.416386957964477
-23.41727118140989
-23.414137684366935
-23.415332267034906
-23.412357262669858
-23.411534870623733
-23.41537372377681
-23.414140597914596
-23.4130042473958
-23.412278894395754
-23.407811738038532
-23.403823578312902
-23.40415897500891
-23.405229230311583
-23.403478370400272
-23.40702955337009
-23.409593780394943
-23.409116675438142
-23.408762397470824
-23.406460905856957
-23.407150899953564
-23.410271106711303
-23.410941435874523
-23.412151226086984
-23.40956180789157
-23.408477195783313
-23.410001111023284
-23.409568274345204
-23.409960188491247
-23.409018895576462
-23.411114889436167
-23.407529978708904
-23.408633849113453
-23.40988764397271
-23.41114355139719
-23.412579836695215
-23.415839762453988
-23.415561579864313
-23.416656653980617
-23.411793767681313
-23.411890287744768
-23.413189900164877
-23.411383541654573
-23.41283833323429
-23.41460514963308
-23.418062522128032
-23.41572879429387
-23.416027679044827
-23.41864573501429
-23.418998460552718
-23.41959451967443
-23.419686811517234
-23.417650157976684
-23.417033540452422
-23.416897299636
-23.416762591346785
-23.41685400166217
-23.41530237588707
-23.418466763779335
-23.418743513322337
-23.41671308505969
-23.419031244806586
-23.421714643998634
-23.418833624219648
-23.421047757287226
-23.420613619164882
-23.41795767905374
-23.42049547804044
-23.42361766994758
-23.42198231910598
-23.421787928572066
-23.417786428893884
-23.415951302146663
-23.416949339597792
-23.42089868903576
-23.418569791288277
-23.419162278414923
-23.420758809803875
-23.421191174572904
-23.42124628431195
-23.420021771829486
-23.41987685811926
-23.421533442659804
-23.421513801415422
-23.418738768923923
-23.41846695000645
-23.418308385678255
-23.4174637035949
-23.41818252588684
-23.418678413121786
-23.419158975462352
-23.417502787677844
-23.417311050292124
-23.413645669030355
-23.41573386815726
-23.419372533802402
-23.418398700653086
-23.412469451328885
-23.41485503537736
-23.412368597358522
-23.413166535018615
-23.417316461527165
-23.41624671840595
-23.419590644463575
-23.414422764581325
-23.415969284377066
-23.41465500208048
-23.414190277955328
-23.412798626273045
-23.41112088629379
-23.4156132000227
-23.41430121408755
-23.41536973227554
-23.413307091896066
-23.415762478167313
-23.413726023000677
-23.415045134684796
-23.417255887450562
-23.416701411912005
-23.41631800372878
-23.411569779564612
-23.411759459270737
-23.407239225257904
-23.408179347221388
-23.41132008122821
-23.415230564766713
-23.414233124145284
-23.414042225942723
-23.413025295268593
-23.41287819176503
-23.417831459311245
-23.41895738619257
-23.415620267268103
-23.41613446913065
-23.41737813263312
-23.4154977886222
-23.417710304201208
-23.41519253765449
-23.41703062519081
-23.418009965986258
-23.422483060800648
-23.41960069416163
-23.41533301286001
-23.411934371878633
-23.412380988968078
-23.41322014774396
-23.416582676849504
-23.419606959809386
-23.41767220438987
-23.41500621916771
-23.416137694367947
-23.412020541440466
-23.413525658564538
-23.41634280872128
-23.42091381062149
-23.420233070809516
-23.42282875311496
-23.42271927111057
-23.42057429272551
-23.423351496979954
-23.424744461188233
-23.425090410600223
-23.41784840738972
-23.418031565362305
-23.420246450276135
-23.423229546384896
-23.421918106795754
-23.424813728752135
-23.42392716440874
-23.425000379298307
-23.421404087122703
-23.419992488142846
-23.421366059370403
-23.420095762033885
-23.421638623496612
-23.420003324833672
-23.417843438879054
-23.41441394221158
-23.41397539159171
-23.41538114114051
-23.417968729094145
-23.419255856156685
-23.419728403493906
-23.41745399732778
-23.421246303092435
-23.426518637466376
-23.427121740810687
-23.426578327983925
-23.42780705528368
-23.427559480502744
-23.424594547582554
-23.42201707416104
-23.423697686615164
-23.42635838361597
-23.42328329886101
-23.421538760659562
-23.42083671086606
-23.420145116105303
-23.418776423786824
-23.42194677588641
-23.42590220406029
-23.4221875670395
-23.421108055451604
-23.424540400634427
-23.428159791694018
-23.426989987861052
-23.424491500440347
-23.421147474173846
-23.423898696422427
-23.42294357264668
-23.421947086454523
-23.425269499959633
-23.428472794321156
-23.42945191138342
-23.42827067509418
-23.42740097073847
-23.43044378202486
-23.428313276480154
-23.42959620464892
-23.425442826725323
-23.4221612944224
-23.42227084081372
-23.421758408374416
-23.42492078196284
-23.42327490116326
-23.424269682321352
-23.426054587328018
-23.42749301038532
-23.43027891931596
-23.42978861332722
-23.431625581916176
-23.43037162098809
-23.42775247323536
-23.429883691971508
-23.43339465288085
-23.43323550845064
-23.434704223063203
-23.435844862667725
-23.43668173455394
-23.43888478216212
-23.43664444229024
-23.432465833060228
-23.4334657090842
-23.431132611956208
-23.42975326643827
-23.426510849439097
-23.430273002177454
-23.42883849389446
-23.423950110892363
-23.424901212813825
-23.424098554900333
-23.422276187530834
-23.422160155167628
-23.421767303174015
-23.419603318474632
-23.41711746018921
-23.41842922353941
-23.419719554025587
-23.42314603923819
-23.425292871301476
-23.42349294429495
-23.42034338710387
-23.416392491886064
-23.41530430752134
-23.41671251190709
-23.418906649612403
-23.422768153920224
-23.421970120448414
-23.41996236414953
-23.422824203361674
-23.42804990284078
-23.424196705817852
-23.423948670990068
-23.42499640290628
-23.423470734788037
-23.424051061729784
-23.423240624122123
-23.423717591679743
-23.424512569037365
-23.41922607800363
-23.421667670240293
-23.421335367497935
-23.419376235387432
-23.420602577661068
-23.41889425594373
-23.42190097047287
-23.42216248810825
-23.422213598968874
-23.423085702841487
-23.419730775260014
-23.419138752101816
-23.41877874973288
-23.41861756075107
-23.420537629331022
-23.419850800475835
-23.423065493850356
-23.42129018805572
-23.418829246354218
-23.415372677168353
-23.413366536325466
-23.41492360644171
-23.41678944568395
-23.416293414964095
-23.415497340319174
-23.417144825806997
-23.418705952680952
-23.420595653444693
-23.41920108580187
-23.420835170311754
-23.420567568882262
-23.420772531870387
-23.42156634799661
-23.41894217794053
-23.420300962388534
-23.420753737632182
-23.420279354680613
-23.41879161662818
-23.418087263961944
-23.42152426397682
-23.423159779453645
-23.42534567301017
-23.42559330906445
-23.42355927077842
-23.42393015827085
-23.42145923385626
-23.421866585451934
-23.422461795654034
-23.418656080825148
-23.422270689127078
-23.422330137118966
-23.419356800081182
-23.41628451320827
-23.417617446773928
-23.41479779583723
-23.41363304359537
-23.41623016581594
-23.41743053089922
-23.42143087041031
-23.421156915393205
-23.42287982026944
-23.418934427394678
-23.420210716567006
-23.419928659982766
-23.41992623460335
-23.420275476676554
-23.41795266333611
-23.418339434736875
-23.420792312231306
-23.419942869546556
-23.418793161682427
-23.416750599409898
-23.414882313172313
-23.417527180457288
-23.417501114196416
-23.420215130478365
-23.41818057404595
-23.41700780693043
-23.414278739440363
-23.41514999656297
-23.41202386841294
-23.41448553573964
-23.41218930209087
-23.41061886865329
-23.410211156379717
-23.407136029984933
-23.409710296074557
-23.4078807939521
-23.409234176672243
-23.407101865606492
-23.407130191941096
-23.407319051368987
-23.40721046636567
-23.40974811694102
-23.41086787271231
-23.411670781667805
-23.4133646145513
-23.413069347880615
-23.41219154080498
-23.41481300405947
-23.41809598724923
-23.419076554583533
-23.415058473455694
-23.421404868601616
-23.420642127887508
-23.420870012318616
-23.420848636829803
-23.42408525219741
-23.421580765814173
-23.421917381385903
-23.421426600966377
-23.42270110256064
-23.421691535020408
-23.42163641996238
-23.42116433112963
-23.41953914404087
-23.419054710623442
-23.420118063405184
-23.417938296983454
-23.420161299545967
-23.421894105756667
-23.42322810505588
-23.418987310610245
-23.416946805947756
-23.41940469219869
-23.421082749575895
-23.418968246290373
-23.418535967489465
-23.416139307809694
-23.414177790913207
-23.41651316993252
-23.41801183970271
-23.419953998821978
-23.420419081428275
-23.4218931746476
-23.422487203280753
-23.425194531129975
-23.42468388713448
-23.424801882580784
-23.425700798439102
-23.424574047978027
-23.424839397704034
-23.42446160142155
-23.421668439017235
-23.426011930352896
-23.42390442054482
-23.42142941924864
-23.4180858524214
-23.416812529763853
-23.418621808765106
-23.42016646103344
-23.41795474910688
-23.419798951714426
-23.42083911502414
-23.42565275170481
-23.422327673220778
-23.424223388556356
-23.42557317150885
-23.425260939158612
-23.425631928528347
-23.42426616718261
-23.42486777453842
-23.42752663061201
-23.427471439045355
-23.426561615738397
-23.427973972271875
-23.42761134811598
-23.425437061874355
-23.42840160357675
-23.42827874268471
-23.42928506746514
-23.42473559154002
-23.425758774537215
-23.42423352095609
-23.42453915175608
-23.420011291151656
-23.421819066147066
-23.427240203010413
-23.42413788139253
-23.425917141824346
-23.42577148243268
-23.430205168664042
-23.4303376590918
-23.430999808406884
-23.42908007864725
-23.42839477801442
-23.427599598093447
-23.42701836366232
-23.429273496770612
-23.42599935678522
-23.42533114363728
-23.427780886499306
-23.42697991073888
-23.42776317260969
-23.426852391334386
-23.42601373042307
-23.42462589321871
-23.42377598447842
-23.425990931095182
-23.42666140340218
-23.426995071094435
-23.42550827963751
-23.424412044104002
-23.430252076868364
-23.43519379110655
-23.433727279227963
-23.43550945252069
-23.436196116702643
-23.438284929576085
-23.436992362876506
-23.436865063154368
-23.438721469983715
-23.44229106191402
-23.444840587656383
-23.44204075341443
-23.44003139336569
-23.44063300208235
-23.44070161671238
-23.43992928361693
-23.438553272606192
-23.438023280241207
-23.433021060774728
-23.426390629370182
-23.426149692518436
-23.42703514005894
-23.42862933860214
-23.43109175221731
-23.434893488543153
-23.434590533462007
-23.429972631223322
-23.432649565434232
-23.4323868096961
-23.429771643522887
-23.432500800196376
-23.432245523499944
-23.434694095013235
-23.433724170741016
-23.431648569931816
-23.431114626446348
-23.431933504633566
-23.429214594169125
-23.43123962639305
-23.432001788003824
-23.430002916950613
-23.429428068510028
-23.42957795999554
-23.426645275424395
-23.42894052926247
-23.428034760538644
-23.429111090183998
-23.428017622034673
-23.427911086008837
-23.4285882920515
-23.425506425827933
-23.42423580889563
-23.422800270450512
-23.42140145938011
-23.425723563453467
-23.425603950660793
-23.423308469724727
-23.42746551940518
-23.431497853086224
-23.43469271734781
-23.43923550937129
-23.43678390990427
-23.436713238592905
-23.439801811343145
-23.441103775205733
-23.438652695070857
-23.439225417012086
-23.438895337936884
-23.435637121201797
-23.43520664391377
-23.43511289407174
-23.43243549040757
-23.431395345140174
-23.430800899929068
-23.42941566818889
-23.427975994745292
-23.433025672999285
-23.434805578076794
-23.435446424223258
-23.43436525079207
-23.432958605049564
-23.434473425212424
-23.431709515103485
-23.431024531996737
-23.42874098965353
-23.42915867299015
-23.429869160390506
-23.428189652294307
-23.431000723662347
-23.430592550445148
-23.4341390720989
-23.432983684036294
-23.431260669297103
-23.42978214726064
-23.42898773864764
-23.430317034903627
-23.432696163220655
-23.432720154915582
-23.431558433161605
-23.431952290388637
-23.43207774220287
-23.42851735733205
-23.427642822146193
-23.42936404037427
-23.427875790394637
-23.425422460237733
-23.425349846645503
-23.425981233208812
-23.426299682953477
-23.429998555233777
-23.430821751874095
-23.430627618336683
-23.42886755068701
-23.426539841863246
-23.425232403512403
-23.426696153923032
-23.425289176305732
-23.422518394643753
-23.42456741563372
-23.422027221313048
-23.41996324697746
-23.420970117636614
-23.423794948803366
-23.428505242768136
-23.430055762292177
-23.43089182252433
-23.42998267033879
-23.430560968504253
-23.426995603644283
-23.427792536409488
-23.426189271511873
-23.425690992173227
-23.424688730252452
-23.42433781375877
-23.42254124789898
-23.42297847900208
-23.424448639063183
-23.421825321080338
-23.423407330997847
-23.42469140442482
-23.422406938734284
-23.422525297621817
-23.423935171580883
-23.425482462962503
-23.426705435938672
-23.42983697633426
-23.42914769074232
-23.431791457376047
-23.429316377916535
-23.42860654166815
-23.43034838990309
-23.428809204200274
-23.426127431171075
-23.423624789790697
-23.423153109246183
-23.427179221613535
-23.423091098751204
-23.42389639298576
-23.426021625368513
-23.42974067856898
-23.427783683937104
-23.429132591585944
-23.427174224099314
-23.42624209711242
-23.425335253100542
-23.42367640565833
-23.42468942922303
-23.42523742391019
-23.426268211177547
-23.427932902170763
-23.42793612871539
-23.42721993494852
-23.426303834042848
-23.428100365962408
-23.428273913534365
-23.42991711728565
-23.42472618206447
-23.42528018304686
-23.42574413420962
-23.42551059104894
-23.424032639035314
-23.42082773839265
-23.420823976883305
-23.422142402758855
-23.421206604842716
-23.42195772654957
-23.42144162357794
-23.421654447178295
-23.418986926204372
-23.416548719882258
-23.41529535887989
-23.414749452880628
-23.41586097842497
-23.416210368547606
-23.417340817649908
-23.418112382976535
-23.416811289258654
-23.412373597765466
-23.415128951347196
-23.420239825620733
-23.420684276429405
-23.424376798930048
-23.42003946116783
-23.420584609709927
-23.42079237635594
-23.419858703864875
-23.420429190412026
-23.419962969903978
-23.42082681996752
-23.421299086793347
-23.42197223994067
-23.42259131715976
-23.42657208214669
-23.428518393445383
-23.43090618154767
-23.432585762041413
-23.432541685343093
-23.432017755132833
-23.43054787046256
-23.42999811405536
-23.42876687058872
-23.428189837572685
-23.4287075660266
-23.427238179493642
-23.42885346343056
-23.42894213287006
-23.429251546384958
-23.427915785756557
-23.42608707062827
-23.42363173864571
-23.424707068243833
-23.425440630313858
-23.426354120905724
-23.426799859867618
-23.42868407562483
-23.431223432888896
-23.433738342309326
-23.434048685367998
-23.433139092073176
-23.43057020175637
-23.43228502695857
-23.433032307112633
-23.431218441180484
-23.430411604437964
-23.43146963502827
-23.433287959942326
-23.430148012405894
-23.43212691692586
-23.433611312591523
-23.430152496844737
-23.430548193924103
-23.42768051303028
-23.42878589308876
-23.43164639973582
-23.432520035629842
-23.429916598189145
-23.430857511936793
-23.43126357692078
-23.43137229112304
-23.430461483389383
-23.428516497318178
-23.425522496727123
-23.42639307252664
-23.430713115938854
-23.429008806164706
-23.426823909763538
-23.424707879942066
-23.42106217741963
-23.42133249659855
-23.422521161533666
-23.423324191372622
-23.42347357123532
-23.4223025495032
-23.424742506550494
-23.424225788208197
-23.425267523123058
-23.423566873506317
-23.424429547552258
-23.42530166826204
-23.426190926292932
-23.428285549992374
-23.42918314450628
-23.423562865674956
-23.42231975609716
-23.423267928018102
-23.423991636543228
-23.421901115003873
-23.4224869147314
-23.421928044089555
-23.42056471428636
-23.42102427198544
-23.42347745937406
-23.42672707813984
-23.430346443694322
-23.430535758697616
-23.4277671999902
-23.428842312151765
-23.4261860551185
-23.425374993649996
-23.424002402700307
-23.428016717477956
-23.425713759631662
-23.423065067502396
-23.42800393752261
-23.427085789954045
-23.427139544947316
-23.426051842221938
-23.42315479034103
-23.423431690901975
-23.42678336952011
-23.425460861245032
-23.42449208428444
-23.42807723864448
-23.430723259769298
-23.4300554673467
-23.42677938813905
-23.42612814325807
-23.430535350942552
-23.432145124216174
-23.432378688014683
-23.43374087298441
-23.435302019960023
-23.436444568088632
-23.439962916138896
-23.437435326917754
-23.43833230749252
-23.437829066681942
-23.43264242237766
-23.433479404457852
-23.430793067172733
-23.427197816139753
-23.42526896648102
-23.42546839408475
-23.421175595468444
-23.42456343613404
-23.426201126242425
-23.430467102791358
-23.43027204988604
-23.43018723967674
-23.427609064525463
-23.42858632693384
-23.42908933274231
-23.432183392161917
-23.433701671729317
-23.429625608359753
-23.425755873163038
-23.42616931482009
-23.424295159824453
-23.42763816958109
-23.42895354433357
-23.432341791520873
-23.433141953572157
-23.43315085527941
-23.431979676158402
-23.435774212755433
-23.437548283610667
-23.43700592084068
-23.43569675226274
-23.43777052499264
-23.434884518689497
-23.433915652345192
-23.437109975139744
-23.43787993071326
-23.437241042846026
-23.435030868135538
-23.4351443543553
-23.43794528484217
-23.438346330687217
-23.434792035134237
-23.43393094290971
-23.432727849061713
-23.430312291122302
-23.431276036797087
-23.430007182550046
-23.430910440798492
-23.42731060980684
-23.427672211500468
-23.42876952098874
-23.431420285429805
-23.436578852925074
-23.43479647231025
-23.43684499745168
-23.438301795053324
-23.437546960551295
-23.435435486845222
-23.434192044727837
-23.43223647773304
-23.43396192899748
-23.42957291809253
-23.424877620790262
-23.423284395708137
-23.423665110274715
-23.420915077691422
-23.422744360241218
-23.42314073469354
-23.424077467878657
-23.42228609644241
-23.424647991549357
-23.425009874838153
-23.42390037632
-23.42194828347778
-23.422674251522963
-23.424209132747553
-23.430674475200203
-23.432868075529257
-23.429784612986875
-23.427148385449517
-23.425888310371466
-23.427515168755885
-23.42941785881282
-23.431399559519686
-23.430982734137494
-23.432938102770354
-23.43126496022554
-23.429225200478225
-23.429569768243983
-23.43135604770381
-23.43082459901989
-23.430041464438407
-23.432542861548637
-23.433247195695255
-23.43237638058896
-23.434536399517516
-23.431793161603718
-23.431783217811034
-23.431126486205077
-23.42956151291837
-23.430150655731257
-23.429602305028368
-23.42704729242553
-23.42719389609143
-23.42631634783329
-23.42601449927297
-23.42614998253984
-23.427936699125734
-23.429223707972106
-23.433325017794818
-23.43034483912383
-23.430548643346924
-23.43283997064446
-23.430048479871658
-23.425946943999964
-23.424624446425963
-23.426436884336137
-23.42877982196594
-23.432020339917678
-23.43136621579164
-23.42864862730376
-23.42270392614543
-23.425212508816955
-23.426619782383373
-23.42604622268781
-23.426193674748845
-23.428296139693057
-23.42717018056816
-23.42751936515218
-23.425252965678276
-23.42330157912542
-23.422678785037057
-23.424932837552337
-23.427595137209778
-23.429759109237715
-23.4299151352603
-23.43059519538787
-23.42964227314208
-23.429805197306997
-23.427754597828525
-23.425104338423893
-23.420765633769914
-23.420886937706697
-23.42106099973341
-23.421516418925375
-23.420077737799648
-23.421004172830035
-23.42191741249591
-23.422244445952156
-23.421701953887506
-23.423750873618797
-23.421618269710663
-23.418351457031644
-23.41912384635131
-23.420920662687116
-23.4219752225692
-23.42335081482621
-23.423603524947115
-23.424041334225855
-23.42471567880246
-23.42024094873257
-23.419654061984776
-23.42018804547877
-23.419752316362672
-23.42168414841217
-23.41755117176271
-23.41915493883061
-23.41975263417682
-23.418443305883624
-23.41768134208675
-23.41611239716887
-23.415333258504226
-23.41378352440147
-23.415033971485453
-23.417557549937275
-23.418345602468253
-23.417419432115572
-23.41772493275691
-23.41833347080397
-23.41395854400713
-23.415027901177343
-23.41413713742876
-23.416258114253413
-23.413065653187218
-23.413805661153443
-23.411350523903884
-23.41003954090111
-23.41018864040284
-23.40887316501108
-23.40850320990273
-23.406663475160165
-23.40705093857764
-23.407532404027297
-23.410309247255896
-23.408860563885522
-23.410790013861117
-23.415720794968507
-23.41661233421867
-23.41795567694569
-23.421847620303346
-23.425141259708056
-23.423061190903034
-23.421309309360694
-23.422422547662656
-23.42681543709846
-23.427879861290034
-23.42717459849514
-23.42506380735055
-23.42926449238729
-23.425292404687053
-23.42753459517315
-23.42747707991875
-23.430204983105323
-23.4283945109095
-23.430899388093085
-23.42970252493085
-23.429059173278876
-23.42816734535569
-23.43065914120642
-23.430419592294957
-23.43094058066862
-23.431131972667494
-23.43055400837815
-23.435809643678528
-23.43567115931484
-23.43452128272519
-23.43613430622713
-23.437156157754607
-23.436408598373774
-23.431685774627592
-23.433257583502492
-23.428806712849894
-23.43326224373714
-23.435409796132834
-23.436093747908483
-23.432445453848263
-23.431322270712766
-23.4337760162789
-23.43364575736193
-23.435743318324764
-23.43491567031784
-23.437589953310304
-23.433904690494874
-23.429140709221244
-23.4322923880047
-23.429981263375975
-23.432273904682397
-23.43176751947373
-23.428412313102978
-23.429685853547127
-23.431168213320216
-23.435416499143486
-23.436062277800573
-23.436756030151727
-23.43669335962403
-23.43555614910478
-23.43247784190315
-23.42978508780022
-23.427356452845235
-23.425566263503896
-23.428289729927524
-23.428620056689528
-23.432221391178665
-23.433333717683794
-23.433484286308456
-23.43333019153572
-23.43237650684093
-23.431889514892074
-23.425390754787493
-23.427841229549383
-23.428152019950595
-23.42950932521442
-23.426719975675212
-23.425542966035188
-23.428505675929127
-23.42811767600431
-23.429014496766094
-23.430173538095218
-23.43114255551693
-23.431604792004567
-23.435959107581994
-23.435698926242818
-23.434942853274485
-23.436966913814263
-23.438705956106592
-23.44026339060087
-23.439152984162337
-23.436894701417472
-23.434132105188514
-23.431743210402868
-23.43212932335166
-23.43332996107012
-23.430173417999868
-23.430672709981458
-23.432052905100313
-23.432427428069435
-23.43077753652457
-23.420632043656248
-23.421370457389827
-23.421919580617065
-23.423301924962384
-23.421612684852107
-23.424479116867627
-23.424658679500126
-23.431269805681403
-23.431542482691288
-23.436273338449546
-23.432444679603737
-23.432724695706266
-23.43505139048342
-23.43473197113101
-23.43265024245987
-23.43300181700681
-23.430761496118436
-23.432900393745424
-23.43284402256021
-23.433332040303238
-23.431926577517498
-23.433222447977442
-23.434028054571467
-23.431171862733862
-23.42903286741658
-23.428346346759422
-23.430258211296085
-23.43042642754463
-23.43345612157135
-23.432293925860776
-23.432065941981115
-23.4294951049378
-23.429390873562653
-23.430327145236156
-23.430040453020016
-23.43029692199301
-23.429793383031715
-23.42898181820688
-23.43243754177667
-23.432693128673286
-23.42977261854401
-23.431599592323217
-23.42970700345697
-23.43233521716664
-23.43509057319891
-23.4357917281036
-23.436861090926055
-23.435410453309736
-23.430841378393307
-23.42780946899492
-23.42806864396873
-23.42475613707744
-23.42387319228609
-23.42746175993663
-23.428033838353404
-23.4295944963804
-23.426715693233415
-23.426420544407456
-23.42678484324972
-23.424516410691716
-23.422419690645334
-23.42427628129468
-23.426187143741437
-23.42610127915514
-23.43028093382861
-23.42671644752677
-23.424569953772277
-23.427379530165567
-23.424794888264138
-23.426700600246235
-23.42877483554987
-23.427435296059993
-23.42632490122499
-23.42449889670135
-23.42155277938476
-23.42159638118947
-23.427000341601634
-23.426628539313132
-23.424667297953555
-23.42949487650432
-23.431692520611186
-23.435438687339534
-23.433884129408668
-23.435483731374667
-23.43375226201853
-23.433212785819308
-23.434184476385447
-23.43249013121739
-23.43153252189388
-23.428947789709053
-23.431867031450526
-23.431582140765332
-23.431230801611168
-23.430091146070787
-23.427246417729688
-23.429347712154694
-23.432276110750493
-23.437389317833425
-23.436310060731635
-23.432710810749256
-23.435313206273747
-23.43660558283686
-23.435202956120037
-23.433350022736057
-23.437910031988054
-23.4395141726939
-23.435984500603322
-23.434809073960025
-23.433468779927434
-23.43636676528506
-23.436251600789458
-23.433423608044116
-23.430336087046268
-23.43091500932992
-23.430668348045394
-23.430501036005662
-23.43287812566886
-23.43298601916406
-23.43604400549211
-23.435961795743466
-23.434765807238456
-23.43560231560952
-23.437246493529432
-23.436916801361974
-23.43377006043822
-23.435840360484896
-23.436666519439196
-23.437773398308913
-23.43615641461593
-23.43621686535824
-23.43629887477479
-23.4402518959124
-23.43701745000727
-23.43897091591196
-23.438958436504034
-23.439778614157056
-23.44113903364661
-23.43872213628248
-23.439169055735245
-23.43535505024728
-23.434661264894732
-23.43379685096703
-23.43903751202831
-23.437475809356588
-23.437511533007676
-23.436263569501495
-23.43858292025242
-23.43981176864769
-23.44100211007782
-23.43881125209539
-23.44098025591946
-23.443180909993416
-23.44020229875731
-23.440684102850774
-23.439558236702986
-23.43696462893521
-23.43996850526277
-23.439395234209115
-23.43871331047061
-23.437723135208632
-23.436105850104813
-23.435617466361364
-23.43595607005253
-23.43506952461933
-23.436635740400348
-23.436368519614938
-23.431829189120695
-23.430769972745157
-23.427857037605865
-23.425698671217802
-23.429762502478518
-23.428623084752523
-23.431973496704824
-23.42986115797992
-23.426116459955658
-23.428782377135956
-23.430872905634597
-23.43025521538568
-23.433521285916335
-23.430384022431706
-23.43103784301288
-23.42789131826358
-23.427022826667642
-23.423639979050403
-23.422124308630938
-23.42006700585151
-23.42086862335788
-23.41943677111071
-23.41906722197732
-23.42145313188703
-23.419617099517527
-23.419275474985785
-23.423747165064896
-23.422682573118333
-23.42146792057225
-23.42019035696934
-23.421399610755106
-23.41876028302618
-23.417226378125605
-23.415929501355706
-23.415262755790724
-23.412916480134044
-23.4126214242121
-23.413358655915825
-23.41293851053841
-23.409277526449607
-23.408662368423947
-23.40821027398278
-23.41060489637291
-23.41112398310841
-23.412808283715666
-23.413698522823086
-23.407771304333725
-23.409104413976696
-23.40887425599155
-23.411422208000996
-23.41120183609442
-23.41477129788203
-23.41442686018073
-23.414852070651296
-23.41602351918873
-23.416772791541174
-23.415380141107345
-23.416184319600536
-23.4170768228824
-23.417341025492785
-23.41642262626478
-23.420595823319974
-23.416700704845454
-23.41849133455837
-23.418425518224975
-23.421672637446385
-23.421220376861918
-23.420903378660803
-23.418259312755087
-23.420324557011018
-23.420612194329205
-23.419886363668112
-23.417653454584777
-23.419319451719595
-23.42158456010749
-23.424954172774036
-23.425601279216977
-23.429150453488575
-23.428399150022216
-23.428505922075104
-23.427007290512677
-23.428667352988345
-23.430443237046443
-23.42806794094353
-23.428164982615733
-23.425822095488986
-23.42352734328375
-23.423579598402707
-23.4248823607912
-23.423153499644187
-23.423442129760776
-23.421000337904676
-23.42047366002101
-23.417699337666175
-23.416775555746725
-23.41269713018151
-23.412696666131758
-23.413240065937945
-23.416665143526895
-23.418779292242323
-23.41791943704583
-23.41321918881644
-23.415497454476395
-23.416443708874922
-23.418450918219822
-23.41697628171145
-23.41868008254948
-23.41674157350108
-23.41981367798367
-23.419911111429826
-23.41702394761971
-23.41518936377347
-23.416412200390905
-23.417386967353984
-23.418322564789356
-23.4179854827914
-23.417587162416087
-23.421884175785053
-23.420685258021145
-23.42008540255115
-23.41879098997973
-23.421212333047773
-23.41867391777244
-23.417143096084818
-23.415661333438614
-23.417128967907892
-23.41680716107687
-23.416251775278127
-23.415411042179237
-23.411172963131975
-23.41127689816941
-23.410629418185273
-23.4098436007889
-23.4091135127842
-23.411244074849836
-23.406696971982708
-23.410533599963504
-23.409314939819172
-23.41290918326202
-23.412711394132508
-23.413220338792637
-23.413082613496986
-23.416558875802384
-23.41502616731982
-23.41686316260009
-23.41671068548358
-23.41791524800445
-23.420761462119884
-23.421422905281645
-23.425042744696448
-23.42464551477027
-23.42056613472784
-23.42209733311833
-23.421163359265442
-23.41829024808568
-23.419928704210673
-23.420751801704732
-23.417798631251813
-23.417747396488178
-23.417855903872127
-23.422984511945764
-23.418213261383425
-23.419727073379914
-23.420584340312953
-23.422876712786863
-23.42601641536064
-23.43131726875806
-23.4345786446276
-23.435775787017924
-23.435899157819904
-23.434600403995443
-23.438086265409073
-23.438112554340968
-23.440530031482503
-23.437564680451032
-23.43618367347662
-23.437389757939528
-23.436929250236467
-23.43845765871525
-23.4373702584661
-23.439635907683645
-23.439489956493773
-23.43682330822135
-23.436758639015288
-23.434584557864216
-23.43624314327892
-23.434653379138116
-23.43765199979477
-23.435740877436732
-23.43267869152972
-23.433309038881582
-23.43802674357286
-23.436752253957238
-23.4378654185717
-23.441891819663322
-23.43940968345358
-23.43114701798792
-23.430300870963872
-23.429990811774097
-23.427106652578903
-23.42543195397418
-23.42574737662714
-23.43252763017806
-23.434454964048967
-23.434582054048146
-23.437535290349796
-23.435928971756194
-23.43632806742676
-23.4352279551674
-23.435840120980163
-23.433465441043737
-23.436126058490636
-23.436734341794764
-23.43335395653545
-23.43585986778171
-23.433029353930806
-23.434028716665022
-23.433758523571953
-23.432252299354825
-23.43158360697847
-23.43374920499738
-23.431248548930974
-23.43049932557746
-23.431928544105453
-23.43437616277986
-23.430939419199053
-23.42955931235123
-23.427260720070578
-23.426289157708744
-23.425870848161097
-23.429334373479158
-23.43037884182429
-23.430455252948253
-23.426765784099306
-23.424968773837644
-23.4248518522522
-23.426448408561043
-23.426666562874043
-23.42813832348812
-23.427795370706622
-23.428551510743368
-23.427376082278624
-23.425347944823866
-23.422993540546493
-23.4250643055989
-23.42285603573886
-23.423924632406305
-23.426651027875682
-23.428364693027607
-23.42755373175994
-23.428093300364235
-23.424495445259684
-23.429012350220038
-23.430961776947903
-23.43345666766619
-23.435713657798065
-23.432810960626888
-23.432594279436422
-23.430269958073715
-23.427460043515694
-23.426388242136387
-23.427052499888873
-23.429385417778768
-23.427948674650345
-23.42900888869637
-23.433079642236017
-23.433893475436797
-23.430750801395515
-23.428077541118707
-23.427378910504416
-23.42670329153294
-23.425736682185434
-23.42534459505564
-23.419626561113404
-23.420700540863887
-23.421257688291973
-23.421853944547465
-23.423530551863294
-23.42389514315341
-23.4230518869619
-23.42664170181056
-23.42303092186148
-23.424044363459537
-23.424945538630432
-23.425253972578314
-23.42486734049295
-23.42409869955385
-23.42123583193858
-23.419665797447554
-23.420133315082087
-23.419050629922054
-23.414575838664174
-23.412876778610357
-23.418362128647587
-23.41919821383899
-23.42299701860174
-23.425187216121454
-23.42625678907064
-23.420246881761965
-23.42220887375901
-23.421728334378464
-23.4256230752712
-23.427596903369448
-23.425375301259336
-23.42339894927373
-23.420423292060146
-23.426291039288895
-23.4272146348619
-23.428457032973213
-23.427976386059317
-23.42606554103007
-23.426249666785893
-23.427832476126895
-23.426421753128537
-23.428408296033
-23.423904652853754
-23.423836257576284
-23.424463782041975
-23.42388458699981
-23.425697716902835
-23.427777743243436
-23.42805802625419
-23.427151880430255
-23.429015739625783
-23.430788084434344
-23.432249556913415
-23.430951574766556
-23.429312620631443
-23.430621236892968
-23.43143967099003
-23.432026412611787
-23.431075378771876
-23.430536689120622
-23.427365378900898
-23.42817431315889
-23.42985994618536
-23.43218997529679
-23.43178070571668
-23.43264974746627
-23.42869906404839
-23.42685339438614
-23.42686044158598
-23.427726900674795
-23.428041289787377
-23.42890786985947
-23.431326018292317
-23.431930124949783
-23.434343032465392
-23.432648993718363
-23.43035983925613
-23.429505971262582
-23.428913030023526
-23.42546488753722
-23.426713843761583
-23.424823252366124
-23.41698091774389
-23.414839969139834
-23.41449563520902
-23.415702994275392
-23.416612259375025
-23.41708118021819
-23.4149575231677
-23.416996186988243
-23.416869403907004
-23.415394090767904
-23.41758464739045
-23.42109084460782
-23.42144184407384
-23.422483894318994
-23.422418853852125
-23.424530760923144
-23.422154634145436
-23.426587285006956
-23.430218554927965
-23.43337883509042
-23.435222274096695
-23.43476550848145
-23.434136587703755
-23.432005997309293
-23.432541060940885
-23.43079868915857
-23.43230194651512
-23.42745813045935
-23.424826810439168
-23.423461291742516
-23.420102787059857
-23.418927389368438
-23.419488868522404
-23.41783285661383
-23.419612298632252
-23.420371662245383
-23.423111077518595
-23.422126310528284
-23.422102246926098
-23.420410752397135
-23.418173459673245
-23.418358887043155
-23.415210263827248
-23.4139319886918
-23.41344888532808
-23.416158341611993
-23.417439708119474
-23.412735799415515
-23.414131871919277
-23.41807180889294
-23.418391708738806
-23.416410024959724
-23.416937581787437
-23.415822070071123
-23.415448709672283
-23.416528882014987
-23.4186321568785
-23.420082486669298
-23.421602976699198
-23.424595109023155
-23.425855605964887
-23.42395260653856
-23.424285039515553
-23.423988866206617
-23.41722670677364
-23.418657587238048
-23.41744346353949
-23.41560104857076
-23.41893382194084
-23.419941249456105
-23.42257059647081
-23.424680424967665
-23.422087171831205
-23.422149206486356
-23.42019818315678
-23.422001058479484
-23.42413005497372
-23.423665460946566
-23.421361324533947
-23.424269589487313
-23.42369926434612
-23.42905369522737
-23.432777782992996
-23.432665461614267
-23.43067872135003
-23.429320351206734
-23.42545247596025
-23.428631567003595
-23.425774889253066
-23.4274889893095
-23.429065712878014
-23.43057966030473
-23.433145196282613
-23.43198526363429
-23.4287501557294
-23.428874040978883
-23.429844940454558
-23.429115194377495
-23.43062389277989
-23.433408648398235
-23.434773872508945
-23.43510356772016
-23.43323622540322
-23.434926280039267
-23.434738059303736
-23.434269787213648
-23.436268033071986
-23.438292504501376
-23.44059380713488
-23.43815646104222
-23.43947500566514
-23.44215635863073
-23.441367769061376
-23.43986116754622
-23.43946646938966
-23.439778104723654
-23.44137494314811
-23.440910038192445
-23.445887788500112
-23.44430835961586
-23.443417678934818
-23.442428059313855
-23.445867358659477
-23.444271030169208
