-23.4579719498819
-23.45360930537013
-23.447396765735068
-23.43795616535034
-23.439902769425572
-23.441093521401253
-23.436853098707896
-23.435987206350728
-23.422645559991167
-23.424823352855835
-23.425181069629392
-23.416068025298927
-23.420346264250465
-23.42006767921403
-23.415087125393004
-23.411155896569888
-23.411824483038245
-23.41719779596387
-23.414432383732077
-23.40960512384047
-23.41114657266369
-23.407438602011915
-23.407946231683972
-23.40725414072056
-23.405819036781132
-23.40215299189871
-23.40403246334712
-23.402413501759284
-23.40532894019373
-23.409999285645405
-23.409682206067554
-23.411699020423686
-23.41000126576827
-23.407827805331905
-23.410874261052374
-23.409608778981998
-23.40513541114445
-23.404858673171244
-23.40293666114167
-23.402648372494355
-23.411307368062733
-23.407912915057114
-23.40686699174193
-23.408398870805165
-23.407090883997256
-23.399684765656886
-23.397059727170664
-23.401219632899075
-23.395867622722662
-23.391786810747565
-23.393255504798763
-23.39852848815869
-23.395530705799622
-23.39569361212083
-23.401445554367445
-23.40500385030016
-23.403642687036523
-23.403951140805653
-23.40587533774152
-23.406320639422976
-23.404339091451025
-23.39839191554723
-23.398922197784852
-23.403097790444583
-23.403785554324827
-23.398820576005196
-23.398246419458882
-23.397994480488784
-23.396274268056036
-23.397541333421387
-23.398928904428097
-23.394491530775014
-23.39234471148118
-23.397942855066642
-23.401447062668986
-23.398972898937416
-23.40677224751079
-23.40358923307614
-23.406009089478214
-23.40220152038146
-23.401616034645823
-23.401679764537995
-23.40075310478241
-23.398774814083147
-23.402252760161335
-23.408115126416842
-23.400840617028063
-23.404444168820444
-23.400183047855997
-23.406294895575982
-23.412614242971475
-23.408556232454803
-23.413749987538157
-23.41533773219908
-23.4154611742848
-23.41208969275772
-23.411601817145552
-23.40864184389307
-23.407420137747984
-23.408669725765673
-23.40843826211602
-23.405958966368928
-23.405889769165903
-23.4103774626755
-23.41290471591538
-23.413502381455377
-23.414849430104233
-23.418926464814245
-23.419034528825378
-23.415993708171023
-23.4154522877183
-23.416912742095167
-23.421977667472007
-23.42430794686356
-23.425592244327568
-23.422101369451823
-23.4212598914412
-23.423738471799748
-23.42198289578634
-23.421633401375267
-23.410926217843347
-23.416384883175848
-23.420183628210097
-23.41697030273387
-23.411952478409102
-23.40906205063435
-23.412350750026274
-23.410816066049062
-23.413280890442135
-23.4072231750584
-23.407865880289467
-23.412566355767495
-23.41455224816355
-23.415038068592125
-23.415908599350843
-23.414966163751856
-23.40874245104347
-23.410142485508228
-23.407536620181695
-23.407495135441632
-23.405679220628635
-23.409438486773045
-23.406573541001485
-23.40427328834299
-23.405004755368747
-23.40637917101244
-23.412678041098406
-23.417242786840063
-23.421218229864376
-23.42275583590101
-23.427842691420672
-23.430329479868366
-23.436049135435738
-23.438631055880872
-23.441344656164638
-23.43855350090895
-23.440806497545953
-23.443263874793196
-23.435619859431085
-23.432795998826034
-23.43146535987522
-23.4393390670526
-23.438286816988256
-23.436193890958755
-23.44155930848422
-23.441127946008937
-23.438387336705873
-23.43995566688797
-23.44092775658185
-23.433506173984192
-23.424852767610513
-23.42893450474648
-23.43013953594905
-23.42614304647333
-23.42173045718844
-23.42380271114544
-23.417946383527457
-23.416788458453038
-23.419330372378468
-23.42147518218663
-23.422061644123584
-23.41463931743485
-23.40992380744816
-23.410906199493517
-23.40518763197335
-23.398195747570007
-23.399874751168973
-23.40084630618522
-23.396384952110587
-23.396682997963012
-23.391946423407987
-23.39333094114911
-23.387720318776953
-23.386745182856234
-23.389745514815953
-23.391823897962453
-23.39775341561964
-23.394088724881925
-23.40058272447601
-23.40186437904092
-23.408023357394136
-23.40777288061478
-23.405346372820482
-23.404448081154264
-23.409708654517996
-23.403925805449635
-23.404188630850296
-23.411981430385545
-23.415832444706716
-23.412503902524634
-23.409315189909183
-23.409945127709104
-23.4142904274232
-23.407456313642964
-23.408567887530406
-23.414085559789253
-23.416186835613868
-23.413676762219023
-23.413876286948142
-23.41570715018439
-23.411908872314626
-23.417510077371276
-23.423094937381375
-23.418705882857505
-23.418554274004318
-23.417585149072004
-23.412881750383626
-23.40970187177243
-23.412664826146592
-23.41516888397334
-23.414066358516006
-23.412851197321416
-23.413192733731044
-23.412659911032215
-23.41555888143742
-23.41313057845513
-23.408326289861833
-23.412448435609974
-23.4164089151091
-23.41295734553068
-23.416717211868328
-23.413080038554835
-23.40918655605016
-23.411528560218507
-23.409902032227006
-23.412484299042628
-23.411897564395844
-23.41760514840707
-23.418493807681536
-23.41630554370832
-23.420522201573856
-23.419609843229477
-23.416370797096974
-23.419204798024616
-23.41849475079906
-23.42123758061398
-23.422638051916053
-23.421160402549663
-23.42145091527698
-23.412393476919714
-23.41920112163569
-23.419199620965003
-23.418223580278017
-23.419796146565467
-23.422390070431224
-23.41713406550549
-23.41569034159358
-23.41859224111455
-23.409742084521056
-23.408710397206885
-23.405703547137858
-23.400074891434862
-23.39485964073424
-23.394404232571773
-23.393461559561956
-23.39771533998058
-23.39420145177631
-23.395007062932134
-23.398698659390668
-23.404879200030035
-23.40729990631609
-23.404048514787043
-23.401972926113448
-23.39847015785845
-23.40338719554586
-23.401509810069573
-23.40678045952691
-23.40701278064076
-23.4108497209469
-23.417832671558788
-23.41315622930546
-23.40788408524139
-23.403191613138464
-23.4030157182959
-23.405921350831335
-23.40667188744766
-23.40566598471627
-23.408433060623015
-23.40880078258271
-23.412261180560133
-23.414410348127646
-23.414656332997925
-23.415497746149544
-23.414536958812562
-23.416053586797787
-23.414298549584466
-23.413470940998387
-23.405748946590577
-23.40256882484913
-23.399628732554497
-23.401733415882
-23.404851227619325
-23.40618974193577
-23.40483037290711
-23.410219545823125
-23.405328401382565
-23.39997586015181
-23.401239091317088
-23.398480591946214
-23.39811324432657
-23.39654499992624
-23.400075651078627
-23.40502270374204
-23.397387646057382
-23.398707822999203
-23.398863241199958
-23.400942939801226
-23.39907477334186
-23.396392957050644
-23.40504571904713
-23.405945374145343
-23.41204648343129
-23.41557779441076
-23.41618177783361
-23.413185980354303
-23.412392568057577
-23.41902821822656
-23.421006558962564
-23.413192953405577
-23.40752396297976
-23.404130534170314
-23.400811831844514
-23.397766427062354
-23.39371652705808
-23.390974222499448
-23.396971235312257
-23.400197444092065
-23.40063145656991
-23.400146189822735
-23.39907617863119
-23.40322672000591
-23.405772431810377
-23.40600796358014
-23.41061560585489
-23.412650925309404
-23.415481758890106
-23.41539271964344
-23.410859327921333
-23.404730726138524
-23.405620530149253
-23.399671443619766
-23.405367070138322
-23.408699608428513
-23.408580009659477
-23.41127592424665
-23.40642206333402
-23.411694197945877
-23.411337443043653
-23.415658363622345
-23.41213941745306
-23.412647878055456
-23.410858724628273
-23.412332614144855
-23.418803489364905
-23.411967209920885
-23.405503692596522
-23.407926636519374
-23.40449935160474
-23.403580299939037
-23.399071751262976
-23.40124642251522
-23.403008296090903
-23.404358628857725
-23.407029211850716
-23.41310934982377
-23.41355104313116
-23.411594768664433
-23.416135654259897
-23.418333141719184
-23.418013512568564
-23.419084818708683
-23.414827932064526
-23.413507722620874
-23.41167495606989
-23.410133087768983
-23.409929773671642
-23.414141070521765
-23.41989444234424
-23.417150073961736
-23.412047252254148
-23.413363448218885
-23.410444331606453
-23.41667144420859
-23.418771532163593
-23.41576625721439
-23.424086260760205
-23.418976840329854
-23.42022493079259
-23.422125174464416
-23.4106590396996
-23.411704691299665
-23.409637643561975
-23.407954114101628
-23.41073662117768
-23.41616272499171
-23.420209650475936
-23.420930551394477
-23.421894052766017
-23.420370766738944
-23.423945750494834
-23.42444705387275
-23.42143852676565
-23.419200163694107
-23.418050758413795
-23.422287046375093
-23.42094435856184
-23.413340092881693
-23.406595583937964
-23.407839017144845
-23.418825488099866
-23.417092377709945
-23.414031069829434
-23.414693811042376
-23.404871123317616
-23.40071849532994
-23.40081480130712
-23.40581607651507
-23.4056617930634
-23.404297339855923
-23.405399772415578
-23.40748425847429
-23.401600270206256
-23.4064793951774
-23.402428322207886
-23.409137753353907
-23.407659367087184
-23.40921626972952
-23.41044412406028
-23.410502262332784
-23.415179116605827
-23.412528132630378
-23.408393739636594
-23.41142462406162
-23.408579053688392
-23.404558592096222
-23.3998897586445
-23.40003955044161
-23.399701834922904
-23.40266256493779
-23.404657309437255
-23.40485425947638
-23.40323821789787
-23.405513836477652
-23.406090992011972
-23.41106610688244
-23.411422426278847
-23.415680009003303
-23.417408289322328
-23.418460630960226
-23.416049056206408
-23.41673248799084
-23.418406456491496
-23.415645809337985
-23.41668143950798
-23.41272850753879
-23.41582887470323
-23.419222921071853
-23.415871049071818
-23.409649778138796
-23.401031362712434
-23.400456411733327
-23.40273613064358
-23.40163157456923
-23.401908289777186
-23.400379253375746
-23.404710708101753
-23.400711524656227
-23.409208822686725
-23.408973928335143
-23.40679936253137
-23.401377028458636
-23.395722067991432
-23.395450031671754
-23.397753475876517
-23.40158658988924
-23.402202843612653
-23.40495561256184
-23.40031072835557
-23.402009539080087
-23.39863134682813
-23.397650520027323
-23.389609130605027
-23.387483565154046
-23.3907581872643
-23.387683722759956
-23.390489650532796
-23.389146350536375
-23.3899452040239
-23.393697803804272
-23.394180853474094
-23.390009961390962
-23.388651331669
-23.395173031481274
-23.398460081063348
-23.40407736001292
-23.405878302609352
-23.406460965040758
-23.40910509203193
-23.409248754003496
-23.409139077842
-23.406250733119187
-23.408304167047085
-23.407572582898148
-23.40851690578797
-23.408302508206305
-23.407625457516914
-23.406603094366353
-23.40037783277048
-23.40203862312627
-23.409522139229804
-23.405907032477593
-23.404909129709573
-23.409163031078243
-23.406947583322147
-23.405789544493185
-23.408813179241797
-23.40804406127523
-23.40809304559901
-23.41082859492552
-23.41376407848713
-23.41244485069007
-23.41355346637069
-23.41936658365105
-23.420387261210166
-23.417660647236055
-23.420787471591183
-23.416631225919218
-23.4150018961731
-23.410360730555198
-23.406039615113208
-23.40754374573926
-23.409452783485296
-23.40938427124364
-23.410676638124176
-23.415769447873732
-23.42338378147055
-23.42309198461606
-23.417747383640616
-23.416262728302
-23.41490757619914
-23.42007813256075
-23.419667054214393
-23.42129842454097
-23.422481378944827
-23.424929831465167
-23.421472174161593
-23.418313403748332
-23.410711580643795
-23.406248428301847
-23.40905693936812
-23.40395560464913
-23.400356357801908
-23.400187255545433
-23.403016479070864
-23.4019031332356
-23.406564346942464
-23.407587909492882
-23.406936846799432
-23.408740598539815
-23.409163109950764
-23.40755839704852
-23.414242984996253
-23.41655283985026
-23.414339604205324
-23.412116728659395
-23.41501379533872
-23.412725776619002
-23.4159198482666
-23.412170691019355
-23.411565165095706
-23.410948486229614
-23.41207255016347
-23.412341118880157
-23.40939520406373
-23.416153011434915
-23.413524909809656
-23.41060817840572
-23.410145398608627
-23.412542942278893
-23.41073196494712
-23.40822842472608
-23.4034002607993
-23.406698657388798
-23.41014595482571
-23.409430996436033
-23.407012038794484
-23.406014855004276
-23.401456422917843
-23.396458176910034
-23.401590188855085
-23.403913055236572
-23.400757352277548
-23.400679785461524
-23.3960008850057
-23.401337781348605
-23.400306346453565
-23.400468937586687
-23.394969983846682
-23.39682304742312
-23.398813341799393
-23.40116249999142
-23.398190063214305
-23.40433715761784
-23.40799287503329
-23.407980000814433
-23.407297372748175
-23.407586432850206
-23.40786251158098
-23.401002354785263
-23.399916802379515
-23.391671845475905
-23.395467470599545
-23.39790512657665
-23.402392159563036
-23.405619558205256
-23.40671933093893
-23.411500300845116
-23.408120094322673
-23.405263449672674
-23.39866881232626
-23.401066530603465
-23.401976374155915
-23.408849066419137
-23.40442990491701
-23.403827251525918
-23.40518510669015
-23.4008667083241
-23.40170362551106
-23.40101003536443
-23.403882685746034
-23.408517967865905
-23.410772057865632
-23.40766588691329
-23.413752890077085
-23.413327188103587
-23.40569847587862
-23.410148448903637
-23.41005344979205
-23.40249989008211
-23.406819520779266
-23.399939965019207
-23.403881666303914
-23.40668294593804
-23.407794069505407
-23.408304936570094
-23.4047655622061
-23.407615379988194
-23.404837216867364
-23.398220100331635
-23.39699472432182
-23.396714003568626
-23.395625491016215
-23.39979110301994
-23.404238405603692
-23.40730699452896
-23.408174642245136
-23.405558339400457
-23.400982702571756
-23.393851867306136
-23.39388261081178
-23.389860034199106
-23.393039082701407
-23.388686699613867
-23.387484350694308
-23.386629377609793
-23.391563419271154
-23.38991779184388
-23.38775967782286
-23.39305304280495
-23.39316716306275
-23.401365775267017
-23.4018864800553
-23.39691999580559
-23.403254327271863
-23.402741991946318
-23.400922083623563
-23.398493996704996
-23.39901603621865
-23.39576662936343
-23.39742153775541
-23.400644933666026
-23.401947303301352
-23.40490519413535
-23.407265864002426
-23.402081820808807
-23.40298645720323
-23.40674690106643
-23.408375516170036
-23.418459085871937
-23.42133391521691
-23.42017347108749
-23.419281596839568
-23.410673176803964
-23.410221488764183
-23.40932503059736
-23.412336765111135
-23.413018783648898
-23.41513998731385
-23.410222424878505
-23.411150311351456
-23.405686537878708
-23.4071481511307
-23.410403518502033
-23.412045994376516
-23.410594628142444
-23.412756582680174
-23.413632092495753
-23.410001119538283
-23.4129155280617
-23.41268961559667
-23.41299458365682
-23.41434337426434
-23.409023079215608
-23.404966525889545
-23.41084071829201
-23.411908501441648
-23.413611244485352
-23.407748598026537
-23.400723588712705
-23.403194271940592
-23.407664266426536
-23.405187432780476
-23.40249943186645
-23.401174766632188
-23.405232255590168
-23.403797017029056
-23.401402041945957
-23.406454557754685
-23.407564700193706
-23.40630936150114
-23.405140287476804
-23.400422919527347
-23.398970651831636
-23.39922610839718
-23.39948922715062
-23.397491398264396
-23.399680483312615
-23.401894834887997
-23.406501475254295
-23.406786369232957
-23.404216813862874
-23.40721570634123
-23.412045628412773
-23.404279854846838
-23.404026458631204
-23.40605893409201
-23.40687434590277
-23.40664145392026
-23.40708006347246
-23.403650680777275
-23.399761944104593
-23.404019105085904
-23.40497518238328
-23.406749083733594
-23.40856358870839
-23.409091654896653
-23.40960594487843
-23.41066050092513
-23.409473684367896
-23.414495478033892
-23.416252482567767
-23.419408584994773
-23.425915426457422
-23.426134215540532
-23.4209007800124
-23.42032488005143
-23.42049129958325
-23.422219881652588
-23.42345149196013
-23.423576173009188
-23.422705568122307
-23.425825788535775
-23.421463770803427
-23.42191531232855
-23.419361314120746
-23.411064492278324
-23.411581564525754
-23.413815443210705
-23.415394760445118
-23.41466257528771
-23.41709799996198
-23.40844926553743
-23.408444477708514
-23.40653624552357
-23.406720289025817
-23.412189807939235
-23.41383623264253
-23.41431139224194
-23.413477163556315
-23.409163898908616
-23.406342615258893
-23.407788344058833
-23.409329664775655
-23.41472724890918
-23.41165744246783
-23.408312369819235
-23.40773716135237
-23.41119379120261
-23.412077826925984
-23.414509521665053
-23.41688641233557
-23.418094341942908
-23.415875077921918
-23.419618127713573
-23.422207574027748
-23.421701470060984
-23.417627480066493
-23.420226255283215
-23.422015697218587
-23.421178402606017
-23.422448977465304
-23.42265068178832
-23.421192464862113
-23.417664364465338
-23.413955028442505
-23.413244838612712
-23.411537982320265
-23.41588847348761
-23.418764212191515
-23.413881172120295
-23.40796731890757
-23.411432990434303
-23.409447068962667
-23.40693433916848
-23.41106630825574
-23.407409265768628
-23.409141377039006
-23.4119194025193
-23.409028336708143
-23.41622125497711
-23.414187240829023
-23.415486718696627
-23.4142219937987
-23.411622677055032
-23.411880806143586
-23.40720788531183
-23.404212829767502
-23.403077140330684
-23.404408157914425
-23.404570590754382
-23.40336176933047
-23.40163632453553
-23.408063460631016
-23.4087105665659
-23.405844117395368
-23.402590345853223
-23.40695887588657
-23.40565518087245
-23.410105228421198
-23.408584492090608
-23.405566086646044
-23.405667898982475
-23.402063614761722
-23.397504637745307
-23.40382045738403
-23.39472543791608
-23.394036582149646
-23.39174190535836
-23.391322555001334
-23.391177621133973
-23.391733977230594
-23.393856071368862
-23.398702901516916
-23.4007912095878
-23.404167005736824
-23.403827520212513
-23.406575203298132
-23.405842946453394
-23.407688227001888
-23.401084175510515
-23.40335495832402
-23.40199093342844
-23.406770851201284
-23.40762863344252
-23.412318591653584
-23.40660743039051
-23.40772292468312
-23.403770475352065
-23.405043826388454
-23.40249860486491
-23.40882906799975
-23.40846642976628
-23.40678500762516
-23.403058326416744
-23.405970177368346
-23.40766100529283
-23.40705090271045
-23.415181777969234
-23.41964040543042
-23.420638072026588
-23.420835544644472
-23.42179526654535
-23.421982812978936
-23.42387177199445
-23.42668672384301
-23.421715110662742
-23.416656317678783
-23.42022770800043
-23.42209413343804
-23.422406102223228
-23.42072249784322
-23.41802724441162
-23.414932806262588
-23.419630713891895
-23.417657006228243
-23.415834076447837
-23.419573233168567
-23.414064628454902
-23.411652164782055
-23.409650332937527
-23.408077464040034
-23.408166851328694
-23.40756963920999
-23.41407921196507
-23.41713199039242
-23.414345270381034
-23.413412889627562
-23.41240435150967
-23.406756179135208
-23.403464298568593
-23.4060840194273
-23.40405623353909
-23.39994218854487
-23.405348652952558
-23.401521633346672
-23.406162539527287
-23.40593162640676
-23.40634844315371
-23.404309049398293
-23.407809184569544
-23.404330181223607
-23.405434520632586
-23.400517445425784
-23.401964218332054
-23.399978038331206
-23.400879920940277
-23.406453254043736
-23.410484807554226
-23.4070045912352
-23.40590533707976
-23.40969593274285
-23.410593764447185
-23.408048886873136
-23.407625541283387
-23.40840506481736
-23.40558060492168
-23.407744154782154
-23.407844936278593
-23.410427383265862
-23.415822604815023
-23.40968349515465
-23.405732839400347
-23.405531717344253
-23.401491180454297
-23.397720091210708
-23.40276328486312
-23.404944890615383
-23.40733183188559
-23.41054850693962
-23.412978036582558
-23.41178123493278
-23.40941279013639
-23.403685425229042
-23.404550621539546
-23.404794538440218
-23.409335530965986
-23.411666044497554
-23.413926705133033
-23.418502416261774
-23.416468139581006
-23.419516288406967
-23.420342695219126
-23.416789157291632
-23.410609138849114
-23.413473873990114
-23.414604148052746
-23.414442107740562
-23.409836373692947
-23.40816605903883
-23.409667931788405
-23.405648502776028
