-23.405648502776028
-23.40091077884079
-23.39807618412748
-23.39304506260771
-23.388665041546894
-23.38444426492522
-23.383218245369726
-23.383886041143473
-23.38203679420952
-23.386197920811046
-23.385872650039357
-23.38454713267778
-23.389024089116024
-23.38551251477559
-23.3822512612245
-23.37445295012694
-23.370040257066226
-23.3696700209337
-23.364976740265814
-23.36554853405799
-23.36315624065345
-23.36960470072064
-23.371404520759974
-23.371667358854218
-23.371704651629244
-23.371022277230253
-23.373117128192142
-23.371922310634062
-23.36998978177388
-23.368880778398182
-23.371992586884556
-23.37482124894257
-23.373502266826033
-23.37370645144793
-23.37343786959306
-23.368445835389426
-23.36887388982984
-23.36799906408392
-23.362139284974578
-23.36247027231059
-23.368905970067892
-23.369627607169463
-23.371161761989658
-23.367550625976385
-23.369941242146428
-23.374752192377375
-23.37287244799442
-23.372983708420872
-23.37578251859329
-23.370503914743004
-23.362963541221404
-23.366974747898354
-23.369698951443773
-23.36714041794371
-23.37006815486336
-23.371723276765334
-23.37268799529954
-23.371850703347814
-23.36916646297953
-23.36779784927804
-23.367758248756445
-23.368366928037908
-23.36836700237026
-23.366596101408945
-23.37008309456924
-23.36975521252838
-23.37040179569527
-23.369321983646433
-23.366287824454382
-23.36575552574921
-23.367134200510066
-23.367487117345274
-23.36605747780422
-23.362605028681532
-23.367575902405942
-23.369330451928022
-23.365143081501795
-23.36753764237615
-23.374428203672366
-23.37296877651693
-23.374270203276016
-23.376044711112847
-23.36946636539332
-23.373895915584598
-23.375109039074875
-23.3732389618397
-23.3796953912938
-23.37744219604883
-23.377900860957457
-23.378436138134376
-23.370256807828543
-23.36555037318463
-23.362800230290617
-23.360521640289818
-23.365731226526556
-23.357229583771534
-23.355290602523223
-23.358116847926976
-23.354704319293663
-23.358947578156137
-23.35728126515523
-23.36165792217481
-23.36226223127929
-23.358742271312146
-23.358994282747563
-23.3528584218201
-23.355554565874037
-23.35144071053163
-23.35245746239359
-23.354718364089162
-23.361461152814258
-23.358401852702986
-23.350124774500188
-23.35195536066743
-23.346916148127292
-23.34633972304047
-23.345079274197982
-23.348862903127976
-23.345349451568786
-23.34376945075292
-23.342517584770288
-23.339869109932188
-23.34368239680815
-23.348855211079734
-23.354651628015798
-23.3526934405286
-23.350432377587023
-23.350216632391977
-23.35423099504382
-23.360565120132627
-23.359660454656087
-23.360964400189488
-23.362680821437717
-23.360139642740677
-23.36509351448113
-23.363968609617928
-23.35988879461919
-23.364117952294333
-23.364535479054723
-23.365122685630688
-23.36890977451225
-23.367439851408626
-23.37000949961364
-23.367750996269102
-23.36708961156604
-23.367296409322684
-23.371931303993673
-23.36782653191132
-23.36632565130352
-23.369543248957694
-23.377045624192505
-23.376965961634284
-23.371712083707283
-23.371680520415293
-23.376542733550053
-23.38210155886851
-23.375561702898338
-23.36878754028341
-23.367611146441806
-23.36638494325562
-23.367327390395566
-23.369076819400373
-23.37819618638736
-23.372711698513537
-23.367782489483524
-23.368404271510602
-23.367021088130823
-23.366635938741467
-23.367681032599933
-23.3643823756097
-23.36409742643738
-23.365990815912756
-23.36395346485429
-23.368199948267808
-23.375914058482874
-23.37597072417105
-23.3755934577191
-23.383272784974743
-23.379260853485597
-23.376752260574214
-23.374093453107534
-23.379412974182696
-23.378114087580823
-23.3737754679953
-23.366390991284703
-23.36806356465113
-23.365871076979914
-23.36310534113249
-23.362135720071358
-23.367645675357313
-23.366315437348025
-23.372565865715988
-23.371995922164984
-23.37197671243742
-23.37442124699414
-23.37484826649249
-23.378792641731795
-23.37669778994349
-23.37119325126275
-23.36993943810703
-23.371050650605053
-23.36926084663515
-23.369292162489565
-23.36953659240136
-23.36907320847176
-23.36558327747436
-23.362072531447396
-23.35565680946264
-23.35442793194543
-23.352900784881456
-23.356573009734998
-23.358184616442166
-23.361323416919454
-23.365788347731936
-23.360890420413973
-23.350580706367882
-23.353731761656803
-23.353054366954257
-23.354655965056136
-23.356598810818408
-23.35523804865534
-23.359689510033448
-23.36332024526721
-23.365185709752332
-23.366150981568115
-23.364375761391518
-23.366936180770296
-23.371812235606438
-23.368106971251127
-23.37115452784924
-23.3753002937367
-23.370602732051353
-23.367375324010464
-23.366063610832825
-23.366148652587608
-23.365137259453714
-23.361024384768875
-23.36273350612246
-23.361525211798
-23.358861298563948
-23.360515422953966
-23.365278566254222
-23.36278689695149
-23.366217514548566
-23.36831003782095
-23.36916700187568
-23.37128200349901
-23.367271884229464
-23.368555973917914
-23.37244472709093
-23.365835030234777
-23.3629286981687
-23.369619221561695
-23.371630734200476
-23.365956834067013
-23.36381024724889
-23.36235338531743
-23.36293732608661
-23.3674006521107
-23.364191613483204
-23.36515327070432
-23.360017927528673
-23.363741377786145
-23.368481802770717
-23.371558766815987
-23.374325261124394
-23.37484267588365
-23.379381077386892
-23.379707217131784
-23.37442839203371
-23.36978743523949
-23.372758818532443
-23.373717003716777
-23.37296653246015
-23.37567467505374
-23.375527262819187
-23.381137532550902
-23.38418598773421
-23.379817653236792
-23.372947517398828
-23.37951073418815
-23.381522125597687
-23.374649696050085
-23.369881638639544
-23.370490764524718
-23.36835366615655
-23.365749846471967
-23.363912845892596
-23.361461683612696
-23.357662307011836
-23.362728172915304
-23.363861094125035
-23.366859656218704
-23.364235647512054
-23.371785418544455
-23.371688698746436
-23.368085366365843
-23.367309790539846
-23.369436682968303
-23.371365246732076
-23.365972024184224
-23.368948181719563
-23.366123909770206
-23.3663226705847
-23.367395981042236
-23.369752375484495
-23.367089446041128
-23.357045103043014
-23.357128075250746
-23.360670585961287
-23.354391136764693
-23.35643695206218
-23.367561038248994
-23.361970331758112
-23.368753558572383
-23.371560337632086
-23.371314210903442
-23.372168761012894
-23.367973387721943
-23.37007303823561
-23.370196261597762
-23.36825732041535
-23.36705449434975
-23.37252467018297
-23.37134996611207
-23.374209591209183
-23.372157659543486
-23.374023616668435
-23.373754102048455
-23.376141933430116
-23.37673220400958
-23.375443305562964
-23.375747231778693
-23.374533214458616
-23.374770611370067
-23.37698196245685
-23.373989609040294
-23.369171927530214
-23.369239905402665
-23.37298464676658
-23.373681817963483
-23.369442594598244
-23.364037040231455
-23.363597199446236
-23.36693944533157
-23.363283696398096
-23.35883550514639
-23.36016405681317
-23.361817488313925
-23.36390936857916
-23.363550378009826
-23.363608092657728
-23.361102077127164
-23.361613628269303
-23.358892427125603
-23.35982291460076
-23.359683078209276
-23.35943434825592
-23.353753808177203
-23.353812923800476
-23.35171213359912
-23.357406809637354
-23.359558898726227
-23.361259352129494
-23.35920003921378
-23.353835136360193
-23.350613454732855
-23.345527271693594
-23.340810501304098
-23.342446164854962
-23.349272440168374
-23.35158637036826
-23.349352192164783
-23.348533798363984
-23.35489972053228
-23.343730676777906
-23.350142846508568
-23.3484466108863
-23.35148604535953
-23.358978174769337
-23.35875271124936
-23.362967847494854
-23.35093245494698
-23.35526511928332
-23.35274347662419
-23.354292176118616
-23.354809345334857
-23.358366344565347
-23.358944025105437
-23.35859897497131
-23.360495826718406
-23.357858727763634
-23.36300432773749
-23.362666416412658
-23.364065947124654
-23.36341741261575
-23.35768587976684
-23.359057251206483
-23.36110473240727
-23.35790120501142
-23.356716654333127
-23.358585695767545
-23.357642190328818
-23.35779922994503
-23.35751672526325
-23.361599440997338
-23.362636215593124
-23.363114036215546
-23.367183765900553
-23.36720254277652
-23.370094998885808
-23.374659469463477
-23.37890654698322
-23.381505701168642
-23.3834642249846
-23.389282224880535
-23.387019385151028
-23.38835510951378
-23.38620645571777
-23.380192007471965
-23.375852401824393
-23.377626176967222
-23.38024728021898
-23.377057905448655
-23.37167508143061
-23.374591187499046
-23.37279378228288
-23.375759859574632
-23.37595622629749
-23.38111007691874
-23.382631440590387
-23.382356185549185
-23.384441420699936
-23.383244332830277
-23.382770047851483
-23.37917223873842
-23.376340092864545
-23.38080449529108
-23.373465213649112
-23.37121540155655
-23.37285332184362
-23.368426776184496
-23.36930743372667
-23.37294275711279
-23.377536951722654
-23.377240929118113
-23.376522250983705
-23.375846120218878
-23.373993057976957
-23.36851569524378
-23.361091779149838
-23.36104736979037
-23.35439439422852
-23.359348783983787
-23.355396832017913
-23.35373630472516
-23.355324117629955
-23.353277588581335
-23.35974847914402
-23.359756038824905
-23.36047706338507
-23.360604734427813
-23.358788473605266
-23.358696158599116
-23.358969303649086
-23.357568954525384
-23.36261281309066
-23.362848573147776
-23.361760320259055
-23.36365524497544
-23.364847585849834
-23.36330597872846
-23.36599444397456
-23.364081196303797
-23.36352491772331
-23.360559605024037
-23.358705327215706
-23.364834068087024
-23.35991449506069
-23.360134149771806
-23.367678672091827
-23.360875853278554
-23.357705215157083
-23.357352784194898
-23.360453606354813
-23.363640732677634
-23.367070931332883
-23.359756247944766
-23.369810940634437
-23.364960425096932
-23.369857929686635
-23.36388632933388
-23.365564634592477
-23.363690398899575
-23.359050789230533
-23.362253555457837
-23.36188795735738
-23.35375419093524
-23.357657805668264
-23.357605891321295
-23.36181890033911
-23.365694556380344
-23.36350367001213
-23.361058093171707
-23.35484410380585
-23.35295917389974
-23.356599359476924
-23.35915568405017
-23.355700683745305
-23.360775444926723
-23.362495571717265
-23.357647247766515
-23.35891325602535
-23.358935261709796
-23.36279992134267
-23.36036621066606
-23.36364775144197
-23.361145783017314
-23.359025123194375
-23.354869435570347
-23.358124143160794
-23.358769970672963
-23.36252821595638
-23.366415603838643
-23.36224692150637
-23.362917495836605
-23.358131043196707
-23.358567056180966
-23.36295840857661
-23.360831253595
-23.36368742004049
-23.36498339009924
-23.36850436741774
-23.362556631418176
-23.36444811286513
-23.356914885871088
-23.369160578864438
-23.369278757060137
-23.36714353535941
-23.357692129964644
-23.361751954393345
-23.36186432587057
-23.364577797738292
-23.362978894101115
-23.356743866326212
-23.35589354294806
-23.356754056072685
-23.363271451130917
-23.359300798920856
-23.358935498282516
-23.357765557414073
-23.360151396073654
-23.359531438967807
-23.368914975849798
-23.37263698624909
-23.37572025322076
-23.375545566609798
-23.375510417857008
-23.3704136990854
-23.36365540742715
-23.36331514088372
-23.357803250082657
-23.36124081322251
-23.361062301059935
-23.364405392961228
-23.36565953396306
-23.36828022843612
-23.362120914578696
-23.365715782416686
-23.364888037513264
-23.356776675479722
-23.359490178186874
-23.365929781027404
-23.361998164033807
-23.36146125412645
-23.359497753990507
-23.35552717214873
-23.35729665945956
-23.355835032747468
-23.35455793215757
-23.35568177689039
-23.357168148284238
-23.366620227283907
-23.367332302768062
-23.370483932320614
-23.36956069952145
-23.370748615989093
-23.366897044742302
-23.36549504101471
-23.363521739252736
-23.360325269215583
-23.360098912022256
-23.35950794160578
-23.360224233048857
-23.356827294490028
-23.354030756581142
-23.35755986987629
-23.352933700158125
-23.353077890701964
-23.35173942301453
-23.354321497965525
-23.352940882759135
-23.35638938643096
-23.354045378987614
-23.351341054056434
-23.351543733191225
-23.35166452880132
-23.35852457517913
-23.3629155183132
-23.358858972821313
-23.356015186849696
-23.356312965717354
-23.353845140289035
-23.35464540209283
-23.361011915468623
-23.35448474342919
-23.35461516339078
-23.35821898642488
-23.358604915882005
-23.35637789623343
-23.3589690241641
-23.358100210485325
-23.357839717835652
-23.35981180927086
-23.360434114318622
-23.355885797427753
-23.36046671625804
-23.358068815095564
-23.366044231330836
-23.369762902045014
-23.37185822790352
-23.369022429890304
-23.36975411165294
-23.366335363883206
-23.363441683537904
-23.36799587670767
-23.365156770307163
-23.361346691471706
-23.363569132073156
-23.363611239162243
-23.360119326422893
-23.35354946924605
-23.353857074168594
-23.358019773191597
-23.360208849916845
-23.356380239508525
-23.35871975510375
-23.35414600670749
-23.351988327502756
-23.35322437272867
-23.354211399596117
-23.350303225245195
-23.3548454606677
-23.357662492413034
-23.359988142037317
-23.363513757637616
-23.368548362224153
-23.359075626960017
-23.35955258003369
-23.36835244927884
-23.364107057833955
-23.3618381615456
-23.362036988857767
-23.359974715497895
-23.361269869779687
-23.357113002874264
-23.355513534908052
-23.357256220992234
-23.35686613807823
-23.350635564661648
-23.36014751146747
-23.362908821420277
-23.368509520306276
-23.363473190129948
-23.359562581918723
-23.35972404039505
-23.35714237671644
-23.360682131676846
-23.358160812363913
-23.3654251408268
-23.376695297539413
-23.379115200141918
-23.3806156238569
-23.37602675967951
-23.38078518820749
-23.385919177795763
-23.38882179099748
-23.390721511229042
-23.388796402987868
-23.391294142521694
-23.382463136829493
-23.373982353830147
-23.377807084326463
-23.381280676579642
-23.385823365026404
-23.38663734954419
-23.38298670032814
-23.376482030127185
-23.372713834148648
-23.371413757877928
-23.367003465125343
-23.367729464346343
-23.36399403828233
-23.367992529110374
-23.370433362374637
-23.371117536268986
-23.373614327431653
-23.370291893144916
-23.371744480404228
-23.36657941583957
-23.367695441095684
-23.36989967821828
-23.372923246545977
-23.371745939035087
-23.37397504742568
-23.364902778937193
-23.363923944638255
-23.36384312019413
-23.366069681208895
-23.36844432496165
-23.365857685080247
-23.36311166829392
-23.361632786623176
-23.36039140692239
-23.35972153556287
-23.356786029903077
-23.35689102072758
-23.35639994553307
-23.358036608549156
-23.360003571555353
-23.366550201033842
-23.364049384254525
-23.35577742577578
-23.362372541827817
-23.362992329822447
-23.364224878654333
-23.354183467869454
-23.35540678692147
-23.35712910652184
-23.35548427423992
-23.355345419969282
-23.352469027097108
-23.346735644503184
-23.35026518382974
-23.351181682925294
-23.3538200310164
-23.35612148755493
-23.36281360778662
-23.361625748165775
-23.35636726519349
-23.353714331710503
-23.35771611605973
-23.359719466683384
-23.362064562051152
-23.359857304895787
-23.358517179029725
-23.355497109404876
-23.353670692529825
-23.348723400280132
-23.350149732019606
-23.3470256857103
-23.347877772884065
-23.351566073171313
-23.35620720039547
-23.359400432130517
-23.359130862514537
-23.354818326805955
-23.35320076662789
-23.3522893112766
-23.356546635717685
-23.35637484436734
-23.353555828631784
-23.351123512486616
-23.347237076848664
-23.352984245185624
-23.35328591111821
-23.350052873896566
-23.349197007376524
-23.350729241711175
-23.346485399801015
-23.342536922118327
-23.3399778951615
-23.34113373425973
-23.339075596935327
-23.343345712876676
-23.34620863701712
-23.349195250331803
-23.351485301498677
-23.341072003379377
-23.333997165422712
-23.328952129648624
-23.332086488304668
-23.333589620160975
-23.34080482943838
-23.347012078323523
-23.348582008746426
-23.342617899854005
-23.345149426710538
-23.345502829119372
-23.3435168544659
-23.342328067445877
-23.343279514137073
-23.34477548570236
-23.350458631546015
-23.344247212565666
-23.34339132781934
-23.346755865974018
-23.34975971582964
-23.3496080057238
-23.348186254290404
-23.34126566242722
-23.346482767494095
-23.347444075913067
-23.349843800870495
-23.35024207840616
-23.34510130699248
-23.342296982573814
-23.34624378613369
-23.34512724936519
-23.348723285642716
-23.35348353628689
-23.35392577342703
-23.353506976643768
-23.3497791170948
-23.34918082923407
-23.352734575570988
-23.352802086984426
-23.348630326068644
-23.350014935983047
-23.34693989500333
-23.341805996136703
-23.339579356681213
-23.336892705195403
-23.34526431467884
-23.348610189838585
-23.349357058369474
-23.343654457386222
-23.339156761218177
-23.34387468314218
-23.34793397495204
-23.35379788017351
-23.350625456210615
-23.345613354863115
-23.339253246276517
-23.343733533777872
-23.34396366992741
-23.343277602922726
-23.344866859306773
-23.34750321953667
-23.353780102226807
-23.35420550384598
-23.351640084526103
-23.354381448972177
-23.353964590755236
-23.359128082127942
-23.353690597942407
-23.35179008959731
-23.34802536974188
-23.34881491048296
-23.354999601209382
-23.349598535277632
-23.3526220288189
-23.35257967013814
-23.355090926083
-23.356011744264226
-23.351917964655073
-23.354296897795166
-23.35314834310201
-23.356155490436414
-23.35720276142333
-23.357639878109932
-23.36219929685253
-23.365026821924463
-23.369684539291026
-23.36630433667959
-23.362767363927762
-23.363590137805545
-23.362220328621195
-23.353869640215812
-23.352973407996622
-23.356613326097946
-23.35796279608342
-23.357275796682476
-23.36430625607441
-23.364228203803282
-23.368862126286047
-23.366769661935336
-23.36653894197942
-23.35972296749036
-23.361469661852066
-23.360580088441434
-23.361458803160012
-23.359388843280563
-23.34944562347615
-23.351023431780835
-23.352295085930994
-23.35393499812531
-23.35397829388277
-23.34990605945628
-23.349293514653404
-23.352747853309047
-23.351642985432893
-23.357268505685298
-23.36100899071487
-23.359118326406108
-23.3558798583222
-23.356533110767852
-23.35420718581282
-23.35882083925411
-23.359506614148938
-23.361124957122737
-23.356282925864885
-23.362614696810034
-23.361964663080332
-23.363768277337343
-23.366044554717828
-23.36035831057989
-23.36429444789601
-23.367359817005777
-23.365144175765323
-23.366792569400644
-23.36752275868566
-23.368440393178187
-23.36902817978652
-23.373874843678813
-23.37363127785555
-23.37111878040888
-23.37197069116479
-23.37043078165432
-23.366955976178083
-23.358709616839764
-23.35970944001137
-23.362508100084845
-23.36263238856831
-23.361411754973158
-23.364588942783243
-23.366603968356028
-23.366116268912997
-23.368248469650613
-23.36969652010456
-23.368785313580158
-23.370734919350053
-23.374031074199507
-23.384812033434855
-23.381307762252032
-23.374234801901974
-23.37038667527973
-23.364581274955853
-23.372615968630644
-23.37230518784685
-23.372739725386666
-23.367166561183513
-23.36546444157308
-23.370341934779013
-23.368083703567624
-23.36963566140049
-23.367553220740426
-23.364568184451294
-23.357774414466938
-23.35709158550885
-23.360296138203807
-23.36514679776418
-23.371540240421904
-23.370791885527698
-23.36704381730283
-23.36038694419539
-23.358832422262058
-23.359579455896952
-23.360021763242333
-23.359103361363918
-23.360152066496145
-23.36792771380424
-23.36839107025717
-23.371868596093375
-23.36818851103552
-23.36809480245423
-23.364163775622945
-23.35977406271072
-23.35896958206414
-23.35548468116911
-23.3586150133425
-23.35985692862658
-23.361613426818693
-23.358346473947872
-23.357471320967285
-23.3603617839252
-23.362349965594344
-23.362851361208556
-23.36147460979556
-23.35697565772758
-23.35789063016797
-23.35937654089861
-23.358376680413603
-23.362512762390203
-23.365440173407478
-23.36785712027427
-23.365641491944178
-23.36818829790171
-23.370027157820022
-23.3696071359648
-23.367363375759314
