-24.19260587510055
-24.113081759246047
-24.10748790190015
-24.10748149127135
-24.106304505551762
-24.106663283762146
-24.106287506091924
-24.106602053014814
-24.106103170074885
-24.10645349758235
-24.105478977436
-24.106164673585678
-24.107381117574302
-24.106796106919784
-24.10682000747571
-24.106498043600656
-24.106574403243442
-24.10639591583811
-24.105820163463996
-24.106249341501012
-24.10691243300959
-24.10625852814969
-24.106374310403126
-24.106432797185807
-24.106861595199362
-24.106375056564776
-24.106502338196087
-24.10602117075656
-24.106549153509427
-24.106653321763147
-24.10670315621305
-24.106553926827804
-24.10681920108975
-24.106136460405313
-24.106171880986135
-24.10617974442684
-24.106871529306257
-24.1071174387938
-24.10656125326018
-24.105775139631188
-24.106181789594803
-24.106624936503938
-24.10690315189344
-24.106126461702267
-24.10609296635007
-24.106144338536296
-24.10684463310922
-24.106678651032862
-24.1070322979022
-24.106253744614715
-24.10618764597573
-24.106319371633084
-24.106339011280127
-24.106463858365696
-24.106879105090954
-24.10584091421012
-24.106060997766352
-24.105829496666537
-24.106523827426205
-24.107014591568227
-24.106008494376955
-24.105870795767082
-24.106102418981532
-24.10699940632147
-24.106221594741605
-24.105957327703315
-24.106672876408677
-24.106295270006047
-24.1063102074788
-24.106047815238437
-24.106222145396664
-24.106104259604972
-24.10673947211103
-24.106886326130734
-24.106270724763448
-24.106063804244574
-24.107352191989136
-24.106427037298026
-24.106932109618377
-24.10601882772181
-24.106740113782045
-24.106069557836182
-24.106562114862697
-24.105961349416138
-24.107020285909304
-24.105862866276002
-24.10679189286487
-24.106803472954972
-24.10670032990444
-24.106307092056525
-24.10625851727836
-24.10556042570625
-24.106635329221007
-24.106342268840177
-24.10609706773133
-24.10649768670006
-24.107149012158008
-24.106263909911892
-24.106184192198942
-24.1066954662474
-24.106022952873445
