-23.268816507987545
-23.18330473850065
-23.176053256044852
-23.173518669728182
-23.16900408354724
-23.17272601894741
-23.179331880216253
-23.181596219152695
-23.17810366120401
-23.169987643163527
-23.171234718185612
-23.171254649964762
-23.17894939888377
-23.17143525974978
-23.16661192759844
-23.173014382478097
-23.174556763794676
-23.172126845855757
-23.17535538178071
-23.166525244781578
-23.16724273353583
-23.172283840259507
-23.163820702620924
-23.173728673036102
-23.167031701406618
-23.170100593240807
-23.17946159559702
-23.17101755614144
-23.174659701492647
-23.17744114000663
-23.179594879976893
-23.170228091723775
-23.165791677895662
-23.176407833160965
-23.178165519078924
-23.17523241014985
-23.173605923972538
-23.178708491419158
-23.177948725852747
-23.170659723892022
-23.18079349255819
-23.174821359094324
-23.182859309821495
-23.177114493522758
-23.170443736662232
-23.167173046412916
-23.178188609523932
-23.181978080992824
-23.170744878265495
-23.177766807308025
-23.179545501772488
-23.177913315236367
-23.177947964734013
-23.17509578790423
-23.172666507457517
-23.168885949197954
-23.172124634263355
-23.173208726798087
-23.18142735020633
-23.169370635372516
-23.17165948728354
-23.172793766853637
-23.17532942605068
-23.16612138730812
-23.17559711468652
-23.178144045524782
-23.16980758213533
-23.17610202724392
-23.1746664283512
-23.172137745525465
-23.173116991234878
-23.171600874262104
-23.160541734747117
-23.17113551305937
-23.177740181888936
-23.174700275613077
-23.16978367082026
-23.17140248976528
-23.169741791145157
-23.167965469960937
-23.168689077607645
-23.17495789660561
-23.170339026689028
-23.174045090609745
-23.174115241724593
-23.170228367511577
-23.176898257876164
-23.166647774201493
-23.168636406729163
-23.173178464057266
-23.172679069192554
-23.15881872315758
-23.176069892645124
-23.17438958532226
-23.17954940889786
-23.179875912715023
-23.172673508138562
-23.180956163724456
-23.173105443180134
-23.167516127833707
-23.17686232519187
