-23.22053798576698
-23.150974772198197
-23.14364909053178
-23.14058894845447
-23.146308021761843
-23.136734491778036
-23.14288940220359
-23.143743079632006
-23.135016870453
-23.14237311637507
-23.144003916860445
-23.14635590723035
-23.141184176553548
-23.130214601891957
-23.127668156353764
-23.13961220481679
-23.135555212116458
-23.142174940200242
-23.14070993905686
-23.14101945685582
-23.137777240073238
-23.145697152611632
-23.14394188108071
-23.13851236224745
-23.139929399818534
-23.141274000210178
-23.140459803535762
-23.14009951257466
-23.12830673746769
-23.13985979375937
-23.14718526757605
-23.145299966365258
-23.138166239017636
-23.13798240100418
-23.139253259043286
-23.140726297718647
-23.136670729516286
-23.14167903336722
-23.135090140043317
-23.140964724816655
-23.140215975769177
-23.143795466249134
-23.14839104942896
-23.14157175091012
-23.143635982124465
-23.137579582596125
-23.14269809351815
-23.13625636746371
-23.148334523800916
-23.140877666123355
-23.13037039543535
-23.13187048098746
-23.140866855720457
-23.139983721300105
-23.14479981031362
-23.133201359699935
-23.131038342335856
-23.141874485786694
-23.140244815765268
-23.140078390898353
-23.144536882453657
-23.137328683829516
-23.149252036064212
-23.137419019589675
-23.13256985908582
-23.14181476248387
-23.147117040690883
-23.146236907861738
-23.14357362329213
-23.13958708588845
-23.134253274181138
-23.132655944006377
-23.138632450123
-23.142449011214627
-23.134899857243667
-23.14024529854618
-23.131468942965043
-23.142647531837234
-23.13612797606246
-23.138914030705976
-23.13995666964183
-23.13677960457934
-23.13864016768132
-23.13194063477858
-23.142502965011744
-23.139796074288874
-23.140646718926458
-23.13429978603226
-23.139636123891353
-23.133130644121987
-23.138925874447377
-23.13859640070696
-23.133082096297976
-23.135900376812412
-23.130808926163635
-23.140090500878877
-23.136015565813295
-23.138214069071587
-23.13702605712725
-23.14103182541982
-23.14230691850044
