-23.14230691850044
-23.056133234568915
-23.052856032286652
-23.05857381110014
-23.052531301948587
-23.0462965850753
-23.05478847179715
-23.04100413227672
-23.05332935400591
-23.03952335585368
-23.048618617316254
-23.055612922238698
-23.059909806634753
-23.054310345023303
-23.04510949853749
-23.045889406010623
-23.050209475542633
-23.047902418032116
-23.050682389985546
-23.04940627083659
-23.044561791750688
-23.047664834688238
-23.041796025828482
-23.049463791167693
-23.047372313944983
-23.053588019266247
-23.038709720763975
-23.037295765954344
-23.048958653393296
-23.052856057781504
-23.049754158556784
-23.055776438520947
-23.04822157676067
-23.05801053172296
-23.047412195709573
-23.04404064739306
-23.040093353687947
-23.043712848431294
-23.05363191274432
-23.045718003692247
-23.05655362350321
-23.059456936904404
-23.055339365299893
-23.05003328706152
-23.04307171324535
-23.04624954895767
-23.057767053964433
-23.05010951578327
-23.04741697175879
-23.05005144130372
-23.0467669955433
-23.05733865365885
-23.05030266490042
-23.04405745257473
-23.047156175318275
-23.055617795994113
-23.04574717929806
-23.043465895258198
-23.043940848695147
-23.041436631494953
-23.04958402069104
-23.042690522446716
-23.04974220944807
-23.052495135874782
-23.04595148561141
-23.051696684779177
-23.04711621393916
-23.037011154486056
-23.05301457373569
-23.046143127966076
-23.05024626443919
-23.046744578188036
-23.056056604617126
-23.051158890838344
-23.04016872028945
-23.042939872582767
-23.054236211232176
-23.04064258234952
-23.043186202674704
-23.03969875992163
-23.039478906164973
-23.050185498987872
-23.041786534836817
-23.044067328991506
-23.053158983610892
-23.04888572262807
-23.032942008687275
-23.048397372765873
-23.04647210695504
-23.050615749079892
-23.04254510166685
-23.053406110110142
-23.04776778379275
-23.046042119509636
-23.044302490162764
-23.042036362864973
-23.049565891843926
-23.046506126653185
-23.049146140452226
-23.056808406673753
-23.04753454857147
