-22.99434444468618
-22.905607830106383
-22.906814036010143
-22.89388489786228
-22.906039649142134
-22.904809702815324
-22.899532795441644
-22.91046255373307
-22.918703471495725
-22.910665798472667
-22.91146043852635
-22.905192715805008
-22.903503845135344
-22.899935427002447
-22.89501767774123
-22.907306191566075
-22.902660460541433
-22.897355072569272
-22.896820949633277
-22.905359355789496
-22.904247179797032
-22.909047170616457
-22.91785015239812
-22.90086855440357
-22.906608465885903
-22.902220476062233
-22.90895720141102
-22.903669407682475
-22.89212688606373
-22.91702916600994
-22.914232421352395
-22.89762572338158
-22.90067735536012
-22.90526968144387
-22.908143717273965
-22.911034164617377
-22.909876995803277
-22.91073955708179
-22.896668659896456
-22.902183076650687
-22.908253240544838
-22.91321252176428
-22.901925699770842
-22.902010650228135
-22.902351271446403
-22.90905705408672
-22.914967965025877
-22.904394416133147
-22.90356894307616
-22.906896643858175
-22.905752234820554
-22.910154950285087
-22.899844620319065
-22.914859387555467
-22.903089586844906
-22.891548154479416
-22.902532636199123
-22.899383784393244
-22.896934694198585
-22.88936508614438
-22.903295551292917
-22.902382056958217
-22.89557802389045
-22.901843108937985
-22.916551075493118
-22.884558817452046
-22.898404696796852
-22.905881874670094
-22.90185500844796
-22.90452265147621
-22.918920145058728
-22.901660533938255
-22.898276628391795
-22.906800831689438
-22.90115797258609
-22.908134602949744
-22.898443025179965
-22.894129481058272
-22.901321637054984
-22.901100190751926
-22.897609208723082
-22.905157706769028
-22.902933631823746
-22.8934848413875
-22.89418142249648
-22.91450219886711
-22.90218356366689
-22.89586512926903
-22.894065087151578
-22.89825168900876
-22.90460550697898
-22.908844476183877
-22.910355588514218
-22.908548032957277
-22.909935809705406
-22.909565724500006
-22.909088062901045
-22.913773283832402
-22.900501246784934
-22.899967517921915
-22.904659096789988
