-22.958116372130288
-22.87966007489833
-22.858784992468983
-22.859993649145373
-22.863302484442357
-22.857691717155276
-22.860135495005512
-22.87286406301655
-22.87238958222217
-22.86843359166602
-22.87561607450824
-22.866473252024406
-22.865768742625566
-22.880225070668384
-22.869728557397693
-22.873141681815554
-22.86753182629756
-22.870331211223967
-22.87123131599635
-22.861985786777993
-22.87433031270386
-22.86798413872952
-22.86781538658448
-22.863555444169585
-22.866026556174134
-22.877744676632695
-22.877070288209268
-22.865288191927043
-22.860692608169575
-22.861895469591758
-22.87133689510169
-22.88626979659736
-22.879238174451725
-22.864640780252607
-22.862627156875817
-22.871851713520535
-22.86224437771498
-22.87861720395147
-22.866513905208688
-22.865403610296433
-22.883277964448727
-22.86890441707874
-22.872569908555835
-22.861320156394353
-22.865234184119753
-22.873431382934026
-22.875948944139868
-22.853773451504726
-22.87204731923835
-22.862320681694506
-22.869605490841092
-22.87402153702514
-22.872817129156868
-22.874423383676966
-22.865681090886582
-22.875633256121695
-22.873432928248487
-22.86153340058091
-22.87238247418229
-22.871621668502172
-22.877992860655496
-22.869521705146216
-22.87947208065525
-22.875692800304986
-22.87402004546026
-22.870789848866394
-22.869850877719525
-22.87248573487658
-22.86444369570813
-22.860688830010005
-22.87749177814683
-22.868106169088215
-22.875630647471315
-22.873248516626262
-22.860552463901453
-22.86984569666444
-22.872787154062422
-22.872347609322986
-22.862342008370803
-22.854838606231606
-22.86842515727053
-22.868139650230408
-22.86515848246605
-22.856052475437217
-22.859833462532837
-22.870826629693184
-22.87219420041573
-22.877424287912742
-22.861005249815573
-22.8632273402332
-22.88169585302303
-22.867525942646353
-22.86251838470812
-22.871194966701154
-22.86526188554072
-22.87095816671848
-22.873073607325125
-22.86589062956205
-22.87588122182438
-22.85678216259886
-22.869638421356637
