-22.904659096789988
-22.822979218949275
-22.813220477172795
-22.80856202247662
-22.810175020953984
-22.81994915261186
-22.818793718427234
-22.824917107178756
-22.812907464449736
-22.811727381173714
-22.815349899699314
-22.81309475712888
-22.811216661000657
-22.81118066889685
-22.81029316899058
-22.81103513859258
-22.80445700881872
-22.813618933674384
-22.819511214059688
-22.817514248247214
-22.821379697413377
-22.814549556155658
-22.828280816259856
-22.815094027114878
-22.819020057822794
-22.808612485194416
-22.820957304469406
-22.820323201036427
-22.811992204171702
-22.806218075104233
-22.81789145960934
-22.82696661793217
-22.810279778248812
-22.816648249200366
-22.805006752974528
-22.798485890799032
-22.816884416068564
-22.798645287958973
-22.815444813073395
-22.809419732686077
-22.800729439528055
-22.803139235670496
-22.802422882084315
-22.801931304835808
-22.815264010117307
-22.810360623454226
-22.815779633586896
-22.815120509121673
-22.810533116961075
-22.80613421008566
-22.80804803140434
-22.82201424535727
-22.824680875931726
-22.819439749733284
-22.82196493644542
-22.826727508980248
-22.792571166011435
-22.81273984721436
-22.821418789993125
-22.815367331005557
-22.80957400868895
-22.810624271226057
-22.80777805650232
-22.820828630578855
-22.82212531609963
-22.811807429969665
-22.81253405758327
-22.804849328895536
-22.798189108661965
-22.81875236632636
-22.815801020618864
-22.81077808842041
-22.812905104244855
-22.80774078397122
-22.814415702550367
-22.80458889145591
-22.80507516926697
-22.823275935072893
-22.825762390009793
-22.79972843224064
-22.8175945617301
-22.822075602151784
-22.807651925058664
-22.804552290190752
-22.816064679106816
-22.819404035634516
-22.818707449336134
-22.806601768231083
-22.809469385087713
-22.804934336790073
-22.809872749426265
-22.817581139976006
-22.809611479643774
-22.810988361406118
-22.81530255135187
-22.805792132961223
-22.80914551661717
-22.809410360283984
-22.820864223621985
-22.831230132302537
-22.815172053167522
