-22.869638421356637
-22.778823396587477
-22.766904667676346
-22.769295579137207
-22.78364200529698
-22.779465811364354
-22.7819592321698
-22.778810333530302
-22.786847131540377
-22.772953949848752
-22.780822415037147
-22.774446093262725
-22.773822514713306
-22.77149584203817
-22.776061599377215
-22.791605912803035
-22.783770263314885
-22.775546989933687
-22.786771712706628
-22.776246525500436
-22.776942991412863
-22.78615793329833
-22.781102927232265
-22.77671642458279
-22.780013767060144
-22.783578693292156
-22.773147524413517
-22.770474172215753
-22.772273292872793
-22.777770246343703
-22.78154208223038
-22.78026394648406
-22.78162153881442
-22.78120562136197
-22.764348839306862
-22.77548926634249
-22.780086535056114
-22.77794275325499
-22.762362402040683
-22.78179831713043
-22.768036325044616
-22.780559329377283
-22.784374936305728
-22.77948539806787
-22.787902495575345
-22.77741537943948
-22.788400635452938
-22.767372426972738
-22.780894325876034
-22.783026636203633
-22.775427207842487
-22.78135908001461
-22.798026744973487
-22.778342058408988
-22.77862753780409
-22.771169640660645
-22.775349138247943
-22.778698913973702
-22.779629796380334
-22.770589546983565
-22.77009595705998
-22.781590411201073
-22.781671406241582
-22.775535425048673
-22.758277371849807
-22.783339006121082
-22.778950179462463
-22.779461757392454
-22.77415121675991
-22.786366025717555
-22.778067118504772
-22.77562419801449
-22.776331729791607
-22.792397466766307
-22.776071743319743
-22.777065442603224
-22.76360552087492
-22.764375245407845
-22.76459089596845
-22.787941670473586
-22.77883595989233
-22.783896419004375
-22.77388679876118
-22.77815167911375
-22.79182150523655
-22.77992447674018
-22.775462125238626
-22.778714288664602
-22.78847836707719
-22.776559514505795
-22.76986336784585
-22.775247709746367
-22.78041459971325
-22.78790409424682
-22.766479030456853
-22.77308300406331
-22.784747443340667
-22.779426127501807
-22.770914724348923
-22.793016980975047
-22.780307976687137
