-22.70793096867892
-22.63233206251628
-22.620045792338537
-22.617572314915193
-22.616036430560087
-22.62094400150658
-22.635514844591405
-22.625261967548592
-22.635775275088996
-22.63690828995277
-22.62005026486869
-22.62604357587173
-22.636035447305908
-22.627634300402775
-22.64433119549685
-22.64047281618425
-22.634934096909184
-22.635674662651216
-22.647984351684247
-22.616298190712325
-22.631375629242893
-22.63517000250963
-22.623484427371338
-22.625614375876072
-22.622007918164424
-22.63018526649971
-22.625752725082208
-22.61775291798643
-22.632282564992092
-22.62473459738851
-22.623779013385356
-22.616333746740946
-22.622357363694075
-22.64044133827078
-22.636648285017355
-22.628480379079647
-22.62623488399218
-22.623775755096496
-22.644267205230765
-22.649531635949373
-22.64190735575484
-22.63111619226166
-22.62451767030178
-22.641545938009116
-22.639289827917054
-22.631746130968764
-22.64845752138544
-22.622998923592238
-22.636724707263912
-22.62727734611199
-22.628202047778593
-22.62095702617842
-22.61404716936104
-22.631737330523045
-22.639782572946384
-22.6431710574903
-22.623630341822906
-22.627171908145765
-22.619554317264264
-22.628921038516246
-22.61771069421677
-22.630512727373713
-22.626422643893036
-22.622944633096136
-22.636983420473662
-22.621570907183987
-22.625997471718932
-22.63426255898056
-22.637826839269767
-22.63155370740947
-22.630642152024915
-22.633281615711642
-22.6254559692886
-22.632736020948204
-22.629206040194077
-22.631899504899987
-22.618422157087647
-22.630674931694852
-22.620790445550224
-22.632952526540326
-22.634662896917792
-22.63409433514802
-22.633342673082854
-22.630867652129545
-22.625976439714808
-22.62867541801571
-22.62348998329054
-22.62824219787514
-22.624671052664837
-22.62779726075958
-22.64002014178908
-22.632654882321614
-22.631738026060415
-22.63397548103226
-22.635536721891384
-22.62361018085619
-22.637289690085115
-22.618863444044944
-22.626725622225152
-22.621836584158512
-22.62500249986208
