-22.59920730278456
-22.509981349751975
-22.509829600615856
-22.48818541430549
-22.49959404618176
-22.494845399882383
-22.493041044702537
-22.47562642772856
-22.49827823780014
-22.504803642880425
-22.490700183721913
-22.483627594593734
-22.50276927096147
-22.49363735027185
-22.49315862813827
-22.513135893279618
-22.50132028031967
-22.503341722518655
-22.521219925715243
-22.506198555639187
-22.508110746777554
-22.498585076838463
-22.49292987109364
-22.49897994520072
-22.517067670928796
-22.48772810489389
-22.487359201987317
-22.48531412422874
-22.492697401347016
-22.486065606640413
-22.487664132698313
-22.51510564099327
-22.50005341134082
-22.486129215071596
-22.504318829873263
-22.510847156734155
-22.49614502033473
-22.498381745272702
-22.497575685496653
-22.502933140810185
-22.49650477686242
-22.49210937260822
-22.503006008977277
-22.47874552622574
-22.482346665391475
-22.510915564745996
-22.502545371483492
-22.503838721576912
-22.508373422745525
-22.502331316122987
-22.504096002571327
-22.503351109728573
-22.503814862601544
-22.505572653811225
-22.500862142738747
-22.48740951477959
-22.490301662278878
-22.514789020716513
-22.50585364485783
-22.496932047175143
-22.495294896132908
-22.50871034893017
-22.482401161626417
-22.496931586467333
-22.500557227075397
-22.510432599152356
-22.50925430332852
-22.50272153777642
-22.506889716259316
-22.491693837914035
-22.509178685609207
-22.497413948923406
-22.497906212860546
-22.496105531556776
-22.496331487805076
-22.504763212234156
-22.518078939899517
-22.50411795778752
-22.486417857782822
-22.48977745794188
-22.4908774421927
-22.49386118610473
-22.508131252701478
-22.491187386054875
-22.510863405453108
-22.508202106725623
-22.49334340708374
-22.517404057889923
-22.490214610325943
-22.510400283425025
-22.491359467457677
-22.507826249122388
-22.492988849859643
-22.491126802146816
-22.493730663090417
-22.48475545956644
-22.502617313254103
-22.490583752314993
-22.49533413936144
-22.52342238194402
-22.515274888243937
