-24.106022952873445
-24.02673301694513
-24.02086772654586
-24.019678485657757
-24.020115224840445
-24.02004508102824
-24.02212581073033
-24.020453971760766
-24.019459822447025
-24.019710839515625
-24.019778917883958
-24.01959344211476
-24.020296094817482
-24.01968493042661
-24.019491283555237
-24.02015451203363
-24.0193463078199
-24.02033127181236
-24.021210815398167
-24.019654478406494
-24.01893036447524
-24.02088567371378
-24.01952743471752
-24.018893585349495
-24.018970455437625
-24.020572303757042
-24.01942724724606
-24.020797965184435
-24.020107979100196
-24.019738363615524
-24.018658650766977
-24.020763191374673
-24.018828692781547
-24.018617901200457
-24.020769108893028
-24.02131404079815
-24.019045151242214
-24.020466170514855
-24.0192098574129
-24.018350872229295
-24.019627769556973
-24.019738760922678
-24.020700490957903
-24.020751317450536
-24.020085164820298
-24.02048289171576
-24.020152189981996
-24.020605768016168
-24.01900873427172
-24.02054963562797
-24.020587519169286
-24.02101973429603
-24.020142850232027
-24.019595944156986
-24.018581703668946
-24.020085570532924
-24.021590793430082
-24.02140400313796
-24.019451309614468
-24.020409076676838
-24.020737950557315
-24.020485108606294
-24.019824603176016
-24.02074086001773
-24.019912545139448
-24.020466492193265
-24.02160788807205
-24.02058412859211
-24.020344126650723
-24.020952075450847
-24.017160801266332
-24.020404300797367
-24.01990257577749
-24.01980087500889
-24.0198449933186
-24.020850292158382
-24.020248205940902
-24.02064601994883
-24.0183055183488
-24.019628394449207
-24.021229705370093
-24.01915788915046
-24.019822552527888
-24.019770968756426
-24.019942586300573
-24.02032285048358
-24.019435967898815
-24.020546662232565
-24.020900705010217
-24.021010789401902
-24.018868458431434
-24.018629653459193
-24.019546310484845
-24.021458451955716
-24.019673083827325
-24.018598188048166
-24.019112953789044
-24.020106675110473
-24.019505612110773
-24.02191284579825
-24.01951823021809
