-21.86756592543061
-21.794832764510858
-21.77443686435308
-21.78636792838878
-21.78556858867718
-21.78088749229995
-21.78185402911941
-21.78600137015575
-21.781056805156688
-21.785993860418195
-21.775127886973255
-21.783276014351152
-21.766296631841943
-21.7795332339168
-21.774753312884435
-21.75896606477079
-21.768478050385294
-21.775955427465476
-21.769606595457173
-21.788168336999203
-21.780429274715285
-21.798922665152475
-21.77750691980435
-21.770656690550325
-21.78235766445339
-21.778721842993374
-21.770213387385596
-21.7681316766677
-21.790244284183395
-21.787694979981943
-21.780365193588274
-21.797727753246498
-21.79549018220787
-21.773559591949248
-21.777737470925818
-21.778024744010782
-21.783002878145137
-21.771172182071567
-21.763070149441315
-21.799164169510657
-21.782994452431765
-21.78585606140534
-21.76554212125039
-21.7895663336672
-21.775007310266787
-21.764347697630058
-21.783736767730772
-21.774656049159592
-21.76221823097559
-21.77514201174251
-21.798809763249004
-21.778305589351707
-21.79060607853166
-21.801625250868167
-21.77254724923374
-21.784810429367035
-21.785694273032718
-21.790138106572613
-21.784226378514987
-21.762321087505608
-21.751429126133825
-21.779870820581817
-21.756285898713067
-21.754434356332972
-21.774945372454827
-21.76476950219362
-21.777878503224994
-21.781391297776132
-21.793255622191158
-21.774486875763014
-21.751091953437417
-21.781987159669363
-21.77635563131644
-21.789572331379677
-21.793349967271254
-21.775077970232868
-21.77999823601107
-21.76648299009008
-21.7500323315149
-21.765989821896458
-21.764542776390282
-21.782788079035488
-21.785828808744217
-21.775645211184063
-21.77728179396416
-21.782619469248434
-21.768418067302466
-21.76539471111708
-21.785615065639302
-21.787725176416572
-21.77868980166493
-21.792135701817543
-21.78726701551415
-21.776198253520448
-21.781377957648626
-21.77145443590925
-21.798016559801976
-21.784961828326956
-21.765721967055768
-21.777841374824305
-21.80570287143791
