-21.588264496235173
-21.499269113901477
-21.496040805146194
-21.456913525468273
-21.48307913674404
-21.49869292631038
-21.482088076426635
-21.493594169966148
-21.48357963400331
-21.461545133619197
-21.460114754699266
-21.48906707674583
-21.480700504877664
-21.48800729813446
-21.480487905870056
-21.503815999130616
-21.498515942364048
-21.497035106060288
-21.467400258405718
-21.486110060478147
-21.475781633772325
-21.472134898261594
-21.466125470631255
-21.48194081587699
-21.46228079431652
-21.474294419599698
-21.481641694160324
-21.46252150422105
-21.484474401330225
-21.45397457158043
-21.483083962673323
-21.491047979118296
-21.451207910894396
-21.485226714759715
-21.439188234166885
-21.455139977436474
-21.495088115198126
-21.48975666599557
-21.48898727748753
-21.490562232015794
-21.47400924678458
-21.495293460273825
-21.48814694124243
-21.459606890663654
-21.46237960894937
-21.474412869498323
-21.47169619926468
-21.4741367185471
-21.452469045795798
-21.481919868029355
-21.48167541186885
-21.474460437557134
-21.483516957422168
-21.464640192054635
-21.45350258286878
-21.46649022342379
-21.476035468795345
-21.490571550876084
-21.497623754737607
-21.47692022999894
-21.487205891574202
-21.490416979757622
-21.502999670307005
-21.49704861558084
-21.50179671033183
-21.496121406982407
-21.48301926248416
-21.484878535549548
-21.491403233168985
-21.490053569394128
-21.491543125958426
-21.470116178328507
-21.481185104558527
-21.501387443793277
-21.48442370504753
-21.470061336228557
-21.476543435076106
-21.492381520593423
-21.474770339789742
-21.450175853725653
-21.49613045118163
-21.46138393227491
-21.477189406380493
-21.462691266452914
-21.461227907795735
-21.46252616438636
-21.481568366509013
-21.470861883294056
-21.47859110992456
-21.466327134329838
-21.456890426185275
-21.496764609037776
-21.460012139083943
-21.461395402730147
-21.496898455345345
-21.480349723129148
-21.49220905777766
-21.469915060251857
-21.484600974587053
-21.49632087893786
-21.476046704980906
