-21.454407955708277
-21.364156639583292
-21.33657927051163
-21.325212253904578
-21.339509046254626
-21.327670073561787
-21.328208959136667
-21.301693990849977
-21.31857241670849
-21.322100941194027
-21.312015287024668
-21.33461753904784
-21.30685560116159
-21.36508681556928
-21.350352941926218
-21.34054707617047
-21.338414193306363
-21.345461137154885
-21.32450462923918
-21.35767005849559
-21.356884627669437
-21.36102316017936
-21.3418555845845
-21.329485338526005
-21.354361482201547
-21.321561619537608
-21.33516899979918
-21.319310109231292
-21.328126169137303
-21.34210220741262
-21.32253976691875
-21.37094232460781
-21.343410278874916
-21.320685204837954
-21.32158737604453
-21.339900748244776
-21.331330148392837
-21.332352230950075
-21.336732493965496
-21.311095491017007
-21.3371027905694
-21.335629864013644
-21.35144179058727
-21.337386237315215
-21.35092830065475
-21.317354323230006
-21.34460609429749
-21.371295988404146
-21.34879854223005
-21.333102048455242
-21.31233320890386
-21.322510519169047
-21.326015237613454
-21.324492538224753
-21.33873105905286
-21.35699660749584
-21.344177110579725
-21.329220677435767
-21.31489860953217
-21.335371346990655
-21.378094367697052
-21.343914422605465
-21.344971814532283
-21.34702551061944
-21.33824941921306
-21.34904662955745
-21.339462575910076
-21.327385670297755
-21.288080126834423
-21.339341385445152
-21.36424523177272
-21.33735525759929
-21.334399593455576
-21.34637015120979
-21.32885860335569
-21.35236080999356
-21.33514235089711
-21.31897429658932
-21.32382094697613
-21.32575496816795
-21.33724335122826
-21.349715878020746
-21.35145642597466
-21.350548498633476
-21.352517243067467
-21.321681811362655
-21.32757132290367
-21.33326614912595
-21.337522383014445
-21.35146446197031
-21.349723773336855
-21.37943573081642
-21.352810702080383
-21.356180644733247
-21.355777137019672
-21.33861246738676
-21.36896842996011
-21.33684991006678
-21.36053098795071
-21.34366277438918
-21.332525467631122
