-23.951652535115073
-23.871304556985297
-23.862713609942922
-23.866188277099106
-23.86647519315136
-23.863657911172915
-23.865438758672386
-23.86420480035269
-23.86492169097538
-23.863511915367013
-23.863733165819745
-23.863816004229164
-23.865417612949894
-23.865182634729187
-23.86619824411276
-23.866247494070286
-23.861944524787873
-23.86555622858524
-23.868486014931705
-23.86525897645491
-23.86470123776125
-23.86337072510233
-23.865619809224135
-23.865226747525632
-23.86630276411824
-23.866435843925426
-23.864230405890662
-23.86891543743885
-23.868291412900927
-23.866158564074208
-23.866830839737265
-23.86744029492267
-23.86381831596494
-23.865632534292992
-23.867827509537697
-23.86988004211009
-23.86978215537046
-23.87200433266719
-23.870878668788613
-23.872098865660487
-23.871620698660294
-23.871614821901886
-23.877052301485925
-23.874595288706814
-23.87685233432738
-23.877901578158347
-23.878970123223947
-23.879602003541194
-23.88163839260062
-23.8829448605252
-23.881526548464986
-23.877071304227428
-23.87717247437337
-23.880584991310283
-23.878688864121777
-23.87738662466937
-23.883061391273486
-23.878082476088466
-23.8800807484263
-23.88064633928588
-23.880838433075443
-23.881248776598714
-23.880957779274933
-23.879376235947475
-23.880685933953703
-23.88197087879341
-23.877405327394005
-23.878160682256823
-23.879702619926423
-23.87949761443688
-23.878515992503768
-23.88103090060936
-23.880858951258634
-23.87770468332332
-23.87852666654104
-23.880023292562534
-23.879126110999756
-23.87993723489919
-23.880293945865525
-23.881361264941887
-23.87826621174633
-23.87619997402491
-23.879129367424103
-23.87963129572596
-23.88201639420546
-23.879541447487245
-23.878750116555665
-23.87979369168486
-23.880253732194255
-23.88034205525054
-23.882372960515706
-23.878847152146346
-23.879149776419283
-23.880076660160675
-23.8802787474164
-23.878851680410367
-23.88051077972193
-23.88220675956464
-23.879309399912064
-23.876923746612867
-23.881445018972627
