-20.80818981100541
-20.772995662438962
-20.742681454964345
-20.715488269291246
-20.70263204010075
-20.71383284328722
-20.719313564741633
-20.717518718936653
-20.732164235751704
-20.74169294236872
-20.70993178154021
-20.670953467679663
-20.689054412552373
-20.705294289473116
-20.701762219149895
-20.687194473593117
-20.683804371733387
-20.701344846948412
-20.725525157417746
-20.73244176596922
-20.696588853020668
-20.70963070867576
-20.686480334214036
-20.70578268576304
-20.71182086655731
-20.720306167161628
-20.687844868163403
-20.674149020902224
-20.70549488670894
-20.710657518420863
-20.708377971561802
-20.683937547894857
-20.72043448025693
-20.696366512558892
-20.661520724715746
-20.69935810063942
-20.693870786250137
-20.70252162173121
-20.704503231190255
-20.702011652884728
-20.7078685823744
-20.700610188769446
-20.71876374315173
-20.695496829398323
-20.68128934566062
-20.673592846615875
-20.73557381817004
-20.701991185039535
-20.709848547416367
-20.68359682480581
-20.747118699349457
-20.692470745413246
-20.690795726944543
-20.684921098923873
-20.69107821485038
-20.677562442585508
-20.69585408826522
-20.691552778773744
-20.72536644226061
-20.72018898042004
-20.693259494325503
-20.70042260607236
-20.717910654245188
-20.745799421643998
-20.70469091063531
-20.675695696514985
-20.69592334250074
-20.713697438718526
-20.733878011570294
-20.716469105718748
-20.70621214989638
-20.7063188269274
-20.66889627433356
-20.728416604707473
-20.708127749625497
-20.7090722526404
-20.674524313458644
-20.702715192288853
-20.712108301626493
-20.707930089321867
-20.721785429377018
-20.686484292584694
-20.691197995329482
-20.693431318391436
-20.693926559261367
-20.691404375291633
-20.687799094513053
-20.70574880564732
-20.68692590214743
-20.68925585703707
-20.649359215482484
-20.67012167368077
-20.696295636098103
-20.70308232270491
-20.657799616353646
-20.685520324883758
-20.715762847941704
-20.714484634543062
-20.701463172152792
-20.71339237309446
-20.709990316091297
