-20.75624472313941
-20.711141334541466
-20.672054890373026
-20.663287636834514
-20.62240810805731
-20.625743426723556
-20.619556535136695
-20.640595381849185
-20.63917886481478
-20.65994698721329
-20.598821080372822
-20.6263871198773
-20.635293603090123
-20.645630545707863
-20.63070388652547
-20.622283265285553
-20.613459895477376
-20.64538193664814
-20.627848308984348
-20.62424117216536
-20.626954460646164
-20.649326962804828
-20.621715072852897
-20.62590638725363
-20.603638603612602
-20.68733724993986
-20.65915758934175
-20.659282645376642
-20.622252423162188
-20.602415535503038
-20.629527715240346
-20.648721420416212
-20.626126215902953
-20.604523150364678
-20.605048070881214
-20.62130547005812
-20.609577474109386
-20.627770789804657
-20.63048427335551
-20.616726529393056
-20.641468200968678
-20.637731246053118
-20.646466716777883
-20.63895580318741
-20.647433789342106
-20.643102787252733
-20.657957457774387
-20.6480190444622
-20.636967133781813
-20.654386920884775
-20.64093819232873
-20.641980489285576
-20.622667957455157
-20.636614203153595
-20.603266830357743
-20.640333026580677
-20.656146424026907
-20.617862318764463
-20.651894133858548
-20.668088552943974
-20.639608888551056
-20.617343702332263
-20.631066031754436
-20.638269646090098
-20.59791812083971
-20.598882238024025
-20.636434659659752
-20.63333447827746
-20.62531953815906
-20.60580210866052
-20.64116040182793
-20.64423460196324
-20.627835141325846
-20.626662939984712
-20.62926759916854
-20.63075339167207
-20.634633988900788
-20.67274720443142
-20.63391027207552
-20.62449397058498
-20.628389505241234
-20.66287137980752
-20.672156611956297
-20.61262180133253
-20.60674036124073
-20.615504265240965
-20.62263624012788
-20.61609467545466
-20.633804163300336
-20.65345424931487
-20.61193893647392
-20.623488863611826
-20.64384397850266
-20.631729627209396
-20.648691904661234
-20.61462166877066
-20.630809876869176
-20.64271231005225
-20.628642598855585
-20.624625779438905
-20.640486113297257
