-19.591959161026622
-19.54115333033347
-19.54227772765797
-19.545483513340347
-19.553691809048573
-19.52768382052093
-19.509698596768764
-19.52138453181098
-19.506123548234296
-19.52629696754189
-19.526151920641436
-19.469492976729068
-19.51682159272642
-19.507812744820757
-19.502304705492083
-19.495824318504965
-19.503299592895953
-19.47930813203974
-19.497676887124612
-19.486849758936575
-19.46517408476313
-19.52691513139981
-19.537380116569746
-19.546018723608054
-19.508392644962438
-19.534587838830188
-19.575478370169552
-19.551478365457882
-19.523057577345348
-19.509356480231556
-19.48933934885149
-19.48384809329775
-19.52962900147669
-19.50216064932632
-19.517270295983064
-19.4988081532419
-19.49636780683731
-19.54367382997187
-19.517479691789376
-19.570263325324746
-19.49570827621017
-19.52552987737618
-19.4971095821301
-19.519786150168848
-19.475175675020072
-19.52467748208761
-19.519426432711736
-19.501548047015113
-19.49869210549431
-19.492737695687488
-19.476810844116404
-19.48832116405213
-19.527541733553075
-19.491520478267695
-19.477036975289653
-19.483290839579364
-19.48978738400637
-19.51362825700857
-19.505327994341936
-19.490799781001215
-19.53168010180877
-19.49593821632187
-19.493409008077467
-19.532442957864244
-19.534390100224996
-19.55223004657496
-19.498045460385104
-19.52627836070814
-19.55176071208029
-19.578229930219095
-19.552865512997087
-19.553653880688863
-19.55510395785963
-19.49709859839715
-19.514235837666238
-19.4819914989613
-19.503484979681524
-19.5269148360628
-19.527545599370693
-19.512981216927987
-19.4995844663381
-19.478215929868195
-19.536573728980212
-19.51293737305796
-19.53612743420122
-19.527159504130026
-19.543744010431134
-19.5047206267909
-19.509176431393616
-19.511793603237543
-19.511121800773026
-19.518961902040928
-19.526783459169135
-19.505784801363497
-19.48047513280518
-19.480946172733475
-19.455426857691418
-19.480987482699472
-19.490684990809832
-19.51861126659104
-19.495145602660628
