-19.495145602660628
-19.440097543917595
-19.400317961496466
-19.375427904288177
-19.400750364682708
-19.342158280550006
-19.34246104413282
-19.358527387184154
-19.36560729652121
-19.377967277546134
-19.371651050146053
-19.338428255832984
-19.362858204310648
-19.356575980164028
-19.39442494588532
-19.39117445930894
-19.329675160285834
-19.39061265354662
-19.366943069762286
-19.38735859478258
-19.388376576364028
-19.3266144122944
-19.354455207160314
-19.39206055421576
-19.384807632720985
-19.35901197787366
-19.360130143203516
-19.37893804237095
-19.393083735735612
-19.380511431695695
-19.36608098492627
-19.40765542900268
-19.39334575299401
-19.418363948511704
-19.3850571038571
-19.447353942878202
-19.39707302428009
-19.398219282712517
-19.40240625870197
-19.39118076582102
-19.386477211012284
-19.402033549673156
-19.398940713611303
-19.410675436483174
-19.406799502058103
-19.377051782826967
-19.401213046592574
-19.37187337188272
-19.359964956737752
-19.357012953587407
-19.332596173231035
-19.385624067912822
-19.37625446424599
-19.36568619035025
-19.367187784686838
-19.361919096339406
-19.416931722554107
-19.37781245322087
-19.331445098672585
-19.361042996793568
-19.347518663690995
-19.399164469418682
-19.364567494225028
-19.403518633229833
-19.372413631411384
-19.36349308859075
-19.408383474305715
-19.417679320270892
-19.36223418238992
-19.34869251821508
-19.380512043754926
-19.390391143874968
-19.36502841245397
-19.33609674037534
-19.368422935709827
-19.399454451411906
-19.395050134700732
-19.421915345209868
-19.402598627790052
-19.358151865919066
-19.424896881515068
-19.345899016345392
-19.310263540360427
-19.385420019822927
-19.387182185541477
-19.403373670657118
-19.41084197385945
-19.412443334970487
-19.37776719292458
-19.373105155616496
-19.394833561864655
-19.376753049279902
-19.36924154518105
-19.33875190838028
-19.341643070158746
-19.294557098893296
-19.316237338794053
-19.33930485369596
-19.363038947856044
-19.378187516914704
-19.35544101134325
