-19.125367439838556
-19.05936279180789
-19.007873774553055
-19.045964319203225
-19.01549936544818
-19.006403048224858
-18.97451184489044
-18.9975611708203
-19.03904752550624
-19.036743982497413
-19.00790520104612
-18.985893689347844
-18.962905905734804
-18.952035022268507
-18.957498548680164
-18.93203268193737
-18.94535238742107
-18.966554031713574
-18.999295730459654
-18.972643350730106
-18.944977942590363
-18.934352269522105
-18.936193553287303
-18.958525593230824
-19.001055029951765
-18.988661770078355
-18.94472664112032
-18.95179339513159
-18.985254124995052
-18.985530764914902
-18.978188847487722
-18.975368902143003
-19.006432409774394
-18.953790304691175
-18.953629408328784
-18.95477611315492
-18.96766489394259
-18.944344230559583
-18.941419199812035
-18.95594554021222
-18.960062006523966
-18.954174270887165
-18.964501463323195
-18.9222017951458
-18.98431418050623
-18.94846835985861
-19.007163707506823
-19.027377173887864
-18.977293181628024
-18.98261489415115
-18.99036451648938
-18.971597200008947
-18.966428583188684
-18.980674698461044
-19.005337796854302
-18.974663487826625
-19.033974370138836
-19.02178264890535
-19.002415124939116
-18.991203463787354
-18.983742005312696
-18.997189542767565
-18.974800387948903
-18.970752127530602
-18.956933980872662
-18.964628962781173
-18.959453880177364
-18.982568469149616
-18.969314151530853
-18.961100755016698
-18.966043162945027
-18.960036577586795
-18.93771434210399
-18.985101442132883
-18.979845238075896
-18.949634666030718
-18.946359718412523
-18.971809461171354
-18.991924794318972
-18.965638475129662
-18.946943222464668
-18.944916921837063
-18.944106107818932
-18.94550406604761
-18.971629796792765
-18.983592683191613
-19.01370983081337
-19.018136944367306
-19.015840103917704
-19.017198013880773
-18.998725868674498
-18.95833644996991
-18.9729416717092
-18.96188592030417
-18.974675705128977
-18.97730147747228
-18.94070646818228
-18.949605195503825
-18.990781848771668
-18.9176824243521
-18.935198392903814
