-18.898423385152274
-18.77487524830805
-18.75573934704855
-18.755503850415845
-18.785699942575103
-18.77075336301038
-18.76462190074617
-18.717670502574748
-18.705611044108146
-18.706895086122664
-18.716485290233624
-18.67293841818885
-18.725881867515756
-18.72761694674618
-18.699671330586607
-18.72452819903624
-18.723177044351168
-18.72528354936114
-18.72096098519046
-18.701466993226752
-18.740699543136074
-18.739699274448565
-18.677786563877326
-18.693059280311562
-18.72159349747573
-18.73668287454393
-18.733120866274735
-18.743162331206833
-18.6988219843335
-18.751531633418676
-18.732520850793094
-18.733625695642818
-18.75010813654065
-18.732949275290398
-18.70126035159974
-18.723839191150276
-18.732434300536728
-18.78181696512816
-18.749677491444146
-18.832129935322044
-18.754907638782008
-18.765843375372242
-18.77501125891473
-18.75261798487443
-18.76648415751274
-18.743029692799336
-18.733784737002534
-18.719745334948296
-18.750015756182002
-18.755189537609628
-18.732807020843943
-18.722787668679715
-18.704353337648147
-18.751895991037323
-18.688331985658742
-18.726003780601047
-18.746150995566456
-18.747694628733996
-18.762032699604696
-18.745488293122705
-18.742490573371157
-18.77288410937185
-18.777834669559017
-18.70536358326922
-18.755128069760588
-18.778045387729676
-18.711566391663034
-18.73665301298847
-18.75637316786608
-18.766562221976603
-18.785516706843588
-18.760976318811128
-18.737066768273635
-18.735341154617835
-18.750037908107885
-18.71011614645058
-18.686711656478625
-18.732596914434744
-18.722331092889863
-18.743757187932214
-18.697855004886716
-18.749273836215277
-18.697800488094305
-18.751752643328807
-18.68465173648424
-18.720138930128837
-18.759362972585492
-18.75298117274659
-18.71674427084491
-18.798668247964606
-18.753835123967818
-18.81430402176309
-18.788183512543657
-18.724172962524545
-18.74108580098467
-18.71189605266519
-18.70756232261971
-18.745755182972356
-18.759966958873974
-18.751118596460703
-18.726858917769622
