-18.319100643413783
-18.249655610218117
-18.209711641973357
-18.195915210650508
-18.211671171949266
-18.142959297107645
-18.16667124109845
-18.156158537722433
-18.11711591924738
-18.1771210802519
-18.136461578105415
-18.103598749697092
-18.1016008677726
-18.09201903017881
-18.136862389193087
-18.16882899207061
-18.138061707175197
-18.14032142979933
-18.112536118991784
-18.136079293542636
-18.138121539052833
-18.145665631791374
-18.128792515975753
-18.146869067819246
-18.179539627758466
-18.17507625044936
-18.186633223527508
-18.177824956863805
-18.188790436445043
-18.188586743938288
-18.165603795382363
-18.164142258144675
-18.070864016026142
-18.109202058826046
-18.16162316161829
-18.20392280939534
-18.18250436799974
-18.15939134380861
-18.170721039573447
-18.1348855376317
-18.17181206262261
-18.108346148754684
-18.10748348941874
-18.183621464244386
-18.12783409451229
-18.103060129120365
-18.12665949656418
-18.199087249294205
-18.15256513028491
-18.105875625955328
-18.110461146348676
-18.091924469537073
-18.116974238558846
-18.095853246929657
-18.118859619069145
-18.130536597343024
-18.09983197120418
-18.12495776212686
-18.084890346282833
-18.09294318407138
-18.143868371194614
-18.139129326388893
-18.12410499271177
-18.065503162820658
-18.144012166896157
-18.118971121829418
-18.127502372507507
-18.173014464400588
-18.121985641305354
-18.07374974536805
-18.092574918327163
-18.106794698989543
-18.14959997420173
-18.12047958603633
-18.120135749825625
-18.167586925038204
-18.160109578407006
-18.148236309018788
-18.10460225805361
-18.100921727828556
-18.076611817688217
-18.085637221972934
-18.039731033234823
-18.047570920084656
-18.10459547153749
-18.12845805041158
-18.086554126952553
-18.076680924247746
-18.09277301256188
-18.04005341769004
-18.04227732417768
-18.11918090192423
-18.10344829506014
-18.095688261741856
-18.121588613286455
-18.11360990724756
-18.097541018242183
-18.110647990875368
-18.10923015277545
-18.09028830335335
-18.111663328260075
