-17.965122070064666
-17.920156108078686
-17.89705328224573
-17.887426860654976
-17.855251303212412
-17.81583210366723
-17.822855769719098
-17.809544867900712
-17.801487187603282
-17.863864411862632
-17.87048377943044
-17.86921201103531
-17.8189208284285
-17.78593720571766
-17.8188759038804
-17.78045168912596
-17.780881598398025
-17.77361289234554
-17.763923918037104
-17.75862990958881
-17.78394877157359
-17.755920731445222
-17.75040619522855
-17.81297090608176
-17.75339127673945
-17.82628756579822
-17.797649294935585
-17.81530698915854
-17.76653524572715
-17.792467292529015
-17.750071554190377
-17.77923911400476
-17.730767718708893
-17.74314647747749
-17.746012083070784
-17.78306539180321
-17.738031179177174
-17.743314491198454
-17.7396271331591
-17.754251665228978
-17.713734190863658
-17.73053716117232
-17.716407947403017
-17.74795055744409
-17.757560340547656
-17.727648273741824
-17.711025390128093
-17.737297216138366
-17.744944533002474
-17.773978325722577
-17.74169741482029
-17.710078195639365
-17.73967431514601
-17.783068849502644
-17.75165823939171
-17.7389138596709
-17.719586601914443
-17.733091466417065
-17.71343538613404
-17.719078631807214
-17.721748303910065
-17.744182230921805
-17.748177613493624
-17.744189477590215
-17.740045763035326
-17.80217047857494
-17.780397097981123
-17.767906322285455
-17.768733171810965
-17.82432073331424
-17.832194413494257
-17.771255577276836
-17.76515614072148
-17.767805104939853
-17.72470461150297
-17.741687863873448
-17.743243301011866
-17.725765754324776
-17.719012856437352
-17.771775323377444
-17.71564648009151
-17.7618451800431
-17.759099473215095
-17.71750464791429
-17.711952021455915
-17.72183377789433
-17.71959051524807
-17.75335405158048
-17.730427000815606
-17.750362886246606
-17.74463510509294
-17.725397908793568
-17.705811307489437
-17.770965860568126
-17.731555538686106
-17.750557274655566
-17.76721347515161
-17.774172676398358
-17.730405127711638
-17.800234713230644
-17.767036081786443
