-17.44080327288526
-17.3934020270428
-17.420047119016225
-17.38307647810624
-17.387985735543136
-17.377944213639395
-17.36159853530199
-17.359195810485666
-17.367516964564334
-17.335997187470415
-17.328231695573926
-17.326592070974364
-17.304951119881796
-17.345984636164182
-17.316785417754332
-17.233078786888505
-17.288951561458024
-17.23875437585312
-17.270936874011333
-17.280195270007304
-17.21790727566528
-17.250811792211213
-17.295695191200053
-17.22959180436944
-17.163148434905832
-17.16927612432302
-17.176176788574633
-17.16833487046149
-17.157646152450834
-17.13671821773273
-17.19375929252025
-17.223643684017983
-17.24293127895747
-17.197232001798323
-17.20803812330344
-17.196813117215406
-17.24472987071472
-17.243356769860668
-17.25650655681305
-17.2896450981482
-17.27729438384575
-17.24241789971382
-17.204439516842246
-17.217735299960403
-17.257828689762217
-17.213508413157296
-17.190668994686074
-17.217495671434282
-17.22561154665135
-17.196318745484152
-17.156727692779857
-17.2206906971253
-17.20403017938193
-17.211403435011736
-17.22413721949889
-17.23145103517019
-17.245931252384285
-17.214855297499366
-17.19711783132942
-17.246172931163862
-17.200232910937505
-17.26180608671632
-17.218991685790105
-17.3271070711992
-17.281318030899662
-17.280804427730825
-17.262015472136774
-17.25337554136972
-17.278959721217696
-17.260518374689532
-17.20888923318368
-17.241727370798852
-17.286523586466014
-17.25569406945415
-17.230649033555984
-17.260922013551962
-17.222758982218682
-17.245264716969352
-17.219291465870583
-17.180416471308043
-17.214087883371363
-17.159326051927035
-17.21925449684845
-17.223561057810297
-17.21013958338517
-17.219264796217946
-17.198194368972324
-17.220758914808844
-17.202004837696574
-17.231262790942555
-17.22497741669291
-17.207117987936268
-17.248684597893764
-17.187397863734606
-17.297036808575243
-17.252913063819978
-17.228967372666126
-17.269813814318177
-17.218484859492982
-17.20360543029072
-17.189393666504955
