-16.585836746101528
-16.558649903954528
-16.561231255556287
-16.513652010227784
-16.51350908540039
-16.535632629890454
-16.55989886539012
-16.538781371578896
-16.557156679001668
-16.54558839260366
-16.557226036750404
-16.55893803052929
-16.584251959163765
-16.46422806856775
-16.47985174800475
-16.500752375836317
-16.46660997148424
-16.47817439448194
-16.47449493310963
-16.517257019058107
-16.52840131526064
-16.48479720709677
-16.470724814949698
-16.48943700229162
-16.50442961090681
-16.548924642485506
-16.50338503343097
-16.451322364496598
-16.502692450959042
-16.496645804243535
-16.46908168074977
-16.482416072160344
-16.504275541700366
-16.496412546226736
-16.466135935837812
-16.538477152229
-16.51603412224158
-16.524007461068383
-16.525012551817454
-16.576721456243256
-16.550650488579
-16.545720713004794
-16.528822414155496
-16.520988919843745
-16.546332691432895
-16.491991985418146
-16.515420679217907
-16.46970408300213
-16.51698080208338
-16.496383058795423
-16.508498151139978
-16.52154921395089
-16.468731271092018
-16.50678875711736
-16.505844675726767
-16.47821018874562
-16.490896716696945
-16.523771171431992
-16.519813952745494
-16.50065982915772
-16.515522832989795
-16.529344377264835
-16.538014743993678
-16.507910458603583
-16.52864450268591
-16.515746847263497
-16.46944578831457
-16.444266904382538
-16.520083539119067
-16.515452502399544
-16.533096392024135
-16.48815936681945
-16.48292366139432
-16.54343713614519
-16.537734022447044
-16.524832135766797
-16.486535247983507
-16.521810817094053
-16.514476689702583
-16.503054699694438
-16.513917780934353
-16.51847488134036
-16.550379428227615
-16.548274394187107
-16.52849096842194
-16.543322543586577
-16.520029984096404
-16.51271707343989
-16.50838446977489
-16.526273446673883
-16.489145879595085
-16.514648243193214
-16.513437955215483
-16.473766474443792
-16.51950383076546
-16.481970945622614
-16.485120320610662
-16.467140965374895
-16.516013203460943
-16.4810921356139
-16.48465017494115
