-23.704179502254377
-23.62519800323728
-23.615139722401924
-23.617032596159046
-23.617085903325748
-23.620781868862572
-23.616847639001595
-23.617326599221975
-23.61891441854464
-23.616117751348582
-23.61941816432527
-23.617342922935748
-23.613112748178263
-23.61581889522225
-23.617872452293142
-23.616841245335202
-23.62041544761833
-23.620061985658655
-23.614851125044122
-23.618362005327036
-23.61886855780027
-23.620851732073326
-23.61820965495562
-23.619829494848698
-23.619181733413374
-23.615998175314846
-23.614466811664904
-23.616993486898075
-23.62129285339393
-23.620094884831325
-23.61698812445215
-23.621878163884897
-23.619245451576116
-23.61297634152736
-23.61862598895464
-23.614961368579902
-23.614420360060933
-23.617348977024072
-23.618529186437158
-23.61749845427272
-23.615322704009618
-23.617321673067913
-23.616116841609298
-23.615811817991613
-23.613748619396674
-23.61855838036567
-23.621913104948202
-23.615743930294137
-23.62683418813776
-23.61796708434089
-23.621166504932955
-23.61620867339777
-23.618190226175543
-23.619460379645016
-23.615904700083618
-23.609969123632766
-23.616507070215675
-23.61458534162962
-23.613123813814447
-23.623819734780902
-23.61965141518547
-23.614589567048135
-23.615230282067472
-23.612739223054717
-23.619065466273174
-23.6179354058952
-23.615963575065994
-23.61634567057649
-23.619363205344538
-23.61822715416033
-23.618694473475692
-23.615092246304982
-23.615742733546366
-23.612385399550437
-23.61576552535762
-23.61638935167047
-23.619343198487634
-23.623709449264002
-23.62199293083993
-23.6231205597671
-23.616123910590407
-23.616742868253553
-23.61772334125623
-23.613348926193325
-23.615466164499125
-23.621906840299108
-23.622092886893125
-23.616836629443917
-23.61602441075713
-23.615760304557075
-23.61423137054714
-23.625346756737038
-23.613760648075996
-23.61589595823504
-23.61869012933834
-23.618247831467187
-23.617403410808542
-23.613750993315787
-23.612544844843622
-23.614792051226296
-23.62142277544576
