-16.49234185945259
-16.44145218463117
-16.40953816952494
-16.444389668219515
-16.38638235731091
-16.428096367986743
-16.413576988009545
-16.40296032199754
-16.434346506583587
-16.439175693273462
-16.409084844803555
-16.40183111975836
-16.42047173284094
-16.41338435716784
-16.336338083529217
-16.371790032294214
-16.35759268558419
-16.339261474802566
-16.370338952697747
-16.34766720519279
-16.38300168316605
-16.375412634003528
-16.341343369075382
-16.36379070802343
-16.354864524769813
-16.400727471268556
-16.41017881744749
-16.375606275775162
-16.41750079405655
-16.35834375443259
-16.390732541922382
-16.383519890555696
-16.3677962034356
-16.35962131048508
-16.411114013733954
-16.4200225171525
-16.43737203385531
-16.401969943281586
-16.396571391408965
-16.350438027149657
-16.363108502669785
-16.36454712827855
-16.385404119903715
-16.367026788850684
-16.35501706672557
-16.321433812282912
-16.349464665538466
-16.33609459312837
-16.389159650367787
-16.370778078333945
-16.364555027630715
-16.36948029698269
-16.408300862343257
-16.395353239530053
-16.39347500464492
-16.41060638302857
-16.388750478907248
-16.37961743236807
-16.43833886616386
-16.39606045986354
-16.396739533372067
-16.385782351794795
-16.40799550648308
-16.345636022977125
-16.43390025534842
-16.319079132466545
-16.383953498662056
-16.385179276481175
-16.380859814578
-16.343531408494037
-16.38771505421023
-16.357805972642705
-16.37820403212453
-16.381462204052927
-16.395527440493698
-16.340951160713146
-16.365884995215463
-16.317231157514023
-16.36347507375452
-16.38076569534517
-16.3619241441889
-16.35532740946412
-16.371034305547273
-16.405024883081733
-16.34641529434637
-16.3595387164817
-16.393472352665412
-16.36086313390507
-16.32546629326379
-16.343148521300893
-16.335255518189317
-16.361086082234202
-16.373901310181292
-16.3693901331015
-16.384926511546485
-16.343494692743107
-16.39140428203156
-16.377801607949984
-16.38091308572874
-16.395528482382556
-16.40403472608749
