-16.36176867488188
-16.331713733801713
-16.368772558393104
-16.326344552970593
-16.305025789895005
-16.343551771479163
-16.36501059138251
-16.34856814254553
-16.325108590690107
-16.34308557656462
-16.346478692890983
-16.3223674334203
-16.3135292191628
-16.297750100558538
-16.302644303928094
-16.342600655132873
-16.324871067843993
-16.403204658987978
-16.32073591556044
-16.329983755123585
-16.31600085271595
-16.34945980958632
-16.30209715793299
-16.24385604617745
-16.334337010456995
-16.32647581633717
-16.291625385086217
-16.32282378171168
-16.27104323533936
-16.285409782588147
-16.326980403706152
-16.285902904987942
-16.344579759117984
-16.364906169464316
-16.344844987913334
-16.2867831352831
-16.33054751278437
-16.349834780638407
-16.309362870686567
-16.37355820575997
-16.348584848743457
-16.32515104296176
-16.365070184550937
-16.376593419027323
-16.307473593856034
-16.337537625389402
-16.326735063533306
-16.300245802163527
-16.302622000215013
-16.33501265797458
-16.30632157069592
-16.294731734396596
-16.288295613388623
-16.28909349930543
-16.280235970557598
-16.318001979462895
-16.34420286494788
-16.30832126280981
-16.30489633675673
-16.2622623301041
-16.261451754766117
-16.309603477658754
-16.36218743951142
-16.300547598172077
-16.31108591967311
-16.33031044031588
-16.33821650038295
-16.316314539401894
-16.310767299994996
-16.344145982419054
-16.35651235489313
-16.337778002646
-16.362299803195757
-16.363285013891733
-16.324593851580488
-16.34653998682883
-16.30636990980669
-16.407357492196823
-16.353234155941124
-16.352118851699665
-16.349157806517482
-16.347237127839886
-16.30477132071649
-16.318106551459728
-16.282750090994778
-16.342112549779078
-16.347723888720065
-16.314230229560412
-16.309865492560963
-16.2845605283606
-16.34520483741211
-16.341724406638335
-16.303760995289785
-16.293870403949324
-16.283021018469366
-16.360913835538902
-16.366517367602565
-16.32951181490131
-16.33938006423962
-16.34916894214966
-16.334638195508496
