-16.273004002559766
-16.195062058862444
-16.170781779897595
-16.13269363332855
-16.2156895695254
-16.23485230248829
-16.183352199752743
-16.213182932741518
-16.179570967130363
-16.228213457253666
-16.194984659339198
-16.175314276365523
-16.18922440057148
-16.15894984454587
-16.134779020924448
-16.19004200202835
-16.157925931203266
-16.20116244904083
-16.192543493823532
-16.195732254311764
-16.233933017675444
-16.198468933065662
-16.253736804462903
-16.212165293140316
-16.208722218227155
-16.21351470963917
-16.216698339903825
-16.197137397788243
-16.206950020341864
-16.24623047773138
-16.183323710809788
-16.212610851510973
-16.248850329362813
-16.241661751520304
-16.28041575647315
-16.231324713771162
-16.218436689350142
-16.237653944202727
-16.203863116597713
-16.144142992173936
-16.21010844826758
-16.18327455633599
-16.2028053543835
-16.164511110635758
-16.17832727296202
-16.212999731632507
-16.164927245353717
-16.170902283864812
-16.188013360465465
-16.186454041769345
-16.1671551229682
-16.206749069443276
-16.22168980992728
-16.224724305138658
-16.154073406827465
-16.1911270320261
-16.195571938908984
-16.255972191793976
-16.230958957645655
-16.217315018601003
-16.210103381819994
-16.17319660006619
-16.156383779134057
-16.153103606398762
-16.167398876435104
-16.208431411235416
-16.220290409124118
-16.2668237507363
-16.178289860969432
-16.17610641855981
-16.176978526079846
-16.16923295269108
-16.20333852354963
-16.187255300812108
-16.189272372168436
-16.19407661481968
-16.16273811535922
-16.21344996916217
-16.202159365128306
-16.250394522494155
-16.19868541446142
-16.193365340057227
-16.214470002961782
-16.205603395226106
-16.188412045914536
-16.240006058339794
-16.22154938536005
-16.176803986862087
-16.20322986890125
-16.15605023356269
-16.164777063799868
-16.166847764260158
-16.158932479992806
-16.17676591462479
-16.17097534010257
-16.19859244962846
-16.19990019948465
-16.17577783341651
-16.182102032193477
-16.16439308483383
-16.233040218664247
