-16.24041153042526
-16.23516241516636
-16.145502360263354
-16.189738940761252
-16.251922896420087
-16.18435481900911
-16.157031837699996
-16.162629549592214
-16.14481216457638
-16.18160221061557
-16.203648775592423
-16.183979934824052
-16.178906483469433
-16.1255779455879
-16.192708283694753
-16.16044404604293
-16.18402515933652
-16.2067599685244
-16.177584250351572
-16.21486761309164
-16.217896682133627
-16.176877737797653
-16.18925941543876
-16.150055877078007
-16.15224210158153
-16.15801573988147
-16.166220127409353
-16.176795028247497
-16.146718171493333
-16.175490604096176
-16.1598670357922
-16.19374195411689
-16.161599866589565
-16.12716205428439
-16.152743067797854
-16.156787669384343
-16.157589492558245
-16.197093201389208
-16.18330807499745
-16.110507775023464
-16.177560551329115
-16.145418507181837
-16.099881751096557
-16.159312785238967
-16.147332506883288
-16.18454743840301
-16.169986436452508
-16.197561718662737
-16.193165228463165
-16.173415285754952
-16.174809238822775
-16.181965839664805
-16.207783680089197
-16.15416513677908
-16.125328119790986
-16.11787209409321
-16.145686932688548
-16.16171721001059
-16.133748713452512
-16.144638465468855
-16.103232861412454
-16.106775500974194
-16.168542384689637
-16.151553730284213
-16.156172099947906
-16.127706286610454
-16.16064053352506
-16.136272621768995
-16.093312831866612
-16.154441074880793
-16.116982037657614
-16.16089706567883
-16.143850521477198
-16.15696512179097
-16.194629081034595
-16.156221012230255
-16.139840703581005
-16.12774210534649
-16.13438624480072
-16.151216312501802
-16.148177957825123
-16.188678180654904
-16.208633365806815
-16.13859839928262
-16.140443916073394
-16.190896154169483
-16.209841831811502
-16.17451464380373
-16.185180734313413
-16.186456341091528
-16.167431467246377
-16.1837740732914
-16.200922952208376
-16.18864342149195
-16.166393256044355
-16.156450122907522
-16.201910428392573
-16.157410377634836
-16.135471002698136
-16.162503689661705
-16.186643597618684
