-16.233040218664247
-16.18050257570766
-16.126573318238556
-16.143215198686182
-16.12832192151023
-16.103464529231204
-16.145588234919728
-16.132472375262505
-16.119781353529692
-16.164708181433134
-16.080667425951674
-16.0687921434511
-16.129515145150904
-16.107524457946663
-16.094671451952234
-16.13218787744147
-16.113531427017122
-16.126555776736385
-16.138319020147026
-16.111421154067553
-16.165504165664498
-16.120645489733988
-16.128519713931947
-16.12401765370547
-16.20642285936676
-16.142629486327483
-16.129484612274624
-16.135454836057928
-16.15706879254558
-16.114650526318233
-16.09966738264319
-16.10981675630534
-16.091614370272836
-16.096752036036325
-16.072792312200896
-16.14824264985268
-16.187874937752056
-16.12403809534192
-16.14049315992686
-16.137662365163397
-16.09330096629355
-16.109261087103768
-16.126459118220794
-16.142459210328493
-16.0700880230114
-16.13691431422837
-16.135292216341256
-16.074376652572276
-16.10205063373889
-16.111962947131893
-16.166600439142044
-16.165353399829343
-16.144862142390764
-16.131907434645502
-16.110673105591786
-16.113032054703464
-16.130802973599646
-16.169813820229084
-16.147304446622716
-16.175559266561322
-16.104718611805087
-16.069113061129524
-16.03638204511306
-16.09817951969119
-16.088439851858894
-16.06996529588292
-16.096429578727413
-16.123719831064346
-16.150533805306463
-16.14444437461512
-16.107734952133306
-16.133888617202157
-16.12226744420458
-16.12239088485025
-16.06225546458604
-16.161355539992527
-16.110895493009373
-16.143014047172542
-16.129830364682988
-16.155412404653397
-16.13820308297693
-16.11233302215715
-16.157671149886887
-16.163532816363546
-16.14883600730478
-16.133321328047003
-16.15536223883895
-16.171115420820012
-16.057763144159548
-16.114171942610195
-16.09862493617705
-16.076147145387672
-16.122142103217513
-16.112080971180784
-16.09358096493821
-16.10923949639168
-16.127892501833713
-16.082770469656285
-16.135947785857866
-16.161599438853496
-16.155437415287274
