-16.186643597618684
-16.16547658675766
-16.088059856235375
-16.05429217244469
-16.09860268414244
-16.096590210219425
-16.03179448595852
-16.087383723439746
-16.078947896708538
-16.098515299605424
-16.079397780321617
-16.09946212793925
-16.100323672706182
-16.092369726360303
-16.105613833553058
-16.055443467269825
-16.111395831725783
-16.10816989678858
-16.08466279201087
-16.148134306289073
-16.062976529319144
-16.078305773226695
-16.104358378818002
-16.082485148584013
-16.090782716203577
-16.11082714668629
-16.127986363239753
-16.07718068572293
-16.03967131138949
-16.076916496856335
-16.069337976567358
-16.11418764140912
-16.094554330625705
-16.057864110665637
-16.097968357732842
-16.126287060756724
-16.06577601952254
-16.08841413680406
-16.033265083082092
-16.067128209912216
-16.05468164520038
-16.116487042934654
-16.109520213222225
-16.09428211003571
-16.069629274177156
-16.109102157704775
-16.138256202581516
-16.104833780396007
-16.054280000248852
-16.08201993103269
-16.115263463035586
-16.08111658312785
-16.065585514361267
-16.085820893500255
-16.12297622233812
-16.11025926268597
-16.106986872014577
-16.057398713927366
-16.088575717126382
-16.142920497398457
-16.088417989845652
-16.060983306062116
-16.09061522270314
-16.079686095996728
-16.04305322331131
-16.090136379595442
-16.07281291699887
-16.06795738540077
-16.060497252694823
-16.107075387106732
-16.11947115259448
-16.08937877490934
-16.119786296072142
-16.097515706086426
-16.10365907611292
-16.11029390587912
-16.08221283294386
-16.11611864116627
-16.114203580815282
-16.02392241956603
-16.103754684056707
-16.080057570761387
-16.082083766347665
-16.04318083172242
-16.12495508801441
-16.070589721476352
-16.098319922694806
-16.052198155192407
-16.07063744596224
-16.142653193791926
-16.072852635665736
-16.093212666638756
-16.08339176558711
-16.08404695751826
-16.104135015553137
-16.089045695270364
-16.076413617266233
-16.102574322471636
-16.057081978482355
-16.10102608760543
-16.069805004104392
