-23.62142277544576
-23.5416937002922
-23.53099082822559
-23.53036517987629
-23.534900778145236
-23.532916633606554
-23.525773245766853
-23.526332741433094
-23.527398916125208
-23.52900188753567
-23.52542795679967
-23.52952943230356
-23.532823956141623
-23.532082512644372
-23.531088864648215
-23.5245681245509
-23.52219088968704
-23.532645463496856
-23.52793924468294
-23.528209443185727
-23.526221782485482
-23.531977377347072
-23.525781698896793
-23.523380314691114
-23.535316367462816
-23.529414703370087
-23.52453072319266
-23.532741098087257
-23.52822304446182
-23.522822260020597
-23.534117540251533
-23.533214733055786
-23.52970518537955
-23.527719284214502
-23.522181720360056
-23.529776824867426
-23.53180364597465
-23.53034499066547
-23.531883650393407
-23.529732576252123
-23.53101427871685
-23.533219200352594
-23.538177123456446
-23.530713201517113
-23.52710723650198
-23.531235510159405
-23.521675006745557
-23.52769133977597
-23.527921746350906
-23.53000563328002
-23.530367790065835
-23.526547093333615
-23.526049087218514
-23.52783325512151
-23.527576438469495
-23.530563658985464
-23.532637925025245
-23.533432429013548
-23.534995804362946
-23.528003377949133
-23.5304852314003
-23.530637519310552
-23.53454140944285
-23.53001476819495
-23.530954138236677
-23.52802667272327
-23.52852410529748
-23.525313201109654
-23.529931593945346
-23.52416400161367
-23.536133800571722
-23.52907702685793
-23.533237422571826
-23.52596082505805
-23.53624796949539
-23.53450054061153
-23.539106813910585
-23.53166015262404
-23.52881161746264
-23.531324612771183
-23.531154385735324
-23.526620837257425
-23.527796703058133
-23.532690559412565
-23.527242696697197
-23.531707556968932
-23.52435792533731
-23.527192038280663
-23.530001193946628
-23.52602942828195
-23.53059774604568
-23.527790489088318
-23.525672718274123
-23.532097515437567
-23.535293044496477
-23.532789723996395
-23.527568833134865
-23.528415842322957
-23.529844258322942
-23.530205737946357
-23.532274203777206
