-23.532274203777206
-23.453148548589976
-23.446174834577302
-23.438938369432925
-23.440446199670525
-23.441375537316503
-23.442747394043742
-23.449656054542245
-23.446406164727925
-23.440718905455455
-23.438620380740975
-23.446918277169843
-23.43300681543416
-23.441498862368277
-23.443756396232345
-23.44050586974407
-23.435073691569784
-23.433271499714404
-23.437472896006796
-23.44104286219698
-23.441492666463027
-23.445630757704354
-23.441588943783696
-23.441415204473415
-23.44298456823348
-23.447523532378387
-23.440382512007247
-23.436152834739687
-23.447408039267415
-23.443258591995054
-23.442870914177366
-23.441548485837025
-23.43393410659979
-23.444111997686274
-23.435439692762728
-23.440078203188914
-23.443442923826584
-23.441141047904384
-23.440638814076095
-23.435194369861083
-23.4383980399057
-23.440829189231373
-23.441343260508177
-23.44098092864922
-23.4423909077273
-23.437256737459524
-23.443815821088872
-23.44730270131462
-23.437061197764745
-23.44250780498657
-23.440193017901535
-23.436418333651027
-23.439897592863453
-23.435027172646627
-23.438053284083097
-23.44208461810401
-23.443005529912025
-23.44575697688916
-23.441330713003275
-23.439488153270187
-23.43900981874099
-23.44762820098333
-23.437596105228806
-23.435568011847323
-23.43090333294478
-23.44076898515539
-23.44998331497136
-23.440329460302845
-23.44519572066199
-23.44288754051453
-23.446050034820473
-23.45237498007666
-23.442669813894526
-23.44009445776392
-23.441460693787594
-23.441491102031787
-23.444282285398884
-23.444479640689828
-23.443927023577128
-23.44374458729968
-23.43430121208686
-23.441225730931215
-23.4457340849485
-23.43579794497752
-23.441569625609198
-23.43682094430267
-23.447019551415625
-23.43684261987543
-23.440284059666666
-23.443743117661093
-23.441408815635526
-23.443012905350344
-23.439632773201634
-23.44081659810716
-23.451586811466314
-23.436781930353458
-23.4382935708598
-23.440582885863563
-23.4455820898933
-23.445888029770057
-23.44042204752863
