-23.49745737195068
-23.412019301970716
-23.407982370231323
-23.416537587118974
-23.414500444339016
-23.40563711726994
-23.406408982583283
-23.40122844417676
-23.414463225428467
-23.40725797427901
-23.40495731956744
-23.404873812006848
-23.40144793259143
-23.4133163183605
-23.412268431620618
-23.404627331668017
-23.40515641374262
-23.416796240968107
-23.40488620176318
-23.39916943896436
-23.410456405006332
-23.411290920456498
-23.416331519843055
-23.40191619959268
-23.407903070980314
-23.40920935145673
-23.407008112660677
-23.41208051161199
-23.40855772421015
-23.40031603003802
-23.403665427105214
-23.41211702132424
-23.410930557245543
-23.40258133361792
-23.410602608804982
-23.39932595258799
-23.400243383345583
-23.406891430509997
-23.39835499199275
-23.404380422742623
-23.41306666577411
-23.40628944082119
-23.406716820170598
-23.405328557253817
-23.41060955209482
-23.410835140532818
-23.407845427282275
-23.402399366358022
-23.400428413868028
-23.40021449653201
-23.403431371191978
-23.409146061241785
-23.400464672679608
-23.41019246081303
-23.410505451086223
-23.412124064621494
-23.40917978271044
-23.413008068473825
-23.409935741461503
-23.412353354038782
-23.412346706470874
-23.41041368620627
-23.409621593670742
-23.40677295635573
-23.40981736829973
-23.411625276185156
-23.41004061759786
-23.40440086236984
-23.404145649226557
-23.401118469678735
-23.40369385579335
-23.408932526045877
-23.405595071786728
-23.40120963550098
-23.40474313208939
-23.40248960474432
-23.40596745775323
-23.404172675833212
-23.406396638797727
-23.4046987048428
-23.406936218902526
-23.40143996329285
-23.40973002242961
-23.409275662756503
-23.410195727369672
-23.408751140265473
-23.408849138730435
-23.40660324962546
-23.41275901793393
-23.40480436328568
-23.401117341112148
-23.401512318522354
-23.408268080766355
-23.406956711712464
-23.39953262123088
-23.405567701513
-23.404631674202
-23.405361842124723
-23.40796201376749
-23.40695545297251
-23.40836217468893
